#HEADER
CATT-Acoustic v8.0b    Copyright © CATT 1988-2003

 Project                : Aula Optica 

 GEOMETRICAL INFORMATION
 Src id and loc     [m] :   A0           0,400        0,600        1,300
 Rec id and loc     [m] :   12          10,500        4,600        1,200

 12       31,6426

 VARIABLE SOURCE DATA
 Directivity
   Type (library)       :  OMNI.SD0
   Dir. Index (DI) [dB] :       0,0      0,0      0,0      0,0      0,0      0,0      0,0      0,0
 Level
   On axis 1m      [dB] :      54,1     63,1     66,8     67,7     69,4     70,6     70,6     54,2
   Total power     [dB] :      65,0     74,0     77,7     78,6     80,3     81,5     81,5     65,1
   Auxiliary delay [ms] :       0,0

 VARIABLE AIR DATA
 Temperature       [°C] :      20
 Relative humidity  [%] :      50
 Density        [kg/m³] :       1,2
 Sound speed      [m/s] :     343
 Impedance      [Ns/m³] :     412
 Diss. coeff. [0.001/m] :      0,10     0,30     0,63     1,07     2,28     6,83    24,23    83,90      (estimated)

#DATAFIELDS
 TYPE DELAY ORDER AZIMUTH ELEVATION SPL125 SPL250 SPL500 SPL1K SPL2K SPL4K SPL8K SPL16K
#DATA
d	     0,0000	 0	111,00	 90,04	  33,4	  42,4	  46,1	  46,9	  48,6	  49,6	  48,7	  29,5
s	     0,8257	 1	111,05	103,52	  32,5	  41,6	  45,3	  46,2	  47,8	  48,8	  47,9	  28,6
*	    39,6959	 1	299,04	 99,53	 -12,5	  -3,3	   0,3	   1,1	   2,7	   3,5	   1,5	 -21,2
*	    33,8203	 1	274,13	101,08	  -9,8	  -0,6	   3,1	   3,9	   5,5	   6,3	   4,5	 -17,7
*	    33,0519	 1	246,69	100,45	 -10,0	  -0,9	   2,8	   3,6	   5,2	   6,0	   4,3	 -17,9
*	    26,1590	 1	318,13	104,32	  -5,6	   3,5	   7,2	   8,0	   9,6	  10,5	   8,9	 -12,6
*	    18,0384	 1	280,45	111,41	   0,6	   9,7	  13,4	  14,2	  15,8	  16,8	  15,4	  -5,4
*	    17,6728	 1	230,40	107,78	  -1,0	   8,1	  11,8	  12,6	  14,2	  15,1	  13,8	  -7,0
*	    16,4270	 1	356,96	108,73	  -0,4	   8,8	  12,5	  13,3	  14,9	  15,8	  14,5	  -6,2
*	     5,0950	 1	354,27	151,00	  14,3	  23,5	  27,2	  28,0	  29,7	  30,7	  29,6	  10,0
*	     5,6645	 1	178,58	118,56	   7,6	  16,8	  20,5	  21,3	  22,9	  23,9	  22,9	   3,2
*	    13,1234	 1	 36,29	105,17	  -1,0	   8,2	  11,8	  12,7	  14,3	  15,2	  14,0	  -6,4
*	     3,1528	 1	 74,39	112,93	   6,7	  15,9	  19,5	  20,4	  22,0	  23,0	  22,1	   2,6
*	     1,3811	 1	125,51	108,93	   6,3	  15,5	  19,1	  20,0	  21,6	  22,6	  21,7	   2,4
*	    14,5045	 1	 55,79	100,63	  -3,7	   5,5	   9,2	  10,0	  11,6	  12,5	  11,3	  -9,2
*	     4,9191	 1	 80,94	102,38	   2,2	  11,3	  15,0	  15,9	  17,5	  18,5	  17,5	  -2,2
*	     0,8793	 1	108,73	101,65	   5,4	  14,5	  18,2	  19,0	  20,7	  21,7	  20,8	   1,5
s	     1,1067	 1	110,95	 75,62	  30,9	  40,0	  43,6	  44,1	  45,8	  47,5	  47,0	  27,0
*	    49,0156	 1	252,57	 79,82	 -13,6	  -3,8	   0,1	   0,8	   2,4	   3,8	   2,1	 -19,8
*	    49,1926	 1	271,26	 79,38	 -13,4	  -3,5	   0,3	   1,1	   2,6	   4,1	   2,3	 -19,6
*	    53,1763	 1	289,57	 80,01	 -14,7	  -4,8	  -1,0	  -0,3	   1,3	   2,7	   0,8	 -21,4
*	    33,2061	 1	244,95	 75,86	  -7,0	   2,8	   6,7	   7,5	   9,0	  10,6	   9,3	 -11,2
*	    33,1273	 1	272,20	 74,55	  -6,3	   3,6	   7,4	   8,2	   9,8	  11,3	  10,0	 -10,5
*	    38,1640	 1	298,31	 76,38	  -8,6	   1,2	   5,1	   5,8	   7,4	   8,9	   7,4	 -13,5
*	    18,3410	 1	226,93	 68,04	   1,3	  11,2	  15,1	  15,8	  17,4	  19,1	  18,1	  -1,0
*	    17,5174	 1	275,03	 61,45	   3,9	  13,8	  17,7	  18,4	  20,0	  21,7	  20,8	   1,7
*	    24,4804	 1	317,43	 69,92	  -1,4	   8,4	  12,3	  13,1	  14,7	  16,3	  15,2	  -4,5
*	     6,9318	 1	178,53	 59,66	   8,6	  18,5	  22,4	  23,1	  24,8	  26,5	  25,9	   7,7
*	     4,9457	 1	  7,32	 10,52	  16,4	  26,3	  30,1	  30,9	  32,5	  34,3	  33,7	  15,7
*	    14,5845	 1	  0,10	 64,27	   4,2	  14,1	  17,9	  18,7	  20,3	  22,0	  21,1	   2,3
*	     2,2463	 1	131,08	 69,11	   8,4	  18,3	  22,2	  23,0	  24,6	  26,4	  25,8	   8,1
*	     2,6271	 1	 83,91	 63,03	   9,9	  19,8	  23,7	  24,4	  26,1	  27,8	  27,3	   9,6
*	    11,2684	 1	 42,11	 70,87	   3,3	  13,2	  17,0	  17,8	  19,4	  21,1	  20,4	   1,8
*	     1,1627	 1	113,54	 77,04	   8,4	  18,3	  22,1	  22,9	  24,6	  26,3	  25,8	   8,2
*	     3,8729	 1	 86,62	 75,87	   6,1	  15,9	  19,8	  20,6	  22,2	  24,0	  23,4	   5,5
*	    12,4740	 1	 60,80	 77,51	   0,6	  10,5	  14,3	  15,1	  16,7	  18,4	  17,6	  -1,0
*	     2,0920	 1	106,07	 81,02	  12,3	  22,2	  26,1	  26,8	  28,5	  30,2	  29,7	  12,0
*	     7,4880	 1	 87,55	 80,63	   4,7	  14,6	  18,4	  19,2	  20,8	  22,6	  21,9	   3,7
*	    16,7835	 1	 69,38	 81,18	  -1,9	   8,0	  11,9	  12,6	  14,2	  15,9	  15,0	  -4,0
s	     1,4469	 1	116,64	 90,03	  31,8	  41,3	  45,1	  46,0	  47,6	  48,5	  48,0	  28,6
*	     1,9689	 1	117,71	 85,87	  14,1	  23,6	  27,4	  28,3	  29,9	  30,8	  30,3	  10,9
s	     2,1772	 1	109,55	 90,07	  31,6	  41,1	  44,9	  45,8	  47,4	  48,3	  47,7	  28,3
*	    27,2607	 1	 65,27	 91,80	  -7,3	   2,2	   6,0	   6,9	   8,4	   9,1	   7,9	 -13,7
*	    13,7208	 1	 83,98	 91,96	   1,0	  10,5	  14,3	  15,2	  16,8	  17,6	  16,7	  -3,7
*	     4,0203	 1	103,86	 91,91	  17,3	  26,8	  30,7	  31,5	  33,1	  34,0	  33,4	  13,8
*	    22,0372	 1	 71,96	 85,10	 -16,2	  -7,0	  -3,4	  -2,5	  -0,9	  -0,0	   2,5	 -17,0
*	    21,7542	 1	 71,95	 88,37	 -16,0	  -6,9	  -3,2	  -2,4	  -0,8	   0,1	   2,6	 -16,8
*	    19,7147	 1	 75,14	 85,03	 -14,8	  -5,7	  -2,0	  -1,2	   0,4	   1,3	   3,9	 -15,4
*	    19,4148	 1	 75,14	 88,35	 -14,7	  -5,5	  -1,8	  -1,0	   0,6	   1,5	   4,1	 -15,1
*	    17,4967	 1	 78,43	 84,95	 -13,4	  -4,2	  -0,6	   0,3	   1,9	   2,8	   5,4	 -13,6
*	    17,1772	 1	 78,42	 88,32	 -13,2	  -4,0	  -0,4	   0,5	   2,1	   3,0	   5,6	 -13,4
*	    15,3886	 1	 81,79	 84,91	 -11,9	  -2,7	   1,0	   1,8	   3,4	   4,3	   7,0	 -11,9
*	    15,0458	 1	 81,78	 88,32	 -11,7	  -2,5	   1,2	   2,0	   3,6	   4,6	   7,3	 -11,6
*	    13,3954	 1	 85,20	 84,88	 -10,2	  -1,1	   2,6	   3,4	   5,0	   6,0	   8,7	 -10,0
*	    13,0241	 1	 85,19	 88,30	 -10,0	  -0,8	   2,9	   3,7	   5,3	   6,3	   9,0	  -9,7
*	    11,5225	 1	 88,63	 84,86	  -8,5	   0,7	   4,4	   5,2	   6,8	   7,8	  10,6	  -8,0
*	    11,1151	 1	 88,63	 88,30	  -8,1	   1,1	   4,7	   5,6	   7,2	   8,1	  11,0	  -7,6
*	     9,7762	 1	 92,08	 84,87	  -6,5	   2,7	   6,4	   7,2	   8,8	   9,8	  12,6	  -5,7
*	     9,3211	 1	 92,08	 88,30	  -6,0	   3,2	   6,9	   7,7	   9,3	  10,3	  13,1	  -5,2
*	     8,1660	 1	 95,51	 84,89	  -4,2	   5,0	   8,7	   9,5	  11,1	  12,1	  15,0	  -3,3
*	     7,6445	 1	 95,51	 88,31	  -3,5	   5,6	   9,3	  10,1	  11,8	  12,8	  15,6	  -2,5
*	     6,7095	 1	 98,89	 84,94	  -1,5	   7,7	  11,3	  12,2	  13,8	  14,8	  17,7	  -0,4
*	     6,0897	 1	 98,89	 88,33	  -0,5	   8,6	  12,3	  13,2	  14,8	  15,8	  18,7	   0,7
*	     5,4460	 1	102,21	 85,00	   1,7	  10,8	  14,5	  15,4	  17,0	  18,0	  20,9	   2,9
*	     4,6682	 1	102,22	 88,34	   3,3	  12,5	  16,2	  17,0	  18,7	  19,7	  22,6	   4,7
s	     2,2374	 2	116,70	102,95	  31,4	  41,0	  44,9	  45,7	  47,3	  48,2	  47,6	  28,2
s	     2,3823	 2	110,47	 90,07	  30,6	  40,6	  44,6	  45,4	  47,0	  47,8	  47,6	  28,2
s	     2,5068	 2	116,57	 76,22	  30,3	  40,1	  43,9	  44,5	  46,1	  47,7	  47,5	  28,1
*	     4,4351	 1	113,32	 82,04	   6,0	  15,1	  18,8	  19,7	  21,3	  22,1	  22,3	   4,4
*	     3,3859	 1	115,01	 81,48	   4,6	  13,7	  17,4	  18,3	  19,9	  20,7	  20,9	   3,1
*	     2,9418	 1	116,93	 80,85	   2,4	  11,5	  15,2	  16,1	  17,7	  18,5	  18,8	   1,0
*	     2,8283	 1	119,14	 80,14	   0,4	   9,4	  13,2	  14,1	  15,7	  16,5	  16,8	  -1,0
*	     2,9110	 1	121,69	 79,35	  -1,2	   7,8	  11,6	  12,5	  14,1	  14,9	  15,1	  -2,7
*	     3,1342	 1	124,64	 78,46	  -2,5	   6,6	  10,3	  11,2	  12,8	  13,6	  13,9	  -3,9
*	     3,4794	 1	128,13	 77,47	  -3,4	   5,6	   9,4	  10,3	  11,9	  12,7	  12,9	  -4,9
s	     2,9510	 2	109,59	102,72	  31,2	  40,9	  44,7	  45,5	  47,1	  48,0	  47,4	  27,9
s	     3,1516	 3	110,52	102,65	  30,2	  40,4	  44,3	  45,2	  46,7	  47,5	  47,2	  27,8
s	     3,2149	 2	109,50	 76,54	  30,1	  39,9	  43,7	  44,3	  45,9	  47,5	  47,3	  27,8
s	     3,4139	 3	110,42	 76,62	  29,1	  39,4	  43,3	  43,9	  45,5	  47,0	  47,2	  27,7
s	     3,5636	 2	111,11	116,57	  30,0	  39,3	  42,9	  43,4	  45,0	  46,8	  46,2	  25,9
*	     3,6862	 1	136,14	102,43	 -12,9	  -3,4	   0,5	   1,3	   2,9	   3,8	   3,2	 -16,3
s	     3,8229	 2	110,89	 63,71	  30,5	  39,9	  43,6	  44,1	  45,8	  47,6	  46,9	  27,4
s	     4,8696	 3	116,77	115,55	  29,5	  39,4	  43,3	  43,8	  45,4	  47,1	  46,8	  27,1
s	     5,1197	 3	116,51	 64,71	  29,4	  39,4	  43,2	  43,7	  45,3	  47,0	  46,7	  27,0
s	     5,5327	 3	109,64	115,10	  29,3	  39,3	  43,1	  43,6	  45,2	  46,9	  46,6	  26,9
s	     5,7194	 4	110,57	114,97	  28,3	  38,8	  42,7	  43,3	  44,8	  46,4	  46,4	  26,7
s	     5,7784	 3	109,45	 65,22	  29,3	  39,2	  43,0	  43,6	  45,2	  46,9	  46,5	  26,8
s	     5,9638	 4	110,37	 65,35	  28,2	  38,7	  42,7	  43,2	  44,8	  46,4	  46,4	  26,6
*	     5,9944	 1	113,63	 82,41	  -1,2	   8,3	  12,1	  13,0	  14,6	  15,5	  14,8	  -4,9
*	     6,0876	 1	 95,56	 95,73	  -2,1	   7,5	  12,3	  13,4	  15,1	  16,0	  15,1	  -4,6
*	    11,8383	 1	 83,50	 95,73	  -8,5	   1,1	   5,9	   7,0	   8,7	   9,6	   8,5	 -11,7
*	    18,9310	 1	 71,94	 95,50	 -13,4	  -3,7	   1,0	   2,1	   3,8	   4,7	   3,4	 -17,5
s	     7,4808	 3	111,16	126,59	  29,4	  39,0	  42,7	  43,2	  44,8	  46,6	  45,8	  26,0
s	     8,1772	 3	110,84	 53,18	  27,7	  37,2	  40,9	  41,1	  42,7	  45,3	  44,9	  24,2
s	     8,6600	 4	116,83	125,35	  28,4	  38,5	  42,3	  42,9	  44,4	  46,1	  45,7	  25,7
s	     9,2618	 4	109,69	124,80	  28,3	  38,4	  42,2	  42,7	  44,3	  46,0	  45,5	  25,5
s	     9,4315	 5	110,61	124,64	  27,3	  37,9	  41,9	  42,4	  43,9	  45,5	  45,4	  25,3
s	     9,6827	 4	116,44	 53,73	  28,2	  38,2	  42,1	  42,6	  44,2	  45,7	  45,4	  25,3
s	     9,9284	 4	109,41	 55,01	  27,1	  37,3	  41,2	  41,4	  43,0	  45,4	  45,3	  25,2
s	    10,0954	 5	110,32	 55,17	  26,1	  36,8	  40,8	  41,1	  42,6	  45,0	  45,2	  25,1
s	    10,9086	 5	124,34	123,23	  25,5	  36,3	  41,2	  41,9	  43,5	  45,3	  44,8	  24,6
s	    12,7700	 4	111,22	135,13	  26,5	  36,3	  39,9	  40,0	  41,7	  44,2	  43,6	  22,5
s	    12,8234	 7	123,04	121,67	  23,4	  35,2	  40,4	  41,1	  42,7	  44,2	  44,3	  24,0
s	    13,1807	 4	110,79	 45,47	  26,9	  36,9	  40,5	  40,8	  42,4	  44,9	  44,3	  24,0
s	    14,2136	 5	116,90	134,35	  27,0	  37,2	  41,1	  41,6	  43,2	  44,7	  44,2	  23,7
s	    14,2136	 5	116,38	 46,72	  26,0	  36,4	  40,3	  40,5	  42,0	  44,5	  44,2	  23,7
s	    14,3466	 5	109,74	133,23	  26,0	  36,4	  40,2	  40,4	  42,0	  44,5	  44,2	  23,7
s	    14,4976	 6	110,67	133,05	  25,0	  35,9	  39,9	  40,1	  41,6	  44,0	  44,1	  23,5
s	    14,7433	 5	109,36	 47,38	  25,9	  36,3	  40,2	  40,4	  41,9	  44,4	  44,1	  23,6
s	    14,8931	 6	110,28	 47,55	  24,9	  35,8	  39,8	  40,0	  41,6	  43,9	  44,0	  23,4
s	    16,5904	 6	123,82	 48,41	  24,1	  35,0	  40,0	  40,7	  42,3	  43,8	  43,4	  22,7
s	    17,2334	 1	 36,40	 90,02	  28,4	  37,4	  41,2	  42,1	  43,6	  44,4	  43,0	  21,5
*	    19,3001	 1	 53,70	 93,89	   4,8	  13,8	  17,6	  18,4	  20,0	  20,7	  20,5	   1,3
*	    17,8880	 1	 46,74	 94,38	   5,9	  14,9	  18,7	  19,5	  21,1	  21,8	  21,7	   2,6
*	    17,3375	 1	 37,31	 94,96	   6,8	  15,9	  19,6	  20,5	  22,1	  22,8	  22,7	   3,6
*	    17,5603	 1	 37,43	 81,20	   6,7	  15,7	  19,5	  20,4	  21,9	  22,7	  22,5	   3,4
*	    17,7884	 1	 24,68	 95,51	   7,6	  16,6	  20,4	  21,2	  22,8	  23,5	  23,4	   4,3
*	    18,0311	 1	 24,83	 79,78	   7,4	  16,4	  20,2	  21,0	  22,6	  23,3	  23,2	   4,1
*	    19,4694	 1	  8,81	 95,83	   7,6	  16,6	  20,4	  21,3	  22,8	  23,6	  23,4	   4,1
*	    19,7252	 1	  8,99	 78,68	   7,4	  16,4	  20,2	  21,1	  22,6	  23,3	  23,1	   3,9
*	    22,5783	 1	351,40	 95,67	   6,6	  15,6	  19,4	  20,3	  21,8	  22,5	  22,2	   2,7
*	    22,8314	 1	351,58	 78,45	   6,4	  15,4	  19,2	  20,0	  21,6	  22,3	  22,0	   2,5
*	    27,0806	 1	335,31	 95,07	   4,5	  13,5	  17,3	  18,2	  19,7	  20,4	  20,0	   0,1
*	    27,3144	 1	335,46	 79,16	   4,3	  13,4	  17,1	  18,0	  19,5	  20,2	  19,8	  -0,1
*	    32,6937	 1	322,39	 94,28	   1,8	  10,8	  14,6	  15,4	  17,0	  17,6	  17,1	  -3,4
*	    32,9007	 1	322,51	 80,34	   1,7	  10,7	  14,4	  15,3	  16,8	  17,5	  16,9	  -3,5
*	    39,0798	 1	312,72	 93,56	  -1,1	   7,9	  11,6	  12,5	  14,0	  14,6	  13,9	  -7,1
*	    39,2605	 1	312,81	 81,56	  -1,2	   7,8	  11,5	  12,4	  13,9	  14,5	  13,8	  -7,2
*	    45,9782	 1	305,59	 92,96	  -4,0	   5,0	   8,8	   9,6	  11,1	  11,7	  10,8	 -10,8
*	    46,1364	 1	305,65	 82,61	  -4,1	   5,0	   8,7	   9,6	  11,1	  11,6	  10,7	 -10,9
*	    53,2190	 1	300,25	 92,47	  -6,7	   2,3	   6,1	   6,9	   8,4	   8,9	   7,8	 -14,4
*	    53,3587	 1	300,30	 83,49	  -6,7	   2,3	   6,0	   6,9	   8,4	   8,9	   7,8	 -14,5
s	    17,7720	 2	 36,33	 98,83	  28,6	  37,8	  41,6	  42,4	  44,0	  44,7	  43,5	  22,7
s	    17,9571	 2	 36,49	 80,55	  27,0	  36,2	  39,9	  40,4	  42,0	  43,5	  42,7	  21,1
s	    18,0459	 7	121,83	 49,92	  23,2	  34,5	  39,7	  40,4	  41,9	  43,3	  43,2	  22,4
s	    18,2247	 8	128,29	 50,06	  21,6	  33,3	  38,4	  38,9	  40,4	  42,6	  42,8	  22,0
s	    18,3761	 5	111,27	141,32	  25,8	  35,9	  39,5	  39,7	  41,3	  43,9	  43,1	  22,2
s	    18,6703	 2	 38,52	 90,04	  27,9	  37,5	  41,4	  42,2	  43,8	  44,4	  43,6	  22,7
s	    19,0099	 8	118,76	116,37	  18,0	  31,0	  38,4	  39,6	  41,2	  42,7	  42,9	  22,0
s	    19,1937	 3	 38,45	 98,61	  27,6	  37,3	  41,2	  42,1	  43,6	  44,3	  43,4	  22,5
s	    19,2837	 5	110,73	 38,98	  24,1	  34,1	  37,7	  37,6	  39,2	  42,5	  42,1	  20,4
s	    19,3037	 6	116,96	140,04	  24,6	  35,2	  39,1	  39,2	  40,8	  43,3	  42,8	  21,9
s	    19,3736	 3	 38,60	 80,85	  26,6	  36,4	  40,3	  40,9	  42,4	  43,8	  43,3	  22,4
s	    19,6125	 3	 36,25	107,89	  26,5	  35,8	  39,6	  40,0	  41,6	  43,2	  42,3	  20,5
s	    19,7811	 6	109,78	139,45	  24,8	  35,4	  39,2	  39,4	  40,9	  43,4	  42,9	  21,9
s	    19,7910	 3	 36,56	 72,21	  27,0	  36,5	  40,3	  40,8	  42,4	  43,9	  43,0	  22,0
s	    19,9162	 7	110,71	139,27	  23,8	  34,9	  38,9	  39,0	  40,6	  42,9	  42,8	  21,8
s	    20,0673	 2	 34,07	 90,02	  27,7	  37,2	  41,1	  42,0	  43,5	  44,1	  43,3	  22,3
s	    20,4009	 3	 34,60	 90,02	  26,7	  36,7	  40,8	  41,6	  43,1	  43,6	  43,1	  22,1
s	    20,5767	 3	 34,00	 98,35	  27,4	  37,1	  41,0	  41,8	  43,3	  44,0	  43,1	  22,0
s	    20,6230	 4	 38,65	 74,66	  24,1	  34,6	  39,6	  40,4	  42,0	  43,4	  43,0	  21,9
s	    20,6449	 6	116,31	 39,80	  23,9	  34,4	  38,3	  38,5	  40,0	  42,3	  41,7	  19,9
s	    20,6644	 6	109,31	 40,85	  23,6	  34,3	  38,1	  38,1	  39,6	  42,8	  42,7	  21,7
s	    20,7519	 3	 34,15	 81,06	  26,3	  36,1	  40,1	  40,6	  42,2	  43,6	  43,1	  22,0
s	    20,7972	 7	110,23	 41,02	  22,6	  33,8	  37,8	  37,7	  39,2	  42,4	  42,6	  21,5
s	    20,9071	 4	 34,53	 98,31	  26,4	  36,6	  40,6	  41,5	  42,9	  43,5	  42,9	  21,8
s	    20,9845	 4	 38,38	107,43	  26,1	  36,1	  40,0	  40,5	  42,0	  43,5	  42,9	  21,8
s	    21,0812	 4	 34,68	 81,12	  25,3	  35,6	  39,7	  40,3	  41,7	  43,0	  42,9	  21,8
s	    21,6109	 4	 36,19	113,75	  24,5	  34,6	  39,5	  40,3	  41,9	  43,4	  42,5	  21,4
*	    21,8272	 1	 51,54	 86,50	   4,1	  13,3	  17,0	  17,8	  19,4	  20,3	  18,8	  -2,3
*	    25,2221	 1	 58,53	 87,19	   2,5	  11,6	  15,3	  16,1	  17,7	  18,6	  17,0	  -4,4
s	    22,3217	 4	 33,92	106,96	  25,8	  35,8	  39,8	  40,3	  41,8	  43,2	  42,6	  21,4
s	    22,4912	 4	 34,22	 73,13	  25,8	  35,8	  39,7	  40,3	  41,8	  43,2	  42,6	  21,4
s	    22,6414	 5	 34,45	106,86	  24,8	  35,3	  39,4	  39,9	  41,4	  42,7	  42,5	  21,2
s	    22,8099	 5	 34,75	 73,23	  24,8	  35,3	  39,4	  39,9	  41,4	  42,7	  42,4	  21,2
s	    22,8847	 4	 36,64	 64,04	  24,7	  34,3	  38,0	  38,2	  39,8	  42,1	  41,5	  19,5
s	    22,9327	 5	 38,32	113,17	  23,5	  34,2	  39,2	  40,0	  41,5	  43,0	  42,4	  21,1
s	    24,1763	 5	 38,75	 64,71	  24,3	  34,6	  38,5	  38,7	  40,3	  42,5	  42,2	  20,8
s	    24,9282	 6	111,33	146,55	  22,9	  33,1	  36,8	  36,6	  38,2	  41,5	  40,9	  18,7
s	    24,9551	 5	 33,85	114,33	  25,2	  35,4	  39,3	  39,8	  41,3	  42,8	  42,0	  20,6
s	    25,4120	 6	110,68	 34,25	  23,4	  33,7	  37,4	  37,3	  38,9	  42,2	  41,6	  20,1
s	    25,4387	 5	 34,30	 65,28	  24,1	  34,4	  38,3	  38,6	  40,1	  42,3	  41,9	  20,4
s	    25,6448	 5	 36,70	 58,92	  22,6	  33,0	  37,9	  38,4	  40,0	  42,3	  41,6	  20,2
s	    25,7411	 6	 34,83	 65,43	  23,1	  33,9	  37,9	  38,2	  39,6	  41,8	  41,8	  20,2
s	    26,1742	 7	109,83	144,77	  22,5	  33,4	  37,2	  37,1	  38,7	  41,9	  41,6	  20,0
s	    26,2270	 7	117,03	145,66	  22,8	  33,4	  37,3	  37,5	  39,0	  41,3	  40,5	  18,2
s	    26,2270	 7	116,26	 35,41	  22,3	  33,2	  37,0	  36,9	  38,4	  41,6	  41,3	  19,8
s	    26,2944	 8	110,77	144,60	  21,5	  32,9	  36,9	  36,8	  38,3	  41,4	  41,4	  19,9
*	    26,4774	 1	 64,70	 90,87	  -6,8	   2,2	   6,0	   6,8	   8,4	   9,0	   8,7	 -11,2
*	    26,6078	 1	 64,69	 93,69	  -6,9	   2,1	   5,9	   6,8	   8,3	   9,0	   8,6	 -11,3
s	    26,6476	 7	109,27	 36,03	  22,5	  33,3	  37,1	  37,0	  38,6	  41,8	  41,5	  19,9
s	    26,7669	 8	110,18	 36,19	  21,5	  32,9	  36,8	  36,7	  38,2	  41,3	  41,3	  19,7
s	    26,8755	 6	 38,80	 59,67	  21,7	  32,6	  37,6	  38,1	  39,7	  41,9	  41,5	  19,9
*	    28,2493	 1	 63,73	 85,34	 -19,6	 -10,6	  -6,8	  -6,0	  -4,4	  -3,8	  -4,2	 -24,2
*	    28,0217	 1	 63,72	 88,09	 -19,5	 -10,5	  -6,7	  -5,9	  -4,3	  -3,7	  -4,1	 -24,1
s	    28,7324	 6	 33,77	121,41	  23,4	  33,9	  37,8	  38,0	  39,5	  41,7	  41,2	  19,4
s	    29,0184	 7	 34,30	121,26	  22,4	  33,4	  37,4	  37,6	  39,1	  41,2	  41,0	  19,2
s	    29,0352	 6	 34,38	 58,79	  23,4	  33,8	  37,7	  37,9	  39,4	  41,7	  41,2	  19,4
s	    31,3484	 7	111,38	150,41	  22,3	  32,8	  36,5	  36,3	  37,9	  41,3	  40,4	  18,4
s	    31,4533	 6	 36,80	 51,13	  22,0	  32,1	  35,8	  35,6	  37,2	  40,3	  39,7	  16,9
s	    32,3585	 7	110,63	 30,19	  20,6	  31,1	  34,7	  34,2	  35,8	  39,9	  39,4	  16,6
s	    32,4697	 8	109,88	148,73	  21,4	  32,5	  36,3	  36,1	  37,6	  40,9	  40,3	  18,2
s	    32,5729	 7	 38,89	 51,96	  21,6	  32,4	  36,3	  36,2	  37,7	  40,7	  40,4	  18,3
s	    32,5861	 8	117,10	149,53	  22,2	  33,0	  36,9	  37,0	  38,5	  40,8	  40,1	  18,0
s	    32,9680	 7	 33,69	127,18	  22,6	  33,2	  37,1	  37,3	  38,8	  41,0	  40,4	  18,2
s	    33,2353	 8	 34,23	127,00	  21,6	  32,7	  36,8	  36,9	  38,4	  40,5	  40,2	  18,0
s	    33,4624	 8	109,22	 31,86	  20,2	  31,4	  35,2	  34,8	  36,3	  40,3	  40,2	  18,0
s	    33,5874	 8	116,19	 31,02	  20,5	  31,4	  35,3	  35,2	  36,7	  39,7	  39,1	  16,2
s	    33,6732	 7	 34,45	 52,68	  21,5	  32,2	  36,1	  36,0	  37,5	  40,5	  40,2	  18,0
s	    33,9376	 8	 34,98	 52,86	  20,5	  31,7	  35,8	  35,7	  37,1	  40,0	  40,1	  17,8
s	    35,4493	 8	 29,53	 62,05	  19,3	  30,9	  36,1	  36,5	  38,0	  40,1	  39,8	  17,5
s	    35,8496	 7	 36,86	 46,76	  19,7	  30,6	  35,4	  35,6	  37,2	  40,3	  39,6	  17,2
s	    36,0911	 7	 35,93	134,17	  21,2	  31,4	  35,1	  34,9	  36,4	  39,6	  38,8	  15,6
s	    36,8974	 8	 38,96	 47,60	  18,8	  30,2	  35,2	  35,4	  36,9	  39,9	  39,6	  17,1
s	    37,1352	 8	 38,08	133,36	  20,8	  31,7	  35,6	  35,5	  37,0	  40,0	  39,5	  17,0
s	    38,1637	 8	 33,61	132,54	  20,7	  31,6	  35,5	  35,4	  36,8	  39,8	  39,4	  16,8
s	    38,5201	 8	111,44	153,76	  19,6	  30,2	  33,9	  33,4	  34,9	  39,0	  38,3	  14,9
s	    38,5563	 8	 34,53	 47,78	  20,6	  31,5	  35,4	  35,3	  36,8	  39,8	  39,3	  16,7
s	    39,0405	 8	110,58	 27,16	  20,0	  30,9	  34,5	  34,1	  35,7	  39,7	  39,0	  16,3
s	    40,4594	 2	155,32	 90,02	  24,1	  33,6	  37,5	  38,3	  39,8	  40,3	  38,7	  15,1
s	    40,8255	 3	155,37	 96,02	  23,8	  33,5	  37,4	  38,2	  39,7	  40,2	  38,5	  14,9
s	    41,4410	 3	153,65	 90,04	  23,7	  33,8	  37,8	  38,7	  40,1	  40,5	  39,4	  16,5
s	    41,8023	 4	153,70	 95,96	  23,4	  33,7	  37,7	  38,5	  40,0	  40,4	  39,3	  16,3
s	    42,2170	 4	155,20	 77,73	  22,9	  32,9	  36,8	  37,3	  38,8	  40,1	  39,0	  16,0
s	    42,7988	 5	153,55	 79,31	  20,1	  31,1	  36,2	  37,0	  38,5	  39,7	  39,0	  16,0
s	    43,6639	 3	156,40	 90,02	  23,5	  33,5	  37,5	  38,4	  39,8	  40,2	  39,1	  16,0
s	    43,7095	 3	156,20	 83,81	  22,9	  32,9	  36,7	  37,2	  38,7	  40,2	  38,8	  15,7
s	    43,8934	 4	155,99	 90,02	  22,5	  33,0	  37,2	  38,0	  39,4	  39,7	  38,9	  15,8
s	    44,0146	 4	156,46	 95,76	  23,2	  33,4	  37,5	  38,3	  39,7	  40,1	  38,9	  15,8
s	    44,2430	 5	156,05	 95,75	  22,2	  32,9	  37,1	  37,9	  39,3	  39,6	  38,8	  15,6
s	    44,5910	 5	155,13	 71,30	  21,9	  31,7	  35,7	  36,1	  37,6	  38,7	  37,7	  13,7
s	    44,6494	 4	154,58	 83,90	  22,1	  32,6	  36,5	  37,0	  38,5	  39,8	  38,8	  15,6
s	    44,8093	 4	156,38	101,89	  22,1	  32,0	  35,8	  36,2	  37,7	  39,2	  37,8	  13,8
s	    45,3484	 5	156,29	 78,23	  21,8	  32,3	  36,3	  36,9	  38,3	  39,5	  38,6	  15,4
s	    45,5201	 6	153,47	 71,55	  21,5	  32,1	  36,2	  36,7	  38,1	  39,2	  38,5	  15,2
s	    45,5729	 6	155,88	 78,27	  20,8	  31,8	  36,0	  36,5	  37,9	  39,0	  38,5	  15,2
s	    45,7359	 5	154,76	101,77	  21,7	  32,4	  36,3	  36,8	  38,3	  39,6	  38,5	  15,3
s	    46,1632	 5	156,42	106,01	  20,2	  31,0	  35,9	  36,6	  38,2	  39,7	  38,2	  14,9
s	    46,9062	 6	155,56	113,63	  20,4	  30,7	  34,5	  34,6	  36,1	  38,2	  37,2	  13,1
s	    46,9162	 4	157,21	 84,06	  21,8	  32,3	  36,2	  36,8	  38,2	  39,5	  38,5	  15,1
s	    47,0738	 6	154,80	105,84	  19,4	  30,7	  35,7	  36,4	  37,9	  39,3	  38,2	  14,8
s	    47,1362	 5	156,82	 84,08	  20,8	  31,8	  35,9	  36,4	  37,8	  39,1	  38,3	  14,9
s	    47,6287	 6	156,22	 72,04	  21,3	  31,9	  36,0	  36,5	  37,9	  38,9	  38,2	  14,7
s	    47,8083	 7	153,88	113,36	  20,0	  31,0	  35,0	  35,2	  36,7	  38,7	  38,0	  14,6
s	    47,8467	 7	155,82	 72,10	  20,3	  31,4	  35,6	  36,2	  37,5	  38,4	  38,0	  14,5
s	    47,9718	 5	157,38	101,41	  21,5	  32,1	  36,1	  36,6	  38,0	  39,4	  38,2	  14,7
s	    48,0895	 1	260,99	 89,20	  24,1	  33,6	  37,4	  38,3	  39,8	  40,4	  38,6	  15,1
*	    56,5543	 1	298,38	 84,45	   0,3	   9,8	  13,6	  14,5	  16,0	  16,5	  14,5	  -9,7
*	    49,0922	 1	273,42	 83,68	   2,9	  12,4	  16,2	  17,1	  18,6	  19,1	  17,4	  -6,2
*	    49,4358	 1	246,94	 84,14	   2,3	  11,8	  15,6	  16,5	  18,0	  18,5	  16,8	  -6,8
s	    48,1889	 6	156,99	101,39	  20,5	  31,7	  35,7	  36,2	  37,6	  38,9	  38,1	  14,6
s	    48,4208	 2	261,00	 94,62	  23,7	  33,3	  37,1	  37,9	  39,4	  40,0	  38,2	  14,7
s	    48,5351	 2	260,98	 83,36	  22,1	  31,7	  35,5	  36,0	  37,5	  38,8	  37,4	  13,1
s	    48,9778	 6	156,04	 68,49	  18,7	  29,7	  34,6	  35,1	  36,6	  38,9	  37,7	  14,2
s	    49,2728	 6	157,42	105,38	  19,1	  30,4	  35,5	  36,2	  37,7	  39,1	  37,9	  14,3
s	    49,3410	 7	155,60	117,34	  18,4	  29,5	  34,5	  34,9	  36,4	  38,6	  37,6	  14,0
s	    49,4864	 7	157,03	105,34	  18,1	  30,0	  35,1	  35,9	  37,3	  38,6	  37,8	  14,2
s	    49,5697	 3	261,01	100,36	  21,8	  31,6	  35,3	  35,8	  37,3	  38,7	  37,2	  12,8
s	    49,6824	 3	260,97	 78,04	  22,3	  32,2	  36,0	  36,5	  38,0	  39,4	  38,0	  14,3
s	    49,8570	 7	154,43	 68,75	  17,8	  29,4	  34,5	  34,9	  36,4	  38,5	  37,7	  14,1
s	    49,8577	 7	156,63	112,72	  19,8	  30,8	  34,8	  35,0	  36,4	  38,4	  37,7	  14,1
s	    50,0697	 8	156,22	112,67	  18,8	  30,3	  34,5	  34,7	  36,0	  37,9	  37,6	  13,9
s	    50,2163	 8	153,92	117,04	  17,6	  29,2	  34,3	  34,8	  36,2	  38,2	  37,6	  13,9
s	    50,3953	 2	261,23	 89,20	  22,9	  32,9	  36,9	  37,7	  39,2	  39,6	  38,2	  14,5
s	    50,4801	 3	260,83	 89,20	  22,0	  32,5	  36,6	  37,4	  38,8	  39,2	  38,1	  14,4
s	    50,7173	 3	261,24	 94,48	  22,7	  32,9	  36,8	  37,6	  39,1	  39,6	  38,0	  14,3
s	    50,7645	 7	155,02	 61,29	  18,7	  29,3	  33,1	  33,0	  34,4	  37,3	  36,6	  12,1
s	    50,8018	 4	260,84	 94,47	  21,7	  32,4	  36,5	  37,3	  38,7	  39,1	  37,9	  14,2
s	    50,8285	 3	261,22	 83,53	  21,6	  31,9	  35,9	  36,4	  37,9	  39,1	  38,0	  14,3
s	    50,9128	 4	260,82	 83,53	  20,7	  31,4	  35,5	  36,1	  37,5	  38,7	  37,9	  14,2
s	    51,3429	 4	261,02	105,50	  21,9	  32,0	  35,8	  36,3	  37,8	  39,2	  37,6	  13,8
s	    51,6248	 8	153,36	 61,63	  18,4	  29,6	  33,7	  33,6	  35,0	  37,8	  37,4	  13,6
s	    51,6735	 4	260,97	 72,54	  20,3	  30,4	  34,1	  34,3	  35,8	  38,0	  36,8	  12,2
s	    51,8346	 4	261,25	100,06	  21,3	  31,8	  35,7	  36,2	  37,7	  39,0	  37,8	  13,9
s	    51,9179	 5	260,85	100,05	  20,3	  31,3	  35,4	  35,9	  37,3	  38,5	  37,7	  13,8
s	    51,9443	 4	261,21	 78,35	  21,3	  31,8	  35,7	  36,2	  37,7	  39,0	  37,8	  13,9
s	    52,0275	 5	260,81	 78,37	  20,3	  31,3	  35,4	  35,9	  37,3	  38,5	  37,6	  13,8
s	    53,5607	 5	261,26	105,07	  20,9	  31,5	  35,5	  36,0	  37,4	  38,7	  37,4	  13,4
s	    53,6423	 6	260,86	105,06	  19,9	  31,1	  35,2	  35,6	  37,0	  38,3	  37,3	  13,3
s	    53,6752	 8	154,97	 57,94	  16,7	  28,1	  33,1	  33,2	  34,7	  37,6	  36,8	  12,9
s	    53,8827	 5	261,20	 72,98	  19,8	  30,6	  34,5	  34,8	  36,2	  38,3	  37,4	  13,4
s	    53,9637	 5	261,03	110,75	  19,8	  30,1	  33,8	  34,0	  35,5	  37,7	  36,3	  11,6
s	    53,9640	 6	260,80	 73,00	  18,9	  30,1	  34,2	  34,4	  35,8	  37,8	  37,3	  13,2
s	    54,1774	 5	260,96	 67,69	  20,3	  30,7	  34,5	  34,7	  36,2	  38,4	  37,1	  13,1
s	    56,1153	 6	261,27	110,21	  19,4	  30,3	  34,3	  34,5	  35,9	  38,0	  37,0	  12,8
s	    56,1945	 7	260,87	110,19	  18,4	  29,9	  33,9	  34,1	  35,5	  37,5	  36,8	  12,6
s	    56,3238	 6	261,20	 68,25	  19,4	  30,3	  34,2	  34,4	  35,9	  38,0	  36,9	  12,7
s	    56,3620	 2	295,73	 89,27	  22,3	  31,9	  35,7	  36,6	  38,0	  38,4	  36,3	  11,4
s	    56,4029	 7	260,79	 68,27	  18,4	  29,8	  33,9	  34,1	  35,5	  37,5	  36,8	  12,6
s	    56,6623	 3	295,70	 94,19	  22,6	  32,3	  36,2	  37,0	  38,4	  38,8	  37,0	  12,7
s	    56,7071	 8	156,61	122,30	  17,9	  28,7	  32,5	  32,3	  33,8	  36,8	  35,6	  10,6
s	    56,7660	 3	295,75	 83,97	  21,0	  30,7	  34,5	  35,0	  36,5	  37,6	  36,2	  11,2
s	    57,0017	 6	261,04	115,32	  19,8	  30,4	  34,2	  34,4	  35,9	  38,1	  36,6	  12,3
s	    57,5171	 6	260,95	 62,82	  18,2	  28,8	  32,5	  32,4	  33,8	  36,8	  35,8	  10,7
s	    57,7053	 4	295,68	 99,41	  20,7	  30,5	  34,4	  34,8	  36,3	  37,5	  35,9	  10,8
s	    57,8078	 4	295,77	 79,14	  21,2	  31,2	  35,1	  35,6	  37,1	  38,3	  36,7	  12,4
s	    57,9669	 3	297,73	 89,28	  21,9	  32,0	  36,0	  36,9	  38,3	  38,5	  37,0	  12,7
s	    58,2618	 4	297,71	 94,11	  21,7	  31,9	  35,9	  36,7	  38,1	  38,4	  36,9	  12,5
s	    58,3637	 4	297,76	 84,08	  20,7	  31,0	  35,0	  35,6	  37,0	  38,0	  36,9	  12,5
s	    58,4564	 3	295,07	 89,27	  21,9	  31,9	  36,0	  36,8	  38,2	  38,5	  37,0	  12,6
s	    58,7103	 4	295,40	 89,27	  20,9	  31,5	  35,6	  36,5	  37,8	  38,0	  36,8	  12,4
s	    58,7497	 4	295,05	 94,07	  21,6	  31,9	  35,9	  36,7	  38,1	  38,4	  36,8	  12,4
s	    58,8510	 4	295,09	 84,10	  20,6	  30,9	  35,0	  35,5	  36,9	  38,0	  36,8	  12,4
s	    59,0028	 5	295,38	 94,06	  20,6	  31,4	  35,6	  36,4	  37,7	  37,9	  36,7	  12,2
s	    59,0813	 7	261,27	114,68	  18,9	  30,0	  33,9	  34,1	  35,5	  37,6	  36,5	  12,0
s	    59,1038	 5	295,43	 84,11	  19,6	  30,4	  34,6	  35,2	  36,5	  37,5	  36,7	  12,2
s	    59,1580	 8	260,87	114,66	  17,9	  29,5	  33,6	  33,7	  35,1	  37,2	  36,3	  11,9
s	    59,2865	 5	297,68	 99,24	  20,3	  30,8	  34,9	  35,4	  36,8	  37,9	  36,7	  12,2
s	    59,3201	 5	295,66	104,11	  20,9	  31,0	  34,9	  35,4	  36,8	  38,1	  36,4	  11,9
s	    59,3872	 5	297,78	 79,33	  20,3	  30,8	  34,9	  35,4	  36,8	  37,9	  36,6	  12,1
s	    59,5849	 7	261,19	 63,47	  17,8	  29,0	  33,0	  32,9	  34,3	  37,2	  36,4	  11,9
s	    59,6217	 5	295,80	 74,10	  19,3	  29,4	  33,2	  33,4	  34,8	  36,8	  35,6	  10,3
s	    59,6611	 8	260,78	 63,49	  16,8	  28,5	  32,6	  32,5	  33,9	  36,7	  36,3	  11,8
s	    59,7689	 5	295,02	 99,18	  20,3	  30,8	  34,8	  35,3	  36,7	  37,8	  36,6	  12,1
s	    59,8690	 5	295,11	 79,37	  20,3	  30,8	  34,8	  35,3	  36,7	  37,8	  36,6	  12,0
s	    60,0191	 6	295,36	 99,15	  19,3	  30,3	  34,5	  35,0	  36,4	  37,3	  36,4	  11,9
s	    60,1190	 6	295,45	 79,40	  19,3	  30,3	  34,5	  35,0	  36,3	  37,3	  36,4	  11,9
s	    60,8572	 7	261,05	119,87	  17,7	  28,4	  32,1	  31,9	  33,4	  36,4	  35,2	   9,8
s	    60,8737	 6	297,66	103,87	  20,0	  30,6	  34,7	  35,1	  36,5	  37,7	  36,3	  11,7
s	    61,1538	 7	260,94	 58,63	  18,2	  29,0	  32,8	  32,7	  34,2	  37,2	  36,0	  11,3
s	    61,1703	 6	297,81	 74,37	  18,9	  29,7	  33,7	  34,0	  35,4	  37,2	  36,3	  11,6
s	    61,3478	 6	295,00	103,78	  19,9	  30,6	  34,6	  35,1	  36,5	  37,6	  36,3	  11,6
s	    61,5938	 7	295,34	103,74	  18,9	  30,1	  34,3	  34,8	  36,1	  37,1	  36,1	  11,4
s	    61,6429	 6	295,14	 74,43	  18,9	  29,7	  33,7	  33,9	  35,3	  37,2	  36,2	  11,5
s	    61,8882	 7	295,47	 74,48	  17,9	  29,2	  33,3	  33,6	  34,9	  36,7	  36,1	  11,4
s	    61,9132	 6	295,82	 69,62	  19,4	  29,8	  33,7	  33,9	  35,3	  37,3	  36,0	  11,2
s	    62,8519	 8	261,28	119,16	  17,3	  28,7	  32,6	  32,5	  33,9	  36,8	  35,9	  11,1
s	    63,1424	 8	261,18	 59,35	  17,3	  28,6	  32,6	  32,4	  33,9	  36,7	  35,8	  11,0
s	    63,2315	 7	297,63	108,64	  18,5	  29,5	  33,5	  33,7	  35,1	  37,0	  35,9	  11,1
s	    63,3228	 3	 17,44	 90,01	  21,4	  31,0	  35,0	  35,8	  37,2	  37,4	  35,3	   9,7
s	    63,4245	 7	297,83	 69,96	  18,5	  29,4	  33,5	  33,7	  35,0	  36,9	  35,9	  11,0
s	    63,6011	 4	 17,40	 94,57	  21,2	  30,9	  34,9	  35,7	  37,1	  37,3	  35,2	   9,5
s	    63,8859	 7	295,16	 70,04	  18,4	  29,4	  33,4	  33,6	  35,0	  36,9	  35,8	  10,9
s	    63,9339	 8	295,31	108,49	  17,5	  28,9	  33,1	  33,3	  34,6	  36,4	  35,7	  10,8
s	    64,1254	 8	295,49	 70,09	  17,4	  28,9	  33,1	  33,3	  34,6	  36,4	  35,7	  10,8
s	    64,5106	 7	295,61	113,22	  18,9	  29,5	  33,4	  33,6	  35,0	  37,0	  35,5	  10,6
s	    64,6641	 5	 17,54	 80,61	  20,4	  30,4	  34,4	  34,9	  36,3	  37,3	  35,7	  10,8
s	    64,9173	 8	261,06	123,74	  17,6	  28,6	  32,4	  32,3	  33,7	  36,7	  35,4	  10,4
s	    64,9858	 7	295,84	 65,07	  17,3	  27,9	  31,7	  31,6	  33,0	  35,8	  34,7	   8,9
s	    65,5793	 8	260,93	 54,50	  16,0	  27,0	  30,7	  30,2	  31,7	  35,5	  34,5	   8,7
s	    65,6482	 6	 17,31	102,73	  18,0	  28,7	  33,8	  34,6	  36,0	  37,0	  35,5	  10,4
s	    65,7098	 8	294,96	111,71	  16,1	  27,7	  32,8	  33,2	  34,7	  36,6	  35,5	  10,4
s	    65,9816	 8	297,61	112,85	  18,0	  29,2	  33,2	  33,3	  34,7	  36,6	  35,5	  10,4
s	    66,4497	 8	297,85	 65,46	  17,0	  28,2	  32,2	  32,1	  33,5	  36,2	  35,4	  10,3
s	    66,5710	 4	 16,94	 85,24	  20,4	  30,4	  34,3	  34,8	  36,2	  37,4	  35,6	  10,5
s	    66,6521	 4	 16,81	 90,00	  20,9	  31,0	  35,1	  35,9	  37,3	  37,4	  35,8	  10,7
s	    66,8228	 4	 18,21	 90,02	  21,4	  31,2	  35,1	  35,9	  37,3	  37,5	  34,8	   8,9
s	    66,8280	 5	 17,14	 90,01	  19,9	  30,5	  34,8	  35,6	  36,9	  36,9	  35,7	  10,5
s	    66,8971	 8	295,18	 65,57	  16,9	  28,2	  32,2	  32,1	  33,5	  36,1	  35,4	  10,2
s	    66,9210	 5	 16,77	 94,41	  20,7	  30,9	  35,0	  35,8	  37,2	  37,3	  35,7	  10,5
s	    67,0913	 5	 18,16	 94,42	  20,7	  30,9	  35,0	  35,8	  37,2	  37,3	  35,7	  10,5
s	    67,0964	 6	 17,09	 94,41	  19,7	  30,5	  34,7	  35,5	  36,8	  36,8	  35,5	  10,4
s	    67,4173	 5	 16,80	 99,14	  19,6	  29,6	  33,4	  33,8	  35,3	  36,4	  34,6	   8,6
s	    67,8347	 6	 18,29	 82,01	  17,3	  28,4	  33,6	  34,4	  35,8	  36,6	  35,5	  10,2
s	    67,9485	 6	 16,90	 80,92	  19,3	  29,9	  34,0	  34,5	  35,8	  36,7	  35,4	  10,2
s	    68,0761	 8	295,59	117,51	  16,8	  27,6	  31,4	  31,2	  32,6	  35,4	  34,2	   8,1
s	    68,1222	 7	 17,23	 80,94	  18,3	  29,4	  33,7	  34,2	  35,5	  36,3	  35,3	  10,0
s	    68,3057	 7	 17,25	108,35	  18,0	  28,4	  32,3	  32,4	  33,8	  35,6	  34,3	   8,2
s	    68,3513	 8	295,87	 61,11	  17,3	  28,2	  32,1	  32,0	  33,4	  36,2	  34,9	   9,6
s	    69,0674	 7	 18,08	102,31	  17,0	  28,2	  33,4	  34,2	  35,6	  36,5	  35,2	   9,8
s	    69,1493	 6	 17,03	 76,30	  18,2	  28,5	  32,3	  32,4	  33,9	  35,8	  34,3	   8,1
s	    69,8980	 5	 16,35	 85,40	  19,4	  29,9	  33,9	  34,4	  35,8	  36,8	  35,3	   9,9
s	    70,0683	 6	 16,66	 85,41	  18,4	  29,4	  33,6	  34,1	  35,4	  36,3	  35,2	   9,7
s	    70,7168	 6	 16,21	 98,84	  19,1	  29,8	  33,8	  34,3	  35,6	  36,7	  35,1	   9,6
s	    70,8858	 7	 16,52	 98,83	  18,1	  29,3	  33,5	  33,9	  35,3	  36,2	  35,0	   9,5
s	    71,0836	 4	231,63	 89,36	  19,8	  30,3	  34,5	  35,3	  36,7	  36,7	  35,3	   9,7
s	    71,3410	 5	231,66	 93,58	  19,5	  30,3	  34,4	  35,2	  36,6	  36,7	  35,1	   9,6
s	    71,3655	 8	 17,68	 67,39	  16,5	  27,1	  31,1	  30,9	  32,3	  34,9	  33,8	   7,5
s	    71,4299	 5	231,60	 84,83	  18,5	  29,3	  33,5	  34,1	  35,4	  36,3	  35,1	   9,6
s	    71,4414	 5	231,37	 89,37	  18,8	  29,8	  34,2	  35,0	  36,3	  36,3	  35,1	   9,6
s	    71,4742	 8	 16,63	107,77	  17,6	  28,6	  32,7	  32,9	  34,2	  35,9	  34,8	   9,2
s	    71,6369	 8	 18,02	107,75	  18,1	  28,7	  32,7	  32,8	  34,2	  36,1	  33,7	   7,4
s	    71,6979	 6	231,40	 93,57	  18,5	  29,8	  34,1	  34,9	  36,2	  36,2	  35,0	   9,4
s	    71,7320	 7	 16,18	101,97	  16,8	  28,1	  33,2	  33,9	  35,4	  36,4	  34,9	   9,3
s	    71,7865	 6	231,34	 84,84	  17,5	  28,8	  33,2	  33,7	  35,0	  35,8	  35,0	   9,4
s	    71,8993	 8	 16,49	101,96	  15,8	  27,7	  32,9	  33,6	  35,0	  36,0	  34,7	   9,1
s	    72,2367	 6	231,68	 98,07	  18,2	  29,2	  33,4	  33,9	  35,2	  36,1	  34,9	   9,3
s	    72,3248	 6	231,57	 80,66	  18,2	  29,2	  33,4	  33,9	  35,2	  36,1	  34,9	   9,3
s	    72,5905	 7	231,43	 98,05	  17,2	  28,7	  33,0	  33,6	  34,8	  35,6	  34,8	   9,1
s	    72,6784	 7	231,31	 80,70	  17,2	  28,7	  33,0	  33,5	  34,8	  35,6	  34,8	   9,1
s	    73,6288	 7	231,71	102,15	  17,9	  29,1	  33,2	  33,7	  35,0	  36,0	  34,6	   8,9
s	    73,8896	 7	231,54	 76,28	  16,8	  28,1	  32,3	  32,5	  33,8	  35,5	  34,6	   8,8
s	    73,9780	 8	231,46	102,11	  16,9	  28,6	  32,9	  33,3	  34,6	  35,5	  34,5	   8,7
s	    74,2379	 8	231,28	 76,33	  15,8	  27,6	  31,9	  32,2	  33,4	  35,0	  34,5	   8,6
s	    75,7068	 8	231,74	106,40	  16,5	  27,9	  32,1	  32,3	  33,6	  35,3	  34,3	   8,3
s	    75,8774	 8	231,51	 72,35	  16,4	  27,9	  32,1	  32,3	  33,6	  35,3	  34,3	   8,3
s	    82,9004	 4	261,80	 89,26	  18,1	  29,1	  33,3	  34,1	  35,4	  35,5	  33,9	   7,3
s	    83,1312	 5	261,80	 93,04	  17,8	  29,0	  33,3	  34,0	  35,3	  35,4	  33,8	   7,2
s	    83,2110	 5	261,79	 85,19	  16,8	  28,1	  32,3	  32,9	  34,2	  35,0	  33,8	   7,1
s	    83,9356	 6	261,81	 97,08	  16,5	  28,0	  32,2	  32,7	  34,0	  34,9	  33,6	   6,9
s	    84,0148	 6	261,79	 81,44	  16,5	  28,0	  32,2	  32,7	  34,0	  34,9	  33,6	   6,9
s	    85,1271	 7	 33,71	 86,19	  17,0	  28,0	  32,3	  32,8	  34,0	  34,7	  33,3	   6,5
s	    85,1884	 7	261,82	100,76	  16,2	  27,9	  32,1	  32,5	  33,8	  34,7	  33,3	   6,5
s	    85,2105	 5	261,95	 89,26	  16,9	  28,5	  32,8	  33,6	  34,9	  34,8	  33,5	   6,7
s	    85,4368	 6	261,95	 92,97	  16,7	  28,4	  32,8	  33,5	  34,8	  34,8	  33,4	   6,6
s	    85,5150	 6	261,94	 85,27	  15,7	  27,5	  31,8	  32,4	  33,6	  34,3	  33,4	   6,6
s	    85,5451	 7	261,78	 77,21	  16,2	  27,7	  32,0	  32,5	  33,8	  34,5	  33,3	   6,5
s	    86,2254	 7	261,96	 96,93	  15,4	  27,4	  31,7	  32,2	  33,5	  34,2	  33,2	   6,3
s	    86,3031	 7	261,94	 81,60	  15,4	  27,4	  31,7	  32,2	  33,5	  34,2	  33,2	   6,3
s	    87,2185	 8	261,82	104,90	  15,9	  27,5	  31,8	  32,3	  33,6	  34,3	  33,0	   6,0
s	    87,2185	 8	261,77	 73,91	  14,8	  26,8	  31,0	  31,1	  32,4	  34,1	  33,0	   6,0
s	    87,4541	 8	261,97	100,54	  15,1	  27,2	  31,6	  32,1	  33,3	  34,1	  33,0	   6,0
s	    87,8041	 8	261,93	 77,44	  15,1	  27,1	  31,5	  32,0	  33,2	  33,8	  32,9	   5,9
s	    88,2506	 4	318,26	 89,46	  18,4	  28,5	  32,6	  33,4	  34,7	  34,7	  32,3	   4,5
s	    88,4712	 5	318,23	 93,07	  18,2	  28,5	  32,6	  33,3	  34,6	  34,6	  32,2	   4,3
s	    88,5475	 5	318,29	 85,57	  17,2	  27,5	  31,6	  32,2	  33,5	  34,2	  32,1	   4,3
s	    89,2400	 6	318,20	 96,94	  16,9	  27,3	  31,3	  31,8	  33,1	  33,8	  32,0	   4,0
s	    89,3158	 6	318,32	 81,99	  17,4	  27,9	  32,0	  32,5	  33,8	  34,6	  32,7	   5,6
s	    90,4384	 7	318,17	100,46	  17,1	  27,8	  31,9	  32,4	  33,7	  34,5	  32,5	   5,3
s	    90,6634	 7	318,35	 78,20	  15,5	  26,2	  30,2	  30,4	  31,7	  33,2	  31,7	   3,7
s	    90,9045	 5	319,34	 89,47	  18,0	  28,6	  32,9	  33,7	  34,9	  34,7	  32,9	   5,6
s	    91,1203	 6	319,31	 93,01	  17,8	  28,6	  32,8	  33,6	  34,8	  34,7	  32,8	   5,5
s	    91,1949	 6	319,37	 85,66	  16,8	  27,6	  31,9	  32,4	  33,7	  34,3	  32,8	   5,4
s	    91,2803	 6	319,13	 89,47	  17,0	  28,1	  32,5	  33,3	  34,5	  34,3	  32,8	   5,4
s	    91,4954	 7	319,10	 93,00	  16,8	  28,1	  32,5	  33,2	  34,4	  34,2	  32,6	   5,3
s	    91,5698	 7	319,16	 85,67	  15,8	  27,1	  31,5	  32,1	  33,3	  33,8	  32,6	   5,3
s	    91,7449	 5	197,78	 89,68	  17,2	  27,8	  32,1	  32,9	  34,1	  33,9	  31,8	   3,7
s	    91,8727	 7	319,28	 96,79	  16,5	  27,5	  31,8	  32,3	  33,5	  34,2	  32,6	   5,2
s	    91,9140	 4	165,62	 90,01	  18,2	  28,3	  32,4	  33,2	  34,5	  34,4	  31,9	   3,7
s	    91,9468	 7	319,39	 82,16	  16,5	  27,5	  31,8	  32,3	  33,5	  34,2	  32,6	   5,2
s	    91,9593	 6	197,81	 93,19	  17,0	  27,7	  32,0	  32,8	  34,0	  33,9	  31,7	   3,5
s	    92,1280	 5	165,66	 93,52	  17,9	  28,2	  32,3	  33,1	  34,4	  34,3	  31,8	   3,6
s	    92,2348	 8	318,14	104,17	  15,2	  26,0	  30,1	  30,2	  31,5	  33,1	  31,4	   3,2
s	    92,2455	 8	319,07	 96,76	  15,5	  27,0	  31,4	  31,9	  33,1	  33,7	  32,4	   5,0
s	    92,3194	 8	319,19	 82,18	  15,5	  27,0	  31,4	  31,9	  33,1	  33,7	  32,4	   5,0
s	    92,3826	 8	318,38	 74,77	  15,7	  26,7	  30,8	  31,0	  32,3	  33,8	  32,2	   4,8
s	    92,7802	 7	197,71	 82,42	  15,7	  26,7	  31,0	  31,5	  32,7	  33,3	  31,5	   3,2
s	    92,9479	 6	165,55	 82,76	  16,6	  27,2	  31,3	  31,8	  33,1	  33,8	  31,6	   3,3
s	    93,0458	 8	319,25	100,24	  16,2	  27,4	  31,7	  32,1	  33,3	  34,0	  32,4	   4,9
s	    93,2660	 8	319,43	 78,45	  15,1	  26,5	  30,7	  30,9	  32,2	  33,6	  32,3	   4,8
s	    93,7101	 7	165,72	 99,86	  14,9	  26,1	  31,3	  32,0	  33,3	  34,1	  32,2	   4,6
s	    93,8718	 8	197,89	100,38	  15,9	  27,1	  31,4	  31,8	  33,1	  33,7	  32,0	   4,5
s	    94,9051	 6	197,31	 85,99	  16,3	  27,3	  31,4	  31,9	  33,2	  34,0	  32,2	   4,5
s	    95,0666	 6	197,28	 89,69	  16,8	  27,9	  32,3	  33,1	  34,3	  33,9	  32,4	   4,7
s	    95,1395	 5	165,91	 86,33	  17,2	  27,7	  31,7	  32,2	  33,5	  34,4	  32,2	   4,6
s	    95,2467	 7	197,53	 89,69	  15,8	  27,4	  31,9	  32,7	  33,9	  33,5	  32,2	   4,6
s	    95,2753	 7	197,31	 93,11	  16,5	  27,8	  32,2	  33,0	  34,2	  33,9	  32,2	   4,5
s	    95,3114	 5	166,00	 90,01	  17,7	  28,3	  32,6	  33,4	  34,6	  34,4	  32,5	   4,8
s	    95,4202	 5	164,93	 90,03	  18,2	  28,6	  32,6	  33,4	  34,7	  34,8	  31,4	   3,0
s	    95,4477	 6	165,74	 90,02	  16,7	  27,8	  32,2	  33,0	  34,2	  33,9	  32,3	   4,6
s	    95,4551	 8	197,56	 93,10	  15,5	  27,3	  31,9	  32,6	  33,8	  33,4	  32,1	   4,4
s	    95,5198	 6	166,03	 93,43	  17,5	  28,2	  32,5	  33,3	  34,5	  34,3	  32,3	   4,6
s	    95,5630	 7	197,42	 96,79	  16,0	  27,2	  31,3	  31,8	  33,1	  33,9	  32,0	   4,3
s	    95,6284	 6	164,96	 93,44	  17,5	  28,4	  32,5	  33,3	  34,5	  34,5	  32,3	   4,6
s	    95,6409	 7	198,31	 86,01	  16,0	  27,2	  31,3	  31,8	  33,1	  33,9	  31,2	   2,7
s	    95,6558	 7	165,78	 93,43	  16,5	  27,8	  32,2	  32,9	  34,1	  33,9	  32,2	   4,5
s	    95,7003	 6	164,89	 86,35	  17,0	  27,6	  31,6	  32,1	  33,4	  34,3	  31,3	   2,8
s	    95,7962	 6	166,02	 97,10	  16,9	  27,6	  31,6	  32,1	  33,4	  34,3	  32,1	   4,3
s	    96,0749	 8	197,21	 82,62	  15,2	  26,8	  31,2	  31,7	  32,9	  33,4	  32,0	   4,3
s	    96,2951	 8	198,42	 96,74	  15,7	  27,1	  31,2	  31,6	  32,9	  33,8	  31,0	   2,5
s	    96,3178	 7	165,93	 82,95	  16,2	  27,2	  31,5	  32,0	  33,2	  33,8	  32,1	   4,3
s	    96,3542	 7	165,00	 97,08	  16,7	  27,5	  31,5	  31,9	  33,3	  34,2	  31,1	   2,6
s	    96,4530	 8	165,67	 82,96	  15,2	  26,8	  31,1	  31,6	  32,8	  33,3	  32,0	   4,2
s	    96,9164	 8	197,24	 78,98	  14,1	  25,4	  29,5	  29,6	  30,9	  32,5	  30,9	   2,3
s	    97,1471	 7	165,84	 79,33	  15,1	  25,9	  29,8	  29,9	  31,3	  32,9	  31,0	   2,4
s	    97,6993	 8	164,82	 79,38	  15,3	  26,5	  30,5	  30,6	  31,9	  33,6	  30,8	   2,2
s	    98,3398	 8	165,81	 76,86	  13,3	  24,9	  30,0	  30,4	  31,8	  33,5	  31,6	   3,6
s	    98,5341	 6	166,27	 86,42	  16,3	  27,3	  31,4	  31,9	  33,2	  33,9	  32,0	   4,0
s	    98,6404	 8	166,09	103,99	  14,8	  25,7	  29,7	  29,7	  31,1	  32,8	  30,8	   2,0
s	    98,6670	 7	166,02	 86,43	  15,3	  26,8	  31,1	  31,6	  32,8	  33,4	  31,9	   3,9
s	    99,1738	 7	166,38	 96,92	  16,0	  27,2	  31,3	  31,8	  33,0	  33,8	  31,8	   3,8
s	    99,3060	 8	166,13	 96,92	  15,0	  26,7	  31,0	  31,4	  32,7	  33,3	  31,7	   3,7
s	    99,3497	 4	 94,54	 97,37	  15,4	  25,8	  30,6	  31,3	  32,8	  33,8	  31,1	   2,3
s	   100,4902	 8	166,20	 79,60	  14,6	  26,1	  30,3	  30,4	  31,7	  33,3	  31,6	   3,4
s	   101,6547	 5	 94,45	 97,25	  15,0	  26,1	  31,1	  31,9	  33,3	  34,2	  31,8	   3,5
s	   102,7424	 6	 94,45	100,46	  14,7	  26,0	  31,0	  31,7	  33,1	  34,1	  31,6	   3,2
s	   104,5432	 5	 72,61	 97,08	  14,8	  25,3	  30,2	  30,9	  32,3	  33,2	  30,5	   1,2
s	   105,5858	 6	 71,20	 97,03	  14,5	  25,7	  30,8	  31,5	  32,9	  33,7	  31,3	   2,7
s	   106,7618	 6	 72,89	 96,98	  14,5	  25,6	  30,7	  31,4	  32,8	  33,6	  31,2	   2,5
s	   106,9272	 7	 72,66	 96,97	  13,5	  25,2	  30,4	  31,1	  32,4	  33,1	  31,1	   2,3
s	   107,8097	 7	 72,88	100,07	  14,2	  25,5	  30,6	  31,3	  32,6	  33,5	  31,0	   2,2
s	   107,9739	 8	 72,65	100,06	  13,2	  25,0	  30,3	  31,0	  32,3	  33,0	  30,8	   2,0
s	   108,8838	 2	 94,15	 90,48	  18,2	  28,2	  32,1	  33,0	  34,3	  34,4	  31,4	   2,5
s	   109,0721	 3	 94,16	 93,57	  18,0	  28,2	  32,1	  32,9	  34,2	  34,3	  31,3	   2,4
s	   109,1372	 3	 94,15	 87,16	  17,7	  27,7	  31,4	  31,9	  33,3	  34,3	  31,3	   2,4
s	   109,5367	 5	213,36	 89,55	  17,0	  27,0	  31,1	  31,9	  33,1	  32,9	  29,9	   0,2
s	   109,5375	 4	 94,16	 96,12	  14,0	  24,8	  29,7	  30,4	  31,8	  32,7	  30,1	   0,4
s	   109,7241	 6	213,39	 92,62	  16,7	  27,0	  31,0	  31,8	  33,0	  32,8	  29,8	   0,1
s	   109,7889	 6	213,33	 86,24	  15,7	  26,1	  30,1	  30,6	  31,8	  32,4	  29,8	   0,0
s	   109,7937	 4	 94,15	 84,10	  17,2	  27,3	  31,1	  31,6	  33,0	  34,0	  30,9	   1,9
s	   110,3779	 7	213,42	 95,91	  15,4	  26,0	  30,0	  30,5	  31,7	  32,3	  29,6	  -0,2
s	   110,4424	 7	213,30	 83,19	  15,4	  26,0	  30,0	  30,5	  31,7	  32,3	  29,6	  -0,2
s	   110,9479	 5	 94,15	 80,84	  15,4	  25,6	  29,3	  29,4	  30,8	  32,6	  29,9	   0,0
s	   111,2061	 3	 94,08	 90,48	  17,1	  27,6	  31,7	  32,5	  33,8	  33,7	  31,1	   2,0
s	   111,3913	 4	 94,08	 93,52	  16,9	  27,6	  31,6	  32,4	  33,7	  33,7	  30,9	   1,8
s	   111,3993	 8	213,44	 98,93	  15,7	  26,4	  30,4	  30,9	  32,0	  32,7	  30,2	   1,1
s	   111,4553	 4	 94,07	 87,22	  16,6	  27,1	  31,0	  31,5	  32,8	  33,7	  30,9	   1,8
s	   111,5914	 8	213,27	 79,95	  13,2	  24,4	  28,5	  28,7	  29,9	  31,2	  29,5	  -0,4
s	   111,8492	 5	 94,08	 96,03	  13,6	  25,1	  30,2	  31,0	  32,3	  33,1	  30,8	   1,6
s	   112,1013	 5	 94,07	 84,20	  16,4	  27,0	  30,9	  31,3	  32,7	  33,6	  30,8	   1,6
s	   112,2980	 6	 94,16	103,11	  14,3	  25,1	  28,9	  29,0	  30,4	  32,1	  29,6	  -0,4
s	   112,4253	 6	 94,14	 77,87	  15,6	  26,2	  29,9	  30,0	  31,4	  33,3	  30,4	   1,2
s	   112,4488	 6	212,58	 89,56	  16,6	  27,2	  31,3	  32,2	  33,3	  32,9	  30,6	   1,3
s	   112,6324	 7	212,61	 92,57	  16,3	  27,1	  31,3	  32,1	  33,2	  32,9	  30,4	   1,2
s	   112,6959	 7	212,55	 86,32	  15,3	  26,2	  30,4	  30,9	  32,0	  32,5	  30,4	   1,2
s	   112,7685	 7	212,78	 89,56	  15,6	  26,7	  31,0	  31,8	  32,9	  32,5	  30,4	   1,2
s	   112,9517	 8	212,80	 92,56	  15,3	  26,6	  31,0	  31,7	  32,8	  32,4	  30,3	   1,0
s	   113,0151	 8	212,75	 86,33	  14,3	  25,7	  30,0	  30,6	  31,6	  32,0	  30,3	   1,0
s	   113,2370	 6	 94,07	 81,00	  15,0	  25,9	  29,9	  30,0	  31,4	  33,1	  30,5	   1,3
s	   113,2546	 6	213,48	 89,55	  16,5	  27,1	  31,3	  32,1	  33,2	  32,9	  30,5	   1,2
s	   113,2731	 8	212,64	 95,79	  15,1	  26,1	  30,3	  30,8	  31,9	  32,4	  30,3	   1,0
s	   113,3363	 8	212,53	 83,33	  15,0	  26,1	  30,3	  30,8	  31,9	  32,4	  30,3	   1,0
s	   113,4372	 7	213,51	 92,54	  16,3	  27,1	  31,2	  32,0	  33,1	  32,8	  30,4	   1,0
s	   113,7372	 3	 73,82	 90,46	  17,7	  27,8	  31,8	  32,6	  33,9	  33,7	  30,8	   1,5
s	   113,9192	 4	 73,81	 93,45	  17,5	  27,7	  31,7	  32,5	  33,8	  33,7	  30,7	   1,4
s	   113,9821	 4	 73,83	 87,25	  17,2	  27,2	  31,0	  31,5	  32,9	  33,7	  30,7	   1,3
s	   114,1254	 7	 94,16	106,01	  15,3	  26,0	  29,8	  29,9	  31,2	  33,1	  30,1	   0,7
s	   114,1372	 8	213,43	 83,36	  15,0	  26,0	  30,2	  30,7	  31,8	  32,3	  30,2	   0,8
s	   114,3692	 5	 73,81	 95,91	  13,5	  24,3	  29,3	  30,0	  31,4	  32,1	  29,5	  -0,6
s	   114,4393	 7	 94,14	 74,75	  13,0	  24,0	  27,8	  27,7	  29,0	  31,5	  29,3	  -0,9
s	   114,5661	 7	 94,08	102,91	  14,0	  25,4	  29,5	  29,6	  30,9	  32,5	  30,3	   0,9
s	   114,6169	 5	 73,84	 84,29	  16,7	  26,9	  30,7	  31,2	  32,5	  33,4	  30,3	   0,9
s	   114,6913	 7	 94,07	 78,07	  14,7	  25,8	  29,7	  29,8	  31,2	  32,9	  30,3	   0,9
s	   114,7143	 4	 72,50	 90,46	  16,7	  27,2	  31,4	  32,2	  33,4	  33,2	  30,6	   1,2
s	   114,8951	 5	 72,50	 93,42	  16,5	  27,2	  31,3	  32,1	  33,3	  33,2	  30,5	   1,1
s	   115,3421	 6	 72,49	 95,87	  13,2	  24,7	  29,9	  30,7	  32,0	  32,6	  30,3	   0,9
s	   115,7333	 6	 73,85	 81,14	  14,9	  25,2	  29,0	  29,1	  30,4	  32,0	  29,3	  -1,0
s	   115,9831	 4	 74,07	 90,47	  16,6	  27,2	  31,3	  32,1	  33,4	  33,1	  30,5	   1,0
s	   116,1008	 8	 94,14	 72,62	  11,2	  23,0	  28,0	  28,1	  29,5	  32,0	  29,8	   0,3
s	   116,1382	 5	 73,85	 90,47	  15,6	  26,7	  31,0	  31,8	  33,0	  32,7	  30,4	   0,8
s	   116,1623	 5	 74,06	 93,40	  16,4	  27,1	  31,3	  32,0	  33,3	  33,1	  30,4	   0,8
s	   116,2243	 5	 74,08	 87,31	  16,1	  26,6	  30,6	  31,1	  32,4	  33,1	  30,4	   0,8
s	   116,3172	 6	 73,84	 93,40	  15,4	  26,6	  30,9	  31,7	  32,9	  32,6	  30,3	   0,7
s	   116,3654	 8	 94,09	105,77	  14,4	  25,7	  29,6	  29,6	  31,0	  32,7	  30,0	   0,5
s	   116,3791	 6	 73,86	 87,31	  15,1	  26,1	  30,3	  30,7	  32,0	  32,6	  30,2	   0,7
s	   116,5015	 8	 94,17	109,06	  13,4	  24,2	  27,9	  27,7	  29,1	  31,7	  29,0	  -1,3
s	   116,6055	 6	 74,05	 95,83	  13,1	  24,6	  29,8	  30,6	  31,9	  32,5	  30,2	   0,6
s	   116,6746	 8	 94,06	 74,99	  12,6	  24,3	  28,4	  28,2	  29,5	  31,9	  30,0	   0,4
s	   116,7599	 7	 73,83	 95,83	  12,1	  24,1	  29,5	  30,3	  31,5	  32,0	  30,1	   0,5
s	   116,8495	 6	 74,08	 84,39	  15,9	  26,5	  30,5	  30,9	  32,2	  33,0	  30,2	   0,6
s	   117,0037	 7	 73,87	 84,39	  14,9	  26,0	  30,2	  30,6	  31,9	  32,5	  30,1	   0,5
s	   117,1632	 7	 73,86	 78,26	  15,1	  25,7	  29,6	  29,7	  31,0	  32,7	  29,8	   0,2
s	   117,9492	 7	 74,09	 81,28	  14,5	  25,5	  29,5	  29,6	  30,9	  32,5	  30,0	   0,3
s	   118,1023	 8	 73,88	 81,29	  13,6	  25,0	  29,2	  29,3	  30,6	  32,0	  29,9	   0,1
s	   118,1179	 8	 72,54	 78,34	  14,3	  25,4	  29,4	  29,5	  30,8	  32,4	  29,9	   0,1
s	   118,8097	 8	 73,78	105,50	  14,8	  25,6	  29,4	  29,5	  30,8	  32,5	  29,6	  -0,2
s	   119,1139	 8	 73,87	 75,23	  12,5	  23,5	  27,5	  27,3	  28,6	  30,9	  28,7	  -1,8
s	   119,3582	 8	 74,10	 78,44	  14,2	  25,4	  29,4	  29,5	  30,8	  32,3	  29,7	  -0,1
s	   121,5197	 4	114,85	 90,44	  15,6	  26,1	  30,2	  31,0	  32,3	  32,0	  29,0	  -1,8
s	   121,6191	 5	 10,46	 90,00	  16,6	  26,8	  30,9	  31,7	  32,9	  32,7	  29,6	  -0,4
s	   121,6924	 5	114,86	 93,27	  15,3	  26,0	  30,2	  30,9	  32,2	  32,0	  28,8	  -2,0
s	   121,7522	 5	114,84	 87,39	  14,3	  25,1	  29,3	  29,8	  31,0	  31,5	  28,8	  -2,0
s	   121,7917	 6	 10,43	 92,83	  16,4	  26,8	  30,9	  31,6	  32,8	  32,6	  29,5	  -0,5
s	   121,8514	 6	 10,50	 86,96	  15,3	  25,9	  29,9	  30,4	  31,7	  32,2	  29,5	  -0,6
s	   122,0834	 6	 11,32	 90,01	  16,3	  26,8	  30,9	  31,6	  32,8	  32,6	  28,7	  -2,1
s	   122,2554	 7	 11,29	 92,83	  15,6	  26,5	  30,8	  31,5	  32,7	  32,4	  29,6	  -0,5
s	   122,2954	 6	114,88	 96,30	  14,0	  24,9	  29,0	  29,4	  30,6	  31,2	  28,7	  -2,2
s	   122,3550	 6	114,83	 84,58	  14,6	  25,5	  29,7	  30,2	  31,4	  32,0	  29,5	  -0,6
s	   122,3943	 7	 10,40	 95,86	  15,1	  25,8	  29,9	  30,3	  31,5	  32,1	  29,3	  -0,8
s	   122,8563	 8	 11,26	 95,85	  14,8	  25,7	  29,8	  30,2	  31,4	  32,0	  28,4	  -2,5
s	   122,9736	 8	 16,85	 90,07	  15,1	  26,1	  30,4	  31,1	  32,3	  31,8	  28,4	  -2,5
s	   123,0707	 8	 10,38	 97,96	  12,8	  24,2	  29,4	  30,0	  31,3	  31,9	  29,2	  -1,0
s	   123,2383	 7	114,89	 99,09	  14,3	  25,5	  29,6	  30,0	  31,3	  31,9	  29,3	  -0,9
s	   123,5075	 7	114,81	 81,37	  13,8	  24,6	  28,8	  29,2	  30,4	  30,8	  28,4	  -2,5
s	   123,6056	 8	 10,56	 80,93	  14,3	  25,0	  29,2	  29,6	  30,8	  31,2	  28,3	  -2,6
s	   123,6269	 5	114,48	 90,44	  15,2	  26,3	  30,5	  31,3	  32,5	  32,2	  29,7	  -0,5
s	   123,7973	 6	114,49	 93,23	  15,0	  26,2	  30,5	  31,2	  32,4	  32,1	  29,6	  -0,7
s	   123,8562	 6	114,47	 87,43	  14,0	  25,3	  29,6	  30,1	  31,3	  31,7	  29,6	  -0,7
s	   123,8748	 6	114,68	 90,44	  14,2	  25,8	  30,2	  31,0	  32,2	  31,7	  29,5	  -0,7
s	   124,0449	 7	114,69	 93,23	  14,0	  25,7	  30,2	  30,9	  32,1	  31,6	  29,4	  -0,8
s	   124,1037	 7	114,66	 87,44	  13,0	  24,8	  29,2	  29,8	  30,9	  31,2	  29,4	  -0,8
s	   124,3921	 7	114,51	 96,23	  13,7	  25,2	  29,5	  30,0	  31,2	  31,6	  29,4	  -0,9
s	   124,4509	 7	114,46	 84,66	  13,7	  25,2	  29,5	  30,0	  31,1	  31,6	  29,4	  -0,9
s	   124,6388	 8	114,70	 96,22	  12,7	  24,7	  29,2	  29,6	  30,8	  31,1	  29,3	  -1,0
s	   124,6581	 8	114,90	102,05	  12,4	  23,7	  27,8	  27,9	  29,1	  30,5	  28,2	  -2,8
s	   124,6974	 8	114,65	 84,67	  12,7	  24,7	  29,2	  29,6	  30,8	  31,1	  29,3	  -1,1
s	   124,7753	 8	114,80	 78,84	  12,9	  24,4	  28,5	  28,7	  29,9	  31,3	  29,0	  -1,3
s	   125,0508	 6	 10,22	 90,00	  15,7	  26,4	  30,7	  31,4	  32,6	  32,2	  29,4	  -0,9
s	   125,1612	 7	 10,43	 90,00	  14,7	  26,0	  30,3	  31,1	  32,2	  31,7	  29,3	  -1,0
s	   125,2196	 7	 10,19	 92,77	  15,4	  26,4	  30,6	  31,3	  32,5	  32,2	  29,3	  -1,0
s	   125,2757	 7	 11,12	 87,03	  14,9	  25,8	  29,7	  30,1	  31,4	  32,1	  28,3	  -2,8
s	   125,2780	 7	 10,25	 87,02	  14,4	  25,4	  29,7	  30,1	  31,3	  31,7	  29,3	  -1,1
s	   125,3224	 8	114,52	 98,98	  13,4	  25,1	  29,4	  29,8	  31,0	  31,5	  29,2	  -1,2
s	   125,3299	 8	 10,40	 92,77	  14,5	  25,9	  30,3	  31,0	  32,1	  31,7	  29,2	  -1,2
s	   125,3882	 8	 10,46	 87,03	  13,4	  25,0	  29,3	  29,8	  31,0	  31,3	  29,2	  -1,2
s	   125,5881	 8	114,44	 81,49	  13,4	  25,0	  29,3	  29,8	  30,9	  31,3	  29,2	  -1,2
s	   125,8091	 8	 10,16	 95,73	  14,1	  25,4	  29,6	  30,0	  31,2	  31,7	  29,2	  -1,3
s	   125,9232	 7	139,33	 90,29	  13,9	  25,5	  30,0	  30,8	  31,9	  31,3	  29,3	  -1,2
s	   126,0911	 8	139,35	 93,04	  13,7	  25,4	  30,0	  30,7	  31,8	  31,2	  29,1	  -1,3
s	   126,1492	 8	139,31	 87,32	  12,6	  24,5	  29,0	  29,5	  30,6	  30,8	  29,1	  -1,3
s	   126,2988	 8	139,17	 90,29	  12,9	  25,0	  29,7	  30,5	  31,5	  30,8	  29,1	  -1,3
s	   126,9919	 7	138,55	 90,29	  13,8	  25,4	  30,0	  30,7	  31,8	  31,2	  29,2	  -1,4
s	   127,0274	 7	 54,49	 96,07	  12,3	  23,3	  28,5	  29,1	  30,4	  30,9	  28,1	  -3,2
s	   127,1586	 8	138,57	 93,03	  13,6	  25,4	  29,9	  30,7	  31,7	  31,2	  29,0	  -1,5
s	   127,2163	 8	138,53	 87,35	  12,6	  24,5	  29,0	  29,5	  30,6	  30,7	  29,0	  -1,5
s	   127,7629	 8	117,46	 96,09	  10,6	  22,6	  27,9	  28,5	  29,8	  30,2	  27,9	  -3,4
s	   128,9356	 8	 54,97	 96,01	  12,0	  23,7	  29,0	  29,7	  30,9	  31,3	  28,9	  -1,8
s	   133,1464	 8	 94,73	 98,63	  11,0	  23,3	  28,6	  29,3	  30,5	  31,1	  28,5	  -2,6
s	   135,5191	 6	331,24	 89,61	  14,4	  25,0	  29,3	  30,1	  31,2	  30,6	  27,5	  -4,6
s	   135,6773	 7	331,22	 92,20	  14,1	  24,9	  29,2	  30,0	  31,1	  30,5	  27,4	  -4,7
s	   136,5815	 5	 55,75	 90,40	  14,5	  25,1	  29,3	  30,1	  31,3	  30,8	  27,5	  -4,6
s	   136,6311	 7	330,54	 89,60	  14,1	  25,2	  29,7	  30,4	  31,5	  30,8	  28,3	  -3,1
s	   136,7388	 6	 55,73	 92,98	  14,3	  25,0	  29,3	  30,0	  31,2	  30,7	  27,4	  -4,8
s	   136,7883	 8	330,52	 92,18	  13,8	  25,2	  29,6	  30,4	  31,4	  30,7	  28,2	  -3,2
s	   137,1279	 7	 55,72	 95,11	  11,0	  22,5	  27,9	  28,6	  29,8	  30,1	  27,2	  -4,9
s	   138,4055	 7	331,75	 86,87	  13,5	  24,5	  28,7	  29,2	  30,4	  30,7	  27,9	  -3,6
s	   138,4881	 6	 54,92	 87,65	  13,9	  24,6	  28,6	  29,0	  30,2	  30,8	  27,2	  -5,1
s	   138,5262	 6	 56,18	 90,40	  14,2	  25,3	  29,6	  30,4	  31,6	  30,9	  28,2	  -3,3
s	   138,5429	 6	 54,77	 90,39	  14,2	  25,3	  29,6	  30,4	  31,6	  30,9	  28,2	  -3,3
s	   138,6087	 7	331,80	 89,62	  14,0	  25,1	  29,6	  30,3	  31,4	  30,7	  28,1	  -3,4
s	   138,6816	 7	 56,17	 92,95	  14,0	  25,2	  29,6	  30,3	  31,5	  30,9	  28,1	  -3,4
s	   138,6984	 7	 54,75	 92,94	  14,0	  25,2	  29,6	  30,3	  31,5	  30,9	  28,1	  -3,4
s	   138,7641	 8	331,78	 92,16	  13,7	  25,1	  29,5	  30,2	  31,3	  30,6	  28,0	  -3,6
s	   138,8459	 7	 56,02	 90,40	  13,2	  24,8	  29,3	  30,1	  31,2	  30,5	  28,1	  -3,5
s	   138,8794	 8	331,63	 89,62	  13,0	  24,6	  29,2	  30,0	  31,0	  30,2	  28,0	  -3,6
s	   138,8957	 8	331,68	 94,91	  13,2	  24,4	  28,7	  29,1	  30,2	  30,6	  27,8	  -3,8
s	   139,0011	 8	 56,01	 92,95	  13,0	  24,8	  29,3	  30,0	  31,1	  30,4	  28,0	  -3,6
s	   139,0318	 7	 54,93	 85,11	  14,2	  25,0	  29,0	  29,4	  30,6	  31,3	  27,8	  -3,7
s	   139,0664	 8	 56,16	 95,06	  10,7	  22,7	  28,2	  28,9	  30,1	  30,3	  28,0	  -3,6
s	   139,4988	 8	331,06	 86,88	  12,7	  24,2	  28,6	  29,0	  30,2	  30,4	  27,9	  -3,7
s	   139,9895	 8	 54,95	 82,40	  12,4	  23,3	  27,3	  27,3	  28,5	  30,0	  26,9	  -5,6
s	   140,4893	 7	 53,96	 87,67	  13,6	  24,8	  28,9	  29,3	  30,5	  31,0	  28,0	  -3,8
s	   141,0267	 8	 53,97	 85,16	  13,3	  24,7	  28,8	  29,2	  30,4	  30,9	  27,8	  -4,0
s	   141,9753	 5	 94,40	 90,51	  13,5	  25,0	  29,3	  30,1	  31,3	  30,8	  28,0	  -3,8
s	   142,1277	 6	 94,40	 93,00	  13,3	  25,0	  29,3	  30,0	  31,2	  30,8	  27,9	  -3,9
s	   142,1805	 6	 94,40	 87,82	  13,0	  24,4	  28,6	  29,1	  30,3	  30,8	  27,9	  -3,9
s	   142,5049	 7	 94,41	 95,07	  10,0	  22,5	  27,9	  28,6	  29,8	  30,2	  27,8	  -4,1
s	   142,7126	 7	 94,40	 85,33	  12,7	  24,4	  28,6	  29,0	  30,2	  30,7	  27,8	  -4,1
s	   143,6668	 8	131,54	 95,50	  10,5	  22,2	  27,5	  28,2	  29,4	  29,7	  26,5	  -6,2
s	   143,7314	 8	 94,40	 82,49	  11,7	  23,7	  28,1	  28,6	  29,7	  29,9	  27,6	  -4,4
s	   144,2967	 6	 94,34	 90,51	  12,4	  24,4	  28,9	  29,7	  30,8	  30,2	  27,7	  -4,3
s	   144,4471	 7	 94,34	 92,97	  12,2	  24,4	  28,8	  29,6	  30,7	  30,2	  27,6	  -4,5
s	   144,4991	 7	 94,33	 87,85	  11,9	  23,9	  28,2	  28,7	  29,8	  30,2	  27,6	  -4,5
s	   144,8193	 8	 94,34	 95,01	   8,9	  21,9	  27,4	  28,2	  29,3	  29,6	  27,5	  -4,6
s	   145,0243	 8	 94,33	 85,40	  11,7	  23,8	  28,1	  28,5	  29,7	  30,1	  27,5	  -4,7
s	   145,5212	 7	169,07	 90,02	  14,1	  25,1	  29,3	  30,0	  31,1	  30,7	  26,5	  -6,4
s	   145,6705	 8	169,10	 92,47	  13,4	  24,8	  29,2	  29,9	  31,0	  30,4	  27,4	  -4,8
s	   147,8275	 8	 34,19	 90,25	  12,5	  24,2	  28,8	  29,6	  30,6	  29,7	  27,2	  -5,1
s	   147,8980	 4	265,67	 91,72	  13,7	  24,5	  29,5	  30,5	  31,8	  31,6	  27,7	  -4,7
s	   149,2193	 8	 33,06	 87,65	  12,2	  23,4	  27,6	  28,0	  29,2	  29,5	  26,1	  -7,2
s	   150,2214	 5	265,72	 91,69	  12,6	  23,9	  29,1	  30,0	  31,3	  31,0	  27,3	  -5,2
s	   151,1752	 7	170,10	 87,46	  12,8	  24,0	  28,1	  28,5	  29,7	  30,1	  26,8	  -5,9
s	   151,4401	 7	170,15	 90,01	  13,3	  24,6	  29,0	  29,7	  30,8	  30,1	  27,0	  -5,7
s	   151,5847	 8	170,17	 92,38	  13,1	  24,5	  28,9	  29,6	  30,7	  30,1	  26,9	  -5,8
s	   151,6313	 8	170,18	 94,93	  12,6	  23,9	  28,1	  28,4	  29,6	  30,1	  26,7	  -6,0
s	   152,4973	 6	282,76	 91,68	  12,3	  23,6	  28,9	  29,8	  31,1	  30,6	  27,0	  -5,7
s	   152,8282	 8	265,71	 79,49	   9,7	  21,8	  26,9	  27,3	  28,6	  29,9	  26,8	  -6,0
s	   153,1622	 7	130,13	 90,37	  12,5	  24,1	  28,6	  29,4	  30,4	  29,6	  26,9	  -6,0
s	   153,3054	 8	130,14	 92,72	  12,3	  24,1	  28,6	  29,3	  30,3	  29,6	  26,8	  -6,1
s	   154,5582	 7	129,52	 90,38	  12,4	  24,0	  28,5	  29,3	  30,4	  29,5	  26,8	  -6,2
s	   154,7003	 8	129,54	 92,70	  12,2	  24,0	  28,5	  29,2	  30,3	  29,5	  26,6	  -6,3
s	   154,7495	 8	129,51	 87,87	  11,9	  23,5	  27,8	  28,3	  29,4	  29,5	  26,6	  -6,3
s	   156,9142	 7	204,12	 89,67	  12,3	  23,5	  27,9	  28,7	  29,7	  28,9	  25,5	  -8,4
s	   157,0545	 8	204,15	 91,96	  12,1	  23,4	  27,9	  28,6	  29,6	  28,8	  25,4	  -8,5
s	   157,9007	 8	204,76	 89,66	  12,1	  23,7	  28,3	  29,1	  30,1	  29,1	  26,4	  -6,9
s	   158,2153	 3	265,88	 89,31	  14,7	  25,1	  29,2	  29,9	  31,2	  30,8	  26,9	  -6,4
s	   158,2450	 6	250,04	 91,63	  12,0	  23,4	  28,6	  29,5	  30,8	  30,3	  26,6	  -6,7
s	   158,4029	 4	265,88	 86,85	  14,1	  24,6	  28,5	  28,9	  30,2	  30,7	  26,8	  -6,5
s	   158,8417	 5	265,88	 94,05	  12,4	  23,2	  27,2	  27,6	  28,8	  29,2	  25,6	  -8,5
s	   158,8898	 5	265,87	 84,58	  13,7	  24,3	  28,2	  28,6	  29,8	  30,4	  26,4	  -7,0
s	   159,6044	 6	265,88	 96,31	  13,4	  24,2	  28,1	  28,4	  29,7	  30,3	  26,2	  -7,2
s	   159,7481	 6	265,87	 82,14	  11,1	  22,2	  26,1	  26,3	  27,5	  28,7	  25,4	  -8,8
s	   159,8560	 8	203,72	 87,23	  11,5	  23,0	  27,4	  27,8	  28,9	  29,0	  26,0	  -7,5
s	   160,0945	 8	203,69	 89,67	  12,0	  23,6	  28,2	  29,0	  30,0	  29,0	  26,2	  -7,3
s	   160,5411	 4	265,92	 89,31	  13,6	  24,6	  28,7	  29,5	  30,7	  30,2	  26,6	  -6,9
s	   160,6349	 8	250,11	 91,60	   9,9	  22,3	  27,8	  28,8	  29,9	  29,3	  26,2	  -7,3
s	   160,7264	 5	265,92	 86,88	  13,1	  24,0	  28,0	  28,5	  29,7	  30,1	  26,5	  -7,0
s	   160,7561	 7	265,89	 98,72	  11,6	  22,5	  26,3	  26,4	  27,6	  29,0	  25,2	  -9,0
s	   161,1599	 6	265,92	 93,99	  12,1	  23,5	  27,7	  28,2	  29,3	  29,7	  26,3	  -7,2
s	   161,2074	 6	265,92	 84,63	  12,8	  23,9	  28,0	  28,4	  29,6	  30,1	  26,3	  -7,2
s	   161,5752	 8	 38,06	 90,29	  11,9	  23,5	  28,1	  28,9	  29,9	  28,9	  26,1	  -7,5
s	   161,8351	 4	281,04	 89,32	  14,3	  24,8	  28,9	  29,7	  30,9	  30,3	  26,5	  -7,1
s	   161,9135	 7	265,93	 96,23	  12,6	  23,9	  27,9	  28,3	  29,5	  30,0	  26,2	  -7,5
s	   162,0555	 7	265,92	 82,23	  10,8	  22,5	  26,7	  26,9	  28,0	  29,2	  26,2	  -7,5
s	   162,1270	 8	265,89	100,93	  11,1	  22,7	  26,7	  26,8	  28,0	  29,3	  25,8	  -7,8
s	   162,3632	 8	265,87	 77,53	  10,3	  21,5	  25,3	  25,0	  26,3	  28,5	  25,0	  -9,4
s	   162,4498	 6	281,03	 93,97	  12,0	  22,8	  26,9	  27,3	  28,5	  28,8	  25,2	  -9,2
s	   162,5704	 5	282,05	 89,32	  13,3	  24,3	  28,6	  29,3	  30,5	  29,8	  26,3	  -7,3
s	   162,7538	 6	282,05	 86,92	  12,8	  23,7	  27,9	  28,3	  29,5	  29,8	  26,2	  -7,5
s	   163,0515	 8	265,93	 98,61	  11,3	  22,8	  26,9	  27,0	  28,2	  29,5	  26,0	  -7,8
s	   163,1828	 7	282,04	 93,95	  11,8	  23,3	  27,5	  28,0	  29,1	  29,3	  26,1	  -7,7
s	   163,2298	 7	282,06	 84,69	  12,5	  23,7	  27,8	  28,2	  29,4	  29,7	  26,1	  -7,7
s	   163,3394	 7	281,05	 82,29	  10,7	  21,8	  25,9	  26,0	  27,2	  28,3	  25,0	  -9,5
s	   163,9286	 8	282,03	 96,17	  12,3	  23,6	  27,7	  28,1	  29,2	  29,6	  25,9	  -7,9
s	   164,0691	 8	282,06	 82,31	  10,5	  22,3	  26,5	  26,7	  27,8	  28,8	  25,9	  -7,9
s	   164,1180	 5	280,90	 89,32	  13,2	  24,2	  28,5	  29,3	  30,4	  29,7	  26,2	  -7,6
s	   164,2349	 6	281,07	 89,32	  12,2	  23,8	  28,2	  28,9	  30,0	  29,3	  26,1	  -7,7
s	   164,4225	 8	281,05	 80,09	  11,0	  22,4	  26,5	  26,7	  27,8	  28,9	  25,6	  -8,2
s	   164,7255	 7	280,89	 93,92	  11,7	  23,2	  27,5	  27,9	  29,0	  29,2	  25,9	  -7,9
s	   164,8421	 8	281,06	 93,91	  10,7	  22,7	  27,1	  27,6	  28,6	  28,7	  25,8	  -8,1
s	   165,6049	 8	280,91	 82,37	  10,4	  22,2	  26,4	  26,6	  27,7	  28,7	  25,8	  -8,2
s	   169,1571	 6	250,08	 89,35	  12,0	  23,6	  28,0	  28,7	  29,8	  29,0	  25,7	  -8,6
s	   169,3344	 7	250,07	 87,02	  11,5	  23,0	  27,3	  27,7	  28,8	  29,0	  25,6	  -8,7
s	   169,7494	 8	250,10	 93,83	  10,5	  22,5	  26,9	  27,4	  28,4	  28,5	  25,4	  -8,9
s	   169,7949	 8	250,07	 84,87	  11,3	  22,9	  27,2	  27,6	  28,7	  28,9	  25,4	  -8,9
s	   171,6638	 7	 42,93	 90,33	  11,7	  22,8	  27,2	  28,0	  29,0	  28,0	  24,4	 -10,9
s	   171,7940	 8	 42,92	 92,46	  11,5	  22,8	  27,2	  27,9	  28,9	  28,0	  24,2	 -11,0
s	   171,8390	 8	 42,95	 88,03	  11,2	  22,2	  26,5	  27,0	  28,0	  28,0	  24,2	 -11,0
s	   173,2758	 8	 43,41	 90,33	  11,4	  23,0	  27,6	  28,4	  29,3	  28,3	  25,1	  -9,5
s	   174,2117	 8	 42,26	 90,32	  11,3	  23,0	  27,6	  28,3	  29,3	  28,2	  25,1	  -9,6
s	   175,0495	 7	  7,58	 90,00	  12,8	  23,6	  27,9	  28,6	  29,6	  28,8	  24,9	  -9,9
s	   175,1776	 8	  7,56	 92,10	  12,6	  23,5	  27,8	  28,5	  29,6	  28,7	  24,8	 -10,0
s	   175,3940	 8	  8,22	 90,01	  12,6	  23,5	  27,8	  28,5	  29,5	  28,7	  24,0	 -11,6
s	   179,5497	 7	296,65	 89,38	  11,3	  22,9	  27,4	  28,2	  29,2	  28,2	  24,8	 -10,4
s	   179,6750	 8	296,64	 91,44	  11,1	  22,9	  27,4	  28,1	  29,1	  28,1	  24,6	 -10,6
s	   179,7183	 8	296,66	 87,17	  10,1	  22,0	  26,4	  26,9	  27,9	  27,7	  24,6	 -10,6
s	   179,7968	 7	295,73	 89,38	  11,3	  22,9	  27,4	  28,2	  29,2	  28,2	  24,8	 -10,5
s	   179,9220	 8	295,72	 91,43	  11,1	  22,9	  27,4	  28,1	  29,1	  28,1	  24,6	 -10,6
s	   179,9653	 8	295,74	 87,17	  10,1	  21,9	  26,4	  26,9	  27,9	  27,7	  24,6	 -10,6
s	   180,9504	 7	265,31	 91,36	   9,3	  21,6	  27,0	  28,0	  29,1	  28,5	  24,7	 -10,7
s	   181,6324	 7	295,31	 89,38	  11,3	  22,8	  27,3	  28,1	  29,1	  28,1	  24,6	 -10,8
s	   181,7995	 8	295,32	 87,19	  10,0	  21,9	  26,4	  26,8	  27,8	  27,6	  24,5	 -10,9
s	   182,0900	 8	337,74	 89,69	  11,9	  22,6	  26,9	  27,7	  28,6	  27,5	  23,4	 -12,8
s	   183,9956	 8	235,57	 91,44	   8,9	  20,9	  26,3	  27,3	  28,3	  27,5	  23,3	 -13,1
s	   191,2861	 6	265,50	 89,32	  10,4	  22,4	  26,8	  27,6	  28,6	  27,7	  24,0	 -12,2
s	   191,4458	 7	265,50	 87,23	   9,8	  21,8	  26,1	  26,5	  27,6	  27,6	  23,9	 -12,4
s	   191,8197	 8	265,50	 93,36	   8,9	  21,3	  25,8	  26,2	  27,2	  27,2	  23,7	 -12,6
s	   191,8607	 8	265,50	 85,29	   9,6	  21,7	  26,0	  26,4	  27,5	  27,6	  23,7	 -12,6
s	   192,6586	 7	237,05	 89,42	  10,1	  21,7	  26,1	  26,9	  27,9	  26,8	  22,7	 -14,4
s	   193,2855	 8	252,38	 91,28	   8,6	  21,0	  26,4	  27,4	  28,5	  27,6	  23,6	 -12,8
s	   193,6109	 7	265,54	 89,32	   9,3	  21,8	  26,4	  27,1	  28,1	  27,1	  23,7	 -12,7
s	   193,7690	 8	265,54	 87,25	   8,8	  21,2	  25,7	  26,1	  27,1	  27,1	  23,6	 -12,9
s	   194,5478	 8	236,30	 89,42	   9,8	  21,9	  26,5	  27,2	  28,2	  27,0	  23,5	 -13,0
s	   194,6306	 8	237,37	 89,42	   9,8	  21,9	  26,5	  27,2	  28,2	  27,0	  23,5	 -13,0
s	   196,5166	 7	280,14	 89,33	   9,9	  22,0	  26,5	  27,3	  28,2	  27,2	  23,5	 -13,2
s	   196,6326	 8	280,14	 91,23	   9,7	  21,9	  26,5	  27,2	  28,1	  27,1	  23,4	 -13,3
s	   201,6046	 8	172,15	 90,01	  10,8	  22,1	  26,5	  27,2	  28,1	  27,0	  22,8	 -14,4
s	   203,2140	 7	253,12	 89,35	  10,6	  22,1	  26,5	  27,2	  28,1	  27,1	  22,9	 -14,4
s	   203,3656	 8	253,11	 87,36	   9,3	  21,2	  25,5	  26,0	  26,9	  26,7	  22,8	 -14,5
s	   204,2175	 8	252,30	 89,35	   8,7	  21,2	  25,9	  26,6	  27,5	  26,3	  22,8	 -14,6
s	   208,9308	 5	 92,17	 92,34	  10,2	  21,5	  26,6	  27,5	  28,7	  28,0	  22,8	 -15,0
s	   210,8318	 8	 92,18	 97,99	   6,6	  18,5	  23,5	  23,8	  25,0	  25,9	  21,3	 -17,4
s	   211,1240	 8	291,98	 89,37	   9,2	  21,3	  25,9	  26,6	  27,5	  26,2	  22,3	 -15,7
s	   211,2572	 6	 92,15	 92,32	   9,1	  20,9	  26,2	  27,1	  28,2	  27,5	  22,5	 -15,5
s	   211,7977	 6	 80,16	 92,31	   9,8	  21,2	  26,4	  27,3	  28,4	  27,6	  22,5	 -15,6
s	   212,0037	 8	118,90	 90,46	   8,4	  20,5	  25,1	  25,8	  26,7	  25,4	  21,2	 -17,6
s	   214,0969	 7	 80,25	 92,29	   8,8	  20,6	  26,0	  26,9	  28,0	  27,1	  22,2	 -16,1
s	   214,1901	 8	 80,12	 92,29	   7,8	  20,2	  25,7	  26,6	  27,6	  26,6	  22,1	 -16,2
s	   219,2946	 4	 92,06	 90,54	  11,3	  22,2	  26,4	  27,1	  28,2	  27,3	  22,2	 -16,6
s	   219,4366	 5	 92,06	 88,67	  11,5	  22,1	  25,9	  26,3	  27,5	  27,7	  22,0	 -16,7
s	   219,7689	 6	 92,06	 94,12	  10,5	  21,6	  25,6	  26,0	  27,1	  27,2	  21,9	 -16,9
s	   219,8053	 6	 92,06	 86,95	  10,5	  21,6	  25,6	  26,0	  27,1	  27,2	  21,9	 -16,9
s	   220,1839	 7	 92,06	 95,42	   8,0	  19,8	  24,9	  25,5	  26,7	  26,8	  21,5	 -17,3
s	   221,2949	 8	 92,06	 83,39	   9,5	  20,7	  24,6	  24,6	  25,7	  26,8	  21,3	 -17,6
s	   221,6223	 5	 92,03	 90,54	  10,2	  21,7	  26,0	  26,7	  27,7	  26,7	  21,9	 -17,0
s	   221,7630	 6	 92,03	 88,69	   9,7	  21,1	  25,3	  25,7	  26,7	  26,7	  21,8	 -17,2
s	   222,0444	 5	 80,55	 90,53	  10,9	  22,0	  26,2	  26,9	  27,9	  26,9	  21,9	 -17,1
s	   222,0922	 7	 92,03	 94,09	   9,5	  21,1	  25,2	  25,6	  26,6	  26,6	  21,6	 -17,3
s	   222,1283	 7	 92,03	 86,98	   9,5	  21,1	  25,2	  25,6	  26,6	  26,6	  21,6	 -17,3
s	   222,1849	 6	 80,55	 88,69	  11,2	  21,8	  25,8	  26,1	  27,2	  27,3	  21,7	 -17,2
s	   222,5034	 8	 92,04	 95,38	   7,2	  19,5	  24,7	  25,3	  26,4	  26,4	  21,5	 -17,5
s	   222,5135	 7	 80,54	 94,08	  10,2	  21,3	  25,4	  25,8	  26,9	  26,8	  21,6	 -17,4
s	   222,5496	 7	 80,55	 86,98	  10,2	  21,3	  25,4	  25,8	  26,9	  26,8	  21,6	 -17,4
s	   222,9241	 8	 80,54	 95,36	   7,7	  19,5	  24,7	  25,3	  26,4	  26,4	  21,2	 -17,8
s	   224,3471	 6	 80,63	 90,53	   9,9	  21,4	  25,8	  26,5	  27,5	  26,3	  21,6	 -17,6
s	   224,4366	 7	 80,50	 90,53	   8,9	  21,0	  25,5	  26,2	  27,1	  25,9	  21,5	 -17,7
s	   224,4863	 7	 80,63	 88,71	   9,4	  20,9	  25,1	  25,5	  26,5	  26,3	  21,5	 -17,7
s	   224,5757	 8	 80,50	 88,71	   8,4	  20,4	  24,8	  25,2	  26,1	  25,8	  21,4	 -17,8
s	   224,8120	 8	 80,62	 94,05	   9,2	  20,8	  25,0	  25,4	  26,4	  26,2	  21,3	 -17,9
s	   224,8477	 8	 80,63	 87,01	   9,1	  20,8	  25,0	  25,4	  26,4	  26,2	  21,3	 -17,9
s	   225,8778	 8	266,02	 89,33	   7,2	  20,2	  24,9	  25,6	  26,5	  25,2	  21,3	 -18,0
s	   229,0595	 7	103,36	 90,52	   8,8	  20,8	  25,3	  26,0	  27,0	  25,7	  21,2	 -18,4
s	   236,9953	 8	 68,40	 88,76	   8,7	  20,4	  24,6	  25,0	  26,0	  25,7	  20,5	 -19,8
s	   243,1199	 8	115,29	 90,48	   7,3	  19,4	  24,0	  24,7	  25,6	  24,1	  19,1	 -22,6
s	   244,7117	 8	289,11	 89,37	   8,0	  20,1	  24,7	  25,4	  26,3	  24,7	  20,0	 -21,0
s	   256,8367	 8	 80,92	 90,54	   6,9	  19,5	  24,1	  24,8	  25,6	  24,1	  19,2	 -22,9
s	   258,6407	 7	267,09	 92,45	   7,0	  18,8	  23,9	  24,4	  25,5	  25,4	  19,1	 -23,1
s	   260,9657	 8	267,11	 92,42	   6,0	  18,3	  23,5	  24,1	  25,1	  24,8	  18,9	 -23,5
s	   261,0211	 8	277,07	 92,43	   6,7	  18,5	  23,7	  24,3	  25,3	  25,0	  18,9	 -23,6
s	   264,2070	 8	287,76	 89,37	   8,4	  19,9	  24,3	  25,0	  25,8	  24,2	  18,6	 -24,1
s	   268,7076	 5	267,17	 89,34	   8,7	  20,2	  24,5	  25,2	  26,1	  24,8	  18,7	 -24,4
s	   268,7957	 6	267,17	 90,79	   8,5	  20,1	  24,4	  25,1	  26,0	  24,7	  18,6	 -24,5
s	   268,8262	 6	267,17	 87,79	   9,0	  20,0	  24,0	  24,4	  25,4	  25,1	  18,6	 -24,5
s	   269,1344	 7	267,17	 86,34	   7,2	  19,2	  23,4	  23,8	  24,7	  24,2	  18,5	 -24,7
s	   269,5876	 8	267,18	 93,78	   7,5	  19,3	  23,4	  23,7	  24,7	  24,4	  18,1	 -25,1
s	   269,6788	 8	267,17	 84,80	   6,0	  17,7	  21,7	  21,7	  22,7	  23,2	  17,3	 -26,7
s	   271,0088	 6	276,81	 89,35	   8,4	  19,9	  24,3	  25,0	  25,9	  24,4	  18,4	 -24,9
s	   271,0360	 6	267,19	 89,34	   7,7	  19,7	  24,1	  24,8	  25,6	  24,2	  18,4	 -24,9
s	   271,0962	 7	276,81	 90,78	   8,2	  19,9	  24,3	  24,9	  25,8	  24,4	  18,3	 -25,0
s	   271,1235	 7	267,19	 90,78	   7,5	  19,6	  24,0	  24,7	  25,6	  24,2	  18,3	 -25,0
s	   271,1265	 7	276,81	 87,80	   7,9	  19,4	  23,6	  24,0	  24,9	  24,4	  18,3	 -25,0
s	   271,1537	 7	267,19	 87,80	   7,9	  19,5	  23,6	  24,0	  24,9	  24,6	  18,3	 -25,0
s	   271,4323	 8	276,81	 86,37	   6,9	  18,9	  23,3	  23,6	  24,5	  23,9	  18,2	 -25,2
s	   271,4595	 8	267,19	 86,37	   6,2	  18,6	  23,0	  23,4	  24,3	  23,7	  18,2	 -25,2
s	   273,3196	 7	276,75	 89,35	   7,4	  19,4	  23,9	  24,6	  25,4	  23,9	  18,2	 -25,3
s	   273,4064	 8	276,75	 90,77	   7,2	  19,4	  23,9	  24,5	  25,3	  23,8	  18,1	 -25,5
s	   273,4365	 8	276,75	 87,81	   6,9	  18,9	  23,2	  23,6	  24,5	  23,8	  18,1	 -25,5
#END
