#HEADER
CATT-Acoustic v8.0b    Copyright © CATT 1988-2003

 Project                : Aula Optica 

 GEOMETRICAL INFORMATION
 Src id and loc     [m] :   A0           0,400        0,600        1,300
 Rec id and loc     [m] :   14          15,500        4,600        1,200

 14       45,4996

 VARIABLE SOURCE DATA
 Directivity
   Type (library)       :  OMNI.SD0
   Dir. Index (DI) [dB] :       0,0      0,0      0,0      0,0      0,0      0,0      0,0      0,0
 Level
   On axis 1m      [dB] :      54,1     63,1     66,8     67,7     69,4     70,6     70,6     54,2
   Total power     [dB] :      65,0     74,0     77,7     78,6     80,3     81,5     81,5     65,1
   Auxiliary delay [ms] :       0,0

 VARIABLE AIR DATA
 Temperature       [°C] :      20
 Relative humidity  [%] :      50
 Density        [kg/m³] :       1,2
 Sound speed      [m/s] :     343
 Impedance      [Ns/m³] :     412
 Diss. coeff. [0.001/m] :      0,10     0,30     0,63     1,07     2,28     6,83    24,23    83,90      (estimated)

#DATAFIELDS
 TYPE DELAY ORDER AZIMUTH ELEVATION SPL125 SPL250 SPL500 SPL1K SPL2K SPL4K SPL8K SPL16K
#DATA
d	     0,0000	 0	104,44	 90,02	  30,2	  39,2	  42,9	  43,8	  45,4	  46,3	  45,1	  24,6
s	     0,5781	 1	104,46	 99,48	  29,4	  38,6	  42,3	  43,1	  44,7	  45,6	  44,4	  23,9
*	    16,5105	 1	344,89	109,02	  -4,3	   4,8	   8,5	   9,3	  10,9	  11,7	  10,1	 -11,9
*	     7,1090	 1	300,97	142,28	   8,0	  17,2	  20,9	  21,7	  23,3	  24,2	  22,8	   1,7
*	     8,9213	 1	195,91	115,68	   0,7	   9,9	  13,5	  14,4	  16,0	  16,8	  15,4	  -5,9
*	    10,6474	 1	 29,63	106,98	  -4,0	   5,2	   8,9	   9,7	  11,3	  12,2	  10,6	 -10,8
*	     2,0589	 1	 74,22	119,40	   3,9	  13,1	  16,8	  17,6	  19,2	  20,1	  18,8	  -1,8
*	     2,5112	 1	136,23	111,04	   0,6	   9,7	  13,4	  14,2	  15,9	  16,8	  15,5	  -5,2
*	     9,5524	 1	 53,59	101,61	  -6,8	   2,3	   6,0	   6,8	   8,4	   9,3	   7,8	 -13,5
*	     2,2137	 1	 81,97	103,89	  -2,9	   6,3	  10,0	  10,8	  12,4	  13,3	  12,0	  -8,6
*	     0,9042	 1	113,25	102,66	  -2,9	   6,2	   9,9	  10,7	  12,4	  13,3	  12,0	  -8,5
*	    10,7124	 1	 64,49	 98,36	  -8,9	   0,2	   3,9	   4,7	   6,3	   7,2	   5,7	 -15,8
*	     3,2522	 1	 84,10	 99,07	  -5,3	   3,8	   7,5	   8,3	   9,9	  10,8	   9,5	 -11,2
*	     0,5826	 1	104,59	 98,71	  -3,9	   5,3	   9,0	   9,8	  11,4	  12,3	  11,1	  -9,4
*	    13,6683	 1	 70,29	 96,47	 -10,3	  -1,1	   2,6	   3,4	   5,0	   5,8	   4,2	 -17,4
*	     5,3755	 1	 85,09	 96,78	  -5,7	   3,4	   7,1	   7,9	   9,5	  10,4	   9,0	 -11,9
*	     0,9831	 1	100,25	 96,62	  -2,1	   7,1	  10,8	  11,6	  13,2	  14,1	  12,9	  -7,7
s	     0,7765	 1	104,42	 79,87	  27,9	  37,0	  40,6	  41,1	  42,7	  44,4	  43,5	  22,3
*	    22,3066	 1	233,24	 70,57	  -4,8	   5,0	   8,9	   9,6	  11,2	  12,8	  11,3	  -9,4
*	    21,3047	 1	274,14	 66,41	  -2,7	   7,2	  11,0	  11,8	  13,3	  14,9	  13,5	  -7,1
*	    26,9266	 1	311,42	 71,92	  -6,6	   3,3	   7,1	   7,9	   9,5	  11,0	   9,4	 -11,7
*	     9,6052	 1	193,68	 60,32	   2,7	  12,5	  16,4	  17,1	  18,7	  20,4	  19,3	  -0,3
*	     7,0496	 1	292,88	 24,91	  10,1	  20,0	  23,9	  24,6	  26,2	  27,9	  26,9	   7,5
*	    15,2543	 1	347,95	 64,67	  -0,4	   9,5	  13,3	  14,1	  15,7	  17,3	  16,0	  -4,1
*	     3,3046	 1	139,00	 66,24	   2,7	  12,6	  16,4	  17,2	  18,8	  20,5	  19,5	   0,5
*	     2,0970	 1	 82,42	 56,13	   6,3	  16,2	  20,0	  20,8	  22,4	  24,1	  23,2	   4,3
*	     9,5504	 1	 34,79	 68,70	  -0,3	   9,6	  13,4	  14,2	  15,8	  17,4	  16,3	  -3,3
*	     1,4224	 1	116,57	 75,45	  -0,2	   9,7	  13,6	  14,3	  15,9	  17,6	  16,8	  -2,1
*	     1,9349	 1	 86,46	 73,78	   0,3	  10,1	  14,0	  14,8	  16,4	  18,1	  17,2	  -1,7
*	     8,4188	 1	 57,86	 76,09	  -3,2	   6,7	  10,5	  11,3	  12,9	  14,5	  13,5	  -6,0
*	     0,8557	 1	107,62	 80,09	  -0,8	   9,0	  12,9	  13,7	  15,3	  17,0	  16,1	  -2,7
*	     2,6502	 1	 87,59	 79,59	  -1,9	   8,0	  11,9	  12,6	  14,3	  15,9	  15,0	  -4,0
*	     9,3542	 1	 68,02	 80,31	  -5,2	   4,7	   8,6	   9,3	  10,9	  12,5	  11,5	  -8,1
*	     0,9295	 1	103,05	 82,62	   1,3	  11,1	  15,0	  15,8	  17,4	  19,1	  18,2	  -0,6
*	     4,3102	 1	 88,12	 82,41	  -1,8	   8,1	  11,9	  12,7	  14,3	  15,9	  15,0	  -4,1
*	    11,9517	 1	 73,38	 82,70	  -6,2	   3,7	   7,5	   8,3	   9,9	  11,5	  10,3	  -9,5
*	     2,2750	 1	100,31	 84,17	   6,7	  16,6	  20,5	  21,2	  22,9	  24,5	  23,6	   4,7
*	     8,0502	 1	 88,43	 84,07	  -1,2	   8,7	  12,5	  13,3	  14,9	  16,5	  15,5	  -4,0
*	    16,7941	 1	 76,65	 84,22	  -7,3	   2,6	   6,4	   7,2	   8,8	  10,3	   9,1	 -11,2
s	     1,0179	 1	108,61	 90,02	  28,8	  38,3	  42,2	  43,0	  44,6	  45,4	  44,5	  24,0
*	     1,4778	 1	108,37	 87,21	   9,1	  18,6	  22,4	  23,3	  24,8	  25,6	  24,8	   4,2
s	     1,5835	 2	108,63	 99,27	  28,5	  38,2	  42,0	  42,8	  44,4	  45,2	  44,3	  23,7
*	     1,7155	 1	114,42	 97,35	 -19,8	 -10,3	  -6,5	  -5,7	  -4,1	  -3,3	  -4,2	 -24,8
s	     1,7777	 2	108,58	 80,08	  27,4	  37,2	  41,0	  41,6	  43,2	  44,8	  44,2	  23,6
*	     4,1725	 1	105,98	 84,44	   1,4	  10,4	  14,2	  15,0	  16,6	  17,3	  17,2	  -2,0
*	     3,0068	 1	106,78	 84,16	  -0,3	   8,8	  12,5	  13,4	  15,0	  15,7	  15,6	  -3,4
*	     2,4248	 1	107,65	 83,86	  -2,7	   6,3	  10,1	  11,0	  12,5	  13,3	  13,2	  -5,8
*	     2,1466	 1	108,62	 83,52	  -4,9	   4,1	   7,8	   8,7	  10,3	  11,0	  10,9	  -8,0
*	     2,0309	 1	109,70	 83,14	  -6,8	   2,2	   6,0	   6,8	   8,4	   9,1	   9,0	  -9,9
*	     2,0132	 1	110,90	 82,74	  -8,4	   0,7	   4,4	   5,3	   6,9	   7,6	   7,5	 -11,4
*	     2,0629	 1	112,25	 82,28	  -9,6	  -0,5	   3,2	   4,1	   5,7	   6,4	   6,3	 -12,6
s	     2,2561	 1	103,73	 90,03	  28,6	  38,1	  41,9	  42,8	  44,4	  45,1	  44,2	  23,6
*	    27,0707	 1	 72,72	 91,26	 -10,1	  -0,6	   3,2	   4,1	   5,6	   6,2	   4,7	 -18,2
*	    14,3803	 1	 85,93	 91,32	  -2,3	   7,2	  11,0	  11,8	  13,4	  14,1	  12,9	  -8,9
*	     4,4072	 1	 99,51	 91,31	  14,2	  23,7	  27,5	  28,4	  29,9	  30,7	  29,7	   8,9
*	    22,2360	 1	 77,59	 86,57	 -19,2	 -10,1	  -6,4	  -5,6	  -4,0	  -3,2	  -1,1	 -21,8
*	    21,9905	 1	 77,59	 88,85	 -19,1	  -9,9	  -6,3	  -5,5	  -3,9	  -3,1	  -0,9	 -21,6
*	    20,0671	 1	 79,84	 86,55	 -18,0	  -8,8	  -5,1	  -4,3	  -2,7	  -1,9	   0,3	 -20,3
*	    19,8060	 1	 79,83	 88,84	 -17,8	  -8,7	  -5,0	  -4,2	  -2,6	  -1,8	   0,4	 -20,1
*	    17,9739	 1	 82,13	 86,53	 -16,6	  -7,5	  -3,8	  -3,0	  -1,4	  -0,6	   1,7	 -18,7
*	    17,6943	 1	 82,12	 88,84	 -16,5	  -7,3	  -3,6	  -2,8	  -1,2	  -0,4	   1,9	 -18,5
*	    15,9593	 1	 84,43	 86,51	 -15,2	  -6,0	  -2,3	  -1,5	   0,1	   0,9	   3,2	 -17,0
*	    15,6572	 1	 84,43	 88,84	 -15,0	  -5,8	  -2,1	  -1,3	   0,3	   1,1	   3,4	 -16,7
*	    14,0263	 1	 86,75	 86,50	 -13,6	  -4,4	  -0,7	   0,1	   1,7	   2,5	   4,9	 -15,1
*	    13,6962	 1	 86,75	 88,84	 -13,3	  -4,2	  -0,5	   0,3	   1,9	   2,8	   5,1	 -14,8
*	    12,1788	 1	 89,09	 86,50	 -11,8	  -2,6	   1,0	   1,8	   3,4	   4,3	   6,7	 -13,1
*	    11,8128	 1	 89,09	 88,84	 -11,5	  -2,3	   1,4	   2,2	   3,8	   4,6	   7,0	 -12,7
*	    10,4225	 1	 91,43	 86,50	  -9,8	  -0,6	   3,0	   3,9	   5,5	   6,3	   8,8	 -10,9
*	    10,0088	 1	 91,43	 88,84	  -9,4	  -0,2	   3,5	   4,3	   5,9	   6,8	   9,2	 -10,4
*	     8,7673	 1	 93,75	 86,51	  -7,5	   1,7	   5,4	   6,2	   7,8	   8,7	  11,2	  -8,4
*	     8,2868	 1	 93,75	 88,84	  -6,9	   2,3	   6,0	   6,8	   8,4	   9,3	  11,8	  -7,7
*	     7,2318	 1	 96,07	 86,52	  -4,8	   4,4	   8,1	   8,9	  10,5	  11,4	  13,9	  -5,5
*	     6,6522	 1	 96,07	 88,83	  -3,8	   5,4	   9,0	   9,8	  11,5	  12,3	  14,9	  -4,4
*	     5,8569	 1	 98,37	 86,54	  -1,5	   7,7	  11,3	  12,2	  13,8	  14,7	  17,2	  -2,0
*	     5,1184	 1	 98,37	 88,84	   0,1	   9,3	  13,0	  13,8	  15,4	  16,3	  18,9	  -0,3
s	     2,4016	 2	104,40	 90,03	  27,6	  37,6	  41,6	  42,4	  44,0	  44,7	  44,1	  23,4
s	     2,5466	 2	104,48	109,12	  27,3	  36,6	  40,2	  40,7	  42,3	  44,0	  43,0	  21,6
s	     2,7369	 2	104,41	 70,99	  27,8	  37,2	  40,9	  41,4	  43,1	  44,8	  43,8	  23,1
s	     2,8072	 2	103,74	 99,05	  28,3	  38,0	  41,8	  42,6	  44,2	  45,0	  44,0	  23,3
s	     2,9510	 3	104,42	 99,03	  27,3	  37,5	  41,4	  42,3	  43,8	  44,5	  43,9	  23,2
s	     2,9965	 2	103,71	 80,35	  27,2	  37,0	  40,8	  41,4	  43,0	  44,5	  44,0	  23,3
s	     3,1398	 3	104,38	 80,38	  26,2	  36,5	  40,5	  41,1	  42,6	  44,1	  43,8	  23,1
s	     3,5116	 3	108,65	108,73	  26,9	  36,9	  40,7	  41,2	  42,8	  44,4	  43,8	  23,0
s	     3,6982	 3	108,56	 71,37	  26,9	  36,8	  40,7	  41,2	  42,8	  44,4	  43,7	  22,9
s	     4,6884	 3	103,76	108,30	  26,7	  36,7	  40,5	  41,0	  42,6	  44,2	  43,5	  22,6
s	     4,8268	 4	104,43	108,25	  25,7	  36,2	  40,1	  40,7	  42,2	  43,7	  43,4	  22,5
s	     4,8706	 3	103,69	 71,84	  26,7	  36,6	  40,4	  41,0	  42,5	  44,1	  43,5	  22,6
s	     5,0086	 4	104,37	 71,89	  25,7	  36,1	  40,1	  40,6	  42,2	  43,7	  43,3	  22,4
s	     5,4867	 3	104,49	117,21	  27,1	  36,7	  40,4	  40,9	  42,5	  44,2	  43,1	  22,2
*	     5,7051	 1	106,43	 84,62	  -3,9	   5,6	   9,4	  10,2	  11,8	  12,6	  11,6	  -9,4
s	     6,0230	 3	104,39	 62,40	  25,4	  35,0	  38,6	  38,8	  40,4	  42,9	  42,2	  20,5
s	     6,3971	 4	108,67	116,69	  26,2	  36,3	  40,1	  40,6	  42,2	  43,8	  43,0	  22,0
*	     6,6998	 1	 93,67	 93,80	  -7,5	   2,2	   6,9	   8,0	   9,7	  10,6	   9,3	 -11,8
*	    12,4552	 1	 85,71	 93,80	 -13,9	  -4,2	   0,6	   1,7	   3,3	   4,1	   2,7	 -18,9
*	    19,1509	 1	 77,88	 93,73	 -18,4	  -8,8	  -4,0	  -2,9	  -1,3	  -0,5	  -2,2	 -24,3
s	     7,1952	 4	108,54	 62,35	  26,1	  36,1	  40,0	  40,5	  42,0	  43,5	  42,9	  21,8
s	     7,5098	 4	103,77	116,11	  26,0	  36,1	  40,0	  40,5	  42,0	  43,6	  42,8	  21,7
s	     7,6409	 5	104,45	116,04	  25,0	  35,7	  39,6	  40,1	  41,6	  43,2	  42,7	  21,6
s	     8,0259	 4	103,68	 63,53	  24,9	  35,1	  38,9	  39,2	  40,8	  43,1	  42,7	  21,6
s	     8,1557	 5	104,35	 63,60	  23,9	  34,6	  38,6	  38,9	  40,4	  42,7	  42,6	  21,4
s	     9,6496	 4	104,51	124,79	  24,6	  34,4	  38,0	  38,1	  39,7	  42,2	  41,4	  19,3
s	     9,9809	 4	104,37	 55,48	  25,1	  35,0	  38,7	  38,9	  40,5	  43,0	  42,1	  20,8
s	    10,8187	 5	108,69	124,69	  25,3	  35,4	  39,3	  39,8	  41,3	  42,8	  42,1	  20,7
s	    10,8187	 5	108,52	 56,06	  24,2	  34,6	  38,5	  38,7	  40,2	  42,6	  42,1	  20,7
s	    11,5253	 5	103,79	123,51	  24,1	  34,5	  38,3	  38,6	  40,1	  42,5	  41,9	  20,5
s	    11,6471	 6	104,47	123,43	  23,1	  34,1	  38,0	  38,2	  39,7	  42,0	  41,8	  20,3
s	    11,8457	 5	103,66	 56,77	  24,1	  34,5	  38,3	  38,5	  40,1	  42,4	  41,9	  20,4
s	    11,9669	 6	104,34	 56,85	  23,1	  34,0	  38,0	  38,2	  39,7	  42,0	  41,7	  20,2
s	    13,3036	 1	 48,02	 90,01	  26,8	  35,8	  39,6	  40,4	  42,0	  42,7	  41,0	  18,6
*	    18,2670	 1	 67,45	 92,57	  -0,9	   8,1	  11,9	  12,7	  14,3	  14,9	  14,4	  -6,0
*	    16,2636	 1	 64,65	 92,81	  -0,3	   8,7	  12,5	  13,4	  14,9	  15,5	  15,1	  -5,1
*	    14,8126	 1	 61,12	 93,12	   0,3	   9,3	  13,1	  14,0	  15,5	  16,2	  15,7	  -4,3
*	    14,9693	 1	 61,15	 84,77	   0,3	   9,3	  13,0	  13,9	  15,4	  16,1	  15,7	  -4,4
*	    13,8666	 1	 56,54	 93,50	   1,0	  10,0	  13,8	  14,7	  16,2	  16,9	  16,5	  -3,5
*	    14,0337	 1	 56,58	 83,96	   0,9	  10,0	  13,7	  14,6	  16,1	  16,8	  16,4	  -3,6
*	    13,4188	 1	 50,49	 93,98	   1,8	  10,9	  14,6	  15,5	  17,0	  17,7	  17,3	  -2,7
*	    13,6001	 1	 50,54	 82,95	   1,7	  10,8	  14,5	  15,4	  16,9	  17,6	  17,2	  -2,8
*	    13,5236	 1	 42,33	 94,54	   2,7	  11,8	  15,5	  16,4	  17,9	  18,6	  18,2	  -1,8
*	    13,7231	 1	 42,39	 81,72	   2,6	  11,6	  15,4	  16,3	  17,8	  18,5	  18,1	  -1,9
*	    14,3211	 1	 31,28	 95,16	   3,6	  12,6	  16,4	  17,2	  18,8	  19,5	  19,0	  -1,0
*	    14,5418	 1	 31,37	 80,33	   3,4	  12,5	  16,2	  17,1	  18,6	  19,3	  18,9	  -1,2
*	    16,0517	 1	 16,85	 95,67	   4,1	  13,1	  16,9	  17,7	  19,3	  19,9	  19,5	  -0,7
*	    16,2912	 1	 16,96	 79,06	   3,9	  12,9	  16,7	  17,5	  19,1	  19,7	  19,3	  -0,9
*	    18,9937	 1	359,83	 95,82	   3,7	  12,8	  16,5	  17,4	  18,9	  19,5	  19,0	  -1,4
*	    19,2400	 1	359,95	 78,44	   3,5	  12,6	  16,3	  17,2	  18,7	  19,3	  18,8	  -1,7
*	    23,2746	 1	342,76	 95,45	   2,3	  11,3	  15,0	  15,9	  17,4	  18,0	  17,4	  -3,4
*	    23,5098	 1	342,87	 78,80	   2,1	  11,1	  14,9	  15,7	  17,2	  17,8	  17,2	  -3,7
*	    28,7368	 1	328,25	 94,77	  -0,1	   8,9	  12,7	  13,5	  15,1	  15,6	  14,8	  -6,5
*	    28,9485	 1	328,34	 79,88	  -0,2	   8,8	  12,5	  13,4	  14,9	  15,5	  14,7	  -6,6
*	    13,6959	 1	191,02	105,93	 -21,4	 -11,9	  -8,1	  -7,2	  -5,7	  -5,0	  -6,2	 -27,8
s	    13,7521	 2	 47,99	 97,35	  27,0	  36,2	  40,0	  40,8	  42,4	  43,1	  41,6	  19,9
s	    13,9065	 2	 48,06	 82,12	  25,5	  34,6	  38,3	  38,8	  40,4	  41,8	  40,8	  18,4
s	    14,2568	 5	104,53	130,79	  24,2	  34,3	  38,0	  38,1	  39,7	  42,2	  41,2	  19,5
s	    15,0186	 5	104,36	 49,13	  22,6	  32,6	  36,2	  36,1	  37,7	  40,9	  40,3	  17,7
s	    15,0354	 6	108,71	130,16	  23,1	  33,7	  37,5	  37,7	  39,3	  41,7	  40,9	  19,2
s	    15,0662	 2	 49,48	 90,02	  26,3	  35,9	  39,8	  40,6	  42,1	  42,7	  41,6	  19,8
s	    15,2955	 3	 47,95	105,00	  25,0	  34,4	  38,1	  38,5	  40,1	  41,6	  40,4	  17,9
s	    15,4433	 3	 49,06	 90,02	  25,3	  35,3	  39,4	  40,2	  41,7	  42,2	  41,4	  19,6
s	    15,4460	 3	 48,09	 75,05	  25,5	  35,0	  38,8	  39,3	  40,9	  42,3	  41,2	  19,4
s	    15,5017	 3	 49,45	 97,16	  26,0	  35,8	  39,7	  40,5	  42,0	  42,6	  41,4	  19,6
s	    15,6517	 3	 49,52	 82,36	  25,0	  34,8	  38,7	  39,3	  40,8	  42,1	  41,4	  19,6
s	    15,6795	 2	 45,57	 90,01	  26,2	  35,8	  39,7	  40,5	  42,0	  42,6	  41,5	  19,7
s	    15,8761	 4	 49,03	 97,11	  25,0	  35,2	  39,3	  40,1	  41,6	  42,1	  41,2	  19,4
s	    15,9921	 6	103,80	129,43	  23,2	  33,8	  37,6	  37,8	  39,4	  41,8	  41,0	  19,1
s	    16,0252	 4	 49,10	 82,41	  24,0	  34,3	  38,3	  38,9	  40,4	  41,6	  41,2	  19,3
s	    16,1051	 7	104,48	129,35	  22,3	  33,4	  37,3	  37,5	  39,0	  41,3	  40,9	  19,0
s	    16,1106	 3	 45,54	 97,07	  25,9	  35,7	  39,6	  40,4	  41,9	  42,5	  41,3	  19,4
s	    16,1684	 6	108,50	 49,34	  22,5	  32,9	  36,8	  37,0	  38,5	  40,8	  39,9	  17,3
s	    16,2591	 3	 45,61	 82,42	  24,9	  34,7	  38,6	  39,2	  40,7	  42,0	  41,3	  19,4
s	    16,7326	 6	103,65	 50,50	  22,1	  32,8	  36,6	  36,5	  38,1	  41,2	  40,9	  18,9
s	    16,8443	 7	104,32	 50,59	  21,1	  32,3	  36,3	  36,2	  37,7	  40,8	  40,7	  18,8
s	    17,0020	 4	 49,42	104,60	  24,6	  34,6	  38,5	  39,0	  40,5	  41,9	  41,0	  19,1
s	    17,1484	 4	 49,55	 75,48	  24,6	  34,5	  38,5	  39,0	  40,5	  41,9	  41,0	  19,0
s	    17,3674	 5	 49,00	104,51	  23,6	  34,1	  38,1	  38,6	  40,1	  41,4	  40,9	  18,9
s	    17,5130	 5	 49,13	 75,57	  23,5	  34,0	  38,1	  38,6	  40,1	  41,3	  40,8	  18,8
s	    17,5964	 4	 45,50	104,44	  24,5	  34,5	  38,4	  38,9	  40,4	  41,8	  40,9	  18,9
s	    17,6448	 4	 47,91	111,66	  25,0	  34,7	  38,4	  38,9	  40,5	  42,0	  40,7	  18,7
s	    17,7414	 4	 45,64	 75,61	  24,5	  34,5	  38,4	  38,9	  40,4	  41,8	  40,9	  18,9
s	    18,0786	 4	 48,13	 67,95	  23,4	  33,0	  36,7	  36,9	  38,4	  40,7	  39,8	  17,0
s	    18,6510	 5	 49,39	109,55	  22,1	  32,8	  37,8	  38,6	  40,1	  41,5	  40,7	  18,5
s	    19,0071	 6	 48,97	109,43	  21,1	  32,3	  37,4	  38,2	  39,7	  41,0	  40,5	  18,3
s	    19,7122	 5	 49,58	 68,54	  23,0	  33,2	  37,1	  37,4	  38,9	  41,0	  40,5	  18,3
s	    19,8396	 6	104,54	136,25	  21,7	  31,9	  35,5	  35,3	  36,9	  40,2	  39,3	  16,3
s	    19,8602	 1	259,34	 89,36	  25,9	  35,4	  39,2	  40,0	  41,6	  42,2	  40,9	  18,7
*	    31,5541	 1	323,05	 81,48	   3,0	  12,5	  16,3	  17,1	  18,6	  19,2	  17,6	  -5,7
*	    20,9286	 1	279,33	 76,09	  10,2	  19,7	  23,5	  24,4	  25,9	  26,6	  25,2	   2,9
*	    23,3297	 1	224,43	 79,95	   6,4	  15,9	  19,7	  20,6	  22,1	  22,7	  21,3	  -1,2
s	    19,8630	 5	 45,46	110,89	  24,0	  34,1	  38,0	  38,5	  40,0	  41,4	  40,4	  18,2
s	    20,0626	 6	 49,16	 68,66	  21,9	  32,7	  36,8	  37,0	  38,5	  40,5	  40,3	  18,1
s	    20,2589	 6	104,34	 44,16	  22,1	  32,5	  36,2	  36,1	  37,6	  40,9	  40,0	  17,8
s	    20,2639	 2	259,34	 95,97	  25,4	  35,0	  38,8	  39,7	  41,2	  41,9	  40,5	  18,2
s	    20,2822	 5	 45,68	 68,72	  22,9	  33,2	  37,1	  37,3	  38,8	  40,9	  40,4	  18,1
s	    20,4031	 2	259,33	 82,25	  23,8	  33,4	  37,2	  37,7	  39,2	  40,7	  39,7	  16,6
*	    20,5316	 1	 65,58	 87,72	  -1,2	   8,0	  11,6	  12,4	  14,0	  14,8	  13,0	  -9,2
*	    24,5072	 1	 68,79	 88,07	  -2,3	   6,9	  10,5	  11,3	  12,9	  13,7	  11,8	 -10,8
s	    20,5728	 2	256,35	 89,36	  24,8	  34,8	  38,8	  39,6	  41,1	  41,7	  40,7	  18,4
s	    20,9673	 7	108,74	135,96	  21,6	  32,2	  36,1	  36,3	  37,8	  40,0	  39,0	  15,9
s	    20,9673	 7	108,48	 44,79	  21,1	  32,0	  35,8	  35,6	  37,2	  40,3	  39,8	  17,5
s	    20,9722	 3	256,36	 95,91	  24,5	  34,7	  38,7	  39,5	  41,0	  41,6	  40,5	  18,2
s	    21,1099	 3	256,34	 82,33	  23,5	  33,8	  37,7	  38,3	  39,8	  41,1	  40,5	  18,1
s	    21,4303	 7	103,82	134,86	  21,3	  32,1	  35,9	  35,8	  37,4	  40,5	  40,0	  17,6
s	    21,5341	 8	104,50	134,77	  20,3	  31,7	  35,6	  35,5	  37,0	  40,0	  39,8	  17,5
s	    21,6578	 3	259,35	102,90	  23,4	  33,2	  37,0	  37,4	  39,0	  40,5	  39,3	  16,2
s	    21,7941	 3	259,32	 75,84	  23,9	  33,9	  37,7	  38,2	  39,7	  41,2	  40,1	  17,7
s	    21,8397	 7	103,63	 45,55	  21,2	  32,1	  35,9	  35,8	  37,3	  40,5	  39,9	  17,5
s	    21,9430	 8	104,31	 45,64	  20,2	  31,6	  35,6	  35,4	  36,9	  40,0	  39,8	  17,4
s	    22,0371	 6	 49,61	 64,04	  20,4	  31,4	  36,4	  36,9	  38,4	  40,5	  40,0	  17,6
s	    22,1542	 2	259,69	 89,36	  24,6	  34,6	  38,6	  39,4	  40,9	  41,5	  40,4	  18,0
s	    22,2570	 3	259,20	 89,37	  23,6	  34,1	  38,2	  39,1	  40,5	  41,0	  40,3	  17,8
s	    22,3516	 4	256,37	102,77	  23,1	  33,6	  37,5	  38,1	  39,5	  40,9	  40,1	  17,7
s	    22,4865	 4	256,33	 75,99	  23,1	  33,6	  37,5	  38,0	  39,5	  40,9	  40,1	  17,7
s	    22,5443	 3	259,70	 95,75	  24,3	  34,5	  38,5	  39,3	  40,8	  41,4	  40,2	  17,8
s	    22,6465	 4	259,21	 95,75	  23,4	  34,0	  38,1	  39,0	  40,4	  40,9	  40,1	  17,6
s	    22,6789	 3	259,68	 82,49	  23,3	  33,6	  37,5	  38,1	  39,6	  40,9	  40,2	  17,7
s	    22,7808	 4	259,19	 82,51	  22,3	  33,1	  37,2	  37,8	  39,2	  40,5	  40,1	  17,6
s	    22,9493	 7	 48,93	117,38	  21,3	  32,3	  36,3	  36,6	  38,0	  40,1	  39,7	  17,2
s	    23,1597	 6	 45,43	117,28	  22,3	  32,7	  36,6	  36,8	  38,3	  40,5	  39,8	  17,3
s	    23,4261	 6	 45,71	 62,86	  22,2	  32,7	  36,6	  36,8	  38,3	  40,5	  39,7	  17,2
s	    23,7917	 4	259,36	109,01	  23,4	  33,6	  37,4	  37,9	  39,4	  40,9	  39,7	  17,1
s	    23,8925	 4	259,70	102,47	  22,9	  33,4	  37,3	  37,9	  39,3	  40,7	  39,9	  17,3
s	    23,9085	 6	 47,85	122,38	  20,7	  31,3	  36,2	  36,6	  38,2	  40,5	  39,4	  16,9
s	    23,9927	 5	259,22	102,45	  21,9	  32,9	  37,0	  37,5	  39,0	  40,2	  39,8	  17,2
s	    24,0244	 4	259,67	 76,29	  22,9	  33,4	  37,3	  37,8	  39,3	  40,7	  39,9	  17,3
s	    24,1244	 5	259,19	 76,31	  21,9	  32,9	  37,0	  37,5	  38,9	  40,2	  39,7	  17,1
s	    24,1873	 4	259,31	 69,31	  21,9	  31,9	  35,7	  35,9	  37,4	  39,6	  38,8	  15,5
s	    24,4643	 5	256,38	108,82	  22,6	  33,3	  37,2	  37,7	  39,2	  40,6	  39,7	  17,1
s	    25,0584	 5	256,32	 69,07	  22,5	  33,1	  37,1	  37,6	  39,1	  40,3	  39,6	  16,9
s	    25,4710	 7	104,56	140,51	  21,3	  31,8	  35,5	  35,3	  36,9	  40,1	  39,1	  16,4
s	    25,5642	 6	 48,20	 56,13	  21,0	  31,0	  34,7	  34,6	  36,1	  39,2	  38,4	  14,9
s	    25,9597	 5	259,71	108,40	  22,4	  33,1	  37,0	  37,5	  39,0	  40,4	  39,5	  16,7
s	    26,0570	 6	259,23	108,37	  21,5	  32,6	  36,7	  37,2	  38,6	  39,9	  39,3	  16,6
s	    26,2172	 8	 48,90	122,11	  18,7	  30,4	  35,5	  35,9	  37,4	  39,5	  39,1	  16,3
*	    26,2528	 1	 72,44	 90,59	 -11,4	  -2,3	   1,4	   2,3	   3,8	   4,4	   3,6	 -17,4
*	    26,3689	 1	 72,43	 92,59	 -11,4	  -2,4	   1,4	   2,2	   3,7	   4,3	   3,6	 -17,5
s	    26,3433	 5	259,66	 69,95	  21,4	  32,1	  36,1	  36,3	  37,8	  39,9	  39,4	  16,6
s	    26,3690	 7	104,32	 39,66	  19,6	  30,1	  33,7	  33,2	  34,8	  38,8	  38,1	  14,6
s	    26,4401	 6	259,18	 69,98	  20,4	  31,6	  35,7	  36,0	  37,4	  39,5	  39,3	  16,5
s	    26,5718	 8	108,76	140,18	  21,2	  32,0	  35,9	  36,0	  37,5	  39,7	  38,8	  16,0
s	    26,9098	 5	259,37	115,11	  21,3	  31,5	  35,3	  35,4	  37,0	  39,2	  38,3	  14,7
s	    26,9124	 7	 45,39	122,62	  21,6	  32,2	  36,1	  36,3	  37,8	  40,0	  39,1	  16,2
s	    26,9381	 8	103,83	139,14	  20,3	  31,4	  35,2	  35,0	  36,6	  39,7	  39,0	  16,1
s	    27,0294	 7	 49,65	 56,92	  20,6	  31,3	  35,2	  35,1	  36,6	  39,5	  39,1	  16,2
s	    27,1624	 5	259,30	 63,70	  21,8	  32,2	  36,0	  36,2	  37,7	  40,0	  39,0	  16,2
s	    27,3446	 8	 49,23	 57,08	  19,5	  30,8	  34,8	  34,8	  36,2	  39,0	  38,9	  16,0
s	    27,4656	 8	108,46	 39,98	  19,5	  30,4	  34,3	  34,2	  35,7	  38,7	  37,9	  14,2
s	    27,5423	 7	 45,75	 57,17	  20,5	  31,2	  35,1	  35,0	  36,5	  39,5	  39,0	  16,1
s	    27,8041	 6	256,40	115,28	  22,0	  32,7	  36,7	  37,2	  38,6	  39,9	  39,1	  16,1
s	    27,8041	 6	256,31	 63,95	  21,0	  31,9	  35,8	  36,0	  37,5	  39,7	  39,1	  16,1
s	    27,8182	 8	103,62	 41,03	  19,2	  30,4	  34,2	  33,8	  35,3	  39,2	  38,8	  15,9
s	    28,9871	 6	259,72	114,35	  20,8	  31,7	  35,7	  35,9	  37,4	  39,5	  38,9	  15,8
s	    29,0804	 7	259,24	114,31	  19,8	  31,3	  35,4	  35,6	  37,0	  39,1	  38,7	  15,7
s	    29,2327	 6	259,65	 64,47	  20,8	  31,7	  35,7	  35,9	  37,3	  39,5	  38,8	  15,8
s	    29,3257	 7	259,17	 64,51	  19,8	  31,3	  35,3	  35,5	  37,0	  39,0	  38,7	  15,7
s	    29,7122	 7	 47,81	128,87	  20,2	  30,5	  34,2	  34,0	  35,5	  38,6	  37,6	  13,8
s	    29,7301	 2	300,86	 89,44	  23,7	  33,2	  37,1	  38,0	  39,4	  39,9	  38,2	  14,3
s	    30,0811	 3	300,84	 95,19	  23,9	  33,6	  37,5	  38,3	  39,8	  40,3	  38,8	  15,7
s	    30,2022	 3	300,88	 83,25	  22,4	  32,0	  35,9	  36,4	  37,9	  39,1	  38,0	  14,1
s	    30,4774	 6	259,38	120,27	  21,2	  31,8	  35,6	  35,7	  37,2	  39,5	  38,4	  15,3
s	    30,8847	 8	 49,68	 52,76	  17,9	  29,3	  34,3	  34,4	  35,9	  38,9	  38,4	  15,2
s	    31,0780	 6	259,29	 58,21	  19,6	  30,1	  33,8	  33,7	  35,2	  38,3	  37,5	  13,6
s	    31,0913	 7	256,41	120,00	  20,1	  31,2	  35,2	  35,3	  36,8	  39,0	  38,2	  15,0
s	    31,0982	 8	 49,28	128,05	  19,9	  30,8	  34,7	  34,5	  36,0	  39,0	  38,3	  15,1
s	    31,2641	 2	144,65	 90,01	  23,5	  33,0	  36,9	  37,8	  39,3	  39,7	  37,9	  14,0
s	    31,2971	 4	300,82	101,26	  22,0	  31,9	  35,7	  36,2	  37,6	  38,9	  37,7	  13,7
s	    31,4163	 4	300,90	 77,64	  22,5	  32,5	  36,4	  36,9	  38,4	  39,7	  38,5	  15,2
s	    31,5840	 8	 45,36	127,75	  19,8	  30,7	  34,6	  34,5	  36,0	  38,9	  38,3	  15,0
s	    31,6014	 3	303,08	 89,45	  23,2	  33,3	  37,3	  38,2	  39,6	  40,0	  38,8	  15,5
s	    31,6082	 3	144,68	 95,65	  23,2	  33,0	  36,9	  37,7	  39,1	  39,6	  37,8	  13,8
s	    31,7269	 3	144,61	 83,95	  22,2	  32,0	  35,9	  36,5	  38,0	  39,2	  37,8	  13,7
s	    31,7315	 3	299,96	 89,44	  23,2	  33,3	  37,3	  38,2	  39,6	  39,9	  38,8	  15,5
s	    31,9069	 8	104,58	144,38	  18,7	  29,4	  33,0	  32,5	  34,0	  38,1	  37,2	  13,1
s	    31,9397	 8	 45,78	 52,47	  19,8	  30,7	  34,6	  34,4	  35,9	  38,9	  38,2	  14,9
s	    31,9439	 4	303,06	 95,06	  23,0	  33,2	  37,2	  38,1	  39,5	  39,9	  38,6	  15,4
s	    31,9899	 7	256,30	 58,12	  19,5	  30,5	  34,5	  34,7	  36,1	  38,2	  37,3	  13,2
s	    32,0276	 4	300,33	 89,44	  22,2	  32,8	  37,0	  37,8	  39,2	  39,4	  38,6	  15,3
s	    32,0621	 4	303,10	 83,42	  21,9	  32,3	  36,3	  36,9	  38,3	  39,4	  38,6	  15,3
s	    32,0735	 4	299,94	 95,04	  23,0	  33,2	  37,2	  38,0	  39,5	  39,9	  38,6	  15,3
s	    32,1915	 4	299,98	 83,42	  21,9	  32,3	  36,3	  36,9	  38,3	  39,4	  38,6	  15,3
s	    32,3682	 5	300,31	 95,02	  22,0	  32,7	  36,9	  37,7	  39,1	  39,4	  38,5	  15,1
s	    32,3789	 8	104,31	 36,13	  19,2	  30,0	  33,7	  33,2	  34,8	  38,8	  37,9	  14,6
s	    32,4597	 7	259,73	119,41	  20,2	  31,3	  35,3	  35,4	  36,9	  39,1	  38,2	  14,9
s	    32,4858	 5	300,35	 83,44	  20,9	  31,8	  35,9	  36,5	  37,9	  38,9	  38,5	  15,1
s	    32,5489	 8	259,24	119,37	  19,2	  30,8	  34,9	  35,1	  36,5	  38,6	  38,1	  14,8
s	    32,6225	 3	143,25	 90,02	  23,1	  33,2	  37,2	  38,1	  39,5	  39,8	  38,7	  15,3
s	    32,8004	 4	144,71	101,60	  21,9	  31,7	  35,5	  36,0	  37,5	  38,7	  37,5	  13,4
s	    32,9174	 4	144,58	 78,44	  22,4	  32,4	  36,3	  36,8	  38,2	  39,5	  38,3	  14,9
s	    32,9606	 4	143,28	 95,56	  22,9	  33,1	  37,1	  37,9	  39,4	  39,7	  38,5	  15,1
s	    33,0452	 7	259,65	 59,08	  19,1	  30,3	  34,3	  34,2	  35,6	  38,6	  38,2	  14,8
s	    33,0773	 4	143,21	 84,07	  21,8	  32,2	  36,2	  36,8	  38,2	  39,3	  38,5	  15,1
s	    33,1311	 5	303,04	100,99	  21,6	  32,1	  36,1	  36,7	  38,1	  39,3	  38,4	  15,0
s	    33,1337	 8	259,16	 59,12	  18,1	  29,8	  33,9	  33,9	  35,3	  38,1	  38,0	  14,6
s	    33,1699	 5	300,80	106,67	  22,1	  32,3	  36,2	  36,7	  38,1	  39,4	  38,1	  14,7
s	    33,2475	 5	303,12	 77,93	  21,6	  32,1	  36,1	  36,7	  38,1	  39,3	  38,3	  14,9
s	    33,2587	 5	299,92	100,96	  21,6	  32,1	  36,1	  36,7	  38,1	  39,3	  38,3	  14,9
s	    33,3750	 5	300,00	 77,94	  21,6	  32,1	  36,1	  36,6	  38,1	  39,2	  38,3	  14,9
s	    33,5186	 5	300,92	 71,85	  20,5	  30,6	  34,5	  34,7	  36,1	  38,2	  37,3	  13,1
s	    33,5490	 6	300,29	100,92	  20,6	  31,6	  35,8	  36,3	  37,7	  38,8	  38,2	  14,8
s	    33,6649	 6	300,37	 77,98	  20,6	  31,6	  35,8	  36,3	  37,7	  38,7	  38,2	  14,7
s	    34,1326	 5	143,31	101,41	  21,5	  32,0	  36,0	  36,6	  38,0	  39,1	  38,2	  14,7
s	    34,1539	 3	146,09	 90,01	  23,0	  33,0	  37,0	  37,9	  39,3	  39,6	  38,4	  14,9
s	    34,2476	 5	143,18	 78,65	  21,5	  32,0	  36,0	  36,5	  38,0	  39,1	  38,2	  14,7
s	    34,4771	 4	145,74	 90,01	  22,0	  32,5	  36,7	  37,5	  38,9	  39,1	  38,3	  14,8
s	    34,4856	 4	146,12	 95,44	  22,7	  32,9	  37,0	  37,8	  39,2	  39,6	  38,3	  14,8
s	    34,5889	 3	100,51	 90,18	  22,2	  32,7	  36,8	  37,6	  39,0	  39,4	  38,4	  14,8
s	    34,6000	 4	146,05	 84,17	  21,7	  32,0	  36,0	  36,6	  38,0	  39,1	  38,3	  14,7
s	    34,6381	 5	144,75	106,91	  22,0	  32,1	  36,0	  36,5	  38,0	  39,3	  37,9	  14,4
s	    34,8074	 5	145,77	 95,42	  21,7	  32,4	  36,6	  37,4	  38,8	  39,1	  38,1	  14,6
s	    34,9214	 5	145,71	 84,19	  20,7	  31,5	  35,7	  36,2	  37,6	  38,6	  38,1	  14,5
s	    34,9423	 7	259,39	125,27	  18,9	  29,6	  33,4	  33,2	  34,7	  37,7	  36,9	  12,5
s	    34,9613	 6	303,02	106,29	  21,2	  31,9	  35,9	  36,4	  37,8	  39,0	  38,0	  14,4
s	    34,9804	 5	144,55	 72,75	  20,4	  30,5	  34,3	  34,5	  36,0	  38,0	  37,1	  12,7
s	    35,0326	 4	100,50	 84,37	  20,9	  31,7	  35,8	  36,3	  37,7	  38,9	  38,2	  14,6
s	    35,0860	 6	299,90	106,25	  21,2	  31,9	  35,9	  36,4	  37,8	  39,0	  38,0	  14,4
s	    35,2833	 7	259,28	 53,62	  19,4	  30,2	  34,1	  33,9	  35,4	  38,5	  37,6	  14,0
s	    35,3022	 6	303,15	 72,26	  20,1	  30,9	  34,9	  35,2	  36,6	  38,5	  37,9	  14,3
s	    35,3697	 7	300,27	106,19	  20,2	  31,4	  35,5	  36,0	  37,4	  38,5	  37,8	  14,2
s	    35,4264	 6	300,02	 72,28	  20,1	  30,9	  34,9	  35,2	  36,6	  38,5	  37,9	  14,3
s	    35,4334	 6	143,33	105,38	  19,1	  30,3	  35,4	  36,2	  37,7	  38,8	  37,9	  14,3
s	    35,6356	 5	146,15	101,19	  21,3	  31,8	  35,9	  36,4	  37,8	  39,0	  38,0	  14,4
s	    35,7089	 7	300,40	 72,34	  19,1	  30,4	  34,6	  34,8	  36,2	  38,0	  37,8	  14,1
s	    35,7484	 5	146,02	 78,85	  21,3	  31,8	  35,9	  36,4	  37,8	  39,0	  38,0	  14,4
s	    35,8609	 8	256,42	125,32	  18,9	  30,0	  34,0	  34,2	  35,6	  37,7	  36,6	  12,2
s	    35,8609	 8	256,29	 53,92	  18,4	  29,7	  33,7	  33,5	  35,0	  38,0	  37,4	  13,8
s	    35,9528	 6	145,80	101,15	  20,3	  31,3	  35,5	  36,0	  37,4	  38,5	  37,8	  14,2
s	    36,0626	 5	100,52	101,30	  20,5	  31,5	  35,6	  36,1	  37,5	  38,7	  37,9	  14,3
s	    36,0652	 6	145,68	 78,90	  20,3	  31,3	  35,5	  36,0	  37,4	  38,5	  37,8	  14,2
s	    36,1544	 6	300,94	 66,78	  20,5	  31,0	  34,9	  35,1	  36,5	  38,6	  37,6	  13,9
s	    36,1749	 5	100,49	 79,08	  20,5	  31,5	  35,6	  36,1	  37,5	  38,7	  37,9	  14,3
s	    36,2771	 6	143,15	 73,04	  20,0	  30,8	  34,8	  35,1	  36,5	  38,4	  37,8	  14,1
s	    36,8171	 8	259,74	124,34	  18,5	  29,9	  33,8	  33,7	  35,1	  38,1	  37,5	  13,8
s	    37,1503	 8	259,64	 54,55	  18,5	  29,8	  33,8	  33,6	  35,1	  38,1	  37,5	  13,7
s	    37,3112	 7	300,04	 68,50	  17,7	  29,1	  34,3	  34,7	  36,2	  38,2	  37,5	  13,8
s	    37,3490	 6	144,78	112,33	  19,9	  30,2	  34,0	  34,2	  35,6	  37,7	  36,6	  12,1
s	    37,4104	 6	146,18	106,33	  20,9	  31,6	  35,6	  36,1	  37,5	  38,7	  37,6	  13,9
s	    37,5874	 8	300,41	 68,58	  16,7	  28,7	  33,9	  34,4	  35,8	  37,7	  37,4	  13,6
s	    37,6616	 7	302,99	111,68	  19,6	  30,6	  34,6	  34,8	  36,3	  38,2	  37,5	  13,7
s	    37,7209	 7	145,84	106,27	  19,9	  31,1	  35,3	  35,8	  37,1	  38,2	  37,5	  13,7
s	    37,8284	 6	100,53	106,42	  20,1	  31,3	  35,4	  35,8	  37,3	  38,5	  37,6	  13,8
s	    37,8817	 7	303,17	 67,29	  19,6	  30,6	  34,6	  34,8	  36,2	  38,2	  37,5	  13,6
s	    38,0569	 8	300,25	111,56	  18,6	  30,1	  34,3	  34,5	  35,8	  37,7	  37,3	  13,5
s	    38,1428	 7	143,13	 69,30	  17,6	  29,1	  34,2	  34,7	  36,1	  38,1	  37,4	  13,6
s	    38,6092	 7	143,37	111,99	  19,5	  30,5	  34,5	  34,7	  36,2	  38,1	  37,4	  13,5
s	    39,1179	 7	300,75	116,91	  20,0	  30,6	  34,5	  34,7	  36,1	  38,2	  37,1	  13,1
s	    39,5798	 8	259,40	129,42	  18,7	  29,8	  33,6	  33,4	  34,9	  38,0	  36,9	  12,9
s	    39,6576	 7	300,97	 61,72	  18,4	  29,0	  32,8	  32,7	  34,1	  37,0	  36,2	  11,5
s	    39,6610	 7	144,80	115,89	  18,0	  29,1	  34,1	  34,5	  36,0	  38,1	  37,0	  13,0
s	    39,8775	 8	145,62	 69,73	  16,5	  28,4	  33,7	  34,2	  35,6	  37,4	  37,1	  13,1
s	    40,0335	 7	146,22	111,59	  19,4	  30,4	  34,4	  34,6	  36,0	  38,0	  37,2	  13,2
s	    40,3304	 8	259,27	 49,21	  17,1	  28,1	  31,8	  31,4	  32,8	  36,7	  36,0	  11,2
s	    40,3345	 8	145,87	111,51	  18,4	  29,9	  34,1	  34,2	  35,6	  37,5	  37,0	  13,0
s	    40,6517	 7	100,48	 68,76	  18,6	  30,0	  34,1	  34,3	  35,7	  37,7	  37,1	  13,0
s	    40,7858	 8	302,97	116,35	  19,1	  30,2	  34,3	  34,4	  35,8	  37,8	  36,9	  12,9
s	    40,8875	 8	143,40	115,50	  17,1	  28,7	  33,9	  34,3	  35,7	  37,7	  36,9	  12,8
s	    41,0158	 7	144,48	 62,76	  18,3	  28,8	  32,7	  32,5	  34,0	  36,8	  36,0	  11,1
s	    41,3151	 8	303,19	 62,30	  18,0	  29,3	  33,3	  33,2	  34,6	  37,4	  36,9	  12,8
s	    41,4308	 8	300,06	 62,33	  18,0	  29,3	  33,3	  33,2	  34,6	  37,4	  36,9	  12,7
s	    42,2233	 8	143,09	 63,18	  17,9	  29,2	  33,2	  33,1	  34,5	  37,3	  36,8	  12,5
s	    43,1486	 8	300,73	121,60	  17,8	  28,6	  32,4	  32,2	  33,7	  36,6	  35,6	  10,6
s	    43,4581	 8	300,99	 57,41	  18,3	  29,2	  33,1	  33,0	  34,4	  37,3	  36,4	  12,0
s	    43,5898	 8	145,93	 63,61	  17,8	  29,0	  33,1	  33,0	  34,4	  37,1	  36,6	  12,2
s	    43,7927	 8	144,46	 59,51	  16,3	  27,7	  32,7	  32,8	  34,3	  37,2	  36,3	  12,0
s	    44,2402	 8	100,47	 63,57	  17,3	  28,7	  32,9	  33,1	  34,5	  36,3	  35,5	  10,3
s	    44,4541	 8	144,85	121,65	  17,7	  28,5	  32,3	  32,1	  33,5	  36,4	  35,4	  10,3
s	    46,5294	 3	223,94	 89,54	  21,0	  31,0	  35,0	  35,9	  37,3	  37,5	  35,7	  10,4
s	    46,8166	 4	223,96	 94,25	  20,7	  30,9	  35,0	  35,8	  37,2	  37,4	  35,6	  10,2
s	    46,9158	 4	223,91	 84,48	  19,7	  30,0	  34,0	  34,6	  36,0	  37,0	  35,5	  10,2
s	    47,8147	 5	223,99	 99,25	  19,4	  29,7	  33,7	  34,1	  35,5	  36,6	  35,3	   9,9
s	    47,9129	 5	223,89	 79,85	  19,9	  30,4	  34,4	  34,9	  36,3	  37,4	  36,1	  11,4
s	    48,1726	 4	224,96	 89,54	  20,6	  31,1	  35,3	  36,1	  37,5	  37,6	  36,4	  11,7
s	    48,4547	 5	224,98	 94,17	  20,3	  31,1	  35,2	  36,0	  37,4	  37,6	  36,3	  11,5
s	    48,5522	 5	224,93	 84,57	  19,3	  30,1	  34,3	  34,9	  36,2	  37,1	  36,2	  11,5
s	    48,5829	 5	224,70	 89,54	  19,6	  30,6	  35,0	  35,8	  37,1	  37,1	  36,2	  11,5
s	    48,8638	 6	224,73	 94,15	  19,3	  30,6	  34,9	  35,7	  37,0	  37,1	  36,1	  11,3
s	    48,9609	 6	224,68	 84,59	  18,3	  29,6	  34,0	  34,5	  35,8	  36,6	  36,1	  11,3
s	    49,0610	 4	222,46	 89,56	  20,5	  31,1	  35,2	  36,1	  37,4	  37,5	  36,3	  11,5
s	    49,3405	 5	222,48	 94,14	  20,3	  31,0	  35,2	  36,0	  37,3	  37,5	  36,1	  11,3
s	    49,3620	 6	224,01	103,76	  19,5	  30,2	  34,2	  34,7	  36,1	  37,2	  35,8	  11,0
s	    49,4357	 6	225,00	 99,08	  19,0	  30,0	  34,2	  34,7	  36,0	  37,0	  36,0	  11,2
s	    49,4371	 5	222,43	 84,63	  19,2	  30,1	  34,2	  34,8	  36,1	  37,0	  36,1	  11,3
s	    49,4582	 5	222,71	 89,56	  19,5	  30,6	  34,9	  35,7	  37,0	  37,0	  36,1	  11,3
s	    49,5321	 6	224,91	 80,02	  19,0	  30,0	  34,2	  34,7	  36,0	  37,0	  36,0	  11,2
s	    49,7365	 6	222,74	 94,12	  19,3	  30,5	  34,8	  35,6	  36,9	  37,0	  36,0	  11,1
s	    49,8010	 6	223,86	 74,67	  19,0	  29,3	  33,4	  33,9	  35,2	  36,1	  35,0	   9,3
s	    49,8327	 6	222,69	 84,65	  18,2	  29,6	  33,9	  34,4	  35,7	  36,6	  36,0	  11,1
s	    49,8405	 7	224,75	 99,04	  18,0	  29,5	  33,8	  34,3	  35,6	  36,5	  35,9	  11,0
s	    49,9366	 7	224,66	 80,06	  18,0	  29,5	  33,8	  34,3	  35,6	  36,5	  35,9	  11,0
s	    50,3124	 6	222,50	 99,01	  18,9	  29,9	  34,1	  34,6	  36,0	  36,9	  35,9	  11,0
s	    50,4080	 6	222,41	 80,12	  18,9	  29,9	  34,1	  34,6	  35,9	  36,9	  35,9	  11,0
s	    50,7044	 7	222,76	 98,97	  17,9	  29,4	  33,7	  34,3	  35,6	  36,4	  35,8	  10,8
s	    50,7996	 7	222,67	 80,16	  17,9	  29,4	  33,7	  34,3	  35,5	  36,4	  35,7	  10,8
s	    50,9570	 7	225,03	103,52	  18,6	  29,8	  34,0	  34,5	  35,8	  36,8	  35,7	  10,7
s	    51,3554	 8	224,77	103,47	  17,6	  29,3	  33,6	  34,1	  35,4	  36,3	  35,6	  10,5
s	    51,3887	 7	224,88	 74,92	  18,6	  29,7	  33,9	  34,4	  35,7	  36,5	  35,7	  10,6
s	    51,6629	 7	224,03	108,43	  17,5	  28,3	  32,3	  32,4	  33,8	  35,7	  34,6	   8,8
s	    51,7855	 8	224,63	 74,98	  17,6	  29,2	  33,6	  34,1	  35,3	  36,0	  35,5	  10,5
s	    51,8200	 7	222,53	103,41	  18,6	  29,7	  33,9	  34,4	  35,7	  36,7	  35,6	  10,6
s	    51,8514	 7	223,84	 70,69	  18,0	  29,0	  33,0	  33,2	  34,6	  36,5	  35,4	  10,3
s	    52,2059	 8	222,79	103,35	  17,6	  29,3	  33,6	  34,0	  35,3	  36,2	  35,5	  10,4
s	    52,2480	 7	222,38	 75,06	  18,5	  29,6	  33,8	  34,3	  35,6	  36,5	  35,6	  10,5
s	    52,6322	 8	222,64	 75,12	  17,5	  29,1	  33,5	  34,0	  35,2	  36,0	  35,4	  10,3
s	    52,8237	 8	224,87	 72,03	  15,2	  27,2	  32,4	  32,9	  34,3	  36,1	  35,4	  10,2
s	    53,2207	 8	225,05	108,12	  17,2	  28,7	  32,8	  33,0	  34,3	  36,1	  35,3	  10,1
s	    54,0641	 8	222,55	107,97	  17,1	  28,6	  32,7	  32,9	  34,3	  36,0	  35,2	  10,0
s	    54,2480	 8	222,36	 71,17	  17,1	  28,6	  32,7	  32,9	  34,3	  36,0	  35,2	   9,9
s	    54,3500	 8	224,06	112,55	  17,6	  28,7	  32,8	  32,9	  34,3	  36,2	  35,0	   9,7
s	    54,6264	 4	260,90	 89,44	  19,3	  30,3	  34,5	  35,3	  36,7	  36,8	  35,6	  10,3
s	    54,8078	 8	223,81	 66,28	  16,0	  27,1	  31,1	  30,9	  32,3	  34,9	  34,1	   8,0
s	    54,8904	 5	260,91	 93,77	  19,0	  30,2	  34,4	  35,2	  36,6	  36,7	  35,5	  10,1
s	    54,9816	 5	260,90	 84,79	  18,0	  29,3	  33,5	  34,1	  35,4	  36,3	  35,4	  10,1
s	    55,8090	 6	260,91	 98,37	  17,7	  29,2	  33,4	  33,9	  35,2	  36,2	  35,2	   9,8
s	    55,8994	 6	260,89	 80,52	  17,7	  29,2	  33,4	  33,9	  35,2	  36,2	  35,2	   9,8
s	    57,2360	 7	260,92	102,55	  17,3	  29,0	  33,2	  33,7	  35,0	  36,0	  34,9	   9,4
s	    57,5629	 3	 24,87	 90,00	  20,7	  30,3	  34,3	  35,1	  36,5	  36,6	  34,3	   8,0
s	    57,6415	 7	260,89	 75,72	  17,3	  28,8	  33,1	  33,6	  34,9	  35,7	  34,9	   9,3
s	    57,8194	 4	 24,84	 94,21	  20,5	  30,2	  34,2	  35,0	  36,4	  36,5	  34,2	   7,8
s	    57,9985	 5	230,11	 89,54	  18,0	  29,1	  33,4	  34,2	  35,5	  35,5	  34,0	   7,7
s	    58,2539	 6	230,13	 93,72	  17,8	  29,0	  33,3	  34,1	  35,4	  35,4	  33,9	   7,5
s	    58,3422	 6	230,09	 85,03	  16,7	  28,1	  32,4	  32,9	  34,2	  35,0	  33,9	   7,5
s	    58,5786	 4	 26,03	 90,01	  20,4	  30,5	  34,6	  35,4	  36,8	  36,8	  35,1	   9,5
s	    58,8001	 5	 24,92	 81,33	  19,7	  29,7	  33,7	  34,2	  35,5	  36,5	  34,7	   9,1
s	    58,8326	 5	 26,00	 94,18	  20,2	  30,4	  34,5	  35,3	  36,7	  36,7	  35,0	   9,3
s	    59,1430	 7	230,15	 98,18	  16,4	  27,8	  32,0	  32,5	  33,8	  34,6	  33,7	   7,2
s	    59,2306	 7	230,07	 80,90	  16,9	  28,5	  32,8	  33,3	  34,6	  35,4	  34,5	   8,8
s	    59,5389	 8	260,92	107,20	  16,9	  28,6	  32,9	  33,4	  34,7	  35,5	  34,6	   8,8
s	    59,5389	 8	260,88	 72,02	  15,9	  27,8	  32,1	  32,2	  33,6	  35,3	  34,6	   8,8
s	    59,8039	 6	 26,08	 81,42	  18,8	  29,4	  33,5	  34,0	  35,3	  36,2	  34,7	   9,0
s	    59,8070	 6	230,91	 89,53	  17,6	  29,2	  33,7	  34,5	  35,7	  35,6	  34,7	   9,0
s	    60,0581	 7	230,93	 93,65	  17,4	  29,1	  33,6	  34,4	  35,6	  35,5	  34,6	   8,8
s	    60,0999	 6	 24,79	102,75	  19,3	  29,5	  33,5	  34,0	  35,3	  36,3	  34,5	   8,7
s	    60,1449	 7	230,89	 85,11	  16,4	  28,2	  32,7	  33,2	  34,4	  35,1	  34,6	   8,8
s	    60,1722	 7	230,67	 89,54	  16,6	  28,7	  33,3	  34,1	  35,3	  35,1	  34,6	   8,8
s	    60,4223	 8	230,69	 93,64	  16,4	  28,6	  33,2	  34,0	  35,2	  35,0	  34,5	   8,6
s	    60,5088	 8	230,65	 85,12	  15,4	  27,7	  32,3	  32,9	  34,0	  34,6	  34,4	   8,6
s	    60,5251	 8	230,16	102,23	  16,6	  28,3	  32,6	  33,1	  34,4	  35,2	  34,2	   8,4
s	    60,6465	 4	 24,19	 85,60	  19,7	  29,7	  33,6	  34,1	  35,5	  36,6	  34,6	   8,8
s	    60,7047	 7	 25,95	101,66	  16,5	  27,8	  33,0	  33,7	  35,1	  36,0	  34,5	   8,7
s	    60,7343	 4	 24,06	 90,00	  20,2	  30,3	  34,4	  35,3	  36,6	  36,6	  34,9	   9,0
s	    60,9181	 8	230,05	 76,24	  16,1	  27,5	  31,8	  32,3	  33,5	  34,1	  33,4	   6,7
s	    60,9321	 8	230,95	 98,03	  16,1	  28,1	  32,5	  33,1	  34,3	  35,0	  34,4	   8,5
s	    60,9768	 5	 24,35	 90,01	  19,2	  29,8	  34,1	  34,9	  36,2	  36,1	  34,7	   8,8
s	    60,9832	 5	 24,04	 94,08	  20,0	  30,3	  34,4	  35,2	  36,5	  36,5	  34,7	   8,8
s	    61,0182	 8	230,88	 81,04	  16,1	  28,1	  32,5	  33,0	  34,3	  35,0	  34,4	   8,5
s	    61,2251	 6	 24,32	 94,08	  19,0	  29,8	  34,0	  34,8	  36,1	  36,1	  34,6	   8,7
s	    61,6330	 5	 25,33	 85,65	  18,9	  29,4	  33,4	  33,9	  35,3	  36,3	  34,6	   8,7
s	    61,9350	 6	 24,12	 81,59	  18,7	  29,2	  33,3	  33,8	  35,1	  36,0	  34,5	   8,5
s	    62,1716	 7	 24,76	106,99	  17,4	  27,7	  31,6	  31,8	  33,1	  34,9	  33,3	   6,6
s	    62,1748	 7	 24,40	 81,61	  17,7	  28,7	  33,0	  33,5	  34,8	  35,5	  34,4	   8,4
s	    63,0366	 6	 24,25	 77,29	  17,6	  27,8	  31,7	  31,8	  33,2	  35,1	  33,3	   6,5
s	    63,1443	 8	 25,92	106,84	  17,1	  28,1	  32,2	  32,4	  33,7	  35,4	  34,1	   8,1
s	    63,1974	 7	 23,98	102,38	  18,3	  29,1	  33,2	  33,6	  35,0	  35,8	  34,2	   8,2
s	    63,4344	 8	 24,27	102,36	  17,4	  28,6	  32,8	  33,3	  34,6	  35,4	  34,1	   8,0
s	    63,8254	 5	 23,43	 85,73	  18,7	  29,2	  33,3	  33,8	  35,1	  36,1	  34,4	   8,3
s	    64,0015	 7	 25,38	 77,41	  17,3	  28,2	  32,2	  32,4	  33,8	  35,6	  34,1	   8,0
s	    64,0610	 6	 23,71	 85,74	  17,8	  28,8	  32,9	  33,4	  34,7	  35,6	  34,3	   8,1
s	    64,5863	 6	 23,35	 98,22	  18,5	  29,1	  33,2	  33,6	  35,0	  36,0	  34,2	   8,0
s	    64,8203	 7	 23,63	 98,20	  17,5	  28,7	  32,8	  33,3	  34,6	  35,5	  34,1	   7,8
s	    65,0179	 8	 25,00	 69,00	  15,9	  26,5	  30,4	  30,3	  31,6	  34,2	  32,9	   5,9
s	    65,2112	 8	 23,96	106,51	  16,9	  27,9	  32,0	  32,2	  33,5	  35,2	  33,9	   7,6
s	    65,3027	 7	 23,20	 98,47	  18,7	  29,1	  33,0	  33,5	  34,8	  35,8	  33,8	   7,5
s	    66,1474	 7	 23,48	 77,65	  17,1	  28,0	  32,1	  32,2	  33,6	  35,4	  33,9	   7,6
s	    66,2481	 8	 24,31	 98,40	  17,9	  28,8	  32,9	  33,3	  34,6	  35,5	  33,8	   7,4
s	    66,3781	 8	 23,76	 77,68	  16,1	  27,6	  31,7	  31,9	  33,2	  34,9	  33,8	   7,4
s	    66,7244	 5	323,18	 89,61	  18,8	  29,4	  33,6	  34,5	  35,7	  35,6	  34,1	   7,7
s	    66,7443	 8	 24,04	109,66	  16,4	  27,4	  32,5	  33,1	  34,5	  35,5	  33,5	   7,1
s	    66,9600	 6	323,16	 93,48	  18,6	  29,3	  33,6	  34,4	  35,6	  35,5	  33,9	   7,5
s	    67,0414	 6	323,20	 85,46	  17,5	  28,4	  32,6	  33,2	  34,5	  35,1	  33,9	   7,5
s	    67,7808	 7	323,13	 97,60	  17,2	  28,3	  32,5	  33,0	  34,3	  35,0	  33,7	   7,2
s	    67,8616	 7	323,22	 81,64	  17,2	  28,3	  32,5	  33,0	  34,3	  35,0	  33,7	   7,2
s	    69,0587	 8	323,11	101,35	  16,9	  28,1	  32,4	  32,9	  34,1	  34,9	  33,5	   6,9
s	    69,2984	 8	323,24	 77,61	  15,9	  27,2	  31,5	  31,7	  32,9	  34,4	  33,4	   6,8
s	    70,6354	 5	325,98	 89,64	  18,5	  29,1	  33,3	  34,2	  35,4	  35,3	  33,6	   6,9
s	    70,8631	 6	325,96	 93,37	  18,3	  29,0	  33,3	  34,1	  35,3	  35,2	  33,5	   6,7
s	    70,9418	 6	326,00	 85,62	  17,2	  28,1	  32,3	  32,9	  34,1	  34,8	  33,5	   6,7
s	    71,6565	 7	325,94	 97,35	  16,9	  28,0	  32,2	  32,7	  34,0	  34,7	  33,3	   6,5
s	    71,7347	 7	326,02	 81,93	  16,9	  28,0	  32,2	  32,7	  34,0	  34,7	  33,3	   6,4
s	    72,8926	 8	325,91	100,99	  16,6	  27,9	  32,1	  32,6	  33,8	  34,5	  33,0	   6,1
s	    73,1246	 8	326,05	 78,02	  15,6	  26,9	  31,2	  31,4	  32,6	  34,1	  33,0	   6,1
s	    80,4171	 5	158,02	 90,02	  18,7	  28,8	  32,8	  33,7	  34,9	  34,7	  32,5	   4,9
s	    80,6271	 6	158,05	 93,46	  18,5	  28,7	  32,8	  33,6	  34,8	  34,7	  32,4	   4,7
s	    81,4317	 7	157,98	 82,90	  17,2	  27,7	  31,8	  32,3	  33,5	  34,2	  32,2	   4,5
s	    82,1800	 8	158,09	 99,68	  14,9	  26,1	  31,3	  32,0	  33,2	  34,0	  32,0	   4,2
s	    82,3096	 4	159,48	 90,01	  18,8	  28,4	  32,3	  33,1	  34,3	  34,3	  31,4	   2,9
s	    82,5166	 5	159,50	 93,40	  18,6	  28,3	  32,2	  33,0	  34,2	  34,3	  31,2	   2,7
s	    83,3093	 6	159,43	 82,99	  17,3	  27,3	  31,2	  31,7	  32,9	  33,7	  31,1	   2,4
s	    84,3641	 7	159,54	100,34	  17,5	  27,7	  31,6	  32,0	  33,3	  34,1	  31,6	   3,7
s	    85,4304	 5	159,91	 86,44	  17,9	  27,8	  31,7	  32,2	  33,4	  34,3	  31,7	   3,7
s	    85,5969	 5	160,00	 90,01	  18,4	  28,4	  32,5	  33,3	  34,5	  34,3	  32,0	   3,9
s	    85,7935	 6	159,76	 90,01	  17,4	  28,0	  32,2	  33,0	  34,1	  33,9	  31,8	   3,7
s	    85,7987	 6	160,02	 93,31	  18,1	  28,4	  32,4	  33,2	  34,4	  34,3	  31,8	   3,7
s	    85,9949	 7	159,78	 93,31	  17,1	  27,9	  32,1	  32,9	  34,0	  33,8	  31,7	   3,6
s	    86,0664	 6	159,98	 96,87	  17,6	  27,8	  31,6	  32,0	  33,3	  34,3	  31,6	   3,5
s	    86,5717	 7	159,96	 83,17	  16,8	  27,4	  31,4	  31,9	  33,1	  33,8	  31,6	   3,5
s	    86,7669	 8	159,72	 83,18	  15,8	  26,9	  31,1	  31,6	  32,7	  33,3	  31,5	   3,3
s	    87,3754	 7	159,87	 79,65	  14,8	  25,6	  29,6	  29,7	  31,0	  32,6	  30,6	   1,6
s	    87,6007	 8	160,07	100,09	  16,5	  27,2	  31,3	  31,7	  32,9	  33,6	  31,4	   3,2
s	    87,8625	 4	119,18	 90,22	  16,8	  27,3	  31,5	  32,3	  33,5	  33,4	  30,9	   1,9
s	    88,0608	 5	119,19	 93,47	  16,5	  27,2	  31,4	  32,2	  33,4	  33,4	  30,7	   1,7
s	    88,1294	 5	119,17	 86,72	  15,5	  26,3	  30,5	  31,0	  32,3	  32,9	  30,7	   1,7
s	    88,7201	 6	160,41	 86,52	  16,9	  27,4	  31,4	  31,8	  33,1	  33,9	  31,5	   3,2
s	    88,7526	 6	119,21	 96,95	  15,2	  26,1	  30,2	  30,6	  31,9	  32,6	  30,6	   1,5
s	    88,8209	 6	119,16	 83,50	  15,7	  26,7	  30,9	  31,4	  32,7	  33,4	  31,4	   3,0
s	    88,8232	 8	160,02	103,55	  15,4	  25,9	  29,6	  29,7	  31,0	  32,8	  30,3	   1,2
s	    88,9122	 7	160,18	 86,53	  15,9	  26,9	  31,0	  31,5	  32,7	  33,4	  31,4	   3,0
s	    89,3407	 7	160,48	 96,71	  16,6	  27,3	  31,3	  31,7	  33,0	  33,8	  31,4	   3,0
s	    89,5318	 8	160,25	 96,70	  15,7	  26,8	  31,0	  31,4	  32,6	  33,3	  31,2	   2,8
s	    89,8327	 7	119,22	100,13	  15,5	  26,6	  30,8	  31,2	  32,5	  33,2	  31,1	   2,7
s	    89,8938	 5	118,70	 90,22	  16,4	  27,5	  31,8	  32,6	  33,8	  33,6	  31,6	   3,1
s	    90,0892	 6	118,71	 93,43	  16,2	  27,4	  31,7	  32,5	  33,7	  33,5	  31,5	   3,0
s	    90,1408	 7	119,15	 79,83	  14,9	  25,8	  30,0	  30,4	  31,6	  32,2	  30,3	   1,1
s	    90,1568	 6	118,68	 86,78	  15,1	  26,5	  30,8	  31,3	  32,5	  33,1	  31,5	   3,0
s	    90,1780	 6	118,91	 90,22	  15,4	  27,0	  31,4	  32,2	  33,4	  33,1	  31,5	   3,0
s	    90,3730	 7	118,92	 93,42	  15,2	  26,9	  31,4	  32,1	  33,3	  33,0	  31,3	   2,8
s	    90,4404	 7	118,90	 86,78	  14,2	  26,0	  30,4	  31,0	  32,1	  32,6	  31,3	   2,8
s	    90,6181	 8	160,37	 79,90	  15,3	  26,3	  30,2	  30,4	  31,6	  33,2	  31,1	   2,6
s	    90,6506	 5	207,79	 89,69	  16,4	  26,9	  31,2	  32,0	  33,2	  32,9	  30,5	   1,2
s	    90,7708	 7	118,72	 96,85	  14,9	  26,4	  30,7	  31,2	  32,4	  33,0	  31,3	   2,8
s	    90,8380	 7	118,67	 83,60	  14,9	  26,4	  30,7	  31,2	  32,4	  33,0	  31,3	   2,7
s	    90,8449	 6	207,81	 92,88	  16,1	  26,9	  31,1	  31,9	  33,1	  32,9	  30,4	   1,1
s	    91,0531	 8	118,93	 96,84	  13,9	  25,9	  30,4	  30,8	  32,0	  32,5	  31,1	   2,6
s	    91,1202	 8	118,89	 83,61	  13,9	  25,9	  30,3	  30,8	  32,0	  32,5	  31,1	   2,6
s	    91,4554	 8	119,23	103,50	  13,6	  24,9	  29,0	  29,1	  30,3	  31,9	  30,1	   0,7
s	    91,5891	 8	119,14	 76,95	  14,1	  25,6	  29,7	  29,9	  31,1	  32,6	  30,9	   2,3
s	    91,5895	 7	207,75	 83,11	  14,8	  25,9	  30,1	  30,6	  31,8	  32,4	  30,2	   0,8
s	    91,7666	 6	208,65	 89,69	  16,1	  27,2	  31,5	  32,4	  33,5	  33,1	  31,3	   2,7
s	    91,8349	 8	118,73	 99,99	  14,6	  26,3	  30,6	  31,0	  32,2	  32,9	  31,1	   2,4
s	    91,9594	 7	208,67	 92,85	  15,8	  27,1	  31,5	  32,3	  33,4	  33,1	  31,2	   2,5
s	    92,1385	 8	118,66	 79,98	  14,6	  26,1	  30,5	  31,0	  32,2	  32,6	  31,0	   2,4
s	    92,5811	 8	207,85	 99,41	  15,1	  26,3	  30,5	  31,0	  32,2	  32,8	  30,8	   2,1
s	    92,6980	 8	208,61	 83,15	  14,5	  26,1	  30,5	  31,0	  32,1	  32,6	  31,0	   2,3
s	    93,5844	 6	207,18	 86,34	  15,4	  26,4	  30,6	  31,1	  32,3	  33,0	  30,9	   2,1
s	    93,7411	 6	207,11	 89,70	  15,9	  27,0	  31,4	  32,2	  33,4	  33,0	  31,1	   2,3
s	    93,9311	 7	207,13	 92,81	  15,7	  27,0	  31,4	  32,1	  33,3	  32,9	  31,0	   2,2
s	    94,0111	 7	207,32	 89,70	  15,0	  26,6	  31,1	  31,9	  33,0	  32,5	  31,0	   2,1
s	    94,1833	 7	207,24	 96,16	  15,2	  26,4	  30,5	  30,9	  32,2	  32,9	  30,7	   1,9
s	    94,2007	 8	207,34	 92,81	  14,7	  26,5	  31,0	  31,8	  32,9	  32,5	  30,8	   2,0
s	    94,6593	 8	207,07	 83,26	  14,4	  26,0	  30,4	  30,8	  32,0	  32,4	  30,8	   1,9
s	    94,6770	 7	208,03	 86,36	  14,6	  26,1	  30,4	  30,9	  32,1	  32,7	  30,9	   2,0
s	    95,2713	 8	208,09	 96,11	  14,4	  26,1	  30,4	  30,8	  32,0	  32,6	  30,7	   1,8
s	    95,4169	 8	207,14	 79,94	  13,3	  24,6	  28,7	  28,8	  30,1	  31,6	  29,7	  -0,0
s	    99,1560	 8	145,87	 86,87	  14,1	  25,7	  30,1	  30,6	  31,7	  32,1	  30,4	   1,1
s	    99,9125	 4	 94,23	 96,49	  14,5	  24,9	  29,7	  30,4	  31,8	  32,8	  29,7	  -0,4
s	   102,2222	 5	 94,16	 96,39	  14,1	  25,2	  30,2	  30,9	  32,3	  33,2	  30,4	   0,8
s	   106,6859	 8	 94,22	 72,22	  11,7	  23,2	  28,0	  28,1	  29,5	  32,1	  29,4	  -0,5
s	   108,3056	 5	 16,22	 90,00	  16,0	  26,2	  30,3	  31,1	  32,3	  31,9	  28,8	  -2,1
s	   108,4776	 6	 16,20	 92,82	  15,8	  26,1	  30,3	  31,0	  32,2	  31,8	  28,7	  -2,2
s	   108,8639	 6	 16,16	 90,00	  15,8	  26,4	  30,7	  31,5	  32,7	  32,1	  29,7	  -0,5
s	   109,0353	 7	 16,14	 92,81	  15,6	  26,4	  30,7	  31,4	  32,6	  32,1	  29,5	  -0,6
s	   109,5449	 2	 93,91	 90,29	  17,4	  27,4	  31,3	  32,1	  33,4	  33,4	  30,0	  -0,2
s	   109,7155	 3	 93,92	 93,08	  17,2	  27,3	  31,2	  32,0	  33,3	  33,3	  29,9	  -0,3
s	   109,7745	 3	 93,91	 87,28	  16,9	  26,8	  30,6	  31,0	  32,4	  33,3	  29,9	  -0,3
s	   110,0170	 8	 16,16	 98,62	  14,8	  25,5	  29,7	  30,1	  31,3	  31,7	  29,1	  -1,1
s	   110,3700	 4	 93,91	 84,50	  15,6	  26,1	  30,0	  30,5	  31,8	  32,6	  29,5	  -0,8
s	   111,2428	 5	 93,92	 98,84	  15,4	  26,0	  29,9	  30,3	  31,6	  32,5	  29,3	  -1,0
s	   111,4181	 5	 93,91	 81,53	  14,6	  24,8	  28,5	  28,6	  30,0	  31,7	  28,5	  -2,6
s	   111,8685	 3	 93,85	 90,29	  16,3	  26,8	  30,8	  31,6	  32,9	  32,7	  29,7	  -0,7
s	   111,9963	 7	 15,86	 87,03	  14,4	  25,4	  29,6	  30,1	  31,3	  31,7	  29,3	  -1,2
s	   112,0367	 4	 93,85	 93,04	  16,1	  26,7	  30,8	  31,5	  32,8	  32,7	  29,6	  -0,8
s	   112,0948	 4	 93,85	 87,32	  15,8	  26,2	  30,1	  30,6	  31,9	  32,7	  29,6	  -0,8
s	   112,1068	 7	 16,74	 87,04	  14,9	  25,6	  29,7	  30,1	  31,3	  31,9	  28,2	  -3,0
s	   112,1600	 8	 16,07	 87,04	  13,4	  24,9	  29,3	  29,8	  30,9	  31,2	  29,1	  -1,3
s	   112,5103	 6	113,20	 95,97	  12,6	  23,6	  28,6	  29,2	  30,6	  31,2	  28,3	  -2,9
s	   112,5255	 8	 15,81	 95,71	  14,1	  25,3	  29,6	  30,0	  31,2	  31,6	  29,1	  -1,4
s	   112,6356	 8	 16,68	 95,72	  14,6	  25,5	  29,6	  30,0	  31,2	  31,8	  28,1	  -3,2
s	   112,6460	 6	 93,92	101,76	  14,3	  24,7	  28,4	  28,4	  29,8	  31,5	  28,3	  -2,9
s	   112,6816	 5	 93,85	 84,58	  14,8	  25,7	  29,8	  30,2	  31,5	  32,2	  29,4	  -1,1
s	   112,7618	 6	 93,91	 78,82	  14,0	  24,9	  28,8	  29,0	  30,3	  31,9	  29,1	  -1,4
s	   113,5416	 6	 93,85	 98,71	  14,5	  25,6	  29,7	  30,1	  31,4	  32,1	  29,2	  -1,3
s	   113,6003	 7	334,84	 89,73	  14,6	  25,7	  30,2	  31,0	  32,0	  31,4	  29,1	  -1,4
s	   113,7144	 6	 93,85	 81,66	  14,2	  25,1	  29,0	  29,2	  30,5	  32,1	  29,2	  -1,4
s	   113,7666	 8	334,83	 92,45	  14,3	  25,6	  30,1	  30,9	  31,9	  31,3	  29,0	  -1,6
s	   113,9342	 7	114,36	 95,92	  12,3	  23,9	  29,2	  29,9	  31,1	  31,7	  29,1	  -1,5
s	   113,9570	 3	 75,44	 90,28	  16,9	  26,9	  30,9	  31,7	  33,0	  32,8	  29,5	  -1,1
s	   114,1229	 4	 75,43	 93,00	  16,7	  26,9	  30,9	  31,6	  32,9	  32,7	  29,4	  -1,2
s	   114,1429	 7	 93,91	 76,61	  10,2	  21,7	  26,6	  26,7	  28,1	  30,5	  28,0	  -3,3
s	   114,3109	 7	 93,92	104,42	  13,7	  24,8	  28,7	  28,8	  30,1	  31,8	  28,8	  -1,8
s	   114,6385	 7	112,87	 95,90	  12,2	  23,9	  29,1	  29,8	  31,1	  31,6	  29,0	  -1,6
s	   114,8682	 8	113,06	 95,89	  11,2	  23,4	  28,8	  29,5	  30,7	  31,2	  28,9	  -1,8
s	   114,9247	 7	 93,86	101,60	  13,9	  25,0	  28,9	  29,0	  30,3	  32,0	  29,0	  -1,7
s	   114,9476	 4	 74,39	 87,36	  15,6	  26,1	  30,0	  30,4	  31,8	  32,5	  29,3	  -1,4
s	   115,0389	 7	 93,85	 78,99	  13,2	  24,6	  28,6	  28,8	  30,0	  31,5	  29,0	  -1,7
s	   115,5240	 5	 74,40	 84,67	  15,1	  25,7	  29,7	  30,1	  31,4	  32,2	  28,9	  -1,8
s	   115,7789	 6	 75,45	 81,76	  13,4	  24,0	  27,9	  28,0	  29,3	  30,7	  28,0	  -3,5
s	   115,8991	 5	 73,19	 87,38	  14,6	  25,5	  29,6	  30,1	  31,3	  32,0	  29,1	  -1,6
s	   116,2172	 4	 75,64	 90,28	  15,8	  26,4	  30,5	  31,3	  32,5	  32,2	  29,2	  -1,6
s	   116,3588	 5	 75,44	 90,28	  14,9	  25,9	  30,2	  31,0	  32,2	  31,7	  29,1	  -1,7
s	   116,3689	 6	 74,37	 98,55	  14,9	  25,7	  29,6	  29,9	  31,3	  32,1	  28,7	  -2,1
s	   116,3808	 5	 75,63	 92,96	  15,6	  26,3	  30,5	  31,2	  32,4	  32,1	  29,1	  -1,7
s	   116,4006	 8	 93,84	 76,81	   9,9	  22,0	  27,2	  27,3	  28,6	  30,9	  28,7	  -2,1
s	   116,4528	 7	 74,40	 82,00	  13,6	  24,5	  28,5	  28,7	  30,0	  31,4	  28,6	  -2,2
s	   116,4721	 6	 73,20	 84,70	  14,3	  25,5	  29,5	  29,9	  31,2	  31,9	  29,0	  -1,8
s	   116,4812	 8	 93,92	107,22	  12,6	  23,4	  27,2	  26,9	  28,2	  30,8	  27,7	  -3,9
s	   116,5223	 6	 75,43	 92,96	  14,6	  25,8	  30,1	  30,9	  32,1	  31,7	  29,0	  -1,9
s	   116,5663	 8	 93,86	104,22	  12,9	  24,5	  28,5	  28,6	  29,9	  31,4	  28,7	  -2,1
s	   117,0866	 7	 75,46	 79,12	  13,6	  24,5	  28,5	  28,7	  29,9	  31,4	  28,6	  -2,3
s	   117,3121	 7	 73,17	 98,50	  14,1	  25,4	  29,4	  29,8	  31,1	  31,8	  28,8	  -2,1
s	   117,3457	 6	 74,41	 87,41	  13,6	  25,0	  29,2	  29,7	  30,9	  31,4	  28,9	  -2,0
s	   117,3955	 8	 73,20	 82,05	  12,8	  24,3	  28,4	  28,6	  29,8	  31,1	  28,7	  -2,2
s	   117,8403	 7	 74,36	101,59	  14,1	  24,7	  28,7	  29,0	  30,3	  30,9	  27,7	  -4,0
s	   117,9136	 7	 74,41	 84,75	  13,3	  24,9	  29,1	  29,6	  30,8	  31,4	  28,7	  -2,2
s	   118,0140	 7	 75,65	 81,88	  13,0	  24,3	  28,4	  28,6	  29,8	  31,1	  28,7	  -2,2
s	   118,1540	 8	 75,45	 81,89	  12,0	  23,8	  28,1	  28,3	  29,5	  30,7	  28,6	  -2,4
s	   118,7463	 8	 74,39	 98,43	  13,0	  24,8	  29,0	  29,4	  30,6	  31,3	  28,5	  -2,5
s	   118,7750	 8	 73,16	101,52	  13,8	  25,1	  29,3	  29,6	  30,9	  31,4	  28,5	  -2,5
s	   118,8739	 8	 75,46	 76,33	  11,7	  22,8	  26,7	  26,5	  27,8	  30,0	  27,5	  -4,3
s	   119,3040	 8	 75,66	 79,28	  12,7	  24,2	  28,3	  28,5	  29,7	  31,0	  28,5	  -2,6
s	   119,5241	 4	265,55	 92,14	  14,4	  25,2	  30,2	  31,2	  32,6	  32,5	  28,9	  -2,2
s	   121,5175	 8	336,95	 86,95	  12,9	  24,4	  28,8	  29,3	  30,4	  30,6	  28,3	  -3,0
s	   121,8462	 5	265,61	 92,10	  13,3	  24,7	  29,8	  30,8	  32,1	  31,9	  28,6	  -2,7
s	   122,3925	 7	265,55	 78,71	  11,3	  22,9	  27,9	  28,2	  29,6	  31,1	  28,1	  -3,2
s	   122,5368	 4	112,67	 90,27	  15,5	  26,0	  30,2	  31,0	  32,2	  31,8	  28,6	  -2,7
s	   122,6943	 5	112,67	 92,85	  15,3	  26,0	  30,1	  30,9	  32,1	  31,7	  28,5	  -2,8
s	   122,7487	 5	112,66	 87,49	  15,0	  25,5	  29,5	  29,9	  31,2	  31,7	  28,5	  -2,9
s	   122,7659	 5	112,85	 90,26	  14,5	  25,6	  29,8	  30,6	  31,8	  31,3	  28,5	  -2,9
s	   122,9231	 6	112,86	 92,84	  14,3	  25,5	  29,8	  30,5	  31,7	  31,3	  28,4	  -3,0
s	   122,9775	 6	112,84	 87,49	  14,0	  25,0	  29,1	  29,6	  30,8	  31,3	  28,4	  -3,0
s	   123,2985	 6	112,65	 84,92	  13,8	  24,7	  28,9	  29,3	  30,6	  31,0	  28,1	  -3,3
s	   123,5265	 7	112,84	 84,93	  13,0	  24,5	  28,8	  29,2	  30,4	  30,8	  28,2	  -3,2
s	   124,1047	 7	112,69	 98,16	  13,5	  24,7	  28,8	  29,2	  30,4	  30,9	  27,9	  -3,5
s	   124,3316	 8	112,87	 98,15	  12,7	  24,4	  28,7	  29,1	  30,3	  30,7	  28,0	  -3,5
s	   124,3506	 7	112,65	 81,98	  13,7	  24,2	  28,3	  28,6	  29,8	  30,3	  27,1	  -5,1
s	   124,6755	 8	265,60	 78,85	  10,4	  22,5	  27,7	  28,0	  29,3	  30,8	  28,0	  -3,5
s	   124,6832	 5	112,36	 90,27	  14,4	  25,5	  29,7	  30,5	  31,7	  31,2	  28,3	  -3,2
s	   124,8386	 6	112,37	 92,82	  14,2	  25,4	  29,7	  30,4	  31,6	  31,2	  28,2	  -3,3
s	   124,8924	 6	112,35	 87,52	  13,9	  24,9	  29,0	  29,5	  30,7	  31,2	  28,2	  -3,3
s	   124,9093	 6	112,54	 90,27	  13,4	  25,0	  29,4	  30,2	  31,3	  30,7	  28,2	  -3,3
s	   125,0646	 7	112,55	 92,81	  13,2	  24,9	  29,4	  30,1	  31,2	  30,7	  28,1	  -3,5
s	   125,1183	 7	112,53	 87,53	  12,9	  24,4	  28,7	  29,2	  30,3	  30,7	  28,1	  -3,5
s	   125,4023	 8	112,70	100,87	  12,4	  23,4	  27,3	  27,3	  28,6	  30,0	  26,9	  -5,4
s	   125,4352	 7	112,35	 84,99	  12,9	  24,4	  28,7	  29,1	  30,3	  30,7	  28,1	  -3,5
s	   125,5095	 8	112,64	 79,67	  12,2	  23,6	  27,7	  27,9	  29,1	  30,4	  27,7	  -3,9
s	   125,6604	 8	112,53	 84,99	  11,9	  23,9	  28,4	  28,8	  29,9	  30,2	  27,9	  -3,7
s	   126,2315	 8	112,38	 98,07	  12,6	  24,3	  28,6	  29,0	  30,2	  30,6	  27,9	  -3,8
s	   126,4743	 8	112,34	 82,09	  13,4	  24,6	  28,8	  29,2	  30,4	  30,7	  27,9	  -3,8
s	   126,8266	 7	 56,69	 95,47	  11,6	  22,6	  27,7	  28,4	  29,6	  30,0	  26,9	  -5,6
s	   127,2225	 6	 74,31	 90,28	  14,8	  25,6	  29,8	  30,5	  31,7	  31,2	  28,0	  -3,8
s	   127,3756	 7	 74,31	 92,79	  14,6	  25,5	  29,7	  30,4	  31,6	  31,2	  27,9	  -3,9
s	   127,9107	 8	 74,30	 95,49	  13,3	  24,5	  28,7	  29,2	  30,3	  30,7	  27,7	  -4,1
s	   128,7419	 8	 55,72	 95,41	  11,3	  23,0	  28,3	  29,0	  30,2	  30,5	  27,7	  -4,2
s	   128,7800	 8	 57,11	 95,41	  11,3	  23,0	  28,3	  29,0	  30,2	  30,5	  27,7	  -4,2
s	   129,8246	 3	265,79	 89,51	  15,4	  25,8	  29,9	  30,7	  31,9	  31,6	  28,1	  -3,9
s	   130,0277	 4	265,79	 86,85	  14,8	  25,3	  29,2	  29,6	  30,9	  31,6	  28,0	  -4,0
s	   130,3487	 8	324,85	 89,68	  12,0	  23,6	  28,2	  29,0	  30,0	  29,1	  26,5	  -6,3
s	   130,5027	 5	265,80	 94,64	  13,1	  23,9	  27,9	  28,3	  29,5	  30,1	  26,8	  -6,0
s	   130,5547	 5	265,79	 84,39	  14,4	  25,0	  28,9	  29,3	  30,6	  31,3	  27,6	  -4,5
s	   131,3279	 6	265,80	 97,08	  14,1	  24,9	  28,8	  29,2	  30,4	  31,2	  27,4	  -4,7
s	   131,4833	 6	265,79	 81,75	  11,8	  22,9	  26,8	  27,0	  28,2	  29,5	  26,6	  -6,3
s	   132,0033	 7	247,62	 91,99	  11,6	  23,5	  28,9	  29,8	  31,0	  30,6	  27,5	  -4,7
s	   132,1497	 4	265,84	 89,51	  14,3	  25,3	  29,4	  30,2	  31,4	  31,0	  27,8	  -4,4
s	   132,3501	 5	265,84	 86,88	  13,8	  24,7	  28,7	  29,2	  30,4	  31,0	  27,7	  -4,5
s	   132,3531	 7	265,79	 79,93	  10,1	  21,9	  27,1	  27,5	  28,8	  30,1	  27,2	  -5,0
s	   132,5729	 7	265,80	 99,69	  11,5	  22,8	  26,7	  26,8	  28,1	  29,4	  26,4	  -6,6
s	   132,8189	 6	265,85	 94,57	  12,8	  24,2	  28,4	  28,9	  30,0	  30,5	  27,5	  -4,7
s	   132,8501	 7	 94,50	 95,36	  10,5	  22,7	  27,9	  28,6	  29,9	  30,3	  27,4	  -4,8
s	   132,8703	 6	265,84	 84,45	  13,5	  24,6	  28,7	  29,1	  30,3	  30,9	  27,5	  -4,7
s	   133,6335	 7	265,85	 96,99	  13,2	  24,5	  28,6	  29,0	  30,2	  30,8	  27,4	  -5,0
s	   133,7715	 5	283,19	 86,91	  14,4	  24,9	  28,9	  29,4	  30,6	  31,1	  27,6	  -4,8
s	   133,7868	 7	265,84	 81,86	  11,5	  23,2	  27,4	  27,6	  28,7	  30,0	  27,3	  -5,0
s	   133,9498	 7	248,07	 91,96	  11,5	  23,4	  28,8	  29,7	  30,9	  30,5	  27,3	  -5,0
s	   134,0532	 8	265,80	102,07	  12,5	  23,7	  27,6	  27,7	  29,0	  30,5	  27,0	  -5,4
s	   134,1469	 6	165,43	 90,01	  14,7	  24,8	  28,9	  29,7	  30,7	  30,1	  26,3	  -6,8
s	   134,2876	 6	283,20	 84,50	  14,0	  24,6	  28,6	  29,0	  30,2	  30,8	  27,2	  -5,2
s	   134,2941	 7	165,45	 92,42	  14,4	  24,7	  28,8	  29,6	  30,6	  30,0	  26,2	  -6,9
s	   134,3082	 8	265,79	 76,78	  10,2	  21,7	  25,7	  25,5	  26,7	  28,9	  26,2	  -7,0
s	   134,5316	 5	283,27	 89,52	  13,9	  25,0	  29,2	  30,0	  31,2	  30,6	  27,5	  -4,9
s	   134,6455	 8	265,84	 80,06	   9,2	  21,6	  26,9	  27,3	  28,5	  29,8	  27,2	  -5,3
s	   134,8595	 8	165,40	 85,00	  13,1	  23,7	  27,8	  28,3	  29,3	  29,6	  26,1	  -7,2
s	   134,8625	 8	265,85	 99,56	  11,2	  23,1	  27,3	  27,4	  28,6	  29,9	  27,1	  -5,3
s	   135,0287	 5	 58,52	 90,24	  13,9	  24,5	  28,7	  29,5	  30,6	  30,0	  26,4	  -6,8
s	   135,1633	 8	 94,43	 95,30	   9,5	  22,1	  27,5	  28,2	  29,4	  29,7	  27,1	  -5,4
s	   135,1752	 6	 58,51	 92,65	  13,7	  24,4	  28,6	  29,4	  30,5	  30,0	  26,3	  -6,9
s	   135,1920	 7	283,26	 94,52	  12,4	  23,9	  28,2	  28,6	  29,8	  30,1	  27,2	  -5,3
s	   135,2259	 6	 58,53	 87,66	  13,4	  23,9	  28,0	  28,4	  29,6	  30,0	  26,3	  -6,9
s	   135,4616	 7	284,25	 91,92	  12,2	  23,6	  28,9	  29,9	  31,1	  30,6	  27,2	  -5,3
s	   135,4681	 6	284,21	 86,94	  12,6	  24,1	  28,3	  28,7	  29,9	  30,3	  27,3	  -5,2
s	   135,7378	 7	 58,54	 85,27	  12,9	  23,9	  28,2	  28,6	  29,8	  30,0	  26,9	  -5,6
s	   135,7581	 8	283,16	 81,95	  11,9	  23,3	  27,5	  27,6	  28,8	  30,0	  27,1	  -5,5
s	   135,9794	 7	284,21	 84,55	  12,4	  24,0	  28,2	  28,6	  29,8	  30,3	  27,2	  -5,4
s	   135,9960	 8	283,26	 96,90	  12,2	  23,8	  28,1	  28,5	  29,7	  30,0	  27,0	  -5,5
s	   136,0348	 6	283,02	 86,95	  13,4	  24,3	  28,5	  28,9	  30,1	  30,5	  27,3	  -5,3
s	   136,1707	 7	283,20	 86,95	  12,4	  23,9	  28,1	  28,6	  29,7	  30,0	  27,1	  -5,4
s	   136,3650	 8	283,17	 99,67	  12,9	  23,6	  27,6	  27,9	  29,1	  29,5	  26,0	  -7,3
s	   136,4890	 8	 58,49	 97,60	  12,7	  23,9	  28,1	  28,5	  29,6	  29,9	  26,8	  -5,8
s	   136,5444	 7	283,02	 84,57	  13,1	  24,3	  28,4	  28,8	  30,0	  30,4	  27,1	  -5,5
s	   136,6400	 8	 58,55	 82,71	  11,9	  22,7	  26,7	  26,8	  27,9	  29,1	  26,0	  -7,4
s	   136,6799	 8	283,20	 84,57	  12,1	  23,8	  28,1	  28,5	  29,6	  30,0	  27,0	  -5,6
s	   137,0282	 6	 58,90	 90,25	  13,6	  24,7	  29,0	  29,8	  30,9	  30,2	  27,2	  -5,5
s	   137,1731	 7	 58,89	 92,62	  13,4	  24,6	  29,0	  29,7	  30,8	  30,2	  27,1	  -5,6
s	   137,2233	 7	 58,91	 87,69	  13,1	  24,1	  28,3	  28,8	  29,9	  30,2	  27,1	  -5,6
s	   137,2804	 7	165,65	 87,45	  13,8	  24,3	  28,3	  28,8	  29,9	  30,2	  26,7	  -5,9
s	   137,3263	 7	 58,74	 90,25	  12,6	  24,2	  28,7	  29,5	  30,5	  29,7	  27,0	  -5,6
s	   137,4711	 8	 58,73	 92,62	  12,4	  24,1	  28,6	  29,4	  30,4	  29,7	  26,9	  -5,8
s	   137,5211	 8	 58,75	 87,69	  12,1	  23,6	  28,0	  28,4	  29,5	  29,7	  26,9	  -5,8
s	   137,5377	 7	165,70	 90,01	  14,3	  24,9	  29,1	  29,9	  30,9	  30,2	  27,0	  -5,7
s	   137,6606	 7	164,96	 90,01	  14,8	  25,2	  29,2	  29,9	  31,0	  30,6	  25,9	  -7,5
s	   137,6786	 8	165,52	 90,01	  13,3	  24,4	  28,8	  29,6	  30,6	  29,7	  26,8	  -5,9
s	   137,6823	 8	165,72	 92,38	  14,0	  24,8	  29,1	  29,8	  30,8	  30,1	  26,8	  -5,9
s	   137,7151	 8	284,07	 91,89	  11,1	  23,0	  28,5	  29,5	  30,6	  30,0	  26,9	  -5,8
s	   137,7296	 8	 58,92	 85,32	  12,1	  23,6	  28,0	  28,4	  29,5	  29,7	  26,9	  -5,8
s	   137,7366	 8	165,70	 94,93	  13,5	  24,2	  28,2	  28,7	  29,8	  30,1	  26,6	  -6,1
s	   137,8051	 8	164,97	 92,38	  14,0	  25,0	  29,1	  29,8	  30,9	  30,4	  26,8	  -5,9
s	   137,8551	 8	164,94	 87,46	  13,5	  24,2	  28,2	  28,7	  29,7	  30,1	  25,8	  -7,7
s	   138,2761	 8	200,87	 89,77	  13,3	  24,4	  28,8	  29,6	  30,5	  29,7	  26,8	  -6,0
s	   140,1736	 7	199,87	 89,78	  13,4	  24,0	  28,3	  29,0	  30,1	  29,3	  25,7	  -8,0
s	   140,3161	 8	199,88	 92,11	  13,2	  24,0	  28,2	  29,0	  30,0	  29,2	  25,6	  -8,1
s	   140,6711	 8	165,91	 87,50	  12,9	  23,9	  28,1	  28,5	  29,6	  29,8	  26,6	  -6,4
s	   140,8309	 8	128,72	 95,06	   9,9	  21,6	  26,9	  27,6	  28,8	  29,0	  25,6	  -8,1
s	   141,4122	 5	248,98	 89,54	  13,6	  24,6	  28,9	  29,7	  30,8	  30,2	  26,9	  -6,1
s	   141,6028	 6	248,98	 87,04	  13,1	  24,1	  28,2	  28,7	  29,8	  30,2	  26,8	  -6,2
s	   142,0484	 7	249,00	 94,35	  11,4	  22,7	  26,9	  27,3	  28,4	  28,7	  25,6	  -8,2
s	   142,0972	 7	248,97	 84,73	  12,6	  23,8	  27,9	  28,3	  29,5	  29,9	  26,4	  -6,7
s	   142,6306	 5	 94,22	 90,31	  12,8	  24,3	  28,6	  29,4	  30,5	  30,0	  26,8	  -6,3
s	   142,7713	 6	 94,22	 92,61	  12,6	  24,3	  28,6	  29,3	  30,4	  29,9	  26,7	  -6,4
s	   142,8199	 6	 94,22	 87,82	  12,3	  23,7	  27,9	  28,4	  29,5	  29,9	  26,7	  -6,5
s	   142,8230	 8	249,00	 96,65	  12,4	  23,7	  27,8	  28,2	  29,4	  29,8	  26,2	  -6,9
s	   143,0445	 8	248,96	 82,09	  11,1	  22,5	  26,8	  27,2	  28,2	  28,3	  25,4	  -8,5
s	   143,2071	 8	199,53	 87,30	  11,6	  23,1	  27,5	  27,9	  29,0	  29,1	  26,2	  -7,0
s	   143,3112	 7	 94,22	 85,53	  12,0	  23,7	  27,8	  28,3	  29,4	  29,8	  26,6	  -6,6
s	   143,4563	 8	199,50	 89,78	  13,0	  24,1	  28,5	  29,3	  30,3	  29,4	  26,4	  -6,8
s	   143,5949	 6	249,23	 89,54	  12,5	  24,1	  28,5	  29,3	  30,3	  29,6	  26,6	  -6,6
s	   143,7832	 7	249,23	 87,07	  12,0	  23,5	  27,8	  28,2	  29,4	  29,6	  26,5	  -6,7
s	   143,7984	 7	249,07	 89,54	  11,6	  23,6	  28,2	  28,9	  30,0	  29,2	  26,5	  -6,7
s	   143,9866	 8	249,06	 87,08	  11,0	  23,0	  27,5	  27,9	  29,0	  29,1	  26,4	  -6,9
s	   144,0324	 8	 94,23	 97,37	  11,0	  23,2	  27,5	  27,9	  29,0	  29,3	  26,4	  -6,9
s	   144,2237	 8	249,24	 94,30	  11,0	  23,0	  27,4	  27,9	  29,0	  29,1	  26,4	  -6,9
s	   144,2525	 8	 94,22	 82,90	  11,8	  23,5	  27,7	  28,1	  29,2	  29,5	  26,4	  -6,9
s	   144,2720	 8	249,22	 84,79	  11,8	  23,4	  27,7	  28,1	  29,2	  29,5	  26,4	  -6,9
s	   144,2945	 8	298,03	 91,85	  10,8	  22,7	  28,2	  29,1	  30,3	  29,6	  26,4	  -6,9
s	   144,9533	 6	 94,17	 90,31	  11,7	  23,7	  28,2	  29,0	  30,0	  29,4	  26,5	  -6,8
s	   145,0922	 7	 94,17	 92,58	  11,5	  23,7	  28,1	  28,9	  30,0	  29,3	  26,4	  -7,0
s	   145,1402	 7	 94,17	 87,85	  11,2	  23,2	  27,5	  27,9	  29,1	  29,3	  26,4	  -7,0
s	   145,4147	 8	300,05	 91,84	  10,8	  22,7	  28,1	  29,1	  30,2	  29,5	  26,3	  -7,1
s	   145,6256	 8	 94,16	 85,59	  11,0	  23,1	  27,4	  27,8	  29,0	  29,3	  26,3	  -7,2
s	   146,1105	 6	282,29	 89,53	  13,9	  24,7	  28,9	  29,6	  30,7	  30,1	  26,4	  -7,0
s	   146,2486	 7	282,28	 91,79	  13,7	  24,6	  28,8	  29,5	  30,6	  30,1	  26,3	  -7,1
s	   146,7311	 8	282,28	 94,22	  11,7	  22,7	  26,9	  27,2	  28,3	  28,5	  25,1	  -9,1
s	   147,7729	 6	 77,03	 87,88	  12,8	  23,8	  27,9	  28,4	  29,5	  29,8	  26,3	  -7,3
s	   148,2516	 7	 77,03	 85,64	  12,3	  23,5	  27,6	  28,0	  29,2	  29,5	  25,9	  -7,7
s	   148,3844	 7	282,13	 89,53	  12,8	  24,1	  28,5	  29,2	  30,3	  29,5	  26,1	  -7,5
s	   148,5116	 8	282,30	 89,53	  11,9	  23,6	  28,1	  28,9	  29,9	  29,1	  26,0	  -7,6
s	   148,5209	 8	282,13	 91,76	  12,6	  24,0	  28,4	  29,1	  30,2	  29,5	  26,0	  -7,6
s	   148,5635	 7	 76,02	 87,89	  11,8	  23,3	  27,6	  28,0	  29,1	  29,3	  26,1	  -7,5
s	   149,0403	 8	 76,02	 85,66	  11,6	  23,2	  27,5	  27,9	  29,0	  29,3	  26,0	  -7,7
s	   150,1717	 8	 77,01	 87,91	  10,8	  22,8	  27,2	  27,6	  28,7	  28,8	  25,9	  -7,9
s	   152,0598	 7	127,01	 90,23	  12,9	  23,9	  28,2	  29,0	  30,0	  29,2	  25,8	  -8,2
s	   152,1937	 8	127,02	 92,43	  12,6	  23,9	  28,2	  28,9	  29,9	  29,1	  25,7	  -8,3
s	   152,2660	 7	128,11	 87,86	  11,6	  22,8	  26,9	  27,3	  28,5	  28,8	  24,8	 -10,0
s	   152,4142	 8	127,14	 90,23	  11,9	  23,5	  27,9	  28,7	  29,6	  28,7	  25,6	  -8,4
s	   152,7181	 6	297,65	 89,57	  12,1	  23,2	  27,6	  28,3	  29,4	  28,6	  24,9	  -9,9
s	   152,7339	 8	128,10	 85,68	  11,6	  22,7	  26,8	  27,2	  28,3	  28,6	  24,6	 -10,2
s	   152,8978	 7	297,66	 87,21	  11,6	  22,6	  26,8	  27,3	  28,4	  28,5	  24,7	 -10,1
s	   153,3181	 8	297,64	 94,10	  10,6	  22,0	  26,3	  26,7	  27,7	  27,8	  24,6	 -10,2
s	   153,3642	 8	297,67	 85,03	  11,9	  23,1	  27,3	  27,7	  28,8	  29,0	  25,4	  -8,7
s	   154,3854	 7	298,54	 89,57	  11,8	  23,4	  27,9	  28,7	  29,7	  28,8	  25,7	  -8,5
s	   154,4592	 8	128,89	 87,89	  10,6	  22,6	  27,0	  27,4	  28,5	  28,6	  25,5	  -8,7
s	   154,5636	 8	298,55	 87,23	  10,6	  22,4	  26,9	  27,4	  28,4	  28,3	  25,5	  -8,7
s	   154,7775	 7	297,34	 89,57	  11,8	  23,4	  27,9	  28,7	  29,7	  28,8	  25,6	  -8,6
s	   154,9554	 8	297,35	 87,23	  11,3	  22,8	  27,2	  27,6	  28,7	  28,7	  25,5	  -8,7
s	   155,0493	 8	297,49	 89,57	  10,8	  22,9	  27,6	  28,3	  29,3	  28,3	  25,5	  -8,7
s	   160,5961	 8	145,81	 90,14	  10,6	  22,2	  26,8	  27,6	  28,5	  27,4	  24,0	 -11,5
s	   161,0883	 8	 11,92	 87,74	  11,5	  22,6	  26,9	  27,3	  28,4	  28,3	  24,8	 -10,0
s	   161,3711	 8	 11,88	 90,00	  12,1	  23,2	  27,7	  28,5	  29,5	  28,3	  25,0	  -9,8
s	   161,4247	 8	 12,54	 90,01	  12,6	  23,5	  27,8	  28,5	  29,6	  28,7	  24,0	 -11,6
s	   162,9016	 6	265,44	 89,53	  10,9	  22,9	  27,4	  28,2	  29,2	  28,4	  25,1	  -9,8
s	   163,0286	 7	265,44	 91,61	  10,7	  22,9	  27,3	  28,1	  29,1	  28,4	  25,0	 -10,0
s	   163,0725	 7	265,44	 87,29	  10,4	  22,4	  26,7	  27,1	  28,2	  28,4	  25,0	 -10,0
s	   163,2977	 8	341,67	 89,80	  11,2	  22,4	  26,9	  27,7	  28,6	  27,5	  23,8	 -11,9
s	   163,4724	 8	265,44	 93,84	   9,4	  21,9	  26,4	  26,8	  27,8	  27,9	  24,8	 -10,2
s	   163,5162	 8	265,43	 85,21	  10,2	  22,3	  26,6	  27,0	  28,1	  28,3	  24,8	 -10,2
s	   165,2257	 7	265,48	 89,53	   9,9	  22,4	  27,0	  27,7	  28,7	  27,8	  24,8	 -10,3
s	   165,3513	 8	265,48	 91,59	   9,6	  22,3	  26,9	  27,7	  28,6	  27,8	  24,7	 -10,5
s	   165,3947	 8	265,48	 87,31	   9,4	  21,8	  26,3	  26,7	  27,8	  27,8	  24,7	 -10,5
s	   166,9473	 8	236,16	 89,59	  10,3	  22,4	  27,1	  27,8	  28,8	  27,7	  24,6	 -10,7
s	   167,6441	 7	281,00	 87,34	  11,0	  22,5	  26,7	  27,2	  28,2	  28,3	  24,6	 -10,7
s	   168,0783	 8	281,00	 85,31	  10,5	  22,2	  26,4	  26,8	  27,9	  28,0	  24,2	 -11,2
s	   168,5216	 8	 46,08	 90,21	  11,0	  22,6	  27,2	  28,0	  28,9	  27,8	  24,4	 -11,0
s	   169,9271	 8	280,88	 87,36	   9,9	  21,9	  26,3	  26,8	  27,8	  27,7	  24,3	 -11,2
s	   170,5261	 8	 45,30	 90,20	  10,9	  22,6	  27,1	  27,9	  28,8	  27,7	  24,3	 -11,3
s	   185,2280	 8	137,53	 90,19	   9,6	  21,2	  25,8	  26,5	  27,5	  26,2	  22,2	 -15,5
s	   190,0280	 8	168,84	 90,01	  11,6	  22,4	  26,6	  27,3	  28,2	  27,2	  22,5	 -14,8
s	   197,4841	 8	266,03	 89,54	   7,7	  20,7	  25,4	  26,1	  27,0	  25,8	  22,3	 -15,7
s	   200,0529	 8	254,05	 91,32	   7,8	  20,2	  25,7	  26,6	  27,6	  26,6	  22,1	 -16,1
s	   209,6149	 5	 92,22	 92,03	   9,6	  20,9	  26,0	  27,0	  28,1	  27,4	  21,8	 -17,3
s	   210,0621	 7	254,68	 89,55	   8,9	  21,0	  25,5	  26,2	  27,1	  25,9	  21,5	 -17,6
s	   210,5470	 7	 92,22	 95,55	   8,6	  20,1	  25,0	  25,6	  26,8	  27,0	  21,2	 -17,9
s	   210,9216	 8	117,51	 90,29	   7,9	  20,0	  24,6	  25,4	  26,2	  24,8	  20,3	 -19,7
s	   211,4084	 8	 92,23	 97,36	   6,1	  18,0	  23,0	  23,3	  24,4	  25,3	  20,3	 -19,7
s	   211,9417	 6	 92,20	 92,02	   8,6	  20,4	  25,6	  26,6	  27,7	  26,8	  21,5	 -17,8
s	   212,3143	 8	254,81	 89,55	   7,9	  20,4	  25,1	  25,8	  26,7	  25,3	  21,2	 -18,1
s	   212,3202	 6	 80,89	 92,01	   9,3	  20,7	  25,9	  26,8	  27,9	  27,0	  21,5	 -17,9
s	   212,8654	 8	 92,20	 95,50	   7,8	  19,8	  24,9	  25,4	  26,6	  26,7	  21,2	 -18,2
s	   213,2425	 8	 80,89	 95,49	   8,3	  19,8	  24,9	  25,4	  26,5	  26,6	  20,9	 -18,5
s	   214,6228	 7	 80,97	 91,99	   8,3	  20,1	  25,5	  26,4	  27,4	  26,4	  21,2	 -18,4
s	   214,7108	 8	 80,84	 91,99	   7,3	  19,7	  25,1	  26,1	  27,1	  26,0	  21,1	 -18,5
s	   219,9863	 4	 92,12	 90,33	  10,8	  21,7	  25,9	  26,6	  27,6	  26,6	  21,2	 -18,9
s	   220,1205	 5	 92,12	 88,57	  11,0	  21,6	  25,4	  25,8	  26,9	  27,0	  21,0	 -19,0
s	   220,3329	 6	 92,12	 93,32	   8,0	  19,6	  24,7	  25,3	  26,5	  26,4	  20,9	 -19,1
s	   220,4691	 6	 92,12	 86,94	  10,0	  21,1	  25,1	  25,5	  26,6	  26,5	  20,9	 -19,2
s	   221,0846	 7	 92,12	 85,19	   7,3	  18,8	  22,9	  22,9	  24,0	  24,6	  19,7	 -21,2
s	   221,8777	 8	 92,12	 83,58	   9,0	  20,2	  24,1	  24,1	  25,2	  26,2	  20,3	 -19,8
s	   222,3142	 5	 92,10	 90,33	   9,7	  21,2	  25,5	  26,2	  27,2	  26,1	  20,9	 -19,3
s	   222,4473	 6	 92,10	 88,59	  10,0	  21,1	  25,0	  25,4	  26,5	  26,5	  20,8	 -19,5
s	   222,5869	 5	 81,23	 90,33	  10,5	  21,5	  25,7	  26,4	  27,4	  26,3	  20,9	 -19,4
s	   222,7198	 6	 81,24	 88,59	  10,7	  21,3	  25,3	  25,6	  26,7	  26,6	  20,7	 -19,5
s	   222,7928	 7	 92,10	 86,97	   9,0	  20,6	  24,7	  25,1	  26,1	  26,0	  20,6	 -19,6
s	   222,9301	 7	 81,23	 93,29	   7,7	  19,4	  24,5	  25,2	  26,2	  26,1	  20,6	 -19,7
s	   223,0650	 7	 81,24	 86,97	   9,7	  20,9	  24,9	  25,3	  26,3	  26,2	  20,6	 -19,7
s	   223,4030	 8	 92,10	 85,24	   7,0	  19,2	  23,5	  23,6	  24,6	  25,1	  20,5	 -19,8
s	   223,6746	 8	 81,24	 85,24	   7,0	  18,5	  22,7	  22,8	  23,8	  24,2	  19,4	 -21,7
s	   224,8925	 6	 81,31	 90,33	   9,4	  20,9	  25,3	  26,0	  27,0	  25,7	  20,6	 -19,9
s	   224,9772	 7	 81,18	 90,33	   8,4	  20,5	  25,0	  25,7	  26,6	  25,3	  20,5	 -20,0
s	   225,0242	 7	 81,31	 88,60	   9,7	  20,8	  24,9	  25,2	  26,3	  26,1	  20,5	 -20,0
s	   225,1088	 8	 81,18	 88,60	   8,7	  20,3	  24,6	  24,9	  25,9	  25,6	  20,4	 -20,1
s	   225,3664	 8	 81,31	 87,00	   8,7	  20,3	  24,5	  24,9	  25,9	  25,6	  20,3	 -20,2
s	   227,0244	 8	105,01	 88,61	   7,9	  19,9	  24,2	  24,6	  25,6	  25,1	  20,2	 -20,4
s	   227,7772	 6	103,54	 90,32	   9,3	  20,8	  25,2	  25,9	  26,9	  25,6	  20,4	 -20,3
s	   227,8741	 7	103,55	 91,91	   9,1	  20,8	  25,2	  25,8	  26,8	  25,5	  20,3	 -20,4
s	   228,2462	 8	103,54	 87,03	   7,8	  19,8	  24,2	  24,6	  25,5	  25,1	  20,1	 -20,6
s	   228,7995	 8	104,27	 88,62	   7,1	  19,5	  23,9	  24,3	  25,3	  24,9	  20,1	 -20,7
s	   230,0393	 7	103,43	 90,32	   8,3	  20,3	  24,8	  25,5	  26,4	  25,0	  20,1	 -20,8
s	   230,1791	 8	103,54	 90,32	   7,3	  19,9	  24,5	  25,2	  26,1	  24,6	  20,0	 -20,9
s	   230,2543	 7	267,18	 92,81	   7,5	  19,3	  24,3	  24,9	  26,0	  26,0	  20,1	 -20,8
s	   230,9076	 8	104,03	 88,63	   7,0	  19,4	  23,9	  24,3	  25,2	  24,8	  20,0	 -21,0
s	   232,5788	 8	267,20	 92,79	   6,4	  18,7	  23,9	  24,5	  25,6	  25,4	  19,9	 -21,3
s	   232,7590	 8	277,68	 92,79	   7,2	  19,0	  24,2	  24,7	  25,8	  25,6	  19,8	 -21,3
s	   240,2987	 5	267,27	 89,55	   9,2	  20,6	  24,9	  25,6	  26,6	  25,3	  19,7	 -22,2
s	   240,4234	 6	267,27	 87,91	   9,4	  20,5	  24,5	  24,8	  25,9	  25,7	  19,5	 -22,3
s	   240,7472	 7	267,27	 86,40	   8,4	  20,0	  24,1	  24,5	  25,5	  25,2	  19,4	 -22,5
s	   241,2234	 8	267,27	 94,21	   7,9	  19,7	  23,8	  24,1	  25,1	  24,9	  19,0	 -22,9
s	   241,3192	 8	267,27	 84,77	   6,4	  18,1	  22,2	  22,2	  23,2	  23,7	  18,2	 -24,4
s	   242,6269	 6	267,29	 89,55	   8,1	  20,1	  24,5	  25,2	  26,1	  24,8	  19,4	 -22,6
s	   242,7161	 6	277,39	 89,55	   8,9	  20,4	  24,7	  25,4	  26,3	  25,0	  19,4	 -22,6
s	   242,7506	 7	267,29	 87,93	   8,4	  20,0	  24,1	  24,4	  25,4	  25,2	  19,3	 -22,8
s	   242,8397	 7	277,39	 87,93	   9,1	  20,2	  24,3	  24,6	  25,6	  25,3	  19,3	 -22,8
s	   243,0718	 8	267,29	 86,42	   7,4	  19,5	  23,8	  24,1	  25,0	  24,7	  19,2	 -22,9
s	   243,1608	 8	277,39	 86,43	   8,1	  19,8	  24,0	  24,3	  25,3	  24,9	  19,1	 -22,9
s	   244,4266	 8	113,43	 90,31	   7,6	  19,7	  24,3	  25,0	  25,8	  24,2	  19,1	 -23,1
s	   245,0249	 7	277,33	 89,55	   7,8	  19,8	  24,3	  25,1	  25,9	  24,4	  19,1	 -23,1
s	   245,1476	 8	277,33	 87,94	   8,1	  19,7	  23,9	  24,3	  25,2	  24,8	  19,0	 -23,2
s	   247,5176	 8	256,01	 87,96	   7,2	  19,2	  23,6	  24,0	  24,9	  24,3	  18,9	 -23,6
s	   247,5501	 7	256,62	 89,56	   7,7	  19,8	  24,3	  25,0	  25,8	  24,3	  19,0	 -23,5
s	   247,6404	 8	256,63	 91,04	   7,5	  19,7	  24,2	  24,9	  25,7	  24,3	  18,9	 -23,6
s	   248,3549	 8	255,96	 89,56	   6,7	  19,3	  23,9	  24,6	  25,4	  23,8	  18,8	 -23,7
s	   257,3917	 8	 81,53	 90,34	   6,5	  19,0	  23,7	  24,4	  25,1	  23,5	  18,2	 -25,1
#END
