#HEADER
CATT-Acoustic v8.0b    Copyright © CATT 1988-2003

 Project                : Aula Optica 

 GEOMETRICAL INFORMATION
 Src id and loc     [m] :   A0           0,400        0,600        1,300
 Rec id and loc     [m] :   13          13,000        4,600        1,200

 13       38,5060

 VARIABLE SOURCE DATA
 Directivity
   Type (library)       :  OMNI.SD0
   Dir. Index (DI) [dB] :       0,0      0,0      0,0      0,0      0,0      0,0      0,0      0,0
 Level
   On axis 1m      [dB] :      54,1     63,1     66,8     67,7     69,4     70,6     70,6     54,2
   Total power     [dB] :      65,0     74,0     77,7     78,6     80,3     81,5     81,5     65,1
   Auxiliary delay [ms] :       0,0

 VARIABLE AIR DATA
 Temperature       [°C] :      20
 Relative humidity  [%] :      50
 Density        [kg/m³] :       1,2
 Sound speed      [m/s] :     343
 Impedance      [Ns/m³] :     412
 Diss. coeff. [0.001/m] :      0,10     0,30     0,63     1,07     2,28     6,83    24,23    83,90      (estimated)

#DATAFIELDS
 TYPE DELAY ORDER AZIMUTH ELEVATION SPL125 SPL250 SPL500 SPL1K SPL2K SPL4K SPL8K SPL16K
#DATA
d	     0,0000	 0	107,13	 90,02	  31,7	  40,7	  44,3	  45,2	  46,8	  47,8	  46,8	  27,0
s	     0,6814	 1	107,16	101,17	  30,8	  40,0	  43,7	  44,5	  46,1	  47,1	  46,0	  26,2
*	    27,1120	 1	314,23	103,83	  -8,1	   1,0	   4,7	   5,5	   7,1	   7,9	   6,1	 -16,1
*	    19,9745	 1	277,83	109,42	  -3,0	   6,2	   9,8	  10,6	  12,2	  13,1	  11,5	 -10,1
*	    19,9985	 1	232,80	106,37	  -4,7	   4,5	   8,2	   9,0	  10,6	  11,4	   9,9	 -11,8
*	    16,2535	 1	351,02	108,97	  -2,4	   6,8	  10,5	  11,3	  12,9	  13,8	  12,3	  -9,0
*	     5,9016	 1	322,96	149,27	  11,4	  20,6	  24,3	  25,1	  26,7	  27,7	  26,4	   6,1
*	     7,2529	 1	187,78	117,30	   4,0	  13,1	  16,8	  17,6	  19,3	  20,2	  18,9	  -1,5
*	    11,5539	 1	 33,21	106,03	  -2,5	   6,6	  10,3	  11,1	  12,7	  13,6	  12,3	  -8,6
*	     2,4228	 1	 74,36	115,74	   5,0	  14,2	  17,8	  18,7	  20,3	  21,3	  20,1	   0,1
*	     1,8976	 1	130,56	109,98	   3,0	  12,2	  15,9	  16,7	  18,3	  19,3	  18,2	  -1,8
*	    11,4528	 1	 54,78	101,07	  -5,2	   4,0	   7,6	   8,5	  10,1	  11,0	   9,6	 -11,2
*	     3,1332	 1	 81,45	103,05	  -0,6	   8,6	  12,3	  13,1	  14,7	  15,7	  14,6	  -5,6
*	     0,7488	 1	110,90	102,11	   0,5	   9,6	  13,3	  14,1	  15,8	  16,7	  15,7	  -4,2
*	    13,9491	 1	 64,87	 98,10	  -7,3	   1,9	   5,6	   6,4	   8,0	   8,9	   7,4	 -13,6
*	     5,1752	 1	 83,64	 98,76	  -2,4	   6,8	  10,5	  11,3	  12,9	  13,9	  12,7	  -7,6
*	     0,9107	 1	103,28	 98,47	   1,2	  10,3	  14,0	  14,8	  16,5	  17,4	  16,4	  -3,5
s	     0,9145	 1	107,10	 78,08	  29,2	  38,3	  42,0	  42,5	  44,1	  45,9	  45,2	  24,5
*	    35,4273	 1	246,32	 76,59	  -9,7	   0,1	   4,0	   4,7	   6,3	   7,8	   6,2	 -15,1
*	    35,2084	 1	272,16	 75,47	  -9,0	   0,8	   4,7	   5,4	   7,0	   8,5	   6,9	 -14,3
*	    39,7567	 1	297,04	 77,04	 -11,0	  -1,2	   2,7	   3,4	   5,0	   6,4	   4,8	 -16,9
*	    20,3587	 1	230,31	 69,36	  -2,0	   7,9	  11,8	  12,5	  14,1	  15,7	  14,5	  -5,4
*	    19,4116	 1	274,55	 64,15	   0,4	  10,3	  14,1	  14,9	  16,5	  18,1	  16,9	  -2,9
*	    25,6285	 1	314,28	 70,95	  -4,1	   5,8	   9,6	  10,4	  11,9	  13,5	  12,2	  -8,2
*	     8,2566	 1	186,25	 59,78	   5,4	  15,3	  19,2	  19,9	  21,5	  23,2	  22,4	   3,5
*	     5,8651	 1	311,93	 15,24	  13,3	  23,2	  27,0	  27,8	  29,4	  31,1	  30,3	  11,7
*	    14,7425	 1	353,98	 64,34	   1,8	  11,7	  15,6	  16,3	  17,9	  19,6	  18,5	  -0,9
*	     2,7689	 1	134,81	 67,68	   5,1	  15,0	  18,8	  19,6	  21,2	  22,9	  22,2	   3,8
*	     2,2257	 1	 83,30	 59,88	   7,8	  17,7	  21,5	  22,3	  23,9	  25,6	  24,9	   6,6
*	    10,1173	 1	 38,67	 69,77	   1,4	  11,3	  15,1	  15,9	  17,5	  19,2	  18,3	  -0,8
*	     1,2234	 1	115,00	 76,26	   3,3	  13,1	  17,0	  17,8	  19,4	  21,1	  20,5	   2,2
*	     2,5548	 1	 86,57	 74,86	   2,9	  12,7	  16,6	  17,4	  19,0	  20,7	  20,0	   1,6
*	     9,9148	 1	 59,42	 76,80	  -1,3	   8,6	  12,4	  13,2	  14,8	  16,5	  15,6	  -3,4
*	     0,9812	 1	106,85	 80,54	   4,4	  14,3	  18,2	  18,9	  20,6	  22,3	  21,6	   3,4
*	     4,1168	 1	 87,59	 80,11	   1,6	  11,4	  15,3	  16,1	  17,7	  19,4	  18,6	   0,1
*	    12,1132	 1	 68,74	 80,73	  -3,2	   6,7	  10,6	  11,3	  12,9	  14,6	  13,6	  -5,6
*	     2,1925	 1	102,57	 82,91	   9,3	  19,1	  23,0	  23,8	  25,4	  27,1	  26,4	   8,1
*	     7,8182	 1	 88,08	 82,73	   1,4	  11,3	  15,2	  15,9	  17,5	  19,2	  18,4	  -0,5
*	    16,7806	 1	 73,77	 83,00	  -4,8	   5,0	   8,9	   9,7	  11,3	  12,9	  11,8	  -7,8
s	     1,1976	 1	111,95	 90,02	  30,2	  39,7	  43,5	  44,4	  46,0	  46,8	  46,1	  26,2
*	     1,6688	 1	112,14	 86,66	  11,4	  20,9	  24,7	  25,6	  27,2	  28,0	  27,3	   7,3
s	     1,8587	 2	111,98	100,84	  29,8	  39,5	  43,3	  44,2	  45,8	  46,6	  45,9	  25,9
s	     2,0851	 2	111,91	 78,43	  28,8	  38,5	  42,4	  43,0	  44,5	  46,2	  45,8	  25,8
s	     2,2270	 1	106,14	 90,05	  30,0	  39,5	  43,3	  44,2	  45,8	  46,6	  45,9	  25,9
*	    27,1523	 1	 69,64	 91,49	  -8,8	   0,7	   4,5	   5,4	   6,9	   7,6	   6,2	 -16,0
*	    14,1112	 1	 85,13	 91,58	  -0,8	   8,7	  12,5	  13,4	  14,9	  15,7	  14,6	  -6,4
*	     4,2492	 1	101,28	 91,55	  15,6	  25,1	  28,9	  29,8	  31,4	  32,2	  31,4	  11,2
*	    22,1554	 1	 75,28	 85,96	 -17,8	  -8,7	  -5,0	  -4,2	  -2,6	  -1,7	   0,6	 -19,5
*	    21,8944	 1	 75,27	 88,65	 -17,7	  -8,5	  -4,9	  -4,0	  -2,4	  -1,6	   0,7	 -19,3
*	    19,9232	 1	 77,92	 85,92	 -16,5	  -7,4	  -3,7	  -2,9	  -1,3	  -0,4	   2,0	 -17,9
*	    19,6461	 1	 77,92	 88,65	 -16,4	  -7,2	  -3,5	  -2,7	  -1,1	  -0,3	   2,1	 -17,7
*	    17,7789	 1	 80,63	 85,89	 -15,2	  -6,0	  -2,3	  -1,5	   0,1	   1,0	   3,4	 -16,3
*	    17,4830	 1	 80,62	 88,63	 -15,0	  -5,8	  -2,1	  -1,3	   0,3	   1,1	   3,6	 -16,1
*	    15,7262	 1	 83,36	 85,86	 -13,7	  -4,5	  -0,8	  -0,0	   1,6	   2,5	   5,0	 -14,6
*	    15,4076	 1	 83,36	 88,62	 -13,5	  -4,3	  -0,6	   0,2	   1,8	   2,7	   5,2	 -14,3
*	    13,7688	 1	 86,12	 85,85	 -12,1	  -2,9	   0,8	   1,6	   3,2	   4,1	   6,6	 -12,7
*	    13,4220	 1	 86,12	 88,62	 -11,8	  -2,6	   1,0	   1,9	   3,5	   4,4	   6,9	 -12,4
*	    11,9110	 1	 88,90	 85,84	 -10,3	  -1,1	   2,6	   3,4	   5,0	   5,9	   8,5	 -10,7
*	    11,5282	 1	 88,90	 88,61	 -10,0	  -0,8	   2,9	   3,7	   5,3	   6,2	   8,8	 -10,3
*	    10,1588	 1	 91,69	 85,84	  -8,3	   0,9	   4,6	   5,4	   7,0	   7,9	  10,6	  -8,5
*	     9,7283	 1	 91,69	 88,61	  -7,8	   1,3	   5,0	   5,8	   7,4	   8,4	  11,0	  -8,0
*	     8,5218	 1	 94,46	 85,86	  -6,0	   3,2	   6,9	   7,7	   9,3	  10,2	  12,9	  -6,0
*	     8,0247	 1	 94,46	 88,62	  -5,4	   3,8	   7,5	   8,3	   9,9	  10,9	  13,6	  -5,3
*	     7,0184	 1	 97,22	 85,88	  -3,3	   5,9	   9,6	  10,4	  12,0	  12,9	  15,7	  -3,1
*	     6,4225	 1	 97,22	 88,63	  -2,3	   6,8	  10,5	  11,4	  13,0	  13,9	  16,7	  -2,0
*	     5,6890	 1	 99,93	 85,91	  -0,1	   9,1	  12,8	  13,6	  15,2	  16,2	  18,9	   0,3
*	     4,9344	 1	 99,94	 88,64	   1,6	  10,8	  14,4	  15,3	  16,9	  17,8	  20,6	   2,1
*	     4,2797	 1	109,00	 83,44	   3,5	  12,6	  16,3	  17,2	  18,8	  19,5	  19,6	   1,1
*	     3,1566	 1	110,12	 83,05	   2,0	  11,0	  14,8	  15,7	  17,2	  18,0	  18,1	  -0,3
*	     2,6241	 1	111,38	 82,62	  -0,3	   8,7	  12,5	  13,3	  14,9	  15,7	  15,8	  -2,6
*	     2,4040	 1	112,79	 82,14	  -2,5	   6,6	  10,3	  11,2	  12,8	  13,6	  13,6	  -4,7
*	     2,3570	 1	114,39	 81,61	  -4,3	   4,8	   8,6	   9,4	  11,0	  11,8	  11,9	  -6,5
*	     2,4210	 1	116,20	 81,02	  -5,6	   3,4	   7,2	   8,0	   9,6	  10,4	  10,5	  -7,9
*	     2,5690	 1	118,28	 80,35	  -6,7	   2,3	   6,1	   7,0	   8,5	   9,3	   9,4	  -9,0
*	     2,3732	 1	122,33	 99,40	 -16,6	  -7,1	  -3,3	  -2,4	  -0,8	   0,0	  -0,7	 -20,7
s	     2,3974	 2	106,92	 90,05	  29,0	  39,0	  43,0	  43,8	  45,4	  46,1	  45,7	  25,7
s	     2,8717	 2	106,17	100,59	  29,6	  39,3	  43,1	  44,0	  45,5	  46,4	  45,6	  25,5
s	     2,9782	 2	107,19	112,30	  28,6	  37,9	  41,5	  42,0	  43,6	  45,4	  44,6	  23,7
s	     3,0395	 3	106,95	100,55	  28,6	  38,8	  42,8	  43,6	  45,1	  45,9	  45,5	  25,4
s	     3,0925	 2	106,12	 78,74	  28,6	  38,3	  42,2	  42,8	  44,3	  45,9	  45,6	  25,5
s	     3,1985	 2	107,08	 67,87	  29,0	  38,5	  42,2	  42,7	  44,3	  46,1	  45,3	  25,2
s	     3,2594	 3	106,90	 78,79	  27,6	  37,8	  41,8	  42,4	  43,9	  45,4	  45,4	  25,3
s	     4,0921	 3	112,02	111,69	  28,1	  38,1	  41,9	  42,5	  44,0	  45,7	  45,2	  25,0
s	     4,3067	 3	111,88	 68,47	  28,1	  38,0	  41,9	  42,4	  44,0	  45,6	  45,2	  24,9
s	     5,0532	 3	106,19	111,22	  27,9	  37,9	  41,7	  42,3	  43,8	  45,5	  45,0	  24,7
s	     5,2126	 4	106,98	111,13	  26,9	  37,4	  41,4	  41,9	  43,4	  45,0	  44,8	  24,5
s	     5,2630	 3	106,09	 68,99	  27,9	  37,8	  41,7	  42,2	  43,8	  45,4	  44,9	  24,6
s	     5,4216	 4	106,87	 69,07	  26,9	  37,4	  41,3	  41,9	  43,4	  44,9	  44,8	  24,5
*	     5,8266	 1	109,41	 83,69	  -2,6	   6,9	  10,7	  11,5	  13,1	  13,9	  13,1	  -7,2
s	     6,3504	 3	107,22	121,32	  28,2	  37,8	  41,5	  42,0	  43,6	  45,4	  44,4	  24,1
*	     6,4492	 1	 94,42	 94,57	  -5,1	   4,6	   9,4	  10,5	  12,1	  13,0	  11,9	  -8,5
*	    12,2028	 1	 84,82	 94,58	 -11,5	  -1,8	   3,0	   4,1	   5,7	   6,6	   5,3	 -15,6
*	    19,0588	 1	 75,49	 94,45	 -16,1	  -6,5	  -1,7	  -0,6	   1,0	   1,8	   0,4	 -21,1
s	     6,9591	 3	107,05	 58,33	  26,5	  36,1	  39,7	  39,9	  41,5	  44,1	  43,5	  22,3
s	     7,3826	 4	112,05	120,54	  27,3	  37,4	  41,2	  41,7	  43,3	  45,0	  44,3	  23,8
s	     8,2761	 4	106,22	119,92	  27,1	  37,2	  41,0	  41,5	  43,1	  44,8	  44,1	  23,6
s	     8,2833	 4	111,84	 58,50	  27,1	  37,1	  41,0	  41,5	  43,1	  44,6	  44,1	  23,6
s	     8,4246	 5	107,00	119,82	  26,1	  36,7	  40,7	  41,2	  42,7	  44,3	  44,0	  23,4
s	     8,8600	 4	106,07	 59,77	  26,0	  36,2	  40,0	  40,3	  41,8	  44,3	  44,0	  23,4
s	     9,0066	 5	106,84	 59,87	  25,0	  35,7	  39,7	  39,9	  41,5	  43,8	  43,9	  23,2
s	    11,0312	 4	107,25	129,44	  25,6	  35,3	  38,9	  39,1	  40,7	  43,2	  42,5	  20,9
s	    11,3998	 4	107,02	 50,95	  26,0	  35,9	  39,6	  39,8	  41,4	  44,0	  43,2	  22,4
s	    11,4202	 7	117,89	117,87	  22,4	  34,2	  39,4	  40,1	  41,6	  43,1	  43,1	  22,3
s	    12,3295	 5	112,09	129,09	  26,1	  36,3	  40,2	  40,7	  42,2	  43,8	  43,2	  22,2
s	    12,3295	 5	111,81	 51,80	  25,1	  35,5	  39,4	  39,6	  41,1	  43,6	  43,2	  22,2
s	    12,7814	 5	106,25	127,88	  25,0	  35,5	  39,3	  39,5	  41,1	  43,5	  43,1	  22,1
s	    12,9169	 6	107,03	127,76	  24,0	  35,0	  38,9	  39,2	  40,7	  43,0	  42,9	  21,9
s	    13,1375	 5	106,04	 52,52	  25,0	  35,4	  39,2	  39,4	  41,0	  43,4	  43,0	  22,0
s	    13,2720	 6	106,82	 52,64	  24,0	  34,9	  38,9	  39,1	  40,6	  42,9	  42,8	  21,8
s	    15,0694	 1	 42,76	 90,01	  27,6	  36,6	  40,4	  41,3	  42,8	  43,5	  42,0	  20,1
*	    18,6491	 1	 62,06	 93,10	   1,7	  10,7	  14,5	  15,4	  16,9	  17,6	  17,2	  -2,5
*	    16,8433	 1	 57,80	 93,46	   2,6	  11,6	  15,4	  16,2	  17,8	  18,5	  18,2	  -1,5
*	    15,6825	 1	 52,19	 93,91	   3,4	  12,5	  16,2	  17,1	  18,7	  19,4	  19,1	  -0,4
*	    15,8668	 1	 52,25	 83,31	   3,3	  12,4	  16,1	  17,0	  18,6	  19,3	  19,0	  -0,6
*	    15,1776	 1	 44,65	 94,45	   4,3	  13,4	  17,1	  18,0	  19,6	  20,3	  20,0	   0,5
*	    15,3786	 1	 44,72	 82,12	   4,2	  13,3	  17,0	  17,9	  19,4	  20,1	  19,9	   0,4
*	    15,4175	 1	 34,44	 95,05	   5,2	  14,3	  18,0	  18,9	  20,4	  21,1	  20,9	   1,4
*	    15,6386	 1	 34,54	 80,75	   5,1	  14,1	  17,9	  18,7	  20,3	  21,0	  20,7	   1,2
*	    16,5949	 1	 20,90	 95,59	   5,8	  14,8	  18,6	  19,5	  21,0	  21,7	  21,4	   1,8
*	    16,8356	 1	 21,02	 79,39	   5,6	  14,6	  18,4	  19,3	  20,8	  21,5	  21,2	   1,6
*	    18,9736	 1	  4,38	 95,84	   5,6	  14,7	  18,4	  19,3	  20,8	  21,5	  21,2	   1,3
*	    19,2246	 1	  4,52	 78,51	   5,4	  14,5	  18,2	  19,1	  20,6	  21,3	  20,9	   1,1
*	    22,7285	 1	347,02	 95,58	   4,4	  13,4	  17,2	  18,0	  19,6	  20,2	  19,8	  -0,4
*	    22,9725	 1	347,16	 78,60	   4,2	  13,2	  17,0	  17,8	  19,4	  20,0	  19,6	  -0,6
*	    27,7653	 1	331,67	 94,93	   2,2	  11,2	  14,9	  15,8	  17,3	  17,9	  17,3	  -3,2
*	    27,9876	 1	331,79	 79,51	   2,0	  11,0	  14,8	  15,6	  17,2	  17,8	  17,2	  -3,4
*	    33,7791	 1	319,66	 94,17	  -0,6	   8,4	  12,2	  13,0	  14,6	  15,1	  14,4	  -6,7
*	    33,9748	 1	319,75	 80,75	  -0,7	   8,3	  12,1	  12,9	  14,4	  15,0	  14,3	  -6,9
*	    40,4555	 1	310,74	 93,48	  -3,4	   5,6	   9,3	  10,2	  11,7	  12,2	  11,3	 -10,4
*	    40,6262	 1	310,81	 81,95	  -3,5	   5,5	   9,2	  10,1	  11,6	  12,1	  11,2	 -10,5
s	    15,5612	 2	 42,71	 98,06	  27,8	  37,0	  40,8	  41,6	  43,2	  43,9	  42,6	  21,4
s	    15,7304	 2	 42,81	 81,36	  26,3	  35,4	  39,1	  39,6	  41,2	  42,7	  41,8	  19,8
s	    16,1138	 5	107,28	135,63	  25,0	  35,1	  38,8	  38,9	  40,5	  43,1	  42,2	  20,9
s	    16,1231	 7	116,95	 54,14	  22,3	  33,7	  38,8	  39,6	  41,1	  42,5	  42,2	  20,9
s	    16,6917	 2	 44,52	 90,03	  27,1	  36,7	  40,6	  41,4	  42,9	  43,5	  42,6	  21,3
s	    16,9462	 5	106,99	 44,43	  23,3	  33,4	  37,0	  36,8	  38,4	  41,7	  41,2	  19,1
s	    16,9646	 6	112,12	134,74	  23,9	  34,5	  38,3	  38,5	  40,0	  42,5	  41,9	  20,5
s	    17,1691	 3	 44,48	 97,85	  26,8	  36,5	  40,5	  41,3	  42,8	  43,4	  42,4	  21,1
s	    17,2483	 3	 42,66	106,40	  25,8	  35,1	  38,8	  39,3	  40,9	  42,4	  41,4	  19,2
s	    17,3335	 3	 44,57	 81,63	  25,8	  35,6	  39,5	  40,1	  41,6	  43,0	  42,4	  21,0
s	    17,4124	 3	 42,86	 73,68	  26,3	  35,8	  39,5	  40,1	  41,6	  43,1	  42,1	  20,8
s	    17,6667	 2	 40,32	 90,01	  27,0	  36,5	  40,4	  41,3	  42,8	  43,4	  42,4	  21,0
s	    17,7060	 6	106,27	134,02	  24,0	  34,6	  38,4	  38,6	  40,2	  42,6	  42,0	  20,6
s	    17,8296	 7	107,06	133,90	  23,0	  34,1	  38,1	  38,3	  39,8	  42,1	  41,8	  20,4
s	    18,0491	 3	 40,76	 90,02	  25,9	  36,0	  40,0	  40,9	  42,4	  42,9	  42,2	  20,8
s	    18,1360	 3	 40,27	 97,69	  26,7	  36,4	  40,3	  41,1	  42,6	  43,3	  42,2	  20,8
s	    18,1989	 6	111,77	 44,88	  23,2	  33,7	  37,6	  37,8	  39,3	  41,5	  40,9	  18,7
s	    18,2975	 3	 40,37	 81,76	  25,6	  35,4	  39,4	  39,9	  41,4	  42,8	  42,2	  20,7
s	    18,5152	 6	106,01	 46,05	  22,9	  33,6	  37,4	  37,3	  38,9	  42,0	  41,8	  20,3
s	    18,5152	 4	 40,72	 97,65	  25,7	  35,9	  39,9	  40,7	  42,2	  42,7	  42,0	  20,6
s	    18,6370	 7	106,79	 46,16	  21,9	  33,1	  37,0	  37,0	  38,5	  41,6	  41,7	  20,2
s	    18,6756	 4	 40,82	 81,82	  24,6	  34,9	  39,0	  39,6	  41,0	  42,3	  42,0	  20,5
s	    18,8090	 4	 44,43	105,96	  25,3	  35,3	  39,2	  39,8	  41,3	  42,7	  42,0	  20,5
s	    18,9686	 4	 44,62	 74,15	  25,3	  35,3	  39,2	  39,7	  41,2	  42,7	  42,0	  20,4
s	    19,7486	 4	 40,22	105,68	  25,2	  35,2	  39,1	  39,6	  41,1	  42,5	  41,8	  20,2
s	    19,8010	 4	 42,61	113,57	  25,7	  35,4	  39,1	  39,6	  41,2	  42,7	  41,6	  20,0
s	    19,9057	 4	 40,42	 74,39	  25,2	  35,2	  39,1	  39,6	  41,1	  42,5	  41,8	  20,2
s	    20,1174	 5	 40,66	105,58	  24,2	  34,7	  38,7	  39,3	  40,7	  42,0	  41,6	  20,0
s	    20,2706	 4	 42,92	 66,04	  24,1	  33,7	  37,4	  37,6	  39,1	  41,4	  40,7	  18,3
s	    20,2735	 5	 40,87	 74,50	  24,1	  34,6	  38,7	  39,2	  40,7	  42,0	  41,6	  20,0
s	    20,6029	 5	 44,39	111,30	  22,8	  33,5	  38,5	  39,3	  40,8	  42,2	  41,5	  19,9
*	    21,0255	 1	 59,98	 87,22	   1,3	  10,4	  14,1	  14,9	  16,5	  17,4	  15,8	  -5,9
*	    24,7937	 1	 64,60	 87,69	  -0,1	   9,1	  12,8	  13,6	  15,2	  16,0	  14,3	  -7,8
s	    21,7530	 5	 44,67	 66,68	  23,6	  33,9	  37,8	  38,1	  39,6	  41,8	  41,3	  19,6
s	    22,1711	 6	107,31	141,07	  22,3	  32,5	  36,1	  36,0	  37,6	  40,9	  40,1	  17,6
s	    22,1963	 5	 40,17	112,58	  24,6	  34,8	  38,7	  39,2	  40,7	  42,1	  41,3	  19,5
s	    22,5502	 6	 40,62	112,45	  23,6	  34,3	  38,3	  38,8	  40,3	  41,6	  41,1	  19,3
s	    22,6224	 6	106,96	 39,50	  22,8	  33,1	  36,8	  36,7	  38,3	  41,6	  40,8	  19,0
s	    22,6474	 5	 40,47	 67,02	  23,5	  33,8	  37,7	  37,9	  39,4	  41,6	  41,2	  19,3
s	    22,8398	 5	 42,95	 61,17	  22,0	  32,4	  37,3	  37,8	  39,4	  41,7	  40,9	  19,0
s	    22,9988	 6	 40,92	 67,17	  22,5	  33,3	  37,3	  37,6	  39,0	  41,1	  41,0	  19,1
s	    23,3838	 7	112,16	140,54	  22,2	  32,9	  36,8	  36,9	  38,4	  40,7	  39,8	  17,1
s	    23,3838	 7	111,74	 40,35	  21,7	  32,6	  36,4	  36,3	  37,8	  41,0	  40,6	  18,7
s	    23,6082	 7	106,30	139,48	  21,9	  32,8	  36,6	  36,5	  38,0	  41,2	  40,8	  18,9
s	    23,7201	 8	107,09	139,36	  20,9	  32,3	  36,3	  36,1	  37,6	  40,7	  40,7	  18,7
s	    24,0492	 7	105,99	 41,09	  21,8	  32,7	  36,5	  36,4	  38,0	  41,1	  40,7	  18,7
s	    24,1603	 8	106,77	 41,20	  20,9	  32,2	  36,2	  36,1	  37,6	  40,7	  40,6	  18,6
s	    24,2616	 6	 44,71	 61,90	  21,1	  32,0	  37,0	  37,5	  39,0	  41,2	  40,8	  18,8
s	    25,7326	 6	 40,11	119,33	  22,9	  33,3	  37,2	  37,4	  38,9	  41,1	  40,5	  18,4
s	    26,0173	 6	 40,52	 60,83	  22,8	  33,3	  37,2	  37,4	  38,9	  41,1	  40,5	  18,3
s	    26,0672	 7	 40,56	119,17	  21,8	  32,8	  36,9	  37,1	  38,5	  40,6	  40,4	  18,2
*	    26,3472	 1	 69,24	 90,71	  -9,3	  -0,2	   3,5	   4,4	   5,9	   6,5	   6,0	 -14,5
*	    26,4693	 1	 69,23	 93,05	  -9,3	  -0,3	   3,5	   4,3	   5,9	   6,5	   5,9	 -14,6
s	    26,3504	 7	 40,97	 61,00	  21,8	  32,8	  36,8	  37,0	  38,5	  40,6	  40,3	  18,1
*	    28,0496	 1	 68,36	 86,10	 -21,0	 -12,0	  -8,3	  -7,4	  -5,9	  -5,2	  -5,8	 -26,5
*	    27,8399	 1	 68,35	 88,39	 -20,9	 -11,9	  -8,2	  -7,3	  -5,8	  -5,2	  -5,8	 -26,4
s	    28,1973	 7	107,34	145,20	  21,8	  32,3	  36,0	  35,8	  37,4	  40,7	  39,8	  17,4
s	    28,2964	 6	 43,02	 53,65	  21,5	  31,6	  35,3	  35,1	  36,7	  39,7	  39,1	  16,0
s	    29,1520	 7	106,93	 35,14	  20,1	  30,6	  34,2	  33,8	  35,3	  39,4	  38,8	  15,6
s	    29,3673	 8	112,20	144,64	  21,7	  32,5	  36,4	  36,5	  38,0	  40,3	  39,5	  17,0
s	    29,5071	 8	106,32	143,67	  20,9	  31,9	  35,8	  35,6	  37,1	  40,3	  39,7	  17,2
s	    29,6044	 7	 44,77	 54,47	  21,1	  31,8	  35,7	  35,7	  37,1	  40,1	  39,8	  17,3
s	    29,7288	 7	 40,06	124,90	  22,1	  32,7	  36,6	  36,8	  38,3	  40,5	  39,7	  17,3
s	    30,0439	 8	 40,51	124,72	  21,1	  32,3	  36,3	  36,5	  37,9	  40,0	  39,6	  17,1
s	    30,3156	 8	111,70	 35,68	  20,0	  31,0	  34,9	  34,7	  36,2	  39,2	  38,5	  15,2
s	    30,3969	 7	 40,57	 54,92	  21,0	  31,7	  35,6	  35,6	  37,0	  40,0	  39,6	  17,1
s	    30,4437	 8	105,96	 36,67	  19,7	  30,9	  34,7	  34,3	  35,8	  39,8	  39,5	  17,0
s	    30,7090	 8	 41,02	 55,11	  20,0	  31,2	  35,3	  35,2	  36,6	  39,5	  39,5	  16,9
s	    32,6932	 7	 42,45	131,52	  20,7	  31,0	  34,7	  34,5	  36,0	  39,1	  38,2	  14,8
s	    33,6960	 8	 44,81	 50,20	  18,4	  29,8	  34,8	  34,9	  36,5	  39,4	  39,0	  16,2
s	    33,9218	 8	 44,23	130,68	  20,3	  31,3	  35,2	  35,0	  36,5	  39,5	  39,0	  16,1
s	    34,0304	 1	260,28	 89,30	  25,0	  34,5	  38,3	  39,1	  40,6	  41,3	  39,7	  16,9
*	    43,6322	 1	307,67	 83,24	   2,0	  11,4	  15,2	  16,1	  17,6	  18,1	  16,4	  -7,3
*	    35,0232	 1	275,22	 81,47	   5,9	  15,4	  19,2	  20,0	  21,5	  22,1	  20,6	  -2,4
*	    36,0705	 1	239,15	 82,59	   4,4	  13,9	  17,7	  18,6	  20,1	  20,7	  19,1	  -3,9
s	    34,3944	 2	260,29	 95,26	  24,5	  34,1	  37,9	  38,8	  40,3	  40,9	  39,3	  16,4
s	    34,5200	 2	260,27	 82,89	  22,9	  32,5	  36,3	  36,8	  38,3	  39,7	  38,5	  14,9
s	    34,6676	 8	 40,01	130,16	  20,3	  31,2	  35,1	  34,9	  36,4	  39,4	  38,9	  15,9
s	    34,6732	 2	257,58	 89,31	  23,9	  33,9	  37,9	  38,7	  40,2	  40,7	  39,5	  16,6
s	    35,0077	 8	107,37	148,87	  19,2	  29,8	  33,4	  32,9	  34,5	  38,6	  37,8	  14,1
s	    35,0340	 3	257,59	 95,22	  23,7	  33,8	  37,8	  38,6	  40,1	  40,6	  39,3	  16,4
s	    35,0423	 8	 40,62	 50,11	  20,2	  31,1	  35,0	  34,9	  36,4	  39,4	  38,8	  15,9
s	    35,1585	 3	257,57	 82,95	  22,6	  32,9	  36,8	  37,4	  38,9	  40,2	  39,3	  16,4
s	    35,5045	 8	106,91	 31,81	  19,6	  30,5	  34,1	  33,7	  35,2	  39,3	  38,5	  15,5
s	    35,6544	 3	260,30	101,54	  22,6	  32,3	  36,1	  36,6	  38,1	  39,5	  38,2	  14,5
s	    35,7778	 3	260,26	 77,08	  23,1	  33,0	  36,8	  37,3	  38,9	  40,3	  39,0	  16,0
s	    36,2832	 4	257,60	101,45	  22,3	  32,7	  36,7	  37,2	  38,7	  40,0	  39,0	  16,0
s	    36,3312	 2	260,57	 89,31	  23,7	  33,7	  37,7	  38,5	  40,0	  40,5	  39,3	  16,2
s	    36,4056	 4	257,55	 77,19	  22,3	  32,7	  36,7	  37,2	  38,7	  40,0	  39,0	  16,0
s	    36,4241	 3	260,13	 89,31	  22,8	  33,3	  37,4	  38,2	  39,6	  40,0	  39,1	  16,1
s	    36,6841	 3	260,57	 95,09	  23,5	  33,6	  37,6	  38,4	  39,9	  40,4	  39,1	  16,0
s	    36,7766	 4	260,13	 95,08	  22,5	  33,2	  37,3	  38,1	  39,5	  39,9	  39,0	  15,9
s	    36,8059	 3	260,56	 83,09	  22,4	  32,7	  36,7	  37,2	  38,7	  40,0	  39,1	  16,0
s	    36,8608	 2	150,38	 90,01	  23,7	  33,2	  37,1	  37,9	  39,4	  39,9	  38,1	  14,3
s	    36,8982	 4	260,12	 83,10	  21,4	  32,2	  36,3	  36,9	  38,3	  39,5	  39,0	  15,8
s	    37,2112	 3	150,42	 95,75	  23,4	  33,1	  37,0	  37,8	  39,3	  39,8	  38,0	  14,1
s	    37,5921	 4	260,30	107,13	  22,6	  32,8	  36,6	  37,0	  38,6	  40,0	  38,6	  15,4
s	    37,9063	 4	260,58	101,18	  22,1	  32,5	  36,5	  37,0	  38,5	  39,8	  38,8	  15,6
s	    37,9525	 4	260,25	 71,10	  21,0	  31,1	  34,9	  35,0	  36,6	  38,8	  37,8	  13,8
s	    37,9973	 5	260,14	101,17	  21,1	  32,1	  36,2	  36,7	  38,1	  39,3	  38,7	  15,5
s	    38,0225	 3	148,86	 90,03	  23,3	  33,4	  37,4	  38,2	  39,7	  40,0	  38,9	  15,7
s	    38,0261	 4	260,55	 77,45	  22,1	  32,5	  36,5	  37,0	  38,5	  39,8	  38,8	  15,6
s	    38,1169	 5	260,11	 77,46	  21,1	  32,1	  36,1	  36,7	  38,1	  39,3	  38,7	  15,4
s	    38,2050	 5	257,61	106,99	  21,8	  32,5	  36,4	  36,9	  38,4	  39,7	  38,6	  15,4
s	    38,3676	 4	148,90	 95,68	  23,1	  33,3	  37,3	  38,1	  39,5	  39,9	  38,7	  15,5
s	    38,5440	 4	150,29	 78,24	  22,5	  32,5	  36,4	  36,9	  38,4	  39,7	  38,5	  15,2
s	    38,7472	 5	257,54	 70,84	  21,8	  32,3	  36,3	  36,8	  38,2	  39,4	  38,6	  15,3
s	    39,6807	 5	148,77	 78,42	  21,7	  32,2	  36,2	  36,7	  38,1	  39,3	  38,4	  15,1
s	    39,7883	 5	260,59	106,62	  21,6	  32,3	  36,2	  36,7	  38,2	  39,5	  38,4	  15,0
s	    39,8771	 6	260,15	106,60	  20,7	  31,8	  35,9	  36,4	  37,8	  39,1	  38,3	  14,9
s	    39,9321	 3	151,62	 90,01	  23,1	  33,1	  37,2	  38,0	  39,4	  39,8	  38,6	  15,2
s	    39,9758	 3	151,42	 84,05	  22,6	  32,5	  36,3	  36,9	  38,4	  39,8	  38,4	  15,0
s	    40,1386	 5	260,54	 71,63	  20,6	  31,3	  35,3	  35,5	  37,0	  39,1	  38,4	  15,0
s	    40,2063	 4	151,25	 90,02	  22,1	  32,7	  36,8	  37,7	  39,1	  39,3	  38,5	  15,1
s	    40,2270	 6	260,10	 71,65	  19,6	  30,9	  34,9	  35,2	  36,6	  38,6	  38,2	  14,8
s	    40,2688	 4	151,67	 95,53	  22,8	  33,1	  37,1	  37,9	  39,3	  39,7	  38,4	  15,0
s	    40,4418	 5	260,31	112,78	  20,5	  30,8	  34,5	  34,7	  36,2	  38,4	  37,3	  13,1
s	    40,5419	 5	151,29	 95,51	  21,8	  32,6	  36,8	  37,6	  38,9	  39,2	  38,3	  14,9
s	    40,6736	 5	260,24	 65,89	  21,0	  31,4	  35,2	  35,4	  37,0	  39,2	  38,0	  14,6
s	    40,8226	 5	150,25	 72,05	  21,5	  31,4	  35,3	  35,8	  37,2	  38,3	  37,2	  13,0
s	    41,0324	 4	151,55	101,42	  21,7	  31,7	  35,4	  35,9	  37,4	  38,8	  37,3	  13,1
s	    41,0921	 4	149,93	 84,15	  21,7	  32,2	  36,1	  36,7	  38,1	  39,4	  38,3	  14,8
s	    41,2628	 6	257,62	112,99	  21,3	  31,9	  36,0	  36,5	  37,9	  39,1	  38,1	  14,6
s	    41,2628	 6	257,53	 66,08	  20,2	  31,1	  35,1	  35,3	  36,8	  38,9	  38,1	  14,6
s	    41,5507	 5	151,54	 78,68	  21,4	  32,0	  36,0	  36,5	  37,9	  39,1	  38,2	  14,6
s	    41,8195	 6	151,17	 78,73	  20,5	  31,5	  35,6	  36,2	  37,5	  38,6	  38,0	  14,5
s	    41,9271	 6	148,73	 72,32	  21,2	  31,7	  35,9	  36,4	  37,8	  38,8	  38,0	  14,4
s	    42,1341	 5	150,06	101,28	  21,4	  32,0	  36,0	  36,4	  37,9	  39,3	  38,1	  14,5
s	    42,5609	 6	260,60	112,14	  20,1	  31,0	  35,0	  35,2	  36,6	  38,7	  37,9	  14,3
s	    42,6466	 7	260,16	112,11	  19,1	  30,5	  34,6	  34,8	  36,2	  38,3	  37,8	  14,2
s	    42,7866	 6	260,53	 66,54	  20,1	  31,0	  34,9	  35,1	  36,6	  38,7	  37,9	  14,2
s	    42,8422	 5	151,59	106,66	  21,8	  32,1	  35,9	  36,4	  37,9	  39,3	  37,7	  14,1
s	    42,8721	 7	260,09	 66,57	  19,1	  30,5	  34,6	  34,8	  36,2	  38,2	  37,7	  14,1
s	    43,0363	 2	298,12	 89,37	  23,0	  32,5	  36,4	  37,3	  38,7	  39,1	  37,2	  12,8
s	    43,0500	 6	150,55	112,70	  20,0	  30,3	  34,2	  34,3	  35,8	  37,8	  36,8	  12,4
s	    43,3602	 3	298,10	 94,68	  23,2	  33,0	  36,8	  37,6	  39,1	  39,6	  37,9	  14,2
s	    43,4188	 6	150,09	105,20	  19,0	  30,3	  35,4	  36,1	  37,6	  38,9	  37,8	  14,1
s	    43,4721	 3	298,14	 83,66	  21,7	  31,3	  35,2	  35,7	  37,1	  38,3	  37,1	  12,6
s	    43,7263	 6	260,32	117,63	  20,5	  31,1	  34,9	  35,0	  36,5	  38,8	  37,5	  13,8
s	    43,7461	 6	151,49	 72,71	  21,0	  31,5	  35,7	  36,2	  37,6	  38,6	  37,7	  14,0
s	    44,0076	 7	151,12	 72,77	  20,0	  31,1	  35,3	  35,8	  37,2	  38,1	  37,6	  13,8
s	    44,1247	 7	149,03	112,40	  19,7	  30,7	  34,7	  34,9	  36,3	  38,3	  37,6	  13,8
s	    44,2815	 6	260,23	 60,71	  18,9	  29,4	  33,1	  33,0	  34,5	  37,5	  36,6	  12,1
s	    44,2938	 7	257,63	117,43	  19,4	  30,5	  34,5	  34,6	  36,1	  38,3	  37,3	  13,5
s	    44,4842	 4	298,08	100,30	  21,4	  31,2	  35,0	  35,5	  36,9	  38,2	  36,8	  12,3
s	    44,5945	 4	298,17	 78,46	  21,9	  31,9	  35,7	  36,3	  37,7	  39,0	  37,6	  13,8
s	    44,7658	 3	300,23	 89,39	  22,6	  32,6	  36,7	  37,5	  38,9	  39,2	  37,9	  14,1
s	    45,0471	 6	151,31	 69,27	  18,3	  29,4	  34,3	  34,7	  36,3	  38,5	  37,3	  13,5
s	    45,0831	 4	300,21	 94,59	  22,3	  32,5	  36,6	  37,4	  38,8	  39,1	  37,8	  13,9
s	    45,0896	 3	297,36	 89,38	  22,5	  32,6	  36,6	  37,5	  38,9	  39,2	  37,9	  14,0
s	    45,1257	 7	257,52	 60,58	  18,9	  29,8	  33,8	  34,0	  35,5	  37,4	  36,4	  11,8
s	    45,1926	 4	300,26	 83,80	  21,3	  31,6	  35,6	  36,2	  37,6	  38,7	  37,7	  13,9
s	    45,3631	 4	297,71	 89,38	  21,5	  32,1	  36,3	  37,1	  38,5	  38,7	  37,7	  13,9
s	    45,3976	 7	150,59	116,31	  18,1	  29,2	  34,2	  34,6	  36,1	  38,2	  37,2	  13,3
s	    45,4056	 4	297,34	 94,55	  22,3	  32,5	  36,5	  37,3	  38,8	  39,1	  37,7	  13,8
s	    45,5147	 4	297,38	 83,81	  21,3	  31,6	  35,6	  36,2	  37,6	  38,7	  37,7	  13,8
s	    45,6782	 5	297,69	 94,54	  21,3	  32,0	  36,2	  37,0	  38,4	  38,6	  37,6	  13,7
s	    45,7628	 7	260,61	116,90	  19,5	  30,6	  34,6	  34,7	  36,2	  38,3	  37,3	  13,4
s	    45,7869	 5	297,73	 83,83	  20,3	  31,1	  35,3	  35,8	  37,2	  38,2	  37,6	  13,7
s	    45,8453	 8	260,17	116,87	  18,6	  30,2	  34,2	  34,4	  35,8	  37,9	  37,2	  13,3
s	    45,8963	 7	151,79	111,90	  19,5	  30,5	  34,5	  34,7	  36,1	  38,1	  37,3	  13,4
s	    46,0965	 7	149,82	 69,55	  17,5	  29,1	  34,1	  34,6	  36,1	  38,2	  37,3	  13,4
s	    46,1513	 8	151,42	111,83	  18,5	  30,0	  34,2	  34,4	  35,7	  37,6	  37,2	  13,2
s	    46,1842	 5	300,19	100,09	  21,0	  31,5	  35,5	  36,0	  37,4	  38,6	  37,5	  13,6
s	    46,2202	 5	298,06	105,34	  21,5	  31,6	  35,5	  36,0	  37,5	  38,7	  37,3	  13,3
s	    46,2923	 5	300,28	 78,70	  20,9	  31,5	  35,5	  36,0	  37,4	  38,5	  37,5	  13,5
s	    46,3047	 7	260,52	 61,46	  18,4	  29,6	  33,6	  33,5	  35,0	  37,9	  37,3	  13,3
s	    46,3866	 8	260,08	 61,49	  17,5	  29,2	  33,3	  33,2	  34,6	  37,4	  37,1	  13,2
s	    46,4427	 8	149,06	115,97	  17,2	  28,9	  34,0	  34,4	  35,9	  37,9	  37,1	  13,2
s	    46,5025	 5	297,32	100,04	  20,9	  31,4	  35,5	  36,0	  37,4	  38,5	  37,5	  13,5
s	    46,5440	 5	298,19	 73,07	  19,9	  30,0	  33,8	  34,0	  35,5	  37,5	  36,4	  11,7
s	    46,6102	 5	297,40	 78,73	  20,9	  31,4	  35,5	  36,0	  37,4	  38,5	  37,4	  13,5
s	    46,7715	 6	297,67	100,01	  19,9	  30,9	  35,1	  35,6	  37,0	  38,0	  37,3	  13,3
s	    46,7723	 7	150,16	 62,34	  18,4	  29,0	  32,8	  32,7	  34,1	  37,0	  36,2	  11,4
s	    46,8789	 6	297,75	 78,76	  19,9	  30,9	  35,1	  35,6	  37,0	  38,0	  37,3	  13,3
s	    47,8007	 8	148,65	 62,71	  18,1	  29,3	  33,3	  33,3	  34,7	  37,4	  36,9	  12,9
s	    47,8684	 7	260,33	122,41	  18,3	  29,0	  32,7	  32,5	  34,0	  37,1	  36,0	  11,2
s	    47,8860	 6	300,17	105,03	  20,6	  31,2	  35,3	  35,8	  37,2	  38,3	  37,2	  13,1
s	    48,1860	 7	260,23	 56,32	  18,8	  29,6	  33,4	  33,3	  34,8	  37,8	  36,8	  12,7
s	    48,1981	 6	297,30	104,97	  20,5	  31,2	  35,2	  35,7	  37,1	  38,3	  37,1	  13,0
s	    48,2036	 6	300,30	 73,40	  19,5	  30,3	  34,3	  34,6	  36,0	  37,9	  37,1	  13,0
s	    48,4619	 7	297,65	104,92	  19,5	  30,7	  34,9	  35,4	  36,7	  37,8	  37,0	  12,8
s	    48,5146	 6	297,42	 73,45	  19,5	  30,3	  34,3	  34,5	  35,9	  37,8	  37,1	  12,9
s	    48,7245	 8	257,64	122,51	  18,3	  29,4	  33,4	  33,6	  35,0	  37,0	  35,8	  10,9
s	    48,7245	 8	257,51	 56,56	  17,7	  29,1	  33,1	  32,9	  34,4	  37,3	  36,6	  12,4
s	    48,7774	 7	297,77	 73,50	  18,5	  29,8	  33,9	  34,2	  35,5	  37,4	  36,9	  12,8
s	    48,9984	 6	298,21	 68,31	  19,9	  30,4	  34,3	  34,5	  35,9	  38,0	  36,8	  12,6
s	    49,5882	 8	150,13	 59,05	  16,4	  27,8	  32,8	  32,9	  34,4	  37,3	  36,5	  12,2
s	    49,8094	 8	260,61	121,60	  17,9	  29,2	  33,2	  33,1	  34,5	  37,4	  36,7	  12,4
s	    50,1201	 8	260,52	 57,14	  17,8	  29,2	  33,2	  33,0	  34,5	  37,4	  36,6	  12,3
s	    50,4064	 7	300,14	110,11	  19,1	  30,0	  34,1	  34,2	  35,7	  37,6	  36,7	  12,4
s	    50,6123	 7	300,32	 68,72	  19,0	  30,0	  34,0	  34,2	  35,6	  37,6	  36,7	  12,3
s	    50,9149	 7	297,44	 68,78	  19,0	  30,0	  34,0	  34,2	  35,6	  37,5	  36,6	  12,3
s	    50,9661	 8	297,63	109,96	  18,0	  29,5	  33,7	  33,9	  35,2	  37,1	  36,5	  12,2
s	    51,1707	 8	297,79	 68,84	  18,0	  29,5	  33,7	  33,9	  35,2	  37,1	  36,5	  12,1
s	    51,7700	 7	298,01	114,99	  19,4	  30,1	  34,0	  34,1	  35,6	  37,6	  36,3	  11,9
s	    52,2031	 8	260,34	126,43	  18,2	  29,2	  33,0	  32,8	  34,3	  37,3	  36,1	  11,6
s	    52,2760	 7	298,23	 63,50	  17,9	  28,4	  32,3	  32,1	  33,6	  36,4	  35,4	  10,2
s	    52,5277	 8	151,72	121,23	  17,6	  28,5	  32,2	  32,0	  33,5	  36,5	  35,3	  10,0
s	    52,8607	 8	297,26	113,38	  16,6	  28,2	  33,4	  33,8	  35,2	  37,2	  36,3	  11,7
s	    52,9075	 8	260,22	 52,04	  16,5	  27,5	  31,3	  30,8	  32,3	  36,1	  35,2	   9,9
s	    53,3352	 8	300,12	114,54	  18,6	  29,7	  33,7	  33,9	  35,3	  37,2	  36,2	  11,6
s	    53,8327	 8	300,35	 63,98	  17,5	  28,7	  32,8	  32,7	  34,1	  36,8	  36,1	  11,5
s	    54,1248	 8	297,46	 64,06	  17,5	  28,7	  32,7	  32,6	  34,0	  36,7	  36,1	  11,5
s	    55,5586	 8	297,99	119,48	  17,3	  28,1	  31,9	  31,7	  33,1	  36,0	  34,9	   9,4
s	    55,8503	 8	298,25	 59,37	  17,8	  28,7	  32,6	  32,5	  33,9	  36,7	  35,6	  10,8
s	    58,7513	 3	226,92	 89,48	  20,5	  30,5	  34,5	  35,4	  36,8	  37,0	  35,0	   9,2
s	    59,0230	 4	226,95	 93,93	  20,2	  30,5	  34,5	  35,3	  36,7	  36,9	  34,9	   9,1
s	    59,1169	 4	226,90	 84,69	  19,2	  29,5	  33,5	  34,1	  35,5	  36,5	  34,9	   9,0
s	    59,9684	 5	226,98	 98,67	  18,9	  29,2	  33,2	  33,7	  35,0	  36,1	  34,7	   8,7
s	    60,0614	 5	226,87	 80,30	  19,4	  29,9	  33,9	  34,4	  35,8	  36,9	  35,4	  10,3
s	    60,4791	 4	227,84	 89,48	  20,1	  30,7	  34,8	  35,7	  37,0	  37,1	  35,7	  10,5
s	    60,7462	 5	227,86	 93,85	  19,9	  30,6	  34,8	  35,5	  36,9	  37,0	  35,6	  10,4
s	    60,8384	 5	227,81	 84,77	  18,8	  29,7	  33,8	  34,4	  35,7	  36,6	  35,6	  10,3
s	    60,8675	 5	227,59	 89,48	  19,1	  30,2	  34,5	  35,3	  36,6	  36,6	  35,6	  10,3
s	    61,1335	 6	227,61	 93,84	  18,9	  30,1	  34,4	  35,2	  36,5	  36,5	  35,4	  10,2
s	    61,1502	 4	225,44	 89,49	  20,0	  30,6	  34,8	  35,6	  36,9	  37,0	  35,7	  10,4
s	    61,2254	 6	227,56	 84,79	  17,8	  29,2	  33,5	  34,0	  35,3	  36,1	  35,4	  10,2
s	    61,4154	 5	225,47	 93,84	  19,8	  30,5	  34,7	  35,5	  36,8	  37,0	  35,5	  10,2
s	    61,4358	 6	227,00	102,96	  19,1	  29,7	  33,8	  34,2	  35,6	  36,7	  35,2	   9,9
s	    61,5071	 5	225,42	 84,82	  18,8	  29,6	  33,8	  34,3	  35,7	  36,5	  35,5	  10,2
s	    61,6657	 3	 21,02	 90,00	  21,0	  30,5	  34,5	  35,4	  36,7	  36,9	  34,7	   8,6
s	    61,6752	 6	227,89	 98,51	  18,5	  29,5	  33,7	  34,2	  35,6	  36,5	  35,4	  10,1
s	    61,7666	 6	227,79	 80,45	  18,5	  29,5	  33,7	  34,2	  35,5	  36,5	  35,4	  10,0
s	    61,8526	 6	226,84	 75,37	  18,5	  28,9	  33,0	  33,4	  34,7	  35,6	  34,3	   8,2
s	    61,9296	 4	 20,98	 94,33	  20,7	  30,5	  34,5	  35,2	  36,6	  36,8	  34,5	   8,4
s	    62,0590	 7	227,64	 98,48	  17,5	  29,0	  33,4	  33,9	  35,2	  36,0	  35,2	   9,9
s	    62,1500	 7	227,53	 80,49	  17,5	  29,0	  33,4	  33,9	  35,1	  36,0	  35,2	   9,8
s	    62,3383	 6	225,50	 98,47	  18,5	  29,5	  33,6	  34,2	  35,5	  36,4	  35,3	   9,9
s	    62,4291	 6	225,39	 80,53	  18,5	  29,5	  33,6	  34,2	  35,5	  36,4	  35,3	   9,9
s	    62,5427	 4	 22,24	 90,02	  20,7	  30,8	  34,9	  35,7	  37,0	  37,1	  35,5	  10,1
s	    62,8043	 5	 22,21	 94,30	  20,4	  30,7	  34,8	  35,6	  36,9	  37,0	  35,3	   9,9
s	    62,9382	 5	 21,09	 81,09	  19,9	  29,9	  33,9	  34,4	  35,8	  36,8	  35,1	   9,7
s	    63,1180	 7	227,91	102,73	  18,2	  29,4	  33,5	  34,0	  35,3	  36,3	  35,1	   9,6
s	    63,4963	 8	227,66	102,68	  17,2	  28,9	  33,2	  33,7	  34,9	  35,8	  34,9	   9,5
s	    63,5279	 7	227,76	 75,60	  18,1	  29,2	  33,5	  34,0	  35,3	  36,0	  35,0	   9,6
s	    63,6223	 7	227,03	107,42	  17,1	  27,9	  31,9	  32,0	  33,4	  35,2	  34,0	   7,8
s	    63,7718	 7	225,52	102,66	  18,1	  29,3	  33,5	  33,9	  35,3	  36,2	  35,0	   9,5
s	    63,8016	 7	226,82	 71,57	  17,6	  28,6	  32,6	  32,8	  34,2	  36,0	  34,8	   9,3
s	    63,8042	 6	 22,31	 81,17	  19,1	  29,6	  33,8	  34,3	  35,6	  36,5	  35,1	   9,6
s	    63,9047	 8	227,51	 75,66	  17,1	  28,7	  33,1	  33,6	  34,9	  35,5	  34,9	   9,4
s	    64,1791	 7	225,36	 75,71	  18,1	  29,1	  33,4	  33,9	  35,2	  36,0	  35,0	   9,4
s	    64,2742	 6	 20,91	103,11	  19,6	  29,8	  33,7	  34,2	  35,6	  36,6	  34,8	   9,3
s	    64,7312	 7	 22,15	102,00	  16,8	  28,0	  33,2	  34,0	  35,3	  36,2	  34,9	   9,3
s	    64,8356	 4	 20,43	 85,48	  20,0	  29,9	  33,8	  34,3	  35,8	  36,9	  35,0	   9,4
s	    64,9258	 4	 20,31	 90,00	  20,5	  30,6	  34,7	  35,5	  36,8	  36,9	  35,2	   9,6
s	    65,1340	 5	 20,61	 90,01	  19,5	  30,1	  34,3	  35,2	  36,4	  36,4	  35,1	   9,4
s	    65,1814	 5	 20,27	 94,19	  20,2	  30,5	  34,6	  35,4	  36,7	  36,8	  35,1	   9,4
s	    65,2691	 8	227,94	107,12	  16,8	  28,2	  32,4	  32,6	  33,9	  35,6	  34,7	   9,1
s	    65,3891	 6	 20,57	 94,19	  19,2	  30,0	  34,3	  35,1	  36,3	  36,3	  34,9	   9,3
s	    65,4456	 8	227,73	 71,86	  16,7	  28,2	  32,4	  32,6	  33,9	  35,6	  34,7	   9,0
s	    65,6859	 5	 21,63	 85,53	  19,2	  29,7	  33,7	  34,2	  35,6	  36,6	  35,0	   9,3
s	    65,9094	 8	225,55	107,03	  16,7	  28,2	  32,3	  32,5	  33,8	  35,6	  34,6	   8,9
s	    66,0847	 8	225,34	 71,99	  16,7	  28,2	  32,3	  32,5	  33,8	  35,6	  34,6	   8,9
s	    66,1587	 6	 20,37	 81,36	  18,9	  29,4	  33,6	  34,1	  35,4	  36,2	  34,8	   9,1
s	    66,1821	 8	227,05	111,37	  17,2	  28,3	  32,3	  32,5	  33,9	  35,7	  34,4	   8,7
s	    66,3644	 7	 20,67	 81,38	  17,9	  29,0	  33,2	  33,7	  35,0	  35,8	  34,7	   9,0
s	    66,4016	 7	 20,88	107,45	  17,6	  27,9	  31,9	  32,0	  33,4	  35,2	  33,7	   7,2
s	    66,6187	 8	226,79	 67,34	  15,6	  26,7	  30,6	  30,5	  31,9	  34,5	  33,5	   7,0
s	    67,2393	 8	 22,11	107,32	  17,3	  28,3	  32,4	  32,6	  34,0	  35,6	  34,5	   8,7
s	    67,2891	 6	 20,50	 76,96	  17,8	  28,1	  31,9	  32,0	  33,4	  35,3	  33,7	   7,1
s	    67,4541	 7	 20,20	102,71	  18,6	  29,3	  33,4	  33,9	  35,2	  36,1	  34,6	   8,7
s	    68,0982	 5	 19,76	 85,62	  19,0	  29,5	  33,5	  34,0	  35,4	  36,3	  34,7	   8,8
s	    68,1198	 7	 21,70	 77,07	  17,5	  28,4	  32,5	  32,6	  34,0	  35,8	  34,5	   8,6
s	    68,3001	 6	 20,05	 85,63	  18,0	  29,0	  33,1	  33,6	  35,0	  35,9	  34,6	   8,7
s	    68,8235	 4	261,41	 89,37	  18,7	  29,7	  33,9	  34,7	  36,0	  36,1	  34,7	   8,8
s	    68,8784	 6	 19,66	 98,43	  18,7	  29,3	  33,4	  33,8	  35,2	  36,2	  34,5	   8,6
s	    69,0699	 5	261,41	 93,41	  18,4	  29,6	  33,8	  34,6	  35,9	  36,1	  34,6	   8,6
s	    69,0789	 7	 19,95	 98,41	  17,7	  28,9	  33,0	  33,5	  34,8	  35,7	  34,4	   8,4
s	    69,1550	 5	261,40	 85,03	  17,4	  28,7	  32,9	  33,4	  34,8	  35,6	  34,6	   8,6
s	    69,3208	 8	 21,19	 68,45	  16,1	  26,7	  30,7	  30,5	  31,9	  34,4	  33,2	   6,5
s	    69,5189	 8	 20,17	106,93	  17,1	  28,1	  32,3	  32,4	  33,8	  35,4	  34,2	   8,2
s	    69,6127	 7	 19,53	 98,68	  18,9	  29,3	  33,3	  33,7	  35,0	  36,1	  34,1	   8,1
s	    69,9277	 6	261,42	 97,71	  17,1	  28,6	  32,8	  33,3	  34,6	  35,5	  34,4	   8,3
s	    70,0121	 6	261,40	 81,04	  17,1	  28,6	  32,8	  33,3	  34,6	  35,5	  34,4	   8,3
s	    70,4257	 8	 20,69	 98,63	  18,1	  29,0	  33,1	  33,5	  34,8	  35,8	  34,1	   8,0
s	    70,4781	 7	 19,83	 77,35	  17,3	  28,2	  32,3	  32,4	  33,8	  35,6	  34,2	   8,1
s	    70,6757	 8	 20,12	 77,37	  16,3	  27,8	  31,9	  32,1	  33,4	  35,1	  34,1	   8,0
s	    71,0896	 8	 20,23	110,15	  16,6	  27,6	  32,7	  33,3	  34,7	  35,8	  33,8	   7,6
s	    71,1309	 5	261,58	 89,38	  17,5	  29,0	  33,4	  34,2	  35,5	  35,5	  34,4	   8,2
s	    71,2620	 7	261,42	101,63	  16,8	  28,4	  32,6	  33,1	  34,4	  35,4	  34,1	   8,0
s	    71,3721	 6	261,59	 93,33	  17,3	  29,0	  33,3	  34,1	  35,4	  35,4	  34,2	   8,0
s	    71,4554	 6	261,58	 85,12	  16,2	  28,0	  32,4	  32,9	  34,2	  35,0	  34,2	   8,0
s	    71,6416	 7	261,39	 76,54	  16,7	  28,3	  32,6	  33,1	  34,3	  35,1	  34,1	   7,9
s	    71,8850	 8	 19,85	 74,45	  15,0	  26,6	  31,7	  32,1	  33,5	  35,3	  33,9	   7,7
s	    72,2120	 7	261,59	 97,54	  15,9	  27,9	  32,3	  32,8	  34,1	  34,9	  34,0	   7,8
s	    72,2947	 7	261,57	 81,21	  15,9	  27,9	  32,3	  32,8	  34,0	  34,9	  34,0	   7,7
s	    73,4203	 8	261,43	106,01	  16,4	  28,1	  32,4	  32,8	  34,1	  34,9	  33,8	   7,4
s	    73,4203	 8	261,39	 73,05	  15,3	  27,3	  31,5	  31,7	  33,0	  34,7	  33,8	   7,4
s	    73,5192	 8	261,60	101,38	  15,6	  27,8	  32,1	  32,6	  33,9	  34,7	  33,7	   7,4
s	    73,8911	 8	261,57	 76,80	  15,6	  27,6	  32,1	  32,6	  33,8	  34,4	  33,7	   7,3
s	    79,0235	 4	322,00	 89,56	  19,5	  29,1	  33,0	  33,8	  35,1	  35,1	  32,5	   4,9
s	    79,2486	 5	321,97	 93,25	  19,3	  29,0	  33,0	  33,7	  35,0	  35,1	  32,3	   4,7
s	    79,3263	 5	322,02	 85,60	  17,3	  27,7	  31,8	  32,3	  33,7	  34,4	  32,4	   4,8
s	    80,0327	 6	321,95	 97,19	  18,0	  27,9	  31,7	  32,2	  33,4	  34,3	  32,1	   4,4
s	    80,1100	 6	322,05	 81,94	  18,5	  28,5	  32,4	  32,9	  34,2	  35,1	  32,9	   6,0
s	    80,4573	 5	321,11	 89,56	  19,2	  29,3	  33,3	  34,2	  35,4	  35,3	  33,2	   6,3
s	    80,6796	 6	321,08	 93,20	  19,0	  29,2	  33,3	  34,1	  35,3	  35,3	  33,1	   6,1
s	    80,7565	 6	321,13	 85,64	  17,0	  27,9	  32,1	  32,7	  33,9	  34,6	  33,2	   6,2
s	    81,2545	 7	321,92	100,78	  17,3	  28,0	  32,1	  32,5	  33,8	  34,6	  32,8	   5,7
s	    81,4544	 7	321,06	 97,09	  17,7	  28,2	  32,3	  32,8	  34,0	  34,7	  32,9	   5,8
s	    81,4838	 7	322,07	 78,08	  16,6	  26,8	  30,6	  30,8	  32,1	  33,7	  31,9	   4,0
s	    81,5308	 7	321,15	 82,03	  17,7	  28,2	  32,3	  32,8	  34,0	  34,7	  32,9	   5,8
s	    81,8143	 5	323,01	 89,57	  19,1	  29,2	  33,3	  34,1	  35,3	  35,2	  33,1	   6,0
s	    82,0341	 6	322,99	 93,18	  18,9	  29,1	  33,2	  34,0	  35,2	  35,1	  33,0	   5,8
s	    82,1101	 6	323,04	 85,70	  16,9	  27,8	  32,0	  32,6	  33,8	  34,4	  33,0	   5,9
s	    82,1618	 6	322,79	 89,57	  18,1	  28,7	  32,9	  33,7	  34,9	  34,7	  32,9	   5,8
s	    82,3810	 7	322,76	 93,16	  17,9	  28,6	  32,8	  33,6	  34,8	  34,7	  32,8	   5,7
s	    82,4567	 7	322,81	 85,71	  15,9	  27,3	  31,7	  32,2	  33,4	  34,0	  32,9	   5,7
s	    82,6619	 8	321,03	100,65	  16,4	  27,7	  31,9	  32,4	  33,6	  34,3	  32,7	   5,6
s	    82,8002	 7	322,96	 97,02	  17,6	  28,1	  32,2	  32,7	  33,9	  34,6	  32,8	   5,6
s	    82,8757	 7	323,06	 82,13	  17,6	  28,1	  32,2	  32,7	  33,9	  34,6	  32,8	   5,6
s	    82,8885	 8	321,18	 78,21	  16,3	  27,1	  31,2	  31,4	  32,6	  34,2	  32,6	   5,4
s	    83,0852	 8	321,90	104,56	  16,3	  26,6	  30,5	  30,6	  31,8	  33,5	  31,6	   3,6
s	    83,1449	 8	322,74	 97,00	  16,6	  27,6	  31,8	  32,3	  33,5	  34,1	  32,6	   5,4
s	    83,2202	 8	322,84	 82,15	  16,6	  27,6	  31,8	  32,3	  33,5	  34,1	  32,6	   5,4
s	    83,2358	 8	322,10	 74,59	  16,8	  27,3	  31,2	  31,4	  32,6	  34,3	  32,4	   5,1
s	    83,9944	 8	322,94	100,54	  16,3	  27,6	  31,8	  32,3	  33,5	  34,2	  32,6	   5,3
s	    84,2186	 8	323,09	 78,35	  16,2	  27,0	  31,1	  31,3	  32,5	  34,0	  32,5	   5,2
s	    87,3786	 5	162,50	 86,30	  17,3	  27,8	  31,8	  32,3	  33,6	  34,5	  32,3	   4,7
s	    87,5410	 5	162,59	 90,01	  17,8	  28,4	  32,6	  33,4	  34,7	  34,5	  32,5	   4,9
s	    87,7119	 6	162,34	 90,01	  16,8	  27,9	  32,3	  33,1	  34,3	  34,0	  32,4	   4,8
s	    87,7508	 6	162,62	 93,45	  17,5	  28,3	  32,6	  33,3	  34,6	  34,4	  32,4	   4,8
s	    87,9214	 7	162,37	 93,45	  16,6	  27,8	  32,2	  33,0	  34,2	  33,9	  32,3	   4,6
s	    88,0400	 6	162,59	 97,15	  17,0	  27,7	  31,7	  32,1	  33,5	  34,4	  32,2	   4,5
s	    88,5546	 7	162,54	 82,90	  16,2	  27,3	  31,5	  32,0	  33,3	  33,9	  32,2	   4,5
s	    88,7241	 8	162,28	 82,91	  15,3	  26,8	  31,2	  31,7	  32,9	  33,4	  32,1	   4,4
s	    89,4004	 7	162,45	 79,25	  15,2	  25,9	  29,9	  30,0	  31,3	  33,0	  31,1	   2,6
s	    89,6238	 8	162,68	100,49	  15,9	  27,2	  31,4	  31,9	  33,1	  33,8	  32,0	   4,2
s	    90,6012	 8	162,43	 76,76	  13,4	  25,0	  30,1	  30,5	  31,9	  33,6	  31,7	   3,8
s	    90,7180	 6	162,96	 86,39	  16,3	  27,3	  31,5	  32,0	  33,2	  34,0	  32,1	   4,2
s	    90,8448	 6	161,89	 86,40	  16,8	  27,5	  31,5	  31,9	  33,3	  34,1	  31,1	   2,4
s	    90,8847	 7	162,71	 86,40	  15,3	  26,8	  31,1	  31,6	  32,9	  33,5	  32,0	   4,1
s	    90,9038	 8	162,65	104,08	  14,8	  25,8	  29,7	  29,8	  31,1	  32,8	  30,8	   2,2
s	    91,3624	 7	163,04	 96,97	  16,0	  27,2	  31,4	  31,8	  33,1	  33,9	  31,9	   4,0
s	    91,4886	 7	161,98	 96,97	  16,6	  27,4	  31,4	  31,8	  33,1	  34,1	  30,9	   2,2
s	    91,5283	 8	162,79	 96,96	  15,1	  26,8	  31,1	  31,5	  32,7	  33,4	  31,8	   3,8
s	    92,6883	 8	162,90	 79,52	  14,7	  26,2	  30,3	  30,5	  31,8	  33,3	  31,7	   3,6
s	    92,8132	 8	161,84	 79,54	  15,2	  26,3	  30,4	  30,5	  31,8	  33,5	  30,6	   1,8
s	    99,6924	 4	 94,39	 96,89	  14,9	  25,4	  30,2	  30,8	  32,3	  33,3	  30,4	   0,9
s	   102,0000	 5	 94,31	 96,78	  14,6	  25,7	  30,7	  31,4	  32,8	  33,7	  31,1	   2,2
s	   103,2980	 8	150,36	 96,49	  14,8	  26,0	  30,3	  30,7	  31,9	  32,5	  30,4	   1,4
s	   104,6247	 5	 73,59	 96,65	  14,4	  24,9	  29,8	  30,4	  31,8	  32,7	  29,8	  -0,1
s	   105,6171	 6	 72,24	 96,60	  14,1	  25,3	  30,4	  31,1	  32,4	  33,2	  30,6	   1,4
s	   106,8025	 8	 94,38	 71,41	  12,1	  23,6	  28,4	  28,5	  29,9	  32,6	  30,1	   0,7
s	   106,8541	 6	 73,84	 96,55	  14,0	  25,2	  30,3	  31,0	  32,3	  33,1	  30,5	   1,2
s	   107,0116	 7	 73,62	 96,55	  13,1	  24,7	  30,0	  30,7	  32,0	  32,6	  30,4	   1,0
s	   108,4274	 8	151,53	 86,93	  14,0	  25,7	  30,0	  30,4	  31,6	  32,2	  30,1	   0,7
s	   109,2784	 2	 94,04	 90,36	  17,8	  27,8	  31,7	  32,5	  33,8	  33,9	  30,7	   1,2
s	   109,4574	 3	 94,05	 93,30	  17,6	  27,7	  31,6	  32,4	  33,7	  33,8	  30,6	   1,0
s	   109,5193	 3	 94,04	 87,20	  17,3	  27,2	  31,0	  31,5	  32,9	  33,8	  30,6	   1,0
s	   110,1438	 4	 94,04	 84,29	  16,1	  26,5	  30,4	  30,9	  32,2	  33,1	  30,2	   0,5
s	   111,0587	 5	 94,05	 99,33	  15,8	  26,4	  30,3	  30,7	  32,1	  32,9	  30,0	   0,3
s	   111,2424	 5	 94,04	 81,19	  15,0	  25,2	  28,9	  29,0	  30,4	  32,1	  29,2	  -1,3
s	   111,6014	 3	 93,97	 90,37	  16,7	  27,2	  31,2	  32,0	  33,3	  33,2	  30,4	   0,6
s	   111,7776	 4	 93,98	 93,25	  16,5	  27,1	  31,2	  32,0	  33,2	  33,2	  30,3	   0,5
s	   111,8386	 4	 93,97	 87,26	  16,2	  26,6	  30,5	  31,0	  32,3	  33,2	  30,2	   0,5
s	   112,4535	 5	 93,97	 84,38	  15,2	  26,1	  30,2	  30,7	  32,0	  32,7	  30,1	   0,3
s	   112,5286	 6	 94,05	102,38	  14,7	  25,1	  28,8	  28,8	  30,2	  32,0	  28,9	  -1,7
s	   112,6499	 6	 94,04	 78,35	  15,2	  25,7	  29,5	  29,6	  31,0	  32,8	  29,7	  -0,1
s	   113,3545	 6	 93,98	 99,19	  14,9	  26,0	  30,1	  30,5	  31,8	  32,6	  29,9	  -0,0
s	   113,3773	 5	 13,51	 90,00	  16,2	  26,3	  30,5	  31,2	  32,5	  32,0	  29,0	  -1,7
s	   113,5354	 6	 93,97	 81,33	  14,6	  25,5	  29,4	  29,6	  30,9	  32,6	  29,9	  -0,1
s	   113,5515	 6	 13,48	 92,86	  15,9	  26,2	  30,4	  31,2	  32,4	  32,0	  28,8	  -1,8
s	   113,9008	 3	 74,68	 90,35	  17,3	  27,3	  31,3	  32,1	  33,4	  33,3	  30,2	   0,2
s	   114,0744	 4	 74,68	 93,20	  17,1	  27,3	  31,3	  32,0	  33,3	  33,2	  30,0	   0,1
s	   114,2711	 7	 94,05	105,16	  14,9	  25,6	  29,4	  29,4	  30,8	  32,6	  29,5	  -0,5
s	   114,8023	 7	 93,98	102,21	  14,3	  25,4	  29,3	  29,4	  30,7	  32,4	  29,6	  -0,4
s	   114,8331	 4	 73,42	 90,35	  16,3	  26,8	  31,0	  31,8	  33,0	  32,7	  30,0	  -0,1
s	   114,9218	 7	 93,97	 78,53	  14,3	  25,4	  29,3	  29,4	  30,7	  32,4	  29,6	  -0,4
s	   115,0056	 5	 73,41	 93,18	  16,1	  26,8	  30,9	  31,7	  32,9	  32,7	  29,8	  -0,2
s	   115,1102	 8	 13,43	 98,73	  14,9	  25,6	  29,8	  30,2	  31,4	  31,9	  29,3	  -0,8
s	   115,8060	 6	 74,70	 81,45	  13,7	  24,3	  28,3	  28,4	  29,7	  31,2	  28,6	  -2,3
s	   115,9316	 5	 72,35	 87,32	  15,0	  25,9	  30,0	  30,5	  31,7	  32,4	  29,8	  -0,4
s	   116,1544	 4	 74,91	 90,35	  16,2	  26,8	  30,9	  31,7	  32,9	  32,7	  29,8	  -0,3
s	   116,1571	 8	 94,03	 73,32	  10,8	  22,6	  27,6	  27,7	  29,1	  31,5	  29,2	  -1,0
s	   116,3024	 5	 74,70	 90,35	  15,2	  26,3	  30,6	  31,4	  32,6	  32,2	  29,7	  -0,4
s	   116,3254	 5	 74,90	 93,16	  16,0	  26,7	  30,8	  31,6	  32,8	  32,6	  29,7	  -0,5
s	   116,4733	 6	 74,69	 93,15	  15,0	  26,2	  30,5	  31,3	  32,5	  32,1	  29,6	  -0,6
s	   116,5193	 8	 93,98	104,95	  14,0	  25,3	  29,2	  29,2	  30,6	  32,3	  29,4	  -0,8
s	   116,5303	 6	 72,35	 84,52	  14,7	  25,9	  29,9	  30,3	  31,6	  32,4	  29,6	  -0,6
s	   116,5399	 8	 94,06	108,08	  13,0	  23,8	  27,5	  27,3	  28,6	  31,2	  28,3	  -2,6
s	   116,5484	 6	 13,26	 86,99	  15,2	  25,8	  29,9	  30,3	  31,6	  32,1	  29,4	  -0,8
s	   116,5497	 7	 73,40	 98,99	  14,5	  25,7	  29,8	  30,2	  31,5	  32,1	  29,5	  -0,7
s	   116,7712	 6	 13,19	 90,00	  15,7	  26,4	  30,7	  31,5	  32,6	  32,1	  29,6	  -0,6
s	   116,8873	 6	 14,07	 90,01	  16,2	  26,7	  30,8	  31,5	  32,7	  32,5	  28,5	  -2,4
s	   116,9100	 7	 13,40	 90,00	  14,8	  25,9	  30,4	  31,2	  32,3	  31,6	  29,4	  -0,8
s	   116,9416	 7	 13,17	 92,79	  15,5	  26,3	  30,6	  31,4	  32,5	  32,0	  29,4	  -0,8
s	   117,0575	 7	 14,05	 92,80	  15,5	  26,4	  30,7	  31,4	  32,6	  32,2	  29,4	  -0,8
s	   117,0802	 8	 13,38	 92,79	  14,5	  25,8	  30,3	  31,1	  32,2	  31,6	  29,3	  -0,9
s	   117,0859	 7	 13,19	 95,80	  15,0	  25,7	  29,8	  30,2	  31,4	  32,0	  29,2	  -1,0
s	   117,1164	 7	 14,09	 87,00	  15,0	  25,7	  29,8	  30,2	  31,4	  32,0	  28,4	  -2,6
s	   117,1722	 7	 74,71	 78,69	  14,0	  24,9	  28,9	  29,0	  30,3	  31,8	  29,2	  -1,1
s	   117,4947	 8	 72,36	 81,76	  13,2	  24,7	  28,8	  28,9	  30,2	  31,6	  29,3	  -1,0
s	   117,6519	 8	 14,02	 95,79	  14,7	  25,6	  29,7	  30,1	  31,3	  31,9	  28,2	  -2,8
s	   118,0322	 7	 74,92	 81,58	  13,4	  24,7	  28,8	  29,0	  30,2	  31,6	  29,3	  -1,0
s	   118,0851	 8	 73,45	 78,76	  13,2	  24,6	  28,8	  28,9	  30,1	  31,5	  29,2	  -1,1
s	   118,1784	 8	 74,72	 81,58	  12,4	  24,2	  28,5	  28,7	  29,9	  31,1	  29,2	  -1,1
s	   118,2852	 8	 13,31	 81,02	  14,2	  24,9	  29,1	  29,5	  30,7	  31,1	  28,2	  -2,9
s	   118,9347	 8	 72,31	102,09	  14,1	  25,5	  29,6	  30,0	  31,3	  31,9	  29,2	  -1,3
s	   119,0379	 8	 74,72	 75,79	  12,1	  23,1	  27,1	  26,9	  28,2	  30,4	  28,1	  -3,1
s	   119,3791	 8	 74,93	 78,86	  13,1	  24,5	  28,7	  28,8	  30,1	  31,4	  29,1	  -1,3
s	   119,9413	 7	 12,96	 87,05	  14,3	  25,4	  29,6	  30,1	  31,2	  31,6	  29,2	  -1,3
s	   120,0772	 8	 13,16	 87,06	  13,3	  24,9	  29,3	  29,7	  30,9	  31,2	  29,0	  -1,5
s	   120,4673	 8	 12,89	 95,68	  14,1	  25,3	  29,5	  29,9	  31,1	  31,6	  29,0	  -1,5
s	   122,8559	 4	113,60	 90,33	  15,9	  26,4	  30,5	  31,3	  32,5	  32,2	  29,2	  -1,5
s	   123,0199	 5	113,61	 93,02	  15,6	  26,3	  30,5	  31,2	  32,4	  32,2	  29,1	  -1,7
s	   123,0766	 5	113,59	 87,44	  14,6	  25,4	  29,5	  30,1	  31,3	  31,8	  29,1	  -1,7
s	   123,6489	 6	113,58	 84,77	  14,1	  25,1	  29,2	  29,7	  30,9	  31,4	  28,7	  -2,1
s	   124,3130	 5	114,72	 90,33	  14,8	  25,8	  30,1	  30,9	  32,1	  31,7	  29,0	  -1,9
s	   124,4755	 6	114,73	 92,99	  14,6	  25,8	  30,1	  30,8	  32,0	  31,6	  28,9	  -2,0
s	   124,4880	 7	113,63	 98,55	  13,8	  25,0	  29,1	  29,6	  30,8	  31,3	  28,5	  -2,4
s	   124,5317	 6	114,71	 87,46	  13,5	  24,9	  29,1	  29,7	  30,8	  31,2	  28,9	  -2,0
s	   124,7439	 7	113,57	 81,71	  13,3	  24,2	  28,4	  28,8	  29,9	  30,3	  27,7	  -4,0
s	   124,9861	 5	113,27	 90,34	  14,8	  25,8	  30,1	  30,9	  32,1	  31,6	  28,9	  -2,0
s	   125,0990	 7	114,70	 84,81	  13,3	  24,8	  29,1	  29,5	  30,7	  31,1	  28,7	  -2,2
s	   125,1479	 6	113,27	 92,99	  14,5	  25,8	  30,0	  30,8	  32,0	  31,6	  28,8	  -2,1
s	   125,2039	 6	113,26	 87,48	  13,5	  24,8	  29,1	  29,6	  30,8	  31,2	  28,8	  -2,2
s	   125,2215	 6	113,45	 90,34	  13,8	  25,3	  29,8	  30,6	  31,7	  31,2	  28,8	  -2,2
s	   125,3456	 6	333,61	 89,69	  14,5	  25,1	  29,5	  30,3	  31,4	  30,8	  27,8	  -4,0
s	   125,3831	 7	113,46	 92,98	  13,6	  25,3	  29,7	  30,5	  31,6	  31,1	  28,7	  -2,3
s	   125,4390	 7	113,44	 87,48	  12,5	  24,4	  28,8	  29,3	  30,4	  30,7	  28,7	  -2,3
s	   125,5071	 7	333,60	 92,33	  14,3	  25,1	  29,4	  30,2	  31,3	  30,7	  27,6	  -4,1
s	   125,7688	 7	113,25	 84,84	  13,3	  24,8	  29,0	  29,5	  30,7	  31,1	  28,6	  -2,4
s	   125,8378	 8	113,64	101,37	  12,0	  23,3	  27,4	  27,5	  28,7	  30,0	  27,5	  -4,3
s	   125,9307	 8	114,75	 98,48	  13,0	  24,7	  29,0	  29,4	  30,6	  31,0	  28,5	  -2,5
s	   125,9493	 8	113,56	 79,31	  12,5	  24,0	  28,1	  28,2	  29,5	  30,8	  28,3	  -2,7
s	   126,0031	 8	113,43	 84,85	  12,3	  24,3	  28,7	  29,2	  30,3	  30,6	  28,5	  -2,5
s	   126,1843	 8	114,69	 81,79	  13,0	  24,6	  28,9	  29,4	  30,5	  30,8	  28,5	  -2,6
s	   126,3771	 7	332,89	 89,68	  14,3	  25,4	  29,8	  30,6	  31,7	  31,0	  28,6	  -2,5
s	   126,5375	 8	332,87	 92,31	  14,0	  25,3	  29,8	  30,5	  31,6	  31,0	  28,5	  -2,6
s	   126,5972	 8	113,29	 98,45	  13,0	  24,7	  28,9	  29,4	  30,5	  31,0	  28,5	  -2,6
s	   126,8498	 8	113,24	 81,83	  13,0	  24,5	  28,9	  29,4	  30,5	  30,7	  28,4	  -2,7
s	   127,3332	 8	116,39	 95,77	  10,2	  22,2	  27,5	  28,2	  29,4	  29,8	  27,4	  -4,5
s	   127,7783	 7	 55,24	 95,72	  11,9	  22,9	  28,0	  28,7	  30,0	  30,4	  27,4	  -4,5
s	   128,2894	 7	334,09	 86,89	  13,6	  24,7	  28,9	  29,4	  30,5	  30,9	  28,2	  -3,1
s	   128,4965	 7	334,14	 89,69	  14,1	  25,3	  29,7	  30,5	  31,6	  30,9	  28,4	  -2,9
s	   128,6549	 8	334,12	 92,29	  13,9	  25,2	  29,7	  30,4	  31,5	  30,8	  28,3	  -3,0
s	   128,7471	 8	333,96	 89,69	  13,2	  24,8	  29,4	  30,2	  31,2	  30,4	  28,3	  -3,0
s	   128,7891	 8	334,03	 95,09	  13,4	  24,6	  28,8	  29,2	  30,4	  30,8	  28,0	  -3,2
s	   129,3027	 8	333,37	 86,90	  12,8	  24,4	  28,8	  29,2	  30,3	  30,6	  28,2	  -3,1
s	   129,7623	 8	 54,25	 95,65	  11,6	  23,3	  28,6	  29,3	  30,5	  30,9	  28,2	  -3,2
s	   131,4480	 8	334,60	 86,95	  12,7	  24,3	  28,6	  29,1	  30,2	  30,5	  28,0	  -3,5
s	   132,6180	 7	 94,62	 95,65	  10,9	  23,0	  28,3	  29,0	  30,3	  30,8	  28,0	  -3,6
s	   133,4666	 8	 94,63	 98,17	  10,6	  22,9	  28,2	  28,9	  30,1	  30,7	  27,9	  -3,8
s	   133,7752	 4	265,64	 91,95	  14,0	  24,9	  29,8	  30,8	  32,2	  32,1	  28,3	  -3,5
s	   134,9297	 8	 94,56	 95,58	   9,8	  22,5	  27,9	  28,6	  29,8	  30,2	  27,7	  -4,1
s	   135,8267	 5	 57,20	 90,31	  14,2	  24,8	  29,0	  29,8	  30,9	  30,4	  27,0	  -5,7
s	   135,9784	 6	 57,19	 92,79	  14,0	  24,7	  29,0	  29,7	  30,9	  30,4	  26,8	  -5,8
s	   136,0980	 5	265,69	 91,91	  12,9	  24,3	  29,4	  30,4	  31,7	  31,5	  28,0	  -4,0
s	   136,5247	 7	265,63	 79,07	  10,9	  22,5	  27,5	  27,9	  29,2	  30,7	  27,5	  -4,5
s	   137,3384	 8	 57,17	 97,92	  13,0	  24,2	  28,4	  28,8	  30,0	  30,3	  27,3	  -4,8
s	   137,6672	 6	 56,38	 87,65	  13,6	  24,3	  28,3	  28,7	  29,9	  30,5	  26,7	  -6,1
s	   137,7202	 6	 56,24	 90,30	  13,9	  25,0	  29,3	  30,1	  31,2	  30,6	  27,7	  -4,4
s	   137,8002	 6	 57,61	 90,31	  13,9	  25,0	  29,3	  30,1	  31,2	  30,6	  27,7	  -4,4
s	   137,8703	 7	 56,23	 92,76	  13,7	  24,9	  29,3	  30,0	  31,1	  30,5	  27,6	  -4,5
s	   137,9222	 7	 56,25	 87,65	  13,4	  24,4	  28,6	  29,1	  30,2	  30,5	  27,6	  -4,5
s	   137,9503	 7	 57,60	 92,77	  13,7	  24,9	  29,3	  30,0	  31,1	  30,5	  27,6	  -4,5
s	   138,1089	 7	 57,45	 90,31	  12,9	  24,5	  29,0	  29,8	  30,8	  30,1	  27,6	  -4,5
s	   138,1923	 7	 56,39	 85,20	  13,1	  24,3	  28,4	  28,8	  30,0	  30,5	  27,3	  -4,8
s	   138,2587	 8	 57,44	 92,76	  12,7	  24,4	  29,0	  29,7	  30,8	  30,0	  27,4	  -4,7
s	   138,4465	 8	 56,27	 85,20	  12,4	  23,9	  28,3	  28,7	  29,9	  30,0	  27,4	  -4,7
s	   138,8115	 8	265,69	 79,21	  10,1	  22,2	  27,3	  27,7	  28,9	  30,4	  27,4	  -4,8
s	   139,1175	 8	 56,40	 82,58	  12,1	  23,0	  27,0	  27,0	  28,2	  29,6	  26,3	  -6,6
s	   139,6118	 6	167,63	 90,01	  14,3	  25,1	  29,3	  30,0	  31,2	  30,6	  27,3	  -4,9
s	   139,6204	 7	 56,79	 87,68	  13,3	  24,5	  28,6	  29,0	  30,2	  30,6	  27,4	  -4,8
s	   139,7603	 7	167,65	 92,44	  14,1	  25,0	  29,2	  29,9	  31,1	  30,6	  27,2	  -5,1
s	   139,8117	 7	167,61	 87,39	  13,1	  24,1	  28,3	  28,8	  29,9	  30,2	  27,2	  -5,1
s	   139,9358	 8	 56,63	 87,69	  12,3	  24,0	  28,3	  28,7	  29,8	  30,2	  27,3	  -5,0
s	   140,1397	 8	 56,80	 85,25	  12,3	  24,0	  28,3	  28,7	  29,8	  30,2	  27,3	  -5,0
s	   140,2793	 8	167,67	 95,06	  12,8	  24,0	  28,2	  28,6	  29,8	  30,1	  27,0	  -5,3
s	   140,3305	 8	167,59	 84,96	  12,8	  24,0	  28,2	  28,6	  29,8	  30,1	  27,0	  -5,3
s	   142,3671	 5	 94,33	 90,38	  13,1	  24,6	  29,0	  29,8	  30,9	  30,4	  27,4	  -5,1
s	   142,5134	 6	 94,33	 92,78	  12,9	  24,6	  28,9	  29,7	  30,8	  30,3	  27,3	  -5,2
s	   142,5640	 6	 94,32	 87,80	  12,6	  24,1	  28,3	  28,7	  29,9	  30,3	  27,3	  -5,2
s	   142,8754	 7	 94,33	 94,77	   9,7	  22,1	  27,5	  28,3	  29,4	  29,7	  27,2	  -5,4
s	   142,9499	 7	167,10	 90,01	  13,9	  24,9	  29,1	  29,8	  30,9	  30,4	  26,1	  -7,2
s	   143,0749	 7	 94,32	 85,41	  12,4	  24,0	  28,2	  28,6	  29,8	  30,3	  27,2	  -5,4
s	   143,0957	 8	167,12	 92,40	  13,2	  24,6	  29,0	  29,7	  30,8	  30,2	  27,0	  -5,5
s	   143,1461	 8	167,08	 87,44	  12,7	  23,9	  28,1	  28,5	  29,7	  29,9	  26,0	  -7,3
s	   143,1521	 8	167,68	 90,01	  12,4	  24,2	  28,7	  29,4	  30,5	  29,8	  27,0	  -5,5
s	   144,0534	 8	 94,32	 82,68	  12,1	  23,8	  28,1	  28,5	  29,6	  29,9	  27,0	  -5,7
s	   144,0845	 3	265,86	 89,43	  15,0	  25,5	  29,5	  30,3	  31,5	  31,2	  27,5	  -5,1
s	   144,1516	 8	130,80	 95,21	  10,1	  21,8	  27,1	  27,8	  29,0	  29,3	  25,9	  -7,5
s	   144,2796	 4	265,86	 86,88	  14,5	  24,9	  28,8	  29,3	  30,5	  31,1	  27,4	  -5,3
s	   144,6891	 6	 94,27	 90,39	  12,1	  24,1	  28,5	  29,3	  30,4	  29,8	  27,1	  -5,6
s	   144,7357	 5	265,87	 94,36	  12,7	  23,5	  27,5	  27,9	  29,1	  29,6	  26,2	  -7,3
s	   144,7857	 5	265,86	 84,51	  14,0	  24,6	  28,5	  28,9	  30,2	  30,8	  27,0	  -5,7
s	   144,8336	 7	 94,27	 92,75	  11,8	  24,0	  28,5	  29,2	  30,3	  29,7	  27,0	  -5,7
s	   144,8835	 7	 94,26	 87,84	  11,6	  23,5	  27,8	  28,3	  29,4	  29,7	  27,0	  -5,7
s	   145,1910	 8	 94,27	 94,71	   8,6	  21,5	  27,1	  27,8	  29,0	  29,2	  26,9	  -5,9
s	   145,3880	 8	 94,26	 85,48	  11,3	  23,4	  27,8	  28,2	  29,3	  29,7	  26,8	  -5,9
s	   145,5285	 6	265,87	 96,71	  13,7	  24,5	  28,4	  28,8	  30,1	  30,8	  26,8	  -6,0
s	   145,6778	 6	265,86	 81,98	  11,5	  22,5	  26,5	  26,6	  27,8	  29,1	  26,0	  -7,5
s	   146,4100	 4	265,91	 89,43	  13,9	  24,9	  29,1	  29,9	  31,0	  30,6	  27,2	  -5,6
s	   146,5137	 7	265,86	 80,23	   9,7	  21,6	  26,7	  27,1	  28,4	  29,7	  26,6	  -6,2
s	   146,6026	 5	265,91	 86,91	  13,4	  24,3	  28,4	  28,8	  30,1	  30,6	  27,1	  -5,8
s	   146,7250	 7	265,87	 99,21	  11,9	  22,8	  26,7	  26,7	  28,0	  29,4	  25,8	  -7,8
s	   147,0530	 6	265,91	 94,30	  12,4	  23,9	  28,0	  28,5	  29,7	  30,1	  26,9	  -6,0
s	   147,1024	 6	265,91	 84,57	  13,2	  24,3	  28,3	  28,7	  30,0	  30,5	  26,9	  -6,0
s	   147,8359	 7	265,91	 96,62	  12,9	  24,2	  28,2	  28,6	  29,8	  30,4	  26,8	  -6,2
s	   147,8456	 4	281,61	 89,44	  14,6	  25,1	  29,2	  30,0	  31,2	  30,7	  27,1	  -5,9
s	   147,9833	 7	265,91	 82,08	  11,1	  22,9	  27,0	  27,2	  28,4	  29,6	  26,7	  -6,2
s	   147,9875	 5	281,61	 91,77	  14,4	  25,1	  29,2	  29,9	  31,1	  30,7	  27,0	  -6,0
s	   148,1485	 8	265,87	101,50	  12,2	  23,4	  27,3	  27,3	  28,6	  30,1	  26,4	  -6,6
s	   148,3938	 8	265,86	 77,20	  10,6	  21,8	  25,6	  25,4	  26,6	  28,9	  25,6	  -8,2
s	   148,4836	 6	281,60	 94,27	  12,4	  23,2	  27,2	  27,6	  28,8	  29,2	  25,8	  -8,0
s	   148,4940	 7	 75,41	 87,87	  12,9	  24,0	  28,2	  28,6	  29,7	  30,1	  26,7	  -6,3
s	   148,6088	 5	282,66	 89,44	  13,6	  24,6	  28,9	  29,7	  30,8	  30,2	  26,9	  -6,1
s	   148,8090	 8	265,90	 80,34	   8,9	  21,3	  26,5	  26,9	  28,2	  29,4	  26,6	  -6,5
s	   148,9888	 8	 75,42	 85,56	  12,6	  24,0	  28,1	  28,5	  29,6	  30,1	  26,5	  -6,5
s	   149,0177	 8	265,92	 99,09	  11,6	  23,2	  27,2	  27,3	  28,5	  29,9	  26,5	  -6,5
s	   149,2443	 7	282,65	 94,25	  12,1	  23,6	  27,9	  28,3	  29,4	  29,7	  26,6	  -6,5
s	   149,4069	 7	281,63	 82,14	  11,1	  22,2	  26,2	  26,3	  27,5	  28,6	  25,6	  -8,3
s	   149,5037	 7	283,61	 91,76	  11,9	  23,3	  28,6	  29,5	  30,7	  30,2	  26,6	  -6,5
s	   149,8133	 7	201,87	 89,73	  13,3	  23,9	  28,1	  28,9	  29,9	  29,1	  25,5	  -8,4
s	   149,9538	 8	201,88	 92,04	  13,0	  23,8	  28,1	  28,8	  29,8	  29,1	  25,4	  -8,5
s	   150,0181	 8	282,65	 96,54	  11,8	  23,5	  27,8	  28,2	  29,3	  29,6	  26,5	  -6,7
s	   150,1118	 6	282,43	 86,97	  13,0	  24,0	  28,1	  28,6	  29,8	  30,1	  26,7	  -6,5
s	   150,1246	 5	281,46	 89,44	  13,5	  24,6	  28,8	  29,6	  30,7	  30,1	  26,8	  -6,4
s	   150,2460	 6	281,64	 89,44	  12,5	  24,1	  28,5	  29,3	  30,4	  29,7	  26,7	  -6,5
s	   150,2649	 6	281,46	 91,74	  13,3	  24,5	  28,8	  29,5	  30,6	  30,1	  26,7	  -6,5
s	   150,3522	 8	201,80	 89,73	  13,0	  24,1	  28,6	  29,3	  30,3	  29,4	  26,4	  -6,8
s	   150,3862	 7	281,63	 91,74	  12,3	  24,0	  28,5	  29,2	  30,3	  29,6	  26,5	  -6,7
s	   150,5304	 8	281,63	 79,86	  11,3	  22,7	  26,9	  27,0	  28,2	  29,3	  26,2	  -7,0
s	   150,6023	 7	282,43	 84,67	  12,8	  23,9	  28,1	  28,5	  29,6	  30,0	  26,5	  -6,7
s	   150,7115	 8	202,52	 89,73	  13,0	  24,1	  28,5	  29,3	  30,3	  29,4	  26,3	  -6,9
s	   150,7551	 7	281,46	 94,21	  12,0	  23,5	  27,8	  28,2	  29,4	  29,6	  26,5	  -6,7
s	   150,8760	 8	281,63	 94,21	  11,0	  23,1	  27,5	  27,9	  29,0	  29,1	  26,4	  -6,9
s	   151,6673	 8	281,48	 82,23	  10,7	  22,5	  26,8	  26,9	  28,1	  29,1	  26,3	  -7,0
s	   151,7630	 8	283,44	 91,73	  10,8	  22,7	  28,2	  29,1	  30,3	  29,6	  26,3	  -7,0
s	   151,7687	 7	128,70	 87,83	  12,0	  23,1	  27,3	  27,7	  28,8	  29,2	  25,4	  -8,7
s	   152,2549	 8	128,69	 85,56	  11,0	  22,7	  26,9	  27,3	  28,5	  28,7	  25,3	  -8,9
s	   153,7342	 7	129,50	 90,28	  13,1	  24,2	  28,5	  29,3	  30,2	  29,5	  26,2	  -7,3
s	   153,8719	 8	129,51	 92,54	  12,9	  24,1	  28,4	  29,2	  30,1	  29,4	  26,1	  -7,4
s	   156,6901	 7	 40,49	 90,22	  12,0	  23,2	  27,6	  28,4	  29,4	  28,5	  25,0	  -9,5
s	   156,8256	 8	 40,48	 92,45	  11,8	  23,1	  27,6	  28,3	  29,3	  28,4	  24,9	  -9,7
s	   156,8725	 8	 40,51	 87,83	  10,8	  22,2	  26,6	  27,1	  28,1	  28,0	  24,9	  -9,7
s	   159,0749	 8	297,68	 91,69	  10,5	  22,4	  27,8	  28,8	  29,9	  29,2	  25,7	  -8,2
s	   166,1668	 6	296,61	 89,49	  11,8	  22,9	  27,3	  28,0	  29,1	  28,2	  24,4	 -11,0
s	   166,3408	 7	296,62	 87,21	  10,6	  21,9	  26,3	  26,8	  27,8	  27,8	  24,2	 -11,1
s	   166,7480	 8	296,60	 93,89	  10,3	  21,7	  26,0	  26,4	  27,4	  27,4	  24,1	 -11,3
s	   166,7926	 8	296,63	 85,10	  10,9	  22,4	  26,7	  27,2	  28,2	  28,2	  24,9	  -9,8
s	   167,7820	 7	297,48	 89,50	  11,6	  23,1	  27,6	  28,4	  29,4	  28,4	  25,2	  -9,6
s	   167,9546	 8	297,49	 87,23	  10,3	  22,2	  26,7	  27,1	  28,1	  28,0	  25,0	  -9,7
s	   168,2440	 7	296,32	 89,49	  11,5	  23,1	  27,6	  28,4	  29,4	  28,4	  25,1	  -9,7
s	   168,4163	 8	296,33	 87,23	  10,3	  22,1	  26,6	  27,1	  28,1	  28,0	  25,0	  -9,8
s	   168,5073	 8	296,46	 89,49	  10,6	  22,7	  27,3	  28,0	  29,0	  28,0	  25,0	  -9,8
s	   169,3475	 7	  9,69	 90,00	  12,7	  23,5	  27,8	  28,5	  29,6	  28,7	  24,8	 -10,1
s	   169,4749	 8	  9,68	 92,09	  12,5	  23,5	  27,8	  28,5	  29,5	  28,7	  24,7	 -10,2
s	   169,7716	 8	 10,32	 90,01	  12,5	  23,5	  27,8	  28,4	  29,5	  28,7	  23,9	 -11,8
s	   169,8832	 7	 44,51	 90,25	  11,5	  22,6	  27,0	  27,8	  28,8	  27,8	  24,0	 -11,7
s	   170,0101	 8	 44,50	 92,34	  11,2	  22,5	  27,0	  27,7	  28,7	  27,7	  23,8	 -11,9
s	   170,0541	 8	 44,52	 88,01	  10,2	  21,6	  26,0	  26,5	  27,5	  27,3	  23,8	 -11,9
s	   171,5370	 8	 44,96	 90,26	  11,2	  22,8	  27,4	  28,1	  29,1	  28,0	  24,7	 -10,3
s	   172,4988	 8	  9,57	 87,79	  11,4	  22,6	  26,8	  27,2	  28,3	  28,3	  24,4	 -10,7
s	   172,7888	 8	  9,53	 90,00	  11,9	  23,2	  27,6	  28,3	  29,3	  28,3	  24,7	 -10,5
s	   177,1584	 6	265,50	 89,45	  10,6	  22,6	  27,1	  27,9	  28,9	  28,0	  24,5	 -11,1
s	   177,3235	 7	265,49	 87,28	  10,1	  22,1	  26,4	  26,8	  27,9	  28,0	  24,4	 -11,2
s	   177,7099	 8	265,50	 93,62	   9,1	  21,6	  26,1	  26,5	  27,5	  27,5	  24,3	 -11,4
s	   177,7523	 8	265,49	 85,28	   9,9	  22,0	  26,3	  26,7	  27,8	  27,9	  24,3	 -11,4
s	   179,4828	 7	265,54	 89,45	   9,6	  22,1	  26,7	  27,4	  28,4	  27,5	  24,2	 -11,5
s	   179,6462	 8	265,54	 87,30	   9,1	  21,5	  26,0	  26,4	  27,4	  27,4	  24,1	 -11,7
s	   179,6781	 7	236,15	 89,53	  10,3	  21,9	  26,4	  27,1	  28,1	  27,1	  23,2	 -13,4
s	   181,5207	 8	235,48	 87,41	   9,7	  21,4	  25,7	  26,0	  27,1	  27,2	  23,0	 -13,8
s	   181,6198	 8	235,39	 89,53	  10,0	  22,1	  26,7	  27,5	  28,4	  27,3	  24,0	 -12,0
s	   181,6278	 8	236,49	 89,53	  10,0	  22,1	  26,7	  27,5	  28,4	  27,3	  24,0	 -12,0
s	   190,0194	 8	170,28	 90,01	  10,9	  22,2	  26,7	  27,4	  28,3	  27,2	  23,1	 -13,6
s	   209,3377	 5	 92,22	 92,16	   9,9	  21,2	  26,3	  27,2	  28,4	  27,7	  22,3	 -16,2
s	   210,2970	 7	 92,22	 95,78	   8,9	  20,3	  25,3	  25,8	  27,1	  27,3	  21,8	 -16,8
s	   211,1833	 8	 92,22	 97,65	   6,4	  18,2	  23,3	  23,5	  24,7	  25,6	  20,8	 -18,6
s	   211,6643	 6	 92,19	 92,15	   8,8	  20,7	  25,9	  26,8	  27,9	  27,1	  22,0	 -16,7
s	   211,7457	 8	266,05	 89,46	   7,4	  20,4	  25,1	  25,9	  26,7	  25,5	  21,8	 -16,9
s	   212,1214	 6	 80,56	 92,14	   9,6	  20,9	  26,1	  27,0	  28,1	  27,3	  22,0	 -16,7
s	   212,6147	 8	 92,19	 95,73	   8,1	  20,0	  25,1	  25,7	  26,8	  27,0	  21,7	 -17,0
s	   213,0701	 8	 80,55	 95,72	   8,6	  20,1	  25,1	  25,7	  26,8	  26,9	  21,4	 -17,3
s	   214,4224	 7	 80,64	 92,12	   8,5	  20,4	  25,7	  26,6	  27,7	  26,7	  21,7	 -17,2
s	   214,5129	 8	 80,51	 92,12	   7,6	  19,9	  25,4	  26,3	  27,3	  26,3	  21,6	 -17,3
s	   219,7054	 4	 92,11	 90,41	  11,0	  22,0	  26,1	  26,8	  27,9	  27,0	  21,7	 -17,7
s	   219,8434	 5	 92,11	 88,60	  11,2	  21,8	  25,7	  26,0	  27,2	  27,3	  21,5	 -17,9
s	   220,2017	 6	 92,11	 86,93	  10,3	  21,4	  25,4	  25,7	  26,8	  26,9	  21,4	 -18,0
s	   220,8345	 7	 92,11	 85,13	   8,2	  19,5	  23,4	  23,4	  24,5	  25,3	  20,2	 -20,0
s	   221,6497	 8	 92,11	 83,47	   8,5	  20,1	  24,1	  24,1	  25,2	  26,1	  20,8	 -18,7
s	   222,0332	 5	 92,09	 90,41	  10,0	  21,4	  25,7	  26,5	  27,5	  26,4	  21,4	 -18,2
s	   222,1699	 6	 92,09	 88,62	  10,2	  21,3	  25,3	  25,7	  26,7	  26,8	  21,3	 -18,3
s	   222,3785	 5	 80,92	 90,41	  10,7	  21,7	  25,9	  26,7	  27,7	  26,6	  21,4	 -18,3
s	   222,4900	 7	 92,09	 93,87	   9,2	  20,8	  25,0	  25,3	  26,4	  26,3	  21,1	 -18,5
s	   222,5151	 6	 80,92	 88,62	  10,9	  21,6	  25,5	  25,9	  27,0	  26,9	  21,2	 -18,4
s	   222,5251	 7	 92,08	 86,96	   9,2	  20,8	  25,0	  25,3	  26,4	  26,3	  21,1	 -18,5
s	   222,8698	 7	 80,92	 86,96	  10,0	  21,1	  25,2	  25,5	  26,6	  26,5	  21,1	 -18,6
s	   223,1522	 8	 92,08	 85,18	   7,9	  19,8	  24,0	  24,1	  25,1	  25,8	  21,0	 -18,7
s	   223,4961	 8	 80,93	 85,18	   7,9	  19,2	  23,2	  23,2	  24,3	  25,0	  19,9	 -20,5
s	   224,0984	 7	255,00	 89,48	   8,7	  20,7	  25,3	  26,0	  26,9	  25,6	  21,0	 -18,7
s	   224,6827	 6	 80,99	 90,41	   9,6	  21,2	  25,5	  26,3	  27,2	  26,0	  21,1	 -18,7
s	   224,7697	 7	 80,87	 90,41	   8,7	  20,7	  25,2	  26,0	  26,9	  25,6	  21,0	 -18,9
s	   224,8180	 7	 81,00	 88,63	   9,9	  21,0	  25,1	  25,5	  26,5	  26,4	  21,0	 -18,9
s	   224,9050	 8	 80,87	 88,63	   8,9	  20,6	  24,8	  25,2	  26,2	  25,9	  20,9	 -19,0
s	   225,0093	 8	254,36	 87,70	   7,4	  19,9	  24,3	  24,7	  25,6	  25,3	  20,8	 -19,0
s	   225,1349	 8	 80,99	 93,83	   8,9	  20,6	  24,8	  25,1	  26,1	  25,9	  20,8	 -19,0
s	   225,1696	 8	 81,00	 86,99	   8,9	  20,6	  24,8	  25,1	  26,1	  25,9	  20,8	 -19,0
s	   226,3548	 8	255,13	 89,48	   7,7	  20,2	  24,9	  25,6	  26,4	  25,0	  20,8	 -19,2
s	   228,6893	 8	105,24	 88,65	   8,0	  20,0	  24,4	  24,8	  25,7	  25,3	  20,6	 -19,6
s	   231,0044	 8	289,76	 89,49	   8,3	  20,3	  24,9	  25,7	  26,5	  25,0	  20,4	 -19,9
s	   234,7893	 7	 70,23	 90,39	   9,1	  20,7	  25,1	  25,8	  26,7	  25,3	  20,3	 -20,4
s	   236,1208	 8	 69,00	 88,68	   9,3	  20,5	  24,7	  25,0	  26,0	  25,6	  20,1	 -20,7
s	   244,5122	 7	267,16	 92,65	   7,3	  19,0	  24,1	  24,7	  25,8	  25,7	  19,6	 -21,9
s	   246,8370	 8	267,18	 92,62	   6,2	  18,5	  23,7	  24,3	  25,3	  25,1	  19,4	 -22,4
s	   246,9531	 8	277,39	 92,63	   7,0	  18,8	  23,9	  24,5	  25,6	  25,3	  19,4	 -22,4
s	   250,4418	 8	288,34	 89,49	   7,6	  19,7	  24,3	  25,0	  25,8	  24,2	  19,1	 -23,0
s	   254,5682	 5	267,24	 89,47	   8,9	  20,4	  24,7	  25,4	  26,3	  25,1	  19,2	 -23,3
s	   254,6585	 6	267,24	 90,95	   8,7	  20,4	  24,6	  25,3	  26,2	  25,0	  19,1	 -23,4
s	   254,6897	 6	267,24	 87,87	   9,2	  20,3	  24,2	  24,6	  25,6	  25,4	  19,1	 -23,4
s	   255,0055	 7	267,24	 86,39	   8,2	  19,8	  23,9	  24,3	  25,2	  24,9	  18,9	 -23,6
s	   255,4699	 8	267,25	 94,01	   7,7	  19,5	  23,6	  23,9	  24,9	  24,7	  18,6	 -24,0
s	   255,5634	 8	267,24	 84,81	   6,2	  17,9	  22,0	  22,0	  22,9	  23,4	  17,8	 -25,6
s	   256,8965	 6	267,26	 89,47	   7,9	  19,9	  24,3	  25,0	  25,9	  24,5	  18,9	 -23,8
s	   256,9260	 6	277,11	 89,47	   8,6	  20,2	  24,5	  25,2	  26,1	  24,7	  18,9	 -23,8
s	   257,0156	 7	277,11	 90,94	   8,4	  20,1	  24,5	  25,1	  26,0	  24,6	  18,8	 -23,9
s	   257,0171	 7	267,26	 87,89	   8,1	  19,7	  23,9	  24,2	  25,2	  24,9	  18,8	 -23,9
s	   257,0466	 7	277,12	 87,89	   8,1	  19,6	  23,8	  24,2	  25,1	  24,6	  18,8	 -23,9
s	   257,1774	 8	 81,25	 90,42	   6,7	  19,2	  23,9	  24,6	  25,4	  23,8	  18,7	 -24,0
s	   257,3304	 8	267,26	 86,42	   7,2	  19,3	  23,5	  23,9	  24,8	  24,4	  18,7	 -24,0
s	   257,3599	 8	277,12	 86,42	   7,2	  19,1	  23,5	  23,9	  24,8	  24,2	  18,7	 -24,1
s	   259,2359	 7	277,06	 89,47	   7,6	  19,6	  24,1	  24,8	  25,7	  24,1	  18,7	 -24,2
s	   259,3555	 8	277,06	 87,90	   7,1	  19,1	  23,4	  23,8	  24,7	  24,1	  18,5	 -24,4
s	   268,8116	 8	287,18	 89,49	   7,1	  19,2	  23,8	  24,5	  25,2	  23,5	  17,9	 -25,8
#END
