#HEADER
CATT-Acoustic v8.0b    Copyright © CATT 1988-2003

 Project                : Aula Optica 

 GEOMETRICAL INFORMATION
 Src id and loc     [m] :   A0           0,400        0,600        1,300
 Rec id and loc     [m] :   06          13,000        1,600        1,200

 06       36,8165

 VARIABLE SOURCE DATA
 Directivity
   Type (library)       :  OMNI.SD0
   Dir. Index (DI) [dB] :       0,0      0,0      0,0      0,0      0,0      0,0      0,0      0,0
 Level
   On axis 1m      [dB] :      54,1     63,1     66,8     67,7     69,4     70,6     70,6     54,2
   Total power     [dB] :      65,0     74,0     77,7     78,6     80,3     81,5     81,5     65,1
   Auxiliary delay [ms] :       0,0

 VARIABLE AIR DATA
 Temperature       [°C] :      20
 Relative humidity  [%] :      50
 Density        [kg/m³] :       1,2
 Sound speed      [m/s] :     343
 Impedance      [Ns/m³] :     412
 Diss. coeff. [0.001/m] :      0,10     0,30     0,63     1,07     2,28     6,83    24,23    83,90      (estimated)

#DATAFIELDS
 TYPE DELAY ORDER AZIMUTH ELEVATION SPL125 SPL250 SPL500 SPL1K SPL2K SPL4K SPL8K SPL16K
#DATA
d	     0,0000	 0	108,12	 89,99	  32,1	  41,0	  44,7	  45,6	  47,2	  48,2	  47,2	  27,6
s	     0,7121	 1	108,15	101,63	  31,2	  40,4	  44,1	  44,9	  46,5	  47,5	  46,5	  26,7
*	    35,7532	 1	345,54	 99,36	 -13,3	  -4,1	  -0,5	   0,3	   1,9	   2,7	   0,7	 -22,1
*	    25,7571	 1	330,18	103,85	  -7,4	   1,8	   5,5	   6,3	   7,9	   8,7	   7,0	 -15,0
*	    19,6567	 1	294,40	109,85	  -2,3	   6,9	  10,6	  11,4	  13,0	  13,8	  12,3	  -9,1
*	    26,3669	 1	  9,02	100,59	  -9,9	  -0,8	   2,9	   3,7	   5,3	   6,1	   4,4	 -17,6
*	    14,5763	 1	  6,82	108,51	  -1,6	   7,5	  11,2	  12,0	  13,6	  14,5	  13,1	  -7,8
*	     5,4998	 1	348,23	147,04	  11,8	  21,0	  24,7	  25,5	  27,1	  28,1	  26,9	   6,7
*	    20,9127	 1	 33,41	100,05	  -8,6	   0,5	   4,2	   5,0	   6,6	   7,5	   5,9	 -15,6
*	     9,2327	 1	 47,32	105,57	  -1,3	   7,8	  11,5	  12,3	  14,0	  14,9	  13,6	  -6,9
*	     1,6902	 1	 86,21	114,70	   5,6	  14,8	  18,5	  19,3	  20,9	  21,9	  20,9	   1,0
*	    19,1093	 1	 51,85	 98,46	  -8,8	   0,4	   4,0	   4,9	   6,5	   7,3	   5,8	 -15,6
*	     8,0688	 1	 68,35	100,87	  -3,0	   6,2	   9,9	  10,7	  12,3	  13,3	  12,0	  -8,4
*	     1,5077	 1	 94,30	102,80	   1,2	  10,3	  14,0	  14,9	  16,5	  17,5	  16,4	  -3,4
*	    20,2908	 1	 63,91	 96,93	  -9,4	  -0,3	   3,4	   4,2	   5,8	   6,7	   5,1	 -16,3
*	     9,2122	 1	 78,42	 98,01	  -3,6	   5,6	   9,3	  10,1	  11,7	  12,7	  11,4	  -9,1
*	     2,0621	 1	 96,87	 98,64	   1,4	  10,6	  14,3	  15,1	  16,8	  17,7	  16,7	  -3,2
*	     0,8729	 1	113,41	100,93	 -20,3	 -10,8	  -7,0	  -6,1	  -4,5	  -3,7	  -4,3	 -24,0
s	     0,9554	 1	108,09	 77,52	  29,6	  38,7	  42,3	  42,9	  44,5	  46,3	  45,6	  25,1
*	    35,6764	 1	287,80	 75,53	  -8,7	   1,1	   5,0	   5,7	   7,3	   8,8	   7,3	 -13,9
*	    39,2547	 1	312,33	 77,26	 -10,6	  -0,8	   3,1	   3,8	   5,4	   6,9	   5,2	 -16,2
*	    46,6132	 1	329,24	 79,82	 -14,0	  -4,2	  -0,3	   0,4	   2,0	   3,4	   1,6	 -20,5
*	    19,6852	 1	291,59	 64,32	   0,7	  10,6	  14,5	  15,2	  16,8	  18,4	  17,3	  -2,4
*	    24,8459	 1	329,82	 71,50	  -3,7	   6,2	  10,0	  10,8	  12,4	  14,0	  12,7	  -7,5
*	    34,1989	 1	346,40	 77,58	  -9,4	   0,4	   4,3	   5,0	   6,6	   8,1	   6,6	 -14,4
*	     5,8959	 1	339,12	 19,62	  13,6	  23,5	  27,3	  28,1	  29,7	  31,4	  30,7	  12,2
*	    13,5539	 1	  8,29	 65,56	   2,3	  12,2	  16,1	  16,8	  18,4	  20,1	  19,1	  -0,0
*	    24,6820	 1	 10,74	 76,31	  -5,9	   3,9	   7,8	   8,5	  10,1	  11,7	  10,5	  -9,7
*	     1,7560	 1	 93,69	 60,10	   8,6	  18,5	  22,4	  23,2	  24,8	  26,5	  25,9	   7,7
*	     8,1408	 1	 51,28	 70,42	   2,6	  12,5	  16,3	  17,1	  18,7	  20,4	  19,6	   0,9
*	    19,0967	 1	 36,08	 77,48	  -4,6	   5,3	   9,1	   9,9	  11,5	  13,1	  12,0	  -7,7
*	     1,3292	 1	 98,88	 74,87	   4,5	  14,4	  18,2	  19,0	  20,6	  22,4	  21,7	   3,6
*	     6,8244	 1	 72,18	 77,01	   0,9	  10,8	  14,7	  15,4	  17,1	  18,8	  18,0	  -0,6
*	    17,1097	 1	 54,88	 79,92	  -4,7	   5,2	   9,1	   9,8	  11,4	  13,0	  12,0	  -7,5
*	     1,5838	 1	100,50	 80,10	   5,0	  14,9	  18,7	  19,5	  21,1	  22,9	  22,2	   4,1
*	     7,6014	 1	 81,80	 80,81	   0,6	  10,5	  14,4	  15,1	  16,8	  18,4	  17,6	  -1,0
*	    17,9952	 1	 66,89	 82,07	  -5,1	   4,7	   8,6	   9,4	  11,0	  12,6	  11,5	  -8,1
*	     3,0604	 1	101,29	 82,72	   9,6	  19,5	  23,3	  24,1	  25,7	  27,4	  26,8	   8,5
*	    10,8723	 1	 87,04	 83,04	   0,9	  10,8	  14,6	  15,4	  17,0	  18,7	  17,8	  -1,2
*	    21,7926	 1	 74,61	 83,66	  -6,1	   3,8	   7,7	   8,4	  10,0	  11,6	  10,4	  -9,5
*	     1,0176	 1	111,83	 86,37	   7,7	  17,2	  21,0	  21,9	  23,5	  24,4	  23,7	   4,0
*	     4,0248	 1	109,81	 83,05	   4,2	  13,2	  17,0	  17,9	  19,5	  20,2	  20,3	   2,0
*	     2,7893	 1	110,20	 82,59	   2,7	  11,8	  15,6	  16,4	  18,0	  18,8	  18,9	   0,7
*	     2,1314	 1	110,64	 82,08	   0,5	   9,6	  13,3	  14,2	  15,8	  16,6	  16,7	  -1,5
*	     1,7705	 1	111,15	 81,49	  -1,5	   7,5	  11,3	  12,2	  13,8	  14,6	  14,7	  -3,4
*	     1,5647	 1	111,73	 80,82	  -3,1	   5,9	   9,7	  10,5	  12,1	  12,9	  13,1	  -5,1
*	     1,4482	 1	112,40	 80,04	  -4,4	   4,7	   8,4	   9,3	  10,9	  11,7	  11,8	  -6,3
s	     2,3232	 1	107,85	 90,02	  30,3	  39,8	  43,7	  44,5	  46,1	  47,0	  46,3	  26,4
*	    32,5862	 1	 72,94	 91,39	  -9,9	  -0,4	   3,4	   4,2	   5,8	   6,4	   4,9	 -17,6
*	    17,4379	 1	 86,49	 91,52	  -1,4	   8,1	  11,9	  12,8	  14,4	  15,1	  14,0	  -7,2
*	     5,1354	 1	102,29	 91,55	  15,9	  25,4	  29,2	  30,1	  31,7	  32,5	  31,7	  11,6
*	    26,8475	 1	 77,73	 86,27	 -18,8	  -9,6	  -6,0	  -5,1	  -3,6	  -2,7	  -0,5	 -20,8
*	    26,5937	 1	 77,73	 88,78	 -18,7	  -9,5	  -5,8	  -5,0	  -3,4	  -2,6	  -0,3	 -20,7
*	    24,2580	 1	 80,03	 86,21	 -17,4	  -8,2	  -4,6	  -3,7	  -2,2	  -1,3	   1,0	 -19,1
*	    23,9875	 1	 80,03	 88,75	 -17,2	  -8,1	  -4,4	  -3,6	  -2,0	  -1,2	   1,2	 -18,9
*	    21,7415	 1	 82,41	 86,13	 -15,9	  -6,7	  -3,1	  -2,3	  -0,7	   0,2	   2,6	 -17,3
*	    21,4514	 1	 82,41	 88,72	 -15,7	  -6,6	  -2,9	  -2,1	  -0,5	   0,4	   2,8	 -17,1
*	    19,3030	 1	 84,88	 86,06	 -14,3	  -5,1	  -1,5	  -0,6	   1,0	   1,8	   4,3	 -15,4
*	    18,9892	 1	 84,87	 88,70	 -14,1	  -4,9	  -1,3	  -0,4	   1,2	   2,0	   4,5	 -15,2
*	    16,9479	 1	 87,41	 86,01	 -12,6	  -3,4	   0,3	   1,1	   2,7	   3,6	   6,1	 -13,4
*	    16,6051	 1	 87,41	 88,68	 -12,3	  -3,1	   0,5	   1,3	   3,0	   3,8	   6,4	 -13,1
*	    14,6829	 1	 90,01	 85,95	 -10,7	  -1,5	   2,2	   3,0	   4,6	   5,5	   8,1	 -11,2
*	    14,3030	 1	 90,01	 88,65	 -10,3	  -1,2	   2,5	   3,3	   4,9	   5,8	   8,4	 -10,8
*	    12,5162	 1	 92,66	 85,90	  -8,5	   0,7	   4,3	   5,2	   6,8	   7,7	  10,3	  -8,8
*	    12,0875	 1	 92,67	 88,63	  -8,1	   1,1	   4,8	   5,6	   7,2	   8,1	  10,8	  -8,3
*	    10,4602	 1	 95,38	 85,87	  -6,1	   3,1	   6,8	   7,6	   9,2	  10,1	  12,8	  -6,1
*	     9,9638	 1	 95,38	 88,62	  -5,4	   3,7	   7,4	   8,2	   9,8	  10,8	  13,5	  -5,4
*	     8,5361	 1	 98,12	 85,84	  -3,2	   5,9	   9,6	  10,5	  12,1	  13,0	  15,7	  -3,0
*	     7,9398	 1	 98,12	 88,60	  -2,3	   6,9	  10,6	  11,4	  13,0	  14,0	  16,7	  -2,0
*	     6,7873	 1	100,89	 85,81	   0,1	   9,3	  13,0	  13,8	  15,4	  16,4	  19,2	   0,6
*	     6,0311	 1	100,89	 88,60	   1,8	  11,0	  14,7	  15,5	  17,1	  18,1	  20,9	   2,3
*	     2,5100	 1	102,51	 94,77	 -15,4	  -5,7	  -0,9	   0,2	   1,9	   2,8	   1,8	 -18,1
s	     2,9938	 2	107,88	100,98	  30,0	  39,6	  43,5	  44,3	  45,9	  46,8	  46,0	  26,1
s	     3,1044	 2	108,19	113,19	  28,9	  38,2	  41,8	  42,3	  43,9	  45,7	  45,0	  24,2
s	     3,2232	 2	107,82	 78,26	  28,9	  38,7	  42,5	  43,1	  44,7	  46,3	  45,9	  26,0
s	     3,3333	 2	108,06	 66,93	  29,4	  38,8	  42,5	  43,1	  44,7	  46,4	  45,7	  25,7
s	     5,2566	 3	107,91	111,97	  28,2	  38,2	  42,0	  42,6	  44,1	  45,8	  45,3	  25,2
*	     5,4719	 1	110,74	 83,31	  -2,0	   7,5	  11,4	  12,2	  13,8	  14,6	  13,9	  -6,3
s	     5,4738	 3	107,80	 68,18	  28,2	  38,1	  42,0	  42,5	  44,1	  45,7	  45,3	  25,1
*	     5,9996	 1	108,40	 83,44	 -14,5	  -5,0	  -1,2	  -0,3	   1,2	   2,1	   1,3	 -18,9
s	     6,5983	 3	108,21	122,45	  28,5	  38,1	  41,8	  42,3	  43,9	  45,7	  44,8	  24,5
s	     7,2269	 3	108,03	 57,15	  26,8	  36,4	  40,0	  40,2	  41,8	  44,4	  43,8	  22,8
*	     8,4579	 1	 94,51	 94,52	  -5,2	   4,5	   9,2	  10,3	  12,0	  12,9	  11,8	  -8,6
*	    15,6283	 1	 85,44	 94,37	 -12,1	  -2,4	   2,4	   3,5	   5,1	   6,0	   4,7	 -16,4
*	    23,7739	 1	 77,23	 94,14	 -17,2	  -7,5	  -2,8	  -1,7	  -0,0	   0,8	  -0,7	 -22,5
s	     8,5851	 4	107,94	120,89	  27,4	  37,5	  41,3	  41,8	  43,4	  45,1	  44,4	  24,0
s	     9,1866	 4	107,77	 58,74	  26,2	  36,4	  40,3	  40,5	  42,1	  44,5	  44,3	  23,8
s	    11,4192	 4	108,25	130,69	  25,8	  35,5	  39,2	  39,3	  40,9	  43,5	  42,8	  21,3
s	    11,7976	 4	108,00	 49,67	  26,2	  36,1	  39,8	  40,0	  41,7	  44,2	  43,5	  22,8
s	    13,2149	 5	107,97	128,97	  25,3	  35,7	  39,5	  39,7	  41,3	  43,7	  43,3	  22,5
s	    13,5798	 5	107,74	 51,39	  25,2	  35,6	  39,4	  39,6	  41,2	  43,6	  43,2	  22,4
s	    16,6257	 5	108,28	136,90	  25,2	  35,3	  39,0	  39,1	  40,7	  43,3	  42,4	  21,2
s	    17,4762	 5	107,97	 43,14	  23,5	  33,5	  37,2	  37,0	  38,6	  41,9	  41,4	  19,4
s	    18,2519	 6	108,00	135,15	  24,2	  34,8	  38,6	  38,8	  40,3	  42,8	  42,2	  20,9
s	    19,0776	 6	107,71	 44,89	  23,0	  33,7	  37,6	  37,5	  39,0	  42,2	  42,0	  20,7
s	    22,8027	 6	108,31	142,31	  22,5	  32,7	  36,3	  36,1	  37,7	  41,0	  40,3	  17,9
s	    23,2620	 6	107,94	 38,23	  22,9	  33,3	  37,0	  36,8	  38,4	  41,7	  41,0	  19,3
s	    23,4228	 1	 51,12	 90,08	  26,6	  35,6	  39,4	  40,2	  41,8	  42,4	  40,8	  18,2
*	    25,2415	 1	 63,17	 92,72	   1,9	  10,9	  14,7	  15,5	  17,1	  17,7	  17,2	  -3,0
*	    24,0076	 1	 58,22	 92,93	   2,2	  11,3	  15,0	  15,9	  17,4	  18,1	  17,6	  -2,5
*	    23,5124	 1	 52,26	 93,14	   2,5	  11,5	  15,2	  16,1	  17,7	  18,3	  17,9	  -2,2
*	    23,6691	 1	 52,30	 84,80	   2,4	  11,4	  15,2	  16,0	  17,6	  18,2	  17,8	  -2,3
*	    23,7552	 1	 45,10	 93,37	   2,5	  11,6	  15,3	  16,2	  17,7	  18,4	  17,9	  -2,1
*	    23,9170	 1	 45,16	 84,24	   2,5	  11,5	  15,3	  16,1	  17,7	  18,3	  17,9	  -2,2
*	    24,7699	 1	 36,67	 93,55	   2,5	  11,5	  15,2	  16,1	  17,7	  18,3	  17,8	  -2,4
*	    24,9365	 1	 36,73	 83,72	   2,4	  11,4	  15,2	  16,0	  17,6	  18,2	  17,7	  -2,5
*	    26,6165	 1	 27,02	 93,67	   2,1	  11,1	  14,9	  15,8	  17,3	  17,9	  17,4	  -2,9
*	    26,7863	 1	 27,10	 83,28	   2,0	  11,1	  14,8	  15,7	  17,2	  17,8	  17,3	  -3,0
*	    29,3541	 1	 16,55	 93,68	   1,4	  10,5	  14,2	  15,1	  16,6	  17,2	  16,6	  -4,0
*	    29,5240	 1	 16,63	 83,02	   1,3	  10,4	  14,1	  15,0	  16,5	  17,1	  16,5	  -4,1
*	    33,0029	 1	  5,88	 93,58	   0,3	   9,4	  13,1	  14,0	  15,5	  16,1	  15,4	  -5,5
*	    33,1690	 1	  5,97	 82,99	   0,2	   9,3	  13,0	  13,9	  15,4	  16,0	  15,3	  -5,6
*	    37,5179	 1	355,72	 93,36	  -1,2	   7,9	  11,6	  12,5	  14,0	  14,6	  13,8	  -7,6
*	    37,6763	 1	355,80	 83,18	  -1,2	   7,8	  11,5	  12,4	  13,9	  14,5	  13,7	  -7,7
*	    42,7939	 1	346,59	 93,07	  -2,9	   6,1	   9,9	  10,7	  12,2	  12,7	  11,8	 -10,0
*	    42,9421	 1	346,66	 83,53	  -3,0	   6,0	   9,8	  10,6	  12,1	  12,7	  11,7	 -10,1
*	    48,6964	 1	338,72	 92,75	  -4,9	   4,2	   7,9	   8,8	  10,3	  10,7	   9,6	 -12,7
*	    48,8334	 1	338,78	 83,98	  -4,9	   4,1	   7,9	   8,7	  10,2	  10,7	   9,6	 -12,7
s	    23,8606	 2	 51,08	 97,25	  26,8	  36,0	  39,8	  40,6	  42,1	  42,8	  41,4	  19,6
s	    24,0114	 2	 51,16	 82,38	  25,3	  34,4	  38,1	  38,6	  40,2	  41,6	  40,5	  18,0
s	    24,2647	 7	108,03	140,59	  22,1	  32,9	  36,7	  36,6	  38,2	  41,4	  41,0	  19,1
s	    24,7131	 7	107,68	 39,94	  22,0	  32,9	  36,7	  36,6	  38,1	  41,3	  40,9	  19,0
s	    24,8701	 2	 52,84	 90,10	  26,2	  35,7	  39,6	  40,5	  42,0	  42,5	  41,4	  19,5
s	    25,2977	 3	 52,80	 97,10	  25,9	  35,6	  39,5	  40,3	  41,8	  42,4	  41,2	  19,3
s	    25,3687	 3	 51,05	104,73	  24,8	  34,2	  37,9	  38,3	  39,9	  41,4	  40,2	  17,5
s	    25,4450	 3	 52,87	 82,57	  24,8	  34,6	  38,5	  39,1	  40,6	  42,0	  41,2	  19,3
s	    25,5158	 3	 51,20	 75,47	  25,3	  34,8	  38,6	  39,1	  40,7	  42,1	  41,0	  19,0
s	    26,2304	 2	 49,19	 90,09	  26,0	  35,5	  39,4	  40,3	  41,8	  42,3	  41,2	  19,2
s	    26,5713	 3	 49,61	 90,09	  25,0	  35,0	  39,0	  39,9	  41,4	  41,8	  41,0	  19,0
s	    26,6488	 3	 49,15	 96,94	  25,7	  35,4	  39,3	  40,1	  41,6	  42,2	  41,0	  18,9
s	    26,7717	 4	 52,77	104,42	  24,4	  34,4	  38,3	  38,9	  40,3	  41,7	  40,9	  18,8
s	    26,7930	 3	 49,22	 82,72	  24,6	  34,5	  38,4	  38,9	  40,4	  41,8	  41,0	  18,9
s	    26,9156	 4	 52,91	 75,81	  24,4	  34,4	  38,3	  38,8	  40,3	  41,7	  40,8	  18,8
s	    26,9875	 4	 49,58	 96,91	  24,7	  34,9	  38,9	  39,8	  41,2	  41,7	  40,8	  18,7
s	    27,1309	 4	 49,65	 82,76	  23,6	  34,0	  38,0	  38,6	  40,0	  41,3	  40,8	  18,7
s	    27,6673	 4	 51,01	111,27	  24,8	  34,5	  38,2	  38,7	  40,3	  41,8	  40,5	  18,3
*	    27,8295	 1	 61,84	 87,67	   1,3	  10,4	  14,1	  14,9	  16,5	  17,3	  15,5	  -6,6
*	    30,9438	 1	 67,38	 88,00	   0,4	   9,5	  13,2	  14,0	  15,6	  16,4	  14,6	  -7,9
s	    28,0922	 4	 51,24	 68,49	  23,2	  32,8	  36,5	  36,7	  38,3	  40,5	  39,6	  16,7
s	    28,0922	 4	 49,11	104,11	  24,2	  34,2	  38,1	  38,7	  40,2	  41,5	  40,6	  18,5
s	    28,2332	 4	 49,26	 76,09	  24,2	  34,2	  38,1	  38,7	  40,1	  41,5	  40,6	  18,4
s	    28,3932	 5	 52,74	109,29	  22,0	  32,7	  37,6	  38,4	  39,9	  41,3	  40,5	  18,3
s	    28,4233	 5	 49,54	104,04	  23,2	  33,7	  37,8	  38,3	  39,8	  41,0	  40,5	  18,3
s	    28,5636	 5	 49,69	 76,17	  23,2	  33,7	  37,8	  38,3	  39,7	  41,0	  40,4	  18,2
s	    28,6207	 2	159,47	 89,91	  24,9	  34,4	  38,3	  39,2	  40,7	  41,2	  39,7	  16,8
s	    28,9259	 7	108,34	146,39	  21,9	  32,5	  36,1	  36,0	  37,5	  40,9	  39,9	  17,7
s	    29,0239	 3	159,52	 96,51	  24,6	  34,3	  38,2	  39,1	  40,5	  41,1	  39,6	  16,5
s	    29,1629	 3	159,42	 82,81	  23,6	  33,4	  37,3	  37,9	  39,4	  40,7	  39,5	  16,5
s	    29,4375	 5	 52,95	 68,97	  22,8	  33,1	  37,0	  37,2	  38,7	  40,9	  40,3	  18,0
s	    29,8944	 7	107,91	 33,94	  20,3	  30,7	  34,3	  33,9	  35,5	  39,5	  39,0	  15,9
s	    29,9554	 3	157,81	 89,93	  24,5	  34,5	  38,6	  39,4	  40,9	  41,3	  40,4	  18,1
s	    30,2546	 8	108,05	144,74	  21,0	  32,1	  35,9	  35,7	  37,2	  40,4	  39,8	  17,5
s	    30,2976	 5	 49,07	110,40	  23,7	  33,9	  37,8	  38,3	  39,8	  41,2	  40,2	  17,8
s	    30,3506	 4	157,86	 96,40	  24,2	  34,5	  38,5	  39,3	  40,7	  41,2	  40,3	  17,9
s	    30,4163	 4	159,57	103,44	  23,2	  33,0	  36,9	  37,3	  38,8	  40,2	  39,2	  16,1
s	    30,4275	 5	 51,26	 63,98	  21,2	  31,6	  36,5	  37,0	  38,6	  40,8	  39,9	  17,5
s	    30,4869	 4	157,76	 82,97	  23,2	  33,5	  37,6	  38,1	  39,6	  40,8	  40,2	  17,8
s	    30,5524	 4	159,37	 76,41	  23,7	  33,7	  37,6	  38,1	  39,6	  40,9	  40,0	  17,6
s	    30,7059	 5	 49,30	 69,37	  22,7	  32,9	  36,8	  37,1	  38,6	  40,7	  40,1	  17,7
s	    31,0068	 5	 50,97	117,72	  22,6	  32,4	  36,1	  36,2	  37,8	  40,0	  39,0	  15,8
s	    31,0243	 6	 49,73	 69,48	  21,6	  32,4	  36,5	  36,7	  38,2	  40,2	  39,9	  17,5
s	    31,2041	 8	107,65	 35,57	  19,9	  31,0	  34,8	  34,4	  36,0	  39,9	  39,7	  17,2
s	    31,5425	 3	161,11	 89,91	  24,3	  34,3	  38,4	  39,2	  40,7	  41,1	  40,2	  17,7
s	    31,7160	 5	157,92	103,19	  22,8	  33,3	  37,4	  37,9	  39,3	  40,6	  39,9	  17,4
s	    31,7270	 6	 52,97	 64,52	  20,3	  31,2	  36,2	  36,7	  38,3	  40,4	  39,8	  17,3
*	    31,8473	 1	 72,39	 90,68	  -8,3	   0,7	   4,5	   5,3	   6,9	   7,4	   6,8	 -14,0
*	    31,9658	 1	 72,39	 92,81	  -8,4	   0,7	   4,4	   5,3	   6,8	   7,4	   6,7	 -14,1
s	    31,8496	 5	157,71	 76,68	  22,8	  33,3	  37,3	  37,9	  39,3	  40,5	  39,9	  17,4
s	    31,8570	 4	160,70	 89,91	  23,3	  33,8	  38,0	  38,9	  40,3	  40,6	  40,0	  17,5
s	    31,9286	 4	161,16	 96,23	  24,0	  34,3	  38,3	  39,1	  40,5	  41,0	  40,0	  17,5
s	    32,0618	 4	161,06	 83,11	  23,0	  33,3	  37,3	  37,9	  39,4	  40,6	  40,0	  17,4
s	    32,2414	 5	160,75	 96,21	  23,0	  33,8	  37,9	  38,7	  40,1	  40,5	  39,8	  17,3
s	    32,2954	 6	 52,69	117,17	  22,2	  32,7	  36,6	  36,8	  38,3	  40,4	  39,7	  17,2
s	    32,3739	 5	160,65	 83,14	  22,0	  32,8	  37,0	  37,6	  39,0	  40,1	  39,8	  17,3
s	    32,5478	 5	159,63	109,54	  23,2	  33,4	  37,3	  37,8	  39,3	  40,6	  39,5	  17,0
s	    32,9430	 5	159,31	 69,89	  21,6	  31,7	  35,6	  35,8	  37,2	  39,4	  38,7	  15,3
s	    33,0918	 3	108,85	 90,20	  23,4	  33,9	  38,0	  38,8	  40,2	  40,7	  39,9	  17,3
s	    33,2633	 5	161,21	102,88	  22,6	  33,1	  37,2	  37,7	  39,1	  40,4	  39,7	  17,0
s	    33,3939	 5	161,01	 76,96	  22,6	  33,1	  37,1	  37,7	  39,1	  40,3	  39,6	  17,0
s	    33,4694	 4	108,86	 96,39	  23,1	  33,8	  37,9	  38,7	  40,1	  40,6	  39,7	  17,1
s	    33,5123	 6	 49,03	116,66	  22,1	  32,5	  36,4	  36,6	  38,1	  40,3	  39,5	  16,9
s	    33,5701	 6	160,80	102,82	  21,6	  32,6	  36,8	  37,3	  38,7	  39,9	  39,5	  16,8
s	    33,6719	 4	108,83	 83,08	  23,1	  33,6	  37,8	  38,7	  40,0	  40,3	  39,7	  17,0
s	    33,7002	 6	160,60	 77,02	  21,6	  32,6	  36,8	  37,3	  38,7	  39,8	  39,5	  16,8
s	    33,7723	 6	 49,34	 63,62	  22,0	  32,5	  36,4	  36,6	  38,1	  40,2	  39,5	  16,8
s	    33,8123	 6	 50,94	121,83	  20,6	  31,2	  36,0	  36,5	  38,0	  40,3	  39,2	  16,6
s	    33,8180	 7	 49,46	116,54	  21,1	  32,0	  36,1	  36,3	  37,7	  39,8	  39,4	  16,7
s	    34,1965	 6	157,66	 70,27	  21,2	  32,0	  36,1	  36,3	  37,8	  39,8	  39,4	  16,7
s	    34,8374	 1	281,26	 89,31	  25,1	  34,6	  38,4	  39,2	  40,8	  41,4	  39,9	  17,1
*	    51,5296	 1	335,74	 84,81	  -1,2	   8,2	  12,0	  12,9	  14,4	  14,9	  12,9	 -11,3
*	    39,5069	 1	314,61	 82,71	   4,0	  13,5	  17,3	  18,1	  19,6	  20,2	  18,6	  -4,6
*	    35,0775	 1	278,77	 81,47	   6,3	  15,8	  19,6	  20,4	  21,9	  22,6	  21,0	  -1,7
s	    34,9032	 5	108,81	 77,53	  21,7	  32,6	  36,7	  37,3	  38,7	  39,9	  39,4	  16,6
s	    35,0507	 7	 52,67	121,24	  19,7	  30,8	  35,8	  36,2	  37,7	  39,9	  39,2	  16,4
s	    35,1210	 6	159,27	 65,62	  19,6	  30,6	  35,6	  36,1	  37,6	  39,7	  39,0	  16,2
s	    35,2058	 2	281,25	 95,35	  24,6	  34,2	  38,1	  38,9	  40,4	  41,0	  39,5	  16,6
s	    35,3329	 2	281,27	 82,82	  23,0	  32,6	  36,4	  36,9	  38,4	  39,8	  38,6	  15,1
s	    35,4125	 4	108,68	 90,21	  22,1	  33,1	  37,4	  38,2	  39,6	  39,9	  39,4	  16,6
s	    35,4400	 6	 51,31	 56,84	  20,8	  30,9	  34,6	  34,4	  36,0	  39,0	  38,2	  14,6
s	    35,6628	 6	159,68	115,63	  21,1	  31,4	  35,2	  35,3	  36,8	  39,0	  38,2	  14,5
s	    35,6909	 6	160,96	 70,67	  21,1	  31,8	  35,9	  36,1	  37,6	  39,6	  39,2	  16,3
s	    35,7780	 5	108,69	 96,20	  21,8	  33,0	  37,3	  38,1	  39,5	  39,8	  39,3	  16,4
s	    35,8265	 8	108,37	149,99	  19,3	  29,9	  33,6	  33,0	  34,6	  38,7	  37,9	  14,3
s	    35,9507	 6	113,33	 96,17	  19,6	  31,5	  36,8	  37,8	  39,3	  39,7	  39,1	  16,3
s	    35,9741	 5	108,66	 83,31	  21,8	  32,9	  37,2	  38,1	  39,4	  39,6	  39,2	  16,4
s	    35,9875	 7	160,55	 70,76	  20,1	  31,4	  35,5	  35,8	  37,2	  39,1	  39,0	  16,1
s	    36,3293	 8	107,88	 30,66	  19,7	  30,6	  34,2	  33,8	  35,3	  39,4	  38,6	  15,7
s	    36,3372	 7	157,62	 66,06	  18,8	  30,2	  35,4	  35,8	  37,3	  39,3	  39,0	  16,1
s	    36,4313	 8	161,78	108,94	  21,6	  32,3	  36,5	  37,0	  38,4	  39,4	  38,8	  15,9
s	    36,4808	 3	281,24	101,70	  22,7	  32,4	  36,2	  36,7	  38,2	  39,6	  38,4	  14,7
s	    36,6057	 3	281,28	 76,94	  23,2	  33,1	  36,9	  37,4	  39,0	  40,4	  39,1	  16,2
s	    36,6510	 7	 53,02	 57,47	  20,4	  31,2	  35,1	  35,0	  36,5	  39,4	  38,9	  16,0
s	    36,8701	 7	158,02	115,20	  20,7	  31,7	  35,7	  35,9	  37,3	  39,4	  38,9	  15,9
s	    36,9650	 6	108,90	109,09	  22,0	  32,9	  37,1	  37,8	  39,2	  39,6	  38,7	  15,8
s	    37,1656	 2	281,33	 89,32	  23,8	  33,8	  37,8	  38,6	  40,1	  40,6	  39,4	  16,4
s	    37,1671	 6	108,64	 77,93	  20,4	  31,9	  36,1	  36,7	  38,0	  39,2	  38,9	  16,0
s	    37,1803	 7	 49,00	121,92	  21,4	  32,0	  35,9	  36,1	  37,6	  39,8	  38,8	  15,9
s	    37,3458	 6	108,79	 70,94	  20,4	  31,4	  35,6	  36,1	  37,5	  38,6	  37,9	  14,1
s	    37,5225	 3	281,32	 95,17	  23,6	  33,7	  37,7	  38,5	  40,0	  40,5	  39,2	  16,2
s	    37,6457	 3	281,34	 83,03	  22,5	  32,8	  36,8	  37,3	  38,8	  40,1	  39,2	  16,2
s	    37,7968	 7	 49,38	 58,02	  20,3	  31,0	  34,9	  34,9	  36,3	  39,3	  38,7	  15,7
s	    38,0851	 8	 49,80	 58,16	  19,3	  30,6	  34,6	  34,5	  35,9	  38,8	  38,6	  15,5
s	    38,2946	 7	159,72	119,56	  19,0	  30,2	  35,2	  35,6	  37,1	  39,3	  38,4	  15,3
s	    38,3113	 7	161,32	114,66	  20,5	  31,5	  35,5	  35,7	  37,2	  39,2	  38,7	  15,6
s	    38,4408	 4	281,23	107,35	  22,7	  32,8	  36,7	  37,1	  38,7	  40,1	  38,7	  15,6
s	    38,5975	 8	160,90	114,56	  19,5	  31,0	  35,2	  35,4	  36,8	  38,7	  38,5	  15,4
s	    38,7585	 4	281,31	101,33	  22,2	  32,6	  36,6	  37,1	  38,6	  39,9	  38,9	  15,8
s	    38,8052	 4	281,29	 70,90	  21,1	  31,2	  35,0	  35,1	  36,7	  38,9	  37,9	  14,0
s	    38,8796	 4	281,35	 77,33	  22,2	  32,6	  36,6	  37,1	  38,6	  39,9	  38,9	  15,8
s	    39,1674	 7	108,73	108,53	  21,0	  32,4	  36,7	  37,5	  38,8	  39,1	  38,5	  15,4
s	    39,4603	 8	158,05	119,08	  18,2	  29,8	  34,9	  35,4	  36,8	  38,9	  38,4	  15,2
s	    39,5233	 7	 50,89	128,26	  20,1	  30,3	  34,0	  33,9	  35,4	  38,4	  37,5	  13,5
s	    39,5372	 7	108,63	 71,52	  19,9	  31,5	  35,8	  36,3	  37,6	  38,6	  38,5	  15,3
s	    39,7015	 8	113,25	 71,55	  17,7	  29,9	  35,3	  36,1	  37,4	  38,5	  38,3	  15,1
s	    39,8272	 7	159,21	 58,79	  19,3	  29,9	  33,7	  33,6	  35,1	  38,0	  37,4	  13,4
s	    39,9627	 7	108,91	114,86	  19,9	  31,1	  35,3	  35,7	  37,1	  38,2	  37,4	  13,4
s	    40,2054	 7	108,78	 65,62	  20,4	  31,6	  35,7	  36,2	  37,6	  38,7	  38,1	  14,9
s	    40,3523	 8	 45,18	 66,04	  18,1	  29,7	  34,8	  35,3	  36,7	  38,8	  38,2	  15,0
s	    40,6609	 5	281,30	106,82	  21,7	  32,4	  36,3	  36,8	  38,3	  39,6	  38,5	  15,2
s	    40,6705	 8	 52,62	127,61	  19,8	  30,7	  34,6	  34,4	  35,9	  38,9	  38,2	  14,9
s	    40,9699	 8	157,56	 59,31	  19,0	  30,2	  34,3	  34,2	  35,6	  38,4	  38,2	  14,8
s	    41,0148	 5	281,36	 71,45	  20,7	  31,4	  35,4	  35,6	  37,1	  39,2	  38,5	  15,2
s	    41,3212	 5	281,22	113,05	  20,6	  30,9	  34,6	  34,8	  36,3	  38,5	  37,4	  13,3
s	    41,5554	 5	281,30	 65,65	  21,1	  31,5	  35,3	  35,5	  37,0	  39,3	  38,2	  14,8
s	    41,7577	 8	 48,96	126,99	  19,6	  30,5	  34,4	  34,3	  35,8	  38,7	  38,0	  14,6
s	    42,0815	 8	108,74	114,17	  19,4	  31,1	  35,4	  35,9	  37,2	  38,3	  38,0	  14,6
s	    42,1068	 8	 49,41	 53,37	  19,6	  30,5	  34,4	  34,3	  35,7	  38,7	  38,0	  14,6
s	    42,3177	 8	108,61	 66,33	  19,4	  31,1	  35,4	  35,9	  37,2	  38,2	  38,0	  14,5
s	    43,3911	 8	108,93	119,80	  19,8	  31,2	  35,3	  35,8	  37,1	  38,3	  37,6	  14,0
s	    43,4616	 6	281,29	112,39	  20,2	  31,1	  35,0	  35,2	  36,7	  38,8	  38,0	  14,5
s	    43,6883	 8	159,78	125,79	  18,7	  29,4	  33,3	  33,1	  34,5	  37,5	  36,7	  12,4
s	    43,6896	 6	281,37	 66,32	  20,2	  31,1	  35,0	  35,2	  36,7	  38,8	  38,0	  14,4
s	    43,7733	 8	 50,86	131,99	  17,9	  29,0	  33,8	  34,0	  35,5	  38,6	  37,5	  13,9
s	    44,2622	 8	108,76	 60,01	  19,2	  30,4	  34,7	  35,2	  36,5	  37,5	  36,6	  12,3
s	    44,6383	 6	281,21	117,94	  20,6	  31,1	  34,9	  35,1	  36,6	  38,9	  37,6	  14,0
s	    45,1814	 8	 51,39	 47,64	  18,2	  28,8	  32,4	  32,0	  33,5	  37,3	  36,5	  12,1
s	    45,1988	 6	281,31	 60,43	  19,0	  29,5	  33,2	  33,1	  34,6	  37,6	  36,7	  12,3
s	    46,6938	 7	281,28	117,18	  19,6	  30,7	  34,7	  34,8	  36,3	  38,4	  37,4	  13,6
s	    47,2406	 7	281,38	 61,20	  18,5	  29,7	  33,7	  33,6	  35,0	  37,9	  37,4	  13,5
s	    48,8180	 7	281,20	122,75	  18,4	  29,1	  32,8	  32,6	  34,1	  37,2	  36,1	  11,3
s	    49,1384	 7	281,32	 56,02	  18,8	  29,7	  33,5	  33,4	  34,9	  37,9	  36,9	  12,8
s	    49,2509	 2	317,30	 89,49	  22,5	  32,0	  35,9	  36,8	  38,2	  38,6	  36,6	  11,8
s	    49,5579	 3	317,27	 94,52	  22,8	  32,5	  36,4	  37,2	  38,6	  39,1	  37,2	  13,2
s	    49,6639	 3	317,33	 84,08	  21,2	  30,9	  34,7	  35,2	  36,7	  37,8	  36,4	  11,6
s	    50,6239	 4	317,24	 99,85	  20,9	  30,7	  34,6	  35,0	  36,5	  37,7	  36,2	  11,3
s	    50,7286	 4	317,36	 79,14	  21,4	  31,4	  35,3	  35,8	  37,3	  38,5	  37,0	  12,8
s	    50,7755	 8	281,27	121,91	  17,9	  29,3	  33,3	  33,1	  34,6	  37,5	  36,8	  12,6
s	    51,0887	 8	281,39	 56,86	  17,9	  29,3	  33,2	  33,1	  34,5	  37,5	  36,7	  12,5
s	    51,1987	 3	316,46	 89,49	  22,1	  32,1	  36,2	  37,0	  38,4	  38,7	  37,3	  13,0
s	    51,2388	 3	319,19	 89,51	  22,1	  32,1	  36,2	  37,0	  38,4	  38,7	  37,3	  13,0
s	    51,4989	 4	316,43	 94,41	  21,8	  32,1	  36,1	  36,9	  38,3	  38,6	  37,1	  12,9
s	    51,5162	 4	316,78	 89,49	  21,1	  31,7	  35,8	  36,7	  38,0	  38,2	  37,1	  12,9
s	    51,5389	 4	319,16	 94,42	  21,8	  32,1	  36,1	  36,9	  38,3	  38,6	  37,1	  12,8
s	    51,6026	 4	316,49	 84,20	  20,8	  31,1	  35,2	  35,7	  37,1	  38,2	  37,1	  12,8
s	    51,6425	 4	319,22	 84,22	  20,8	  31,1	  35,2	  35,7	  37,1	  38,2	  37,1	  12,8
s	    51,8153	 5	316,75	 94,39	  20,8	  31,6	  35,8	  36,5	  37,9	  38,1	  37,0	  12,7
s	    51,9186	 5	316,81	 84,22	  19,8	  30,6	  34,8	  35,4	  36,7	  37,7	  36,9	  12,7
s	    52,2732	 5	317,21	104,65	  21,0	  31,2	  35,1	  35,6	  37,0	  38,3	  36,7	  12,3
s	    52,5417	 5	316,40	 99,63	  20,5	  31,0	  35,0	  35,5	  36,9	  38,0	  36,9	  12,5
s	    52,5812	 5	317,39	 74,00	  19,5	  29,6	  33,4	  33,6	  35,0	  37,0	  35,8	  10,7
s	    52,5812	 5	319,13	 99,64	  20,5	  31,0	  35,0	  35,5	  36,9	  38,0	  36,9	  12,5
s	    52,6442	 5	316,52	 79,36	  20,5	  31,0	  35,0	  35,5	  36,9	  38,0	  36,8	  12,5
s	    52,6837	 5	319,25	 79,39	  20,5	  31,0	  35,0	  35,5	  36,9	  38,0	  36,8	  12,5
s	    52,8545	 6	316,71	 99,60	  19,5	  30,5	  34,7	  35,2	  36,5	  37,6	  36,7	  12,3
s	    52,9566	 6	316,84	 79,40	  19,5	  30,5	  34,7	  35,2	  36,5	  37,5	  36,7	  12,3
s	    53,1884	 8	281,19	126,79	  18,2	  29,3	  33,1	  32,9	  34,4	  37,4	  36,2	  11,8
s	    53,8982	 8	281,33	 51,72	  16,6	  27,6	  31,3	  30,9	  32,4	  36,1	  35,3	  10,1
s	    54,1563	 6	316,37	104,33	  20,1	  30,8	  34,8	  35,3	  36,7	  37,8	  36,5	  12,0
s	    54,1951	 6	319,10	104,34	  20,1	  30,8	  34,8	  35,3	  36,7	  37,8	  36,5	  12,0
s	    54,4580	 6	316,55	 74,32	  19,1	  29,8	  33,9	  34,1	  35,5	  37,4	  36,5	  12,0
s	    54,4636	 7	316,69	104,28	  19,1	  30,3	  34,5	  35,0	  36,3	  37,3	  36,4	  11,9
s	    54,4967	 6	319,29	 74,34	  19,1	  29,8	  33,9	  34,1	  35,5	  37,4	  36,5	  12,0
s	    54,7194	 6	317,18	109,59	  19,0	  29,3	  33,1	  33,3	  34,7	  36,7	  35,4	  10,1
s	    54,7527	 3	245,02	 89,40	  21,9	  31,5	  35,3	  36,1	  37,5	  37,8	  35,7	  10,4
s	    54,7642	 7	316,87	 74,38	  18,1	  29,4	  33,5	  33,8	  35,1	  36,9	  36,3	  11,8
s	    54,9193	 6	317,42	 69,44	  19,5	  30,0	  33,9	  34,1	  35,5	  37,5	  36,2	  11,6
s	    55,0413	 4	245,03	 94,13	  21,7	  31,4	  35,2	  36,0	  37,4	  37,8	  35,5	  10,2
s	    55,1410	 4	245,00	 84,31	  20,6	  30,5	  34,3	  34,9	  36,2	  37,3	  35,5	  10,2
s	    56,0444	 5	245,05	 99,15	  20,3	  30,2	  33,9	  34,4	  35,8	  36,9	  35,3	   9,9
s	    56,1430	 5	244,98	 79,66	  20,8	  30,8	  34,7	  35,2	  36,5	  37,7	  36,1	  11,4
s	    56,5532	 7	316,34	109,18	  18,6	  29,6	  33,6	  33,8	  35,2	  37,1	  36,1	  11,4
s	    56,5910	 7	319,07	109,19	  18,6	  29,6	  33,6	  33,8	  35,2	  37,1	  36,1	  11,4
s	    56,7492	 7	316,58	 69,85	  18,6	  29,6	  33,6	  33,8	  35,2	  37,1	  36,1	  11,4
s	    56,7869	 7	319,32	 69,87	  18,6	  29,6	  33,6	  33,8	  35,2	  37,1	  36,1	  11,4
s	    56,8525	 8	316,65	109,12	  17,6	  29,1	  33,3	  33,5	  34,8	  36,6	  36,0	  11,2
s	    56,9717	 4	243,35	 89,41	  21,5	  31,5	  35,5	  36,4	  37,7	  37,9	  36,3	  11,6
s	    57,0480	 8	316,90	 69,91	  17,6	  29,1	  33,3	  33,5	  34,8	  36,6	  35,9	  11,2
s	    57,2535	 5	243,36	 94,02	  21,3	  31,5	  35,5	  36,2	  37,6	  37,8	  36,2	  11,4
s	    57,5668	 7	317,15	113,92	  19,1	  29,7	  33,6	  33,7	  35,2	  37,2	  35,8	  11,0
s	    57,5991	 6	245,07	103,69	  20,5	  30,7	  34,5	  35,0	  36,3	  37,5	  35,8	  11,0
s	    57,8898	 6	244,96	 74,79	  18,9	  29,0	  32,8	  33,0	  34,3	  36,3	  35,0	   9,4
s	    58,0509	 7	317,46	 64,81	  17,5	  28,0	  31,9	  31,7	  33,2	  35,9	  34,9	   9,3
s	    58,2332	 6	243,38	 98,93	  19,9	  30,4	  34,4	  34,9	  36,2	  37,3	  35,9	  11,1
s	    58,3295	 6	243,31	 79,89	  19,9	  30,4	  34,4	  34,9	  36,2	  37,3	  35,9	  11,1
s	    58,6106	 8	316,32	112,41	  16,2	  27,9	  33,0	  33,4	  34,8	  36,8	  35,7	  10,9
s	    59,3830	 8	319,04	113,44	  18,2	  29,3	  33,3	  33,5	  34,9	  36,8	  35,6	  10,7
s	    59,7527	 7	243,40	103,37	  19,6	  30,2	  34,2	  34,7	  36,0	  37,1	  35,6	  10,6
s	    59,8215	 8	316,61	 65,29	  17,1	  28,3	  32,4	  32,3	  33,7	  36,3	  35,6	  10,6
s	    59,8580	 8	319,35	 65,32	  17,1	  28,3	  32,4	  32,3	  33,6	  36,3	  35,6	  10,6
s	    59,9107	 7	245,08	108,38	  18,5	  28,8	  32,6	  32,7	  34,1	  36,0	  34,6	   8,8
s	    60,0369	 7	243,29	 75,13	  18,5	  29,3	  33,3	  33,5	  34,8	  36,6	  35,6	  10,6
s	    60,1000	 7	244,95	 70,46	  19,0	  29,5	  33,3	  33,5	  34,8	  36,8	  35,4	  10,3
s	    61,1967	 8	317,11	118,27	  17,0	  27,7	  31,5	  31,3	  32,8	  35,6	  34,4	   8,5
s	    61,4768	 8	317,49	 60,80	  17,5	  28,4	  32,2	  32,1	  33,5	  36,3	  35,1	  10,0
s	    62,0139	 8	243,42	107,97	  18,1	  29,1	  33,0	  33,2	  34,5	  36,4	  35,2	  10,1
s	    62,1991	 8	243,28	 70,88	  18,1	  29,0	  33,0	  33,2	  34,5	  36,4	  35,2	  10,0
s	    62,6095	 8	245,10	112,51	  18,6	  29,2	  33,0	  33,2	  34,5	  36,5	  34,9	   9,7
s	    67,6551	 5	107,10	 90,28	  17,9	  29,4	  33,8	  34,6	  35,9	  35,9	  35,0	   9,3
s	    67,9081	 6	107,11	 94,43	  17,7	  29,4	  33,7	  34,5	  35,8	  35,9	  34,8	   9,1
s	    68,0442	 6	107,09	 85,50	  17,7	  29,2	  33,7	  34,5	  35,8	  35,6	  34,8	   9,1
s	    68,8758	 7	107,08	 81,73	  16,3	  28,3	  32,7	  33,2	  34,5	  35,3	  34,6	   8,8
s	    69,6292	 4	 35,10	 90,11	  20,2	  30,3	  34,4	  35,2	  36,6	  36,6	  34,8	   9,0
s	    69,8776	 5	 35,07	 94,18	  20,0	  30,2	  34,4	  35,1	  36,5	  36,5	  34,7	   8,8
s	    69,9809	 6	107,03	 90,29	  16,8	  28,8	  33,3	  34,1	  35,4	  35,3	  34,6	   8,7
s	    70,2285	 7	107,04	 94,34	  16,5	  28,7	  33,2	  34,0	  35,2	  35,2	  34,4	   8,5
s	    70,2855	 8	107,13	103,17	  17,0	  29,0	  33,4	  34,2	  35,4	  35,3	  34,3	   8,4
s	    70,3616	 7	107,01	 85,61	  16,5	  28,6	  33,2	  34,0	  35,2	  35,0	  34,4	   8,5
s	    70,5482	 8	107,07	 77,11	  16,0	  28,0	  32,5	  33,0	  34,2	  34,9	  34,3	   8,3
s	    70,8276	 6	 35,15	 81,71	  18,7	  29,2	  33,3	  33,8	  35,1	  36,0	  34,5	   8,5
s	    71,1754	 8	107,01	 81,91	  15,2	  27,7	  32,2	  32,7	  33,9	  34,6	  34,2	   8,2
s	    71,5330	 3	 33,39	 90,10	  20,3	  29,9	  33,8	  34,7	  36,0	  36,1	  33,7	   6,9
s	    71,7089	 7	 35,02	101,50	  16,4	  27,6	  32,8	  33,5	  34,9	  35,7	  34,3	   8,2
s	    71,7770	 4	 33,36	 94,10	  20,0	  29,8	  33,8	  34,5	  35,9	  36,1	  33,6	   6,7
s	    72,7105	 5	 33,44	 81,85	  19,2	  29,3	  33,2	  33,7	  35,1	  36,0	  34,1	   8,0
s	    74,0975	 8	 34,98	106,59	  16,9	  27,9	  32,0	  32,2	  33,5	  35,2	  33,9	   7,6
s	    74,7078	 4	 32,88	 85,91	  19,3	  29,3	  33,2	  33,7	  35,1	  36,1	  34,0	   7,7
s	    74,8279	 4	174,39	 89,90	  19,1	  29,1	  33,2	  34,1	  35,4	  35,4	  33,2	   6,1
s	    74,8279	 4	 32,78	 90,10	  19,8	  29,9	  34,0	  34,8	  36,1	  36,1	  34,2	   7,9
s	    75,0207	 5	 33,06	 90,10	  18,8	  29,4	  33,7	  34,5	  35,8	  35,6	  34,1	   7,8
s	    75,0647	 5	174,43	 93,78	  18,8	  29,1	  33,2	  34,0	  35,3	  35,3	  33,1	   6,0
s	    75,0647	 5	 32,75	 93,98	  19,6	  29,8	  33,9	  34,7	  36,0	  36,1	  34,1	   7,7
s	    75,2572	 6	 33,03	 93,98	  18,6	  29,4	  33,6	  34,4	  35,7	  35,6	  34,0	   7,6
s	    75,6154	 5	173,27	 89,91	  18,8	  29,4	  33,6	  34,4	  35,7	  35,6	  34,0	   7,6
s	    75,8506	 6	173,30	 93,76	  18,5	  29,3	  33,6	  34,3	  35,6	  35,5	  33,9	   7,5
s	    75,9710	 6	 32,83	 82,09	  18,2	  28,8	  32,9	  33,4	  34,7	  35,5	  33,9	   7,4
s	    76,1619	 7	 33,11	 82,10	  17,3	  28,3	  32,6	  33,1	  34,3	  35,0	  33,8	   7,3
s	    76,9850	 6	 32,94	 77,99	  17,1	  27,4	  31,2	  31,4	  32,8	  34,6	  32,7	   5,5
s	    77,1741	 7	174,49	101,69	  17,7	  28,4	  32,5	  33,0	  34,3	  35,1	  33,4	   6,9
s	    77,1741	 7	 32,70	101,90	  17,9	  28,6	  32,8	  33,2	  34,5	  35,4	  33,6	   7,1
s	    77,5863	 8	173,36	100,71	  14,9	  26,7	  32,0	  32,7	  34,0	  34,8	  33,5	   6,9
s	    78,0038	 5	 32,31	 86,03	  18,3	  28,8	  32,8	  33,3	  34,7	  35,6	  33,8	   7,1
s	    78,1914	 6	 32,58	 86,04	  17,3	  28,3	  32,5	  33,0	  34,3	  35,1	  33,6	   7,0
s	    78,3219	 6	174,69	 89,90	  17,6	  28,7	  33,1	  33,9	  35,1	  34,9	  33,6	   7,0
s	    78,3330	 7	 32,96	 75,21	  15,3	  26,4	  31,4	  31,8	  33,3	  35,1	  33,3	   6,6
s	    78,5516	 7	174,72	 93,66	  17,4	  28,6	  33,0	  33,8	  35,0	  34,8	  33,5	   6,8
s	    78,6471	 8	 33,53	 70,04	  15,5	  26,1	  30,1	  29,9	  31,2	  33,8	  32,3	   4,9
s	    78,7697	 6	173,76	 85,86	  17,3	  28,3	  32,5	  32,9	  34,3	  35,1	  33,6	   6,9
s	    78,8307	 8	 32,97	 74,32	  15,5	  26,1	  30,0	  29,9	  31,2	  33,7	  32,3	   4,9
s	    79,0960	 8	 32,67	105,85	  16,5	  27,5	  31,6	  31,8	  33,1	  34,7	  33,3	   6,6
s	    79,4307	 8	174,63	 82,12	  16,0	  27,6	  32,0	  32,5	  33,7	  34,3	  33,3	   6,5
s	    79,4639	 7	 32,11	 98,17	  18,3	  28,7	  32,6	  33,0	  34,4	  35,4	  33,1	   6,4
s	    80,2169	 7	 32,36	 78,33	  16,7	  27,6	  31,6	  31,8	  33,2	  34,9	  33,3	   6,5
s	    80,2202	 8	 33,20	 98,12	  17,5	  28,4	  32,5	  32,9	  34,2	  35,1	  33,2	   6,4
s	    80,4008	 8	 32,64	 78,35	  15,7	  27,2	  31,3	  31,5	  32,8	  34,4	  33,2	   6,3
s	    80,9683	 8	173,70	 78,21	  15,6	  27,1	  31,3	  31,4	  32,7	  34,4	  33,1	   6,2
s	    81,5280	 8	 32,38	 75,62	  14,4	  26,0	  31,1	  31,5	  32,9	  34,7	  33,0	   6,1
s	    82,7514	 8	 31,57	 97,94	  17,3	  28,2	  32,3	  32,7	  34,0	  34,9	  32,9	   5,9
s	    84,0756	 6	175,84	 86,03	  16,9	  27,9	  32,1	  32,6	  33,8	  34,6	  33,0	   5,8
s	    86,1794	 8	175,78	 78,70	  15,3	  26,7	  30,9	  31,1	  32,4	  34,0	  32,5	   5,2
s	    86,5166	 8	 43,43	 79,01	  14,0	  25,0	  30,0	  30,3	  31,7	  33,4	  31,5	   3,3
s	    86,7640	 5	336,85	 89,68	  18,0	  28,5	  32,8	  33,6	  34,9	  34,7	  32,8	   5,4
s	    86,9780	 6	336,82	 93,19	  17,7	  28,5	  32,7	  33,5	  34,8	  34,6	  32,7	   5,3
s	    87,0520	 6	336,88	 85,91	  16,7	  27,6	  31,8	  32,3	  33,6	  34,2	  32,7	   5,2
s	    87,7241	 7	336,79	 96,94	  16,4	  27,5	  31,7	  32,2	  33,4	  34,1	  32,5	   5,0
s	    87,7976	 7	336,90	 82,43	  16,4	  27,5	  31,7	  32,2	  33,4	  34,1	  32,5	   5,0
s	    88,8876	 8	336,77	100,36	  16,1	  27,3	  31,6	  32,0	  33,3	  33,9	  32,3	   4,7
s	    89,1061	 8	336,93	 78,75	  15,1	  26,4	  30,6	  30,9	  32,1	  33,5	  32,2	   4,6
s	    90,6327	 5	339,41	 89,71	  18,6	  28,7	  32,7	  33,6	  34,8	  34,6	  32,3	   4,6
s	    90,8402	 6	339,39	 93,11	  18,4	  28,6	  32,7	  33,5	  34,7	  34,6	  32,2	   4,4
s	    90,9119	 6	339,44	 86,05	  16,4	  27,3	  31,5	  32,1	  33,3	  33,9	  32,3	   4,5
s	    90,9608	 6	339,19	 89,70	  16,7	  27,8	  32,2	  33,0	  34,2	  33,9	  32,3	   4,5
s	    91,1678	 7	339,17	 93,10	  16,5	  27,7	  32,1	  32,9	  34,1	  33,8	  32,1	   4,3
s	    91,2394	 7	339,22	 86,05	  15,4	  26,8	  31,2	  31,7	  32,9	  33,4	  32,1	   4,3
s	    91,2524	 7	 48,37	 86,57	  16,2	  27,2	  31,5	  32,0	  33,2	  33,8	  32,1	   4,3
s	    91,5639	 7	339,36	 96,74	  17,1	  27,6	  31,7	  32,2	  33,4	  34,1	  32,0	   4,2
s	    91,6352	 7	339,46	 82,67	  17,1	  27,6	  31,7	  32,2	  33,3	  34,0	  32,0	   4,2
s	    91,8896	 8	339,14	 96,72	  15,2	  26,7	  31,1	  31,6	  32,8	  33,3	  31,9	   4,1
s	    91,9608	 8	339,25	 82,69	  15,2	  26,7	  31,1	  31,6	  32,8	  33,3	  31,9	   4,1
s	    92,6929	 8	339,33	100,07	  15,8	  27,1	  31,3	  31,8	  33,0	  33,6	  31,9	   3,9
s	    92,9050	 8	339,49	 79,10	  15,7	  26,5	  30,6	  30,8	  32,0	  33,5	  31,8	   3,8
s	    95,9828	 6	226,21	 89,54	  17,3	  27,9	  32,1	  32,9	  34,0	  33,8	  31,7	   3,5
s	    96,1820	 7	226,23	 92,80	  17,0	  27,8	  32,0	  32,8	  33,9	  33,7	  31,5	   3,3
s	    96,2508	 7	226,19	 86,03	  16,0	  26,9	  31,1	  31,6	  32,8	  33,3	  31,5	   3,3
s	    96,2977	 7	226,42	 89,54	  16,3	  27,4	  31,7	  32,5	  33,6	  33,3	  31,5	   3,3
s	    96,4964	 8	226,44	 92,79	  16,1	  27,3	  31,7	  32,4	  33,5	  33,2	  31,4	   3,1
s	    96,5651	 8	226,40	 86,03	  15,0	  26,4	  30,7	  31,3	  32,4	  32,8	  31,4	   3,1
s	    96,7678	 6	227,18	 89,53	  17,2	  27,8	  32,0	  32,8	  34,0	  33,7	  31,6	   3,3
s	    96,8767	 8	226,25	 96,30	  15,8	  26,8	  31,0	  31,5	  32,6	  33,2	  31,4	   3,1
s	    96,9452	 8	226,17	 82,79	  15,7	  26,8	  31,0	  31,5	  32,6	  33,2	  31,4	   3,1
s	    96,9658	 7	227,20	 92,78	  17,0	  27,8	  32,0	  32,7	  33,9	  33,6	  31,5	   3,2
s	    97,7246	 8	227,15	 82,82	  15,7	  26,7	  30,9	  31,4	  32,6	  33,1	  31,3	   2,9
s	   100,7541	 6	280,92	 89,42	  14,6	  26,6	  31,1	  31,9	  33,1	  32,7	  31,3	   2,6
s	   100,9464	 7	280,91	 92,57	  14,3	  26,5	  31,0	  31,8	  33,0	  32,7	  31,1	   2,5
s	   101,0498	 7	280,92	 85,79	  14,3	  26,4	  31,0	  31,8	  32,9	  32,5	  31,1	   2,5
s	   101,6834	 8	280,93	 82,90	  13,0	  25,5	  30,0	  30,5	  31,7	  32,2	  31,0	   2,2
s	   103,0817	 7	280,96	 89,43	  13,4	  26,0	  30,6	  31,4	  32,5	  32,1	  30,9	   2,1
s	   103,2708	 8	280,96	 92,52	  13,2	  25,9	  30,6	  31,3	  32,4	  32,1	  30,8	   1,9
s	   103,3725	 8	280,97	 85,85	  13,2	  25,8	  30,5	  31,3	  32,4	  31,8	  30,8	   1,9
s	   108,9397	 5	 84,34	 96,54	  14,2	  24,7	  29,6	  30,3	  31,7	  32,5	  29,5	  -0,6
s	   110,1223	 6	 83,04	 96,49	  13,9	  25,1	  30,2	  30,9	  32,3	  33,0	  30,4	   0,9
s	   110,5367	 2	104,72	 90,34	  17,8	  27,8	  31,7	  32,5	  33,9	  33,9	  30,8	   1,2
s	   110,7162	 3	104,72	 93,28	  17,6	  27,8	  31,7	  32,4	  33,8	  33,8	  30,6	   1,1
s	   110,7783	 3	104,71	 87,17	  16,6	  26,8	  30,7	  31,3	  32,6	  33,4	  30,6	   1,1
s	   111,1294	 6	 84,64	 96,45	  13,9	  25,0	  30,1	  30,8	  32,2	  32,9	  30,3	   0,7
s	   111,3185	 7	 84,42	 96,44	  12,9	  24,6	  29,8	  30,5	  31,8	  32,4	  30,1	   0,5
s	   111,3428	 4	104,73	 96,43	  15,6	  25,8	  29,7	  30,1	  31,5	  32,3	  29,4	  -0,9
s	   111,4047	 4	104,71	 84,24	  16,1	  26,5	  30,4	  30,9	  32,2	  33,1	  30,2	   0,6
s	   112,2546	 6	126,26	 96,32	  13,1	  24,1	  29,1	  29,8	  31,1	  31,8	  29,1	  -1,3
s	   112,3222	 5	104,74	 99,32	  15,8	  26,4	  30,3	  30,8	  32,1	  33,0	  30,0	   0,3
s	   112,5064	 5	104,70	 81,13	  14,3	  24,8	  28,7	  28,8	  30,1	  31,8	  29,2	  -1,2
s	   112,8664	 3	104,70	 90,34	  16,7	  27,2	  31,3	  32,1	  33,4	  33,3	  30,4	   0,7
s	   113,0431	 4	104,71	 93,23	  16,5	  27,2	  31,2	  32,0	  33,3	  33,2	  30,3	   0,6
s	   113,1042	 4	104,69	 87,22	  15,5	  26,2	  30,3	  30,8	  32,1	  32,8	  30,3	   0,6
s	   113,6278	 7	127,50	 96,26	  12,8	  24,4	  29,7	  30,4	  31,7	  32,3	  29,9	   0,1
s	   113,6600	 5	104,71	 96,34	  15,2	  26,2	  30,2	  30,7	  32,0	  32,7	  30,1	   0,3
s	   113,7209	 5	104,69	 84,34	  15,2	  26,2	  30,2	  30,7	  32,0	  32,7	  30,1	   0,3
s	   113,7962	 6	104,74	102,39	  14,0	  24,7	  28,5	  28,6	  30,0	  31,6	  29,0	  -1,6
s	   113,9178	 6	104,69	 78,29	  14,5	  25,4	  29,3	  29,4	  30,8	  32,4	  29,8	  -0,1
s	   114,3964	 7	125,92	 96,24	  12,7	  24,4	  29,6	  30,3	  31,6	  32,2	  29,8	  -0,0
s	   114,6172	 8	126,12	 96,23	  11,7	  23,9	  29,3	  30,0	  31,2	  31,8	  29,7	  -0,2
s	   114,6244	 6	104,72	 99,19	  14,9	  26,1	  30,1	  30,5	  31,8	  32,6	  29,9	   0,1
s	   114,8058	 6	104,68	 81,27	  13,9	  25,1	  29,2	  29,4	  30,7	  32,2	  29,9	   0,0
s	   115,5435	 7	104,75	105,18	  14,1	  25,2	  29,1	  29,2	  30,6	  32,3	  29,5	  -0,5
s	   115,8439	 7	104,69	 75,30	  12,6	  23,6	  27,5	  27,3	  28,6	  31,0	  28,7	  -2,1
s	   116,0762	 7	104,73	102,21	  13,6	  25,0	  29,1	  29,2	  30,5	  32,0	  29,7	  -0,3
s	   116,1960	 7	104,68	 78,47	  13,6	  25,0	  29,1	  29,2	  30,5	  32,0	  29,7	  -0,3
s	   117,7978	 8	104,73	104,96	  13,3	  24,9	  28,9	  29,0	  30,3	  31,9	  29,4	  -0,7
s	   117,8184	 8	104,76	108,10	  12,3	  23,4	  27,3	  27,1	  28,4	  30,9	  28,4	  -2,5
s	   117,9961	 8	104,68	 72,59	  12,8	  24,1	  28,0	  27,8	  29,2	  31,6	  29,2	  -1,0
s	   118,0585	 3	 85,62	 90,35	  17,2	  27,2	  31,2	  32,0	  33,3	  33,1	  29,9	  -0,2
s	   118,0938	 8	104,67	 75,52	  12,2	  23,9	  28,0	  27,8	  29,1	  31,5	  29,4	  -0,8
s	   118,2294	 4	 85,62	 93,15	  16,9	  27,1	  31,1	  31,9	  33,2	  33,0	  29,8	  -0,4
s	   118,2884	 4	 85,62	 87,34	  16,7	  26,6	  30,5	  31,0	  32,3	  33,0	  29,8	  -0,4
s	   118,8846	 5	 85,62	 84,56	  15,4	  25,9	  29,9	  30,4	  31,7	  32,3	  29,4	  -0,8
s	   119,1720	 4	 84,40	 90,35	  16,1	  26,7	  30,8	  31,6	  32,9	  32,6	  29,7	  -0,6
s	   119,3416	 5	 84,40	 93,13	  15,9	  26,6	  30,8	  31,5	  32,8	  32,5	  29,6	  -0,7
s	   119,4003	 5	 84,40	 87,36	  15,6	  26,1	  30,1	  30,6	  31,9	  32,5	  29,6	  -0,7
s	   119,7583	 6	 85,62	 98,91	  15,2	  25,8	  29,8	  30,2	  31,5	  32,2	  29,2	  -1,1
s	   119,9338	 6	 85,63	 81,59	  14,4	  24,6	  28,4	  28,5	  29,8	  31,4	  28,4	  -2,7
s	   119,9922	 6	 84,40	 84,60	  14,6	  25,6	  29,8	  30,2	  31,5	  32,0	  29,4	  -0,9
s	   120,2767	 4	 85,88	 90,36	  16,1	  26,6	  30,8	  31,6	  32,8	  32,5	  29,6	  -0,8
s	   120,4451	 5	 85,88	 93,12	  15,9	  26,6	  30,7	  31,5	  32,7	  32,4	  29,5	  -0,9
s	   120,4548	 5	 85,68	 90,36	  15,1	  26,2	  30,4	  31,2	  32,4	  32,0	  29,5	  -0,9
s	   120,5034	 5	 85,89	 87,39	  15,6	  26,1	  30,0	  30,5	  31,8	  32,4	  29,5	  -0,9
s	   120,6231	 6	 85,68	 93,11	  14,9	  26,1	  30,4	  31,1	  32,3	  32,0	  29,4	  -1,0
s	   120,6812	 6	 85,68	 87,39	  14,6	  25,6	  29,7	  30,2	  31,4	  32,0	  29,4	  -1,0
s	   120,8598	 7	 84,39	 98,85	  14,4	  25,5	  29,7	  30,1	  31,3	  31,9	  29,2	  -1,2
s	   121,0340	 7	 84,41	 81,65	  14,1	  25,0	  29,0	  29,2	  30,4	  31,9	  29,2	  -1,2
s	   121,0912	 6	 85,89	 84,64	  14,6	  25,6	  29,7	  30,2	  31,4	  31,9	  29,3	  -1,1
s	   121,1629	 7	 85,61	101,84	  14,1	  24,5	  28,3	  28,3	  29,7	  31,3	  28,2	  -3,0
s	   121,1823	 4	124,77	 90,28	  16,0	  26,6	  30,7	  31,5	  32,7	  32,4	  29,5	  -0,9
s	   121,2684	 7	 85,68	 84,65	  13,6	  25,1	  29,4	  29,8	  31,0	  31,5	  29,2	  -1,3
s	   121,2789	 7	 85,63	 78,88	  14,6	  25,2	  29,0	  29,1	  30,5	  32,1	  29,0	  -1,5
s	   121,3497	 5	124,78	 93,02	  15,8	  26,5	  30,7	  31,4	  32,6	  32,4	  29,4	  -1,1
s	   121,4076	 5	124,75	 87,32	  15,5	  26,0	  30,0	  30,5	  31,7	  32,4	  29,4	  -1,1
s	   121,9527	 7	 85,88	 98,80	  14,3	  25,5	  29,6	  30,0	  31,3	  31,8	  29,1	  -1,4
s	   121,9921	 6	124,74	 84,59	  14,3	  25,3	  29,4	  29,9	  31,1	  31,7	  29,0	  -1,5
s	   122,1258	 7	 85,89	 81,71	  14,0	  24,9	  28,9	  29,1	  30,4	  31,8	  29,1	  -1,4
s	   122,1290	 8	 85,68	 98,79	  13,3	  25,0	  29,3	  29,7	  30,9	  31,4	  29,0	  -1,5
s	   122,2547	 8	 84,39	101,76	  13,8	  24,9	  28,9	  29,0	  30,3	  31,8	  29,0	  -1,5
s	   122,3018	 8	 85,69	 81,72	  13,0	  24,5	  28,6	  28,8	  30,0	  31,4	  29,0	  -1,6
s	   122,3699	 8	 84,41	 78,96	  13,8	  24,9	  28,9	  29,0	  30,3	  31,8	  29,0	  -1,6
s	   122,4785	 5	125,94	 90,27	  15,0	  26,0	  30,3	  31,1	  32,3	  31,9	  29,3	  -1,3
s	   122,6446	 6	125,95	 92,99	  14,8	  26,0	  30,3	  31,0	  32,2	  31,8	  29,2	  -1,4
s	   122,8296	 8	 85,61	104,51	  14,3	  25,0	  28,9	  29,0	  30,3	  31,9	  28,7	  -1,9
s	   122,8488	 7	124,81	 98,67	  14,0	  25,2	  29,3	  29,8	  31,0	  31,6	  28,8	  -1,8
s	   123,0208	 7	124,73	 81,68	  13,2	  24,0	  27,9	  28,0	  29,3	  30,7	  28,0	  -3,4
s	   123,2818	 7	125,91	 84,63	  13,5	  25,0	  29,3	  29,7	  30,9	  31,3	  29,0	  -1,6
s	   123,3381	 8	 85,88	101,68	  13,7	  24,8	  28,8	  28,9	  30,2	  31,7	  28,9	  -1,7
s	   123,3572	 5	124,47	 90,28	  14,9	  26,0	  30,3	  31,1	  32,2	  31,8	  29,2	  -1,4
s	   123,4525	 8	 85,89	 79,04	  13,7	  24,8	  28,8	  28,9	  30,2	  31,7	  28,9	  -1,8
s	   123,5224	 6	124,48	 92,99	  14,7	  25,9	  30,2	  31,0	  32,1	  31,8	  29,1	  -1,6
s	   123,5658	 6	124,66	 90,28	  14,0	  25,5	  29,9	  30,7	  31,9	  31,4	  29,1	  -1,6
s	   123,5795	 6	124,45	 87,36	  14,4	  25,4	  29,6	  30,0	  31,3	  31,8	  29,1	  -1,6
s	   123,7307	 7	124,67	 92,98	  13,7	  25,5	  29,9	  30,6	  31,8	  31,3	  29,0	  -1,7
s	   123,7878	 7	124,65	 87,37	  13,5	  25,0	  29,2	  29,7	  30,9	  31,3	  29,0	  -1,7
s	   124,1316	 8	125,98	 98,60	  13,2	  24,9	  29,2	  29,6	  30,8	  31,2	  28,8	  -1,9
s	   124,1561	 7	124,44	 84,67	  13,4	  24,9	  29,2	  29,7	  30,9	  31,3	  28,9	  -1,8
s	   124,2265	 8	124,82	101,54	  12,9	  23,9	  27,8	  27,9	  29,1	  30,6	  27,8	  -3,7
s	   124,3023	 8	125,90	 81,75	  12,9	  24,4	  28,5	  28,7	  29,9	  31,2	  28,8	  -1,9
s	   124,3402	 8	124,72	 79,02	  13,4	  24,5	  28,5	  28,6	  29,9	  31,4	  28,6	  -2,2
s	   124,3636	 8	124,64	 84,68	  12,5	  24,5	  28,9	  29,4	  30,5	  30,8	  28,8	  -1,9
s	   125,0013	 8	124,51	 98,56	  13,2	  24,8	  29,1	  29,6	  30,7	  31,2	  28,8	  -2,0
s	   125,1711	 8	124,43	 81,80	  12,9	  24,3	  28,5	  28,6	  29,8	  31,2	  28,7	  -2,1
s	   126,7281	 6	 26,59	 87,25	  14,8	  25,3	  29,4	  29,9	  31,1	  31,5	  28,6	  -2,4
s	   126,9643	 6	 26,53	 90,11	  15,3	  25,9	  30,2	  31,0	  32,1	  31,5	  28,8	  -2,2
s	   127,0494	 6	 27,37	 90,11	  15,8	  26,2	  30,3	  31,0	  32,2	  31,9	  27,8	  -4,0
s	   127,0958	 7	 26,73	 90,11	  14,3	  25,4	  29,9	  30,7	  31,8	  31,1	  28,7	  -2,3
s	   127,1258	 7	 26,52	 92,75	  15,0	  25,8	  30,2	  30,9	  32,0	  31,5	  28,7	  -2,3
s	   127,2109	 7	 27,35	 92,76	  15,0	  26,0	  30,2	  30,9	  32,1	  31,7	  28,7	  -2,3
s	   127,2378	 7	 26,53	 95,61	  14,5	  25,2	  29,3	  29,7	  31,0	  31,5	  28,4	  -2,6
s	   127,2572	 8	 26,71	 92,75	  14,1	  25,4	  29,8	  30,6	  31,7	  31,0	  28,6	  -2,4
s	   127,2667	 7	 27,39	 87,26	  14,5	  25,2	  29,3	  29,7	  31,0	  31,5	  27,6	  -4,1
s	   127,7456	 8	 26,57	 84,62	  13,8	  24,8	  29,2	  29,6	  30,8	  31,0	  28,5	  -2,5
s	   127,7747	 8	 27,33	 95,59	  14,3	  25,2	  29,2	  29,6	  30,8	  31,4	  27,5	  -4,3
s	   127,8304	 8	 27,40	 84,63	  13,8	  25,0	  29,2	  29,6	  30,8	  31,2	  28,5	  -2,5
s	   130,1314	 7	 26,32	 87,31	  13,9	  24,9	  29,1	  29,6	  30,8	  31,1	  28,4	  -2,8
s	   130,2604	 8	 26,52	 87,31	  12,9	  24,4	  28,8	  29,3	  30,4	  30,6	  28,3	  -3,0
s	   130,6307	 8	 26,26	 95,50	  13,6	  24,8	  29,1	  29,5	  30,6	  31,0	  28,3	  -3,0
s	   132,9703	 7	181,06	 87,14	  13,5	  24,5	  28,7	  29,2	  30,4	  30,7	  27,9	  -3,6
s	   133,2153	 7	181,12	 89,89	  14,0	  25,1	  29,6	  30,4	  31,4	  30,7	  28,1	  -3,4
s	   133,2798	 7	180,32	 89,90	  14,5	  25,4	  29,6	  30,3	  31,5	  31,1	  27,1	  -5,2
s	   133,3709	 8	181,14	 92,44	  13,8	  25,1	  29,5	  30,3	  31,3	  30,6	  28,0	  -3,5
s	   133,4353	 8	180,34	 92,45	  13,7	  25,2	  29,6	  30,3	  31,4	  30,9	  28,0	  -3,5
s	   133,4612	 8	181,13	 95,19	  13,2	  24,4	  28,7	  29,1	  30,3	  30,6	  27,8	  -3,8
s	   133,4891	 8	180,30	 87,15	  13,2	  24,4	  28,7	  29,1	  30,2	  30,6	  27,0	  -5,3
s	   134,9373	 6	348,95	 89,81	  14,1	  24,7	  29,0	  29,8	  31,0	  30,3	  27,1	  -5,4
s	   135,0914	 7	348,93	 92,34	  13,9	  24,7	  29,0	  29,7	  30,9	  30,2	  26,9	  -5,5
s	   135,3850	 8	281,45	 89,45	  10,7	  23,7	  28,5	  29,2	  30,3	  29,5	  27,8	  -3,9
s	   135,6826	 8	348,99	 84,58	  12,6	  23,7	  28,0	  28,5	  29,6	  29,7	  26,8	  -5,7
s	   135,9216	 7	348,25	 89,81	  13,8	  25,0	  29,4	  30,2	  31,3	  30,5	  27,9	  -3,9
s	   136,0748	 8	348,23	 92,32	  13,6	  24,9	  29,4	  30,1	  31,2	  30,5	  27,8	  -4,0
s	   136,3802	 8	181,31	 87,19	  12,6	  24,1	  28,5	  28,9	  30,1	  30,3	  27,8	  -4,1
s	   137,8995	 7	349,39	 87,14	  13,2	  24,3	  28,5	  28,9	  30,1	  30,4	  27,5	  -4,4
s	   138,1205	 7	349,43	 89,82	  13,7	  24,9	  29,3	  30,1	  31,2	  30,4	  27,7	  -4,2
s	   138,2717	 8	349,41	 92,30	  13,5	  24,8	  29,3	  30,0	  31,1	  30,3	  27,6	  -4,4
s	   138,3597	 8	349,26	 89,82	  12,8	  24,4	  29,0	  29,8	  30,8	  29,9	  27,6	  -4,4
s	   138,3766	 8	349,33	 94,97	  13,0	  24,2	  28,4	  28,8	  30,0	  30,3	  27,3	  -4,6
s	   138,8671	 8	348,69	 87,15	  12,4	  24,0	  28,4	  28,8	  29,9	  30,1	  27,5	  -4,5
s	   140,7821	 7	217,36	 89,62	  13,8	  24,4	  28,7	  29,4	  30,5	  29,8	  26,4	  -6,6
s	   140,9311	 8	217,37	 92,07	  13,6	  24,3	  28,6	  29,4	  30,4	  29,7	  26,3	  -6,7
s	   141,0891	 8	349,85	 87,20	  12,3	  23,9	  28,2	  28,7	  29,8	  30,0	  27,4	  -4,9
s	   141,5844	 5	299,12	 91,93	  13,5	  24,4	  29,4	  30,4	  31,7	  31,4	  27,6	  -4,6
s	   141,7341	 8	218,04	 89,62	  13,5	  24,6	  29,0	  29,8	  30,8	  30,0	  27,2	  -5,1
s	   142,6052	 6	 68,88	 87,73	  12,7	  23,7	  27,8	  28,3	  29,5	  29,9	  26,4	  -6,7
s	   143,1208	 7	 68,89	 85,33	  13,0	  24,1	  28,3	  28,7	  29,9	  30,3	  27,1	  -5,4
s	   143,8285	 6	298,92	 91,90	  12,4	  23,8	  29,0	  30,0	  31,2	  30,8	  27,3	  -5,1
s	   143,9834	 7	299,10	 91,90	  11,5	  23,3	  28,7	  29,7	  30,9	  30,4	  27,2	  -5,3
s	   144,0294	 8	 68,90	 82,75	  11,2	  22,4	  26,5	  26,6	  27,8	  29,0	  26,1	  -7,2
s	   144,2410	 8	299,17	 79,50	  10,4	  22,0	  27,1	  27,5	  28,7	  30,1	  26,9	  -5,7
s	   144,4873	 7	265,02	 91,84	  11,4	  23,3	  28,7	  29,6	  30,8	  30,4	  27,2	  -5,4
s	   144,5234	 7	 69,30	 87,76	  12,4	  23,9	  28,2	  28,6	  29,8	  30,0	  27,2	  -5,4
s	   144,8519	 8	 69,15	 87,77	  11,4	  23,4	  27,8	  28,3	  29,4	  29,6	  27,0	  -5,5
s	   145,0336	 8	 69,31	 85,38	  12,1	  23,8	  28,1	  28,5	  29,6	  30,0	  27,0	  -5,6
s	   145,4252	 3	282,67	 89,46	  15,0	  25,5	  29,5	  30,3	  31,5	  31,2	  27,5	  -5,1
s	   145,5704	 4	282,67	 91,84	  14,8	  25,4	  29,5	  30,2	  31,5	  31,2	  27,4	  -5,2
s	   145,6206	 4	282,68	 86,89	  13,8	  24,5	  28,6	  29,1	  30,3	  30,8	  27,4	  -5,2
s	   146,0776	 5	282,66	 94,39	  12,8	  23,5	  27,5	  27,9	  29,1	  29,7	  26,2	  -7,2
s	   146,1277	 5	282,68	 84,52	  13,3	  24,2	  28,3	  28,7	  29,9	  30,4	  27,0	  -5,7
s	   146,5137	 7	265,43	 91,81	  11,3	  23,2	  28,6	  29,5	  30,7	  30,2	  27,0	  -5,7
s	   146,6959	 8	265,26	 91,81	  10,4	  22,7	  28,3	  29,2	  30,4	  29,8	  26,9	  -5,8
s	   146,8719	 6	282,66	 96,74	  13,0	  24,1	  28,2	  28,6	  29,8	  30,4	  26,9	  -5,9
s	   147,0215	 6	282,68	 81,99	  11,5	  22,5	  26,5	  26,6	  27,9	  29,1	  26,0	  -7,5
s	   147,7550	 4	282,68	 89,46	  13,9	  24,9	  29,1	  29,9	  31,1	  30,6	  27,2	  -5,6
s	   147,8984	 5	282,68	 91,81	  13,7	  24,9	  29,1	  29,8	  31,0	  30,6	  27,1	  -5,7
s	   147,9480	 5	282,69	 86,93	  12,7	  23,9	  28,1	  28,6	  29,8	  30,2	  27,1	  -5,7
s	   148,0707	 7	282,65	 99,25	  11,2	  22,4	  26,4	  26,5	  27,7	  29,0	  25,8	  -7,8
s	   148,1697	 7	282,69	 79,66	  11,7	  23,1	  27,1	  27,3	  28,5	  29,8	  26,6	  -6,2
s	   148,3993	 6	282,67	 94,33	  12,4	  23,9	  28,1	  28,5	  29,7	  30,1	  27,0	  -5,9
s	   148,4487	 6	282,69	 84,59	  12,4	  23,9	  28,1	  28,5	  29,7	  30,1	  27,0	  -5,9
s	   149,1836	 7	282,67	 96,65	  12,2	  23,8	  28,0	  28,4	  29,6	  30,0	  26,8	  -6,2
s	   149,3313	 7	282,70	 82,09	  11,1	  22,9	  27,0	  27,2	  28,4	  29,6	  26,8	  -6,2
s	   149,4968	 8	282,65	101,55	  11,4	  23,0	  27,0	  27,1	  28,3	  29,7	  26,4	  -6,6
s	   149,6443	 6	141,39	 90,20	  13,6	  24,3	  28,4	  29,1	  30,2	  29,7	  25,8	  -8,0
s	   149,7425	 8	282,69	 77,20	   9,9	  21,4	  25,4	  25,2	  26,4	  28,5	  25,6	  -8,2
s	   149,7862	 7	141,41	 92,53	  13,4	  24,2	  28,3	  29,0	  30,1	  29,7	  25,6	  -8,1
s	   149,8353	 7	141,37	 87,70	  11,4	  22,9	  27,2	  27,6	  28,7	  29,0	  25,7	  -8,1
s	   150,3648	 8	338,52	 89,74	  11,4	  23,1	  27,7	  28,4	  29,4	  28,5	  25,5	  -8,3
s	   150,3676	 8	282,67	 99,13	  10,9	  22,8	  27,0	  27,1	  28,3	  29,5	  26,6	  -6,5
s	   150,4655	 8	282,70	 79,79	  10,9	  22,8	  27,0	  27,1	  28,3	  29,5	  26,6	  -6,5
s	   151,5591	 4	298,28	 89,50	  14,5	  25,0	  29,2	  29,9	  31,1	  30,6	  26,9	  -6,2
s	   151,6799	 8	140,94	 87,72	  11,1	  23,1	  27,5	  28,0	  29,0	  29,2	  26,5	  -6,7
s	   151,8070	 7	142,23	 90,20	  13,3	  24,5	  28,7	  29,4	  30,5	  29,9	  26,5	  -6,7
s	   151,9473	 8	142,24	 92,49	  13,0	  24,4	  28,6	  29,3	  30,4	  29,9	  26,4	  -6,8
s	   152,1903	 6	298,26	 94,28	  12,3	  23,1	  27,1	  27,5	  28,7	  29,0	  25,6	  -8,4
s	   153,1038	 7	298,30	 82,28	  11,0	  22,1	  26,1	  26,2	  27,4	  28,5	  25,4	  -8,6
s	   153,5056	 6	300,19	 87,06	  12,2	  23,6	  27,8	  28,3	  29,4	  29,8	  26,5	  -6,8
s	   153,8139	 5	298,10	 89,50	  13,4	  24,5	  28,7	  29,5	  30,6	  30,0	  26,6	  -6,7
s	   153,9146	 8	298,31	 80,58	   9,2	  21,2	  26,4	  26,8	  28,0	  29,1	  26,0	  -7,3
s	   153,9608	 6	298,27	 89,50	  12,5	  24,0	  28,4	  29,2	  30,3	  29,6	  26,5	  -6,9
s	   153,9872	 8	 48,68	 90,26	  12,0	  23,6	  28,2	  29,0	  30,0	  29,0	  26,3	  -7,1
s	   153,9917	 7	300,20	 84,78	  12,0	  23,6	  27,8	  28,2	  29,3	  29,7	  26,4	  -7,0
s	   154,1355	 5	266,19	 89,45	  13,4	  24,5	  28,7	  29,5	  30,6	  30,0	  26,6	  -6,8
s	   154,3221	 6	266,19	 87,00	  12,9	  23,9	  28,0	  28,5	  29,6	  29,9	  26,5	  -6,9
s	   154,4378	 7	298,08	 94,22	  11,9	  23,4	  27,7	  28,1	  29,3	  29,5	  26,4	  -7,1
s	   154,5841	 8	298,25	 94,22	  11,0	  23,0	  27,4	  27,8	  28,9	  29,0	  26,2	  -7,2
s	   154,7054	 8	300,15	 96,50	  11,7	  23,5	  27,7	  28,0	  29,2	  29,7	  26,2	  -7,2
s	   154,7583	 7	266,19	 94,16	  11,2	  22,5	  26,7	  27,1	  28,2	  28,4	  25,3	  -8,9
s	   154,8061	 7	266,19	 84,74	  12,4	  23,6	  27,7	  28,1	  29,3	  29,6	  26,1	  -7,4
s	   155,3406	 8	298,13	 82,36	  10,6	  22,4	  26,7	  26,8	  28,0	  29,0	  26,2	  -7,3
s	   155,5167	 8	266,19	 96,41	  12,2	  23,5	  27,6	  28,0	  29,2	  29,6	  25,9	  -7,6
s	   155,6596	 8	266,19	 82,32	   9,9	  21,5	  25,7	  25,8	  26,9	  27,9	  25,1	  -9,2
s	   156,3604	 6	266,40	 89,45	  12,3	  23,9	  28,3	  29,1	  30,1	  29,4	  26,3	  -7,3
s	   156,5333	 7	266,23	 89,45	  11,4	  23,4	  28,0	  28,7	  29,8	  29,0	  26,2	  -7,4
s	   156,5447	 7	266,40	 87,03	  11,8	  23,3	  27,6	  28,0	  29,2	  29,4	  26,2	  -7,4
s	   156,7175	 8	266,23	 87,04	  10,9	  22,9	  27,3	  27,7	  28,8	  28,9	  26,1	  -7,6
s	   156,9760	 8	266,40	 94,11	  10,8	  22,9	  27,3	  27,7	  28,8	  28,9	  26,0	  -7,6
s	   157,0132	 8	160,57	 90,07	  11,1	  22,8	  27,3	  28,1	  29,1	  28,1	  25,0	  -9,4
s	   157,0233	 8	266,39	 84,80	  11,6	  23,3	  27,5	  27,9	  29,1	  29,3	  26,0	  -7,6
s	   162,4301	 8	248,42	 89,48	  10,9	  23,0	  27,6	  28,4	  29,4	  28,4	  25,6	  -8,5
s	   162,4311	 8	249,60	 89,48	  10,9	  23,1	  27,7	  28,4	  29,4	  28,6	  25,6	  -8,5
s	   163,3255	 8	314,41	 91,75	  10,3	  22,3	  27,7	  28,7	  29,8	  29,0	  25,5	  -8,7
s	   165,0336	 8	313,93	 91,73	  10,3	  22,2	  27,6	  28,6	  29,7	  28,9	  25,4	  -9,0
s	   173,7092	 7	313,64	 89,58	  11,4	  23,0	  27,4	  28,2	  29,2	  28,2	  24,8	 -10,3
s	   173,8784	 8	313,66	 87,37	  10,9	  22,4	  26,7	  27,2	  28,2	  28,2	  24,7	 -10,4
s	   177,1861	 8	 24,09	 90,11	  12,3	  23,2	  27,5	  28,2	  29,2	  28,4	  23,4	 -12,8
s	   177,8415	 7	 56,93	 90,31	  11,2	  22,3	  26,8	  27,5	  28,5	  27,5	  23,5	 -12,8
s	   177,9648	 8	 56,92	 92,33	  11,0	  22,3	  26,7	  27,4	  28,4	  27,4	  23,4	 -12,9
s	   179,4474	 8	 57,37	 90,31	  10,9	  22,5	  27,1	  27,9	  28,8	  27,7	  24,3	 -11,4
s	   179,6433	 7	 23,35	 90,11	  12,4	  23,2	  27,5	  28,2	  29,2	  28,3	  24,1	 -11,5
s	   179,7656	 8	 23,33	 92,11	  12,2	  23,1	  27,4	  28,1	  29,1	  28,2	  24,0	 -11,7
s	   179,8266	 8	354,29	 89,88	  10,9	  22,1	  26,6	  27,3	  28,3	  27,1	  23,2	 -13,2
s	   180,3969	 8	 56,29	 90,31	  10,9	  22,5	  27,1	  27,8	  28,8	  27,6	  24,2	 -11,5
s	   182,0558	 8	118,72	 92,31	   8,8	  21,2	  26,7	  27,6	  28,7	  27,9	  24,1	 -11,8
s	   182,5461	 8	151,40	 90,15	  10,0	  21,7	  26,2	  27,0	  27,9	  26,8	  23,0	 -13,7
s	   182,7916	 8	 23,23	 87,98	  11,0	  22,2	  26,4	  26,8	  27,9	  27,9	  23,8	 -12,2
s	   183,0888	 8	 23,19	 90,11	  11,5	  22,8	  27,2	  28,0	  28,9	  27,9	  24,0	 -12,0
s	   186,1242	 8	297,70	 87,42	  10,4	  22,0	  26,3	  26,7	  27,7	  27,8	  23,8	 -12,5
s	   189,8177	 6	118,18	 90,34	  11,0	  22,5	  26,9	  27,6	  28,6	  27,7	  23,7	 -12,9
s	   190,3831	 8	118,16	 86,37	   9,2	  21,2	  25,6	  26,0	  27,0	  26,9	  23,2	 -13,4
s	   192,0735	 7	118,03	 90,34	   9,9	  21,9	  26,5	  27,2	  28,2	  27,1	  23,4	 -13,3
s	   192,1374	 8	118,03	 91,77	   7,7	  20,4	  26,0	  27,0	  28,0	  27,0	  23,3	 -13,5
s	   192,2195	 8	118,17	 90,34	   8,9	  21,5	  26,2	  26,9	  27,8	  26,7	  23,3	 -13,5
s	   215,3195	 6	 92,66	 92,12	   9,5	  20,9	  26,1	  27,0	  28,1	  27,2	  21,9	 -17,0
s	   216,0049	 7	 91,88	 92,11	   8,5	  20,4	  25,7	  26,6	  27,7	  26,7	  21,7	 -17,2
s	   216,2625	 8	 92,66	 95,68	   8,5	  20,0	  25,1	  25,6	  26,8	  26,9	  21,3	 -17,6
s	   217,6068	 7	 92,76	 92,10	   8,5	  20,3	  25,7	  26,6	  27,6	  26,7	  21,6	 -17,4
s	   217,7168	 8	 92,63	 92,10	   7,5	  19,9	  25,3	  26,3	  27,3	  26,2	  21,5	 -17,6
s	   221,1484	 4	104,23	 90,39	  11,0	  22,0	  26,1	  26,9	  27,9	  27,0	  21,7	 -17,7
s	   221,2509	 5	104,24	 92,07	  10,8	  21,9	  26,1	  26,8	  27,8	  26,9	  21,6	 -17,8
s	   221,2865	 5	104,23	 88,57	   9,8	  21,0	  25,2	  25,6	  26,7	  26,5	  21,6	 -17,8
s	   221,6097	 6	104,24	 93,87	   9,5	  21,0	  25,1	  25,5	  26,6	  26,5	  21,4	 -18,0
s	   221,6451	 6	104,23	 86,90	   9,5	  21,0	  25,1	  25,5	  26,6	  26,5	  21,4	 -18,0
s	   222,1724	 7	104,24	 95,55	   9,1	  20,7	  24,8	  25,2	  26,2	  26,2	  21,0	 -18,4
s	   222,2785	 7	104,22	 85,10	   7,5	  19,1	  23,1	  23,2	  24,3	  24,9	  20,2	 -20,0
s	   223,0240	 8	104,25	 97,34	   7,3	  19,0	  23,1	  23,1	  24,1	  24,9	  20,1	 -20,2
s	   223,0945	 8	104,22	 83,43	   7,8	  19,7	  23,8	  23,9	  24,9	  25,7	  20,9	 -18,7
s	   223,4784	 5	104,23	 90,39	  10,0	  21,4	  25,7	  26,5	  27,5	  26,4	  21,4	 -18,2
s	   223,5800	 6	104,23	 92,05	   9,7	  21,4	  25,7	  26,4	  27,4	  26,4	  21,3	 -18,3
s	   223,6152	 6	104,22	 88,59	   8,7	  20,5	  24,8	  25,2	  26,2	  26,0	  21,3	 -18,3
s	   223,9356	 7	104,23	 93,84	   8,5	  20,4	  24,7	  25,1	  26,1	  25,9	  21,1	 -18,5
s	   223,9707	 7	104,22	 86,93	   8,5	  20,4	  24,7	  25,1	  26,1	  25,9	  21,1	 -18,5
s	   224,4933	 8	104,24	 95,50	   8,2	  20,4	  24,6	  25,0	  26,0	  25,8	  21,0	 -18,6
s	   224,5984	 8	104,22	 85,14	   7,2	  19,4	  23,7	  23,8	  24,8	  25,4	  21,0	 -18,7
s	   225,5176	 5	 93,09	 90,40	  10,6	  21,7	  25,9	  26,6	  27,6	  26,5	  21,3	 -18,5
s	   225,6534	 6	 93,09	 88,62	  10,9	  21,5	  25,5	  25,8	  26,9	  26,9	  21,1	 -18,6
s	   226,0061	 7	 93,09	 86,97	   9,9	  21,0	  25,1	  25,5	  26,5	  26,4	  21,0	 -18,8
s	   226,1765	 6	 92,35	 90,40	   9,7	  21,2	  25,6	  26,3	  27,2	  26,0	  21,1	 -18,7
s	   226,3120	 7	 92,35	 88,62	   9,9	  21,0	  25,1	  25,5	  26,5	  26,4	  21,0	 -18,8
s	   226,6290	 8	 93,09	 85,20	   7,9	  19,1	  23,2	  23,2	  24,2	  24,9	  19,8	 -20,8
s	   226,6638	 8	 92,34	 86,98	   8,9	  20,6	  24,8	  25,2	  26,1	  25,9	  20,8	 -19,0
s	   227,8091	 6	 93,19	 90,40	   9,6	  21,1	  25,5	  26,2	  27,2	  26,0	  21,0	 -19,0
s	   227,9149	 7	 93,06	 90,40	   8,6	  20,7	  25,2	  25,9	  26,8	  25,5	  20,9	 -19,1
s	   227,9438	 7	 93,19	 88,64	   9,8	  21,0	  25,1	  25,4	  26,5	  26,3	  20,9	 -19,1
s	   228,0495	 8	 93,06	 88,64	   8,9	  20,5	  24,7	  25,1	  26,1	  25,9	  20,8	 -19,2
s	   228,2589	 8	 93,19	 93,80	   8,9	  20,5	  24,7	  25,1	  26,1	  25,9	  20,7	 -19,2
s	   228,2934	 8	 93,18	 87,00	   8,9	  20,5	  24,7	  25,1	  26,1	  25,9	  20,7	 -19,3
s	   230,9210	 8	 81,19	 92,02	   7,8	  19,7	  25,1	  26,0	  27,0	  25,8	  20,6	 -19,7
s	   240,5461	 7	 82,02	 90,40	   9,0	  20,5	  25,0	  25,7	  26,6	  25,2	  20,0	 -21,1
s	   240,6746	 8	 82,02	 88,72	   9,2	  20,4	  24,6	  24,9	  25,9	  25,5	  19,9	 -21,2
s	   241,8498	 8	 81,35	 90,40	   8,0	  20,0	  24,6	  25,3	  26,2	  24,6	  19,8	 -21,4
s	   244,1057	 8	126,92	 90,31	   7,9	  20,0	  24,6	  25,3	  26,1	  24,5	  19,7	 -21,7
s	   249,9680	 8	293,18	 92,66	   6,9	  18,7	  23,9	  24,5	  25,5	  25,3	  19,3	 -22,6
s	   256,0405	 5	283,02	 89,49	   8,9	  20,4	  24,7	  25,4	  26,3	  25,1	  19,2	 -23,3
s	   256,1309	 6	283,01	 90,97	   8,7	  20,4	  24,6	  25,3	  26,2	  25,0	  19,1	 -23,4
s	   256,1621	 6	283,02	 87,90	   7,7	  19,4	  23,7	  24,1	  25,1	  24,6	  19,1	 -23,4
s	   256,4469	 7	283,01	 92,57	   7,5	  19,4	  23,7	  24,0	  25,0	  24,5	  19,0	 -23,5
s	   256,4781	 7	283,02	 86,42	   7,5	  19,4	  23,7	  24,0	  25,0	  24,5	  19,0	 -23,5
s	   256,9429	 8	283,01	 94,04	   7,0	  19,1	  23,4	  23,7	  24,6	  24,2	  18,6	 -24,0
s	   257,0365	 8	283,03	 84,83	   5,4	  17,5	  21,7	  21,7	  22,7	  23,0	  17,8	 -25,5
s	   258,3705	 6	283,02	 89,49	   7,9	  19,9	  24,3	  25,0	  25,9	  24,5	  18,9	 -23,7
s	   258,4601	 7	283,02	 90,96	   7,7	  19,8	  24,2	  24,9	  25,8	  24,5	  18,8	 -23,9
s	   258,4911	 7	283,02	 87,91	   6,6	  18,9	  23,3	  23,7	  24,6	  24,0	  18,8	 -23,9
s	   258,7737	 8	283,02	 92,54	   6,4	  18,9	  23,3	  23,6	  24,5	  24,0	  18,7	 -24,0
s	   258,8047	 8	283,03	 86,44	   6,4	  18,9	  23,3	  23,6	  24,5	  24,0	  18,7	 -24,0
s	   259,8963	 6	292,85	 89,52	   8,6	  20,1	  24,5	  25,2	  26,1	  24,6	  18,8	 -24,0
s	   259,9855	 7	292,85	 90,98	   8,4	  20,1	  24,4	  25,1	  26,0	  24,6	  18,7	 -24,1
s	   260,0164	 7	292,86	 87,94	   8,8	  20,0	  24,0	  24,4	  25,4	  25,0	  18,7	 -24,1
s	   260,2495	 8	 93,65	 90,41	   6,7	  19,2	  23,8	  24,5	  25,3	  23,7	  18,6	 -24,2
s	   260,3283	 8	292,86	 86,48	   7,9	  19,5	  23,7	  24,1	  25,0	  24,5	  18,6	 -24,2
s	   262,1963	 7	292,78	 89,52	   7,6	  19,6	  24,1	  24,8	  25,6	  24,1	  18,6	 -24,4
s	   262,2899	 8	292,89	 89,52	   6,6	  19,1	  23,8	  24,5	  25,3	  23,6	  18,5	 -24,6
s	   262,3155	 8	292,78	 87,95	   7,8	  19,4	  23,7	  24,0	  24,9	  24,5	  18,5	 -24,6
#END
