#HEADER
CATT-Acoustic v8.0b    Copyright © CATT 1988-2003

 Project                : Aula Optica 

 GEOMETRICAL INFORMATION
 Src id and loc     [m] :   A0           0,400        0,600        1,300
 Rec id and loc     [m] :   22          17,500        7,600        1,200

 22       53,8195

 VARIABLE SOURCE DATA
 Directivity
   Type (library)       :  OMNI.SD0
   Dir. Index (DI) [dB] :       0,0      0,0      0,0      0,0      0,0      0,0      0,0      0,0
 Level
   On axis 1m      [dB] :      54,1     63,1     66,8     67,7     69,4     70,6     70,6     54,2
   Total power     [dB] :      65,0     74,0     77,7     78,6     80,3     81,5     81,5     65,1
   Auxiliary delay [ms] :       0,0

 VARIABLE AIR DATA
 Temperature       [°C] :      20
 Relative humidity  [%] :      50
 Density        [kg/m³] :       1,2
 Sound speed      [m/s] :     343
 Impedance      [Ns/m³] :     412
 Diss. coeff. [0.001/m] :      0,10     0,30     0,63     1,07     2,28     6,83    24,23    83,90      (estimated)

#DATAFIELDS
 TYPE DELAY ORDER AZIMUTH ELEVATION SPL125 SPL250 SPL500 SPL1K SPL2K SPL4K SPL8K SPL16K
#DATA
d	     0,0000	 0	101,62	 90,02	  28,8	  37,7	  41,4	  42,3	  43,9	  44,7	  43,3	  22,1
s	     0,4896	 1	101,63	 98,04	  28,0	  37,2	  40,8	  41,7	  43,3	  44,1	  42,7	  21,4
*	     2,4307	 1	 62,07	135,75	   5,8	  15,0	  18,6	  19,5	  21,1	  21,9	  20,4	  -1,0
*	     3,2604	 1	143,64	113,41	  -1,1	   8,1	  11,7	  12,6	  14,2	  15,0	  13,5	  -8,0
*	     9,0860	 1	155,76	102,34	  -8,7	   0,5	   4,1	   5,0	   6,5	   7,4	   5,7	 -16,3
*	     2,4512	 1	 73,06	106,94	  -4,1	   5,1	   8,7	   9,6	  11,2	  12,0	  10,5	 -10,9
*	     0,8141	 1	110,11	104,48	  -5,0	   4,2	   7,9	   8,7	  10,3	  11,2	   9,7	 -11,6
*	     4,2895	 1	131,13	100,34	  -8,6	   0,6	   4,2	   5,0	   6,6	   7,5	   5,9	 -15,7
*	     3,7377	 1	 74,93	100,21	  -8,5	   0,6	   4,3	   5,1	   6,7	   7,6	   6,0	 -15,5
*	     0,5757	 1	 97,94	 99,62	  -7,7	   1,5	   5,2	   6,0	   7,6	   8,5	   7,0	 -14,3
*	     1,9228	 1	115,84	 98,10	  -8,8	   0,4	   4,0	   4,9	   6,5	   7,3	   5,8	 -15,5
*	     5,8994	 1	 75,71	 97,34	 -10,6	  -1,5	   2,2	   3,0	   4,6	   5,4	   3,8	 -17,9
*	     1,3343	 1	 92,25	 97,13	  -8,5	   0,6	   4,3	   5,1	   6,7	   7,6	   6,1	 -15,2
*	     0,8293	 1	106,67	 96,46	  -7,8	   1,3	   5,0	   5,8	   7,4	   8,3	   6,8	 -14,5
*	     9,3750	 1	 76,12	 95,76	 -11,8	  -2,6	   1,1	   1,9	   3,5	   4,3	   2,6	 -19,5
*	     3,2825	 1	 89,01	 95,66	  -8,1	   1,1	   4,7	   5,5	   7,1	   8,0	   6,5	 -15,0
*	     0,6752	 1	100,83	 95,32	  -5,0	   4,2	   7,9	   8,7	  10,3	  11,2	   9,7	 -11,6
s	     0,6580	 1	101,61	 81,41	  26,4	  35,5	  39,1	  39,7	  41,3	  42,9	  41,8	  19,8
*	    17,9716	 1	184,26	 75,36	  -8,2	   1,6	   5,5	   6,2	   7,8	   9,3	   7,8	 -13,3
*	    11,9340	 1	197,87	 64,10	  -1,4	   8,5	  12,3	  13,1	  14,6	  16,2	  14,8	  -5,7
*	    10,4671	 1	263,69	 44,55	   4,4	  14,3	  18,1	  18,9	  20,4	  22,0	  20,7	   0,3
*	     9,6637	 1	155,65	 75,45	  -6,0	   3,8	   7,7	   8,5	  10,0	  11,6	  10,3	 -10,0
*	     3,7684	 1	142,89	 63,93	   0,8	  10,7	  14,6	  15,3	  16,9	  18,5	  17,4	  -2,5
*	     2,5718	 1	 74,62	 42,36	   6,8	  16,7	  20,6	  21,3	  22,9	  24,5	  23,4	   3,7
*	     4,9873	 1	132,34	 78,08	  -5,9	   4,0	   7,8	   8,6	  10,2	  11,8	  10,6	  -9,3
*	     1,2016	 1	112,37	 73,59	  -2,4	   7,4	  11,3	  12,1	  13,7	  15,3	  14,2	  -5,4
*	     2,2736	 1	 77,82	 70,61	  -1,4	   8,5	  12,3	  13,1	  14,7	  16,3	  15,2	  -4,5
*	     2,5645	 1	117,70	 80,79	  -5,9	   3,9	   7,8	   8,5	  10,1	  11,8	  10,6	  -9,1
*	     0,6961	 1	100,54	 79,07	  -4,7	   5,2	   9,0	   9,8	  11,4	  13,0	  12,0	  -7,6
*	     3,2592	 1	 78,43	 78,27	  -5,3	   4,5	   8,4	   9,1	  10,7	  12,3	  11,2	  -8,6
*	     1,3245	 1	108,76	 82,77	  -4,8	   5,0	   8,9	   9,6	  11,2	  12,9	  11,8	  -7,8
*	     1,1228	 1	 94,79	 81,99	  -5,2	   4,7	   8,5	   9,3	  10,9	  12,5	  11,4	  -8,1
*	     5,0764	 1	 78,71	 81,68	  -7,1	   2,7	   6,6	   7,4	   9,0	  10,5	   9,4	 -10,6
*	     0,8852	 1	102,99	 84,16	  -1,7	   8,2	  12,0	  12,8	  14,4	  16,0	  14,9	  -4,6
*	     2,5934	 1	 91,46	 83,75	  -4,3	   5,6	   9,4	  10,2	  11,8	  13,4	  12,3	  -7,4
*	     8,1299	 1	 78,85	 83,60	  -7,9	   2,0	   5,8	   6,6	   8,2	   9,7	   8,5	 -11,7
*	     1,8538	 1	 99,04	 85,13	   4,4	  14,3	  18,1	  18,9	  20,5	  22,1	  21,0	   1,4
*	     6,2037	 1	 89,30	 84,90	  -3,2	   6,7	  10,6	  11,3	  12,9	  14,5	  13,3	  -6,8
*	    13,2462	 1	 78,94	 84,81	  -8,7	   1,1	   5,0	   5,7	   7,3	   8,8	   7,4	 -13,2
s	     1,4189	 1	104,98	 90,03	  27,3	  36,8	  40,7	  41,5	  43,1	  43,8	  42,7	  21,4
*	     1,8834	 1	105,43	 87,72	   8,8	  18,3	  22,1	  23,0	  24,5	  25,2	  24,1	   2,8
s	     1,8960	 2	104,99	 97,84	  27,0	  36,7	  40,5	  41,4	  42,9	  43,7	  42,5	  21,2
s	     2,0603	 2	104,97	 81,64	  26,0	  35,8	  39,6	  40,2	  41,7	  43,2	  42,5	  21,1
s	     2,1634	 1	100,72	 90,04	  27,2	  36,7	  40,5	  41,4	  42,9	  43,7	  42,6	  21,2
*	    22,7858	 1	 73,80	 91,14	 -10,6	  -1,1	   2,7	   3,5	   5,1	   5,6	   4,0	 -19,2
*	    12,1252	 1	 85,89	 91,15	  -3,4	   6,0	   9,9	  10,7	  12,2	  12,9	  11,5	 -10,7
*	     3,8710	 1	 97,42	 91,12	  12,7	  22,1	  26,0	  26,8	  28,4	  29,1	  27,9	   6,4
*	    18,7276	 1	 78,38	 86,89	 -20,0	 -10,8	  -7,2	  -6,4	  -4,8	  -4,0	  -2,0	 -23,2
*	    18,4901	 1	 78,38	 88,95	 -19,9	 -10,7	  -7,0	  -6,2	  -4,7	  -3,9	  -1,9	 -23,0
*	    16,9076	 1	 80,44	 86,89	 -18,8	  -9,7	  -6,0	  -5,2	  -3,6	  -2,9	  -0,8	 -21,8
*	    16,6552	 1	 80,44	 88,95	 -18,7	  -9,5	  -5,9	  -5,1	  -3,5	  -2,7	  -0,6	 -21,6
*	    15,1581	 1	 82,51	 86,89	 -17,6	  -8,4	  -4,8	  -3,9	  -2,4	  -1,6	   0,5	 -20,3
*	    14,8878	 1	 82,51	 88,95	 -17,4	  -8,3	  -4,6	  -3,8	  -2,2	  -1,4	   0,7	 -20,1
*	    13,4801	 1	 84,56	 86,90	 -16,2	  -7,1	  -3,4	  -2,6	  -1,0	  -0,2	   2,0	 -18,7
*	    13,1880	 1	 84,56	 88,96	 -16,0	  -6,9	  -3,2	  -2,4	  -0,8	  -0,0	   2,2	 -18,5
*	    11,8753	 1	 86,61	 86,91	 -14,7	  -5,6	  -1,9	  -1,1	   0,5	   1,3	   3,5	 -17,0
*	    11,5557	 1	 86,61	 88,97	 -14,5	  -5,3	  -1,6	  -0,8	   0,8	   1,6	   3,8	 -16,7
*	    10,3462	 1	 88,64	 86,94	 -13,0	  -3,9	  -0,2	   0,6	   2,2	   3,0	   5,3	 -15,1
*	     9,9913	 1	 88,64	 88,98	 -12,7	  -3,5	   0,1	   0,9	   2,5	   3,3	   5,6	 -14,8
*	     8,8973	 1	 90,65	 86,96	 -11,1	  -1,9	   1,7	   2,6	   4,1	   5,0	   7,2	 -13,0
*	     8,4950	 1	 90,65	 88,98	 -10,7	  -1,5	   2,2	   3,0	   4,6	   5,4	   7,7	 -12,6
*	     7,5373	 1	 92,62	 86,98	  -8,8	   0,3	   4,0	   4,8	   6,4	   7,2	   9,5	 -10,6
*	     7,0686	 1	 92,62	 88,99	  -8,2	   0,9	   4,6	   5,4	   7,0	   7,8	  10,2	 -10,0
*	     6,2838	 1	 94,56	 87,01	  -6,2	   3,0	   6,6	   7,5	   9,1	   9,9	  12,2	  -7,8
*	     5,7164	 1	 94,57	 89,00	  -5,2	   3,9	   7,6	   8,4	  10,0	  10,8	  13,2	  -6,8
*	     5,1772	 1	 96,47	 87,04	  -3,0	   6,2	   9,8	  10,7	  12,3	  13,1	  15,5	  -4,5
*	     4,4511	 1	 96,47	 89,01	  -1,4	   7,8	  11,5	  12,3	  13,9	  14,7	  17,1	  -2,7
s	     2,1695	 2	101,64	106,34	  26,0	  35,3	  38,9	  39,3	  40,9	  42,6	  41,4	  19,3
s	     2,3329	 2	101,60	 73,76	  26,5	  35,9	  39,6	  40,1	  41,7	  43,4	  42,2	  20,8
s	     2,3782	 2	101,27	 90,04	  26,2	  36,2	  40,2	  41,0	  42,6	  43,2	  42,4	  21,0
s	     2,6342	 2	100,73	 97,75	  26,9	  36,6	  40,4	  41,2	  42,8	  43,6	  42,4	  20,9
*	     2,6974	 1	112,51	 95,59	 -21,1	 -11,6	  -7,8	  -6,9	  -5,4	  -4,7	  -5,8	 -27,2
s	     2,7963	 2	100,71	 81,76	  25,9	  35,7	  39,5	  40,0	  41,6	  43,1	  42,3	  20,9
s	     2,8472	 3	101,28	 97,72	  25,9	  36,1	  40,1	  40,9	  42,4	  43,1	  42,2	  20,8
s	     3,0087	 3	101,26	 81,79	  24,9	  35,2	  39,1	  39,7	  41,2	  42,6	  42,2	  20,7
s	     3,5347	 3	105,00	105,94	  25,5	  35,5	  39,3	  39,8	  41,4	  42,9	  42,1	  20,6
s	     3,6943	 3	104,95	 74,16	  25,5	  35,5	  39,3	  39,8	  41,4	  42,9	  42,1	  20,5
s	     4,2521	 3	100,74	105,75	  25,4	  35,4	  39,2	  39,7	  41,3	  42,8	  42,0	  20,4
s	     4,4097	 3	100,70	 74,37	  25,4	  35,4	  39,2	  39,7	  41,3	  42,8	  41,9	  20,3
s	     4,4592	 4	101,29	105,69	  24,4	  34,9	  38,9	  39,4	  40,9	  42,3	  41,8	  20,2
s	     4,4766	 1	 48,05	 89,97	  26,9	  35,9	  39,7	  40,5	  42,1	  42,7	  41,1	  18,8
*	    13,4007	 1	 72,19	 92,33	  -6,5	   2,5	   6,3	   7,1	   8,7	   9,3	   8,7	 -12,0
*	    11,0854	 1	 71,36	 92,56	  -5,9	   3,1	   6,9	   7,7	   9,3	   9,9	   9,3	 -11,1
*	     9,2343	 1	 70,29	 92,85	  -5,3	   3,7	   7,5	   8,4	   9,9	  10,5	  10,0	 -10,3
*	     9,3822	 1	 70,31	 85,23	  -5,3	   3,7	   7,4	   8,3	   9,8	  10,5	  10,0	 -10,4
*	     7,7611	 1	 68,90	 93,24	  -4,5	   4,5	   8,3	   9,1	  10,7	  11,3	  10,9	  -9,3
*	     7,9188	 1	 68,92	 84,46	  -4,6	   4,5	   8,2	   9,1	  10,6	  11,3	  10,8	  -9,4
*	     6,5959	 1	 67,03	 93,75	  -3,5	   5,6	   9,3	  10,2	  11,7	  12,4	  11,9	  -8,1
*	     6,7686	 1	 67,06	 83,43	  -3,5	   5,5	   9,2	  10,1	  11,6	  12,3	  11,9	  -8,2
*	     5,6916	 1	 64,34	 94,48	  -2,0	   7,0	  10,8	  11,6	  13,2	  13,8	  13,4	  -6,6
*	     5,8872	 1	 64,37	 81,98	  -2,1	   6,9	  10,7	  11,5	  13,1	  13,7	  13,3	  -6,7
*	     5,0305	 1	 60,22	 95,57	  -0,0	   9,0	  12,8	  13,6	  15,2	  15,9	  15,5	  -4,5
*	     5,2627	 1	 60,27	 79,80	  -0,2	   8,8	  12,6	  13,5	  15,0	  15,7	  15,3	  -4,7
*	     4,6490	 1	 53,18	 97,36	   2,8	  11,8	  15,6	  16,5	  18,0	  18,7	  18,3	  -1,6
*	     4,9427	 1	 53,26	 76,27	   2,5	  11,5	  15,3	  16,2	  17,7	  18,4	  18,0	  -1,9
*	     4,7328	 1	 39,25	100,50	   6,7	  15,7	  19,5	  20,3	  21,9	  22,5	  22,2	   2,3
*	     5,1347	 1	 39,39	 70,21	   6,1	  15,1	  18,9	  19,7	  21,3	  21,9	  21,5	   1,6
*	     6,0026	 1	  8,13	104,99	  10,6	  19,6	  23,3	  24,2	  25,8	  26,4	  26,0	   6,0
*	     6,5532	 1	  8,40	 61,89	   9,4	  18,4	  22,1	  23,0	  24,6	  25,2	  24,8	   4,7
*	    10,0534	 1	322,45	103,91	   9,0	  18,0	  21,8	  22,6	  24,2	  24,8	  24,3	   3,9
*	    10,5764	 1	322,66	 63,01	   7,9	  16,9	  20,7	  21,5	  23,1	  23,7	  23,2	   2,7
s	     4,6162	 4	101,25	 74,42	  24,4	  34,9	  38,8	  39,4	  40,9	  42,3	  41,8	  20,2
s	     4,7119	 3	101,65	113,48	  25,9	  35,5	  39,2	  39,7	  41,3	  42,9	  41,6	  20,0
s	     4,9289	 2	 48,02	 97,37	  27,1	  36,3	  40,1	  40,9	  42,4	  43,1	  41,7	  20,1
s	     5,0847	 2	 48,08	 82,01	  25,5	  34,7	  38,4	  38,9	  40,5	  41,9	  40,9	  18,5
s	     5,1797	 3	101,59	 66,14	  24,3	  33,8	  37,4	  37,6	  39,2	  41,7	  40,8	  18,4
*	     5,4928	 1	 92,96	 93,26	  -9,5	   0,2	   4,9	   6,0	   7,7	   8,5	   7,0	 -14,7
*	    10,1982	 1	 86,17	 93,32	 -15,6	  -5,9	  -1,2	  -0,1	   1,6	   2,4	   0,7	 -21,4
*	    15,7365	 1	 79,16	 93,34	 -19,8	 -10,2	  -5,4	  -4,3	  -2,7	  -2,0	  -3,7	 -26,3
*	     5,8641	 1	103,19	 85,46	  -5,6	   3,9	   7,7	   8,6	  10,1	  10,8	   9,6	 -12,1
s	     6,0192	 4	105,02	112,94	  25,0	  35,1	  38,9	  39,4	  40,9	  42,5	  41,5	  19,8
s	     6,3670	 2	 45,21	 89,96	  26,4	  35,9	  39,8	  40,7	  42,2	  42,7	  41,7	  19,9
s	     6,4768	 4	104,94	 66,69	  23,9	  34,1	  37,9	  38,2	  39,7	  42,0	  41,4	  19,7
s	     6,4796	 2	 49,20	 89,98	  26,4	  35,9	  39,8	  40,7	  42,2	  42,7	  41,7	  19,9
s	     6,4853	 3	 47,99	105,09	  25,1	  34,4	  38,1	  38,6	  40,2	  41,6	  40,5	  18,0
s	     6,6370	 3	 48,11	 74,89	  25,6	  35,1	  38,8	  39,4	  40,9	  42,4	  41,3	  19,5
s	     6,7071	 4	100,74	112,68	  24,9	  35,0	  38,8	  39,3	  40,8	  42,4	  41,4	  19,6
s	     6,7744	 3	 48,73	 89,98	  25,3	  35,4	  39,4	  40,3	  41,8	  42,2	  41,5	  19,7
s	     6,8052	 3	 45,18	 97,14	  26,1	  35,8	  39,7	  40,5	  42,0	  42,6	  41,5	  19,7
s	     6,9058	 5	101,30	112,60	  23,9	  34,5	  38,5	  38,9	  40,4	  41,9	  41,3	  19,4
s	     6,9170	 3	 49,18	 97,14	  26,1	  35,8	  39,7	  40,5	  42,0	  42,6	  41,5	  19,7
s	     6,9561	 3	 45,24	 82,25	  25,0	  34,9	  38,8	  39,3	  40,8	  42,2	  41,5	  19,7
s	     7,0677	 3	 49,23	 82,28	  25,0	  34,8	  38,7	  39,3	  40,8	  42,2	  41,4	  19,6
s	     7,1596	 4	100,69	 66,98	  23,8	  34,0	  37,8	  38,1	  39,6	  41,9	  41,3	  19,5
s	     7,2096	 4	 48,70	 97,11	  25,1	  35,3	  39,3	  40,1	  41,6	  42,1	  41,3	  19,5
s	     7,3568	 5	101,24	 67,06	  22,8	  33,5	  37,5	  37,7	  39,2	  41,4	  41,2	  19,3
s	     7,3596	 4	 48,76	 82,32	  24,0	  34,3	  38,4	  39,0	  40,4	  41,7	  41,3	  19,4
s	     8,1201	 1	240,14	 89,43	  26,3	  35,8	  39,7	  40,5	  42,1	  42,7	  41,5	  19,6
*	    13,0395	 1	308,20	 69,09	  11,0	  20,4	  24,3	  25,1	  26,6	  27,3	  25,9	   3,6
*	    10,6013	 1	201,06	 73,11	   9,2	  18,7	  22,5	  23,4	  24,9	  25,6	  24,3	   2,2
*	    19,9865	 1	182,21	 82,71	  -1,1	   8,4	  12,2	  13,0	  14,6	  15,2	  13,6	  -9,4
s	     8,3145	 4	 45,15	104,63	  24,6	  34,6	  38,5	  39,1	  40,6	  41,9	  41,1	  19,2
s	     8,3718	 4	101,66	120,41	  23,6	  33,3	  36,9	  37,1	  38,7	  41,1	  40,1	  17,4
s	     8,4237	 4	 49,14	104,62	  24,6	  34,6	  38,5	  39,0	  40,5	  41,9	  41,1	  19,2
s	     8,4618	 4	 45,27	 75,34	  24,6	  34,6	  38,5	  39,0	  40,5	  41,9	  41,1	  19,1
s	     8,5460	 2	240,16	 96,41	  25,8	  35,5	  39,3	  40,1	  41,7	  42,4	  41,1	  19,1
s	     8,5707	 4	 49,26	 75,38	  24,6	  34,6	  38,5	  39,0	  40,5	  41,9	  41,1	  19,1
s	     8,6658	 4	101,58	 59,80	  24,1	  34,0	  37,6	  37,8	  39,4	  41,9	  40,8	  18,9
s	     8,6927	 2	240,12	 81,94	  24,3	  33,9	  37,6	  38,2	  39,7	  41,2	  40,2	  17,5
s	     8,7092	 5	 48,67	104,55	  23,6	  34,1	  38,2	  38,7	  40,1	  41,4	  40,9	  19,0
s	     8,8529	 4	 47,96	111,79	  25,1	  34,7	  38,5	  39,0	  40,5	  42,0	  40,8	  18,8
s	     8,8556	 5	 48,79	 75,45	  23,6	  34,1	  38,1	  38,7	  40,1	  41,4	  40,9	  18,9
s	     9,3569	 2	237,14	 89,45	  25,2	  35,2	  39,2	  40,0	  41,5	  42,1	  41,1	  19,1
s	     9,7745	 3	237,17	 96,29	  24,9	  35,1	  39,1	  39,9	  41,4	  42,0	  41,0	  18,9
s	     9,8920	 5	105,03	120,22	  24,2	  34,4	  38,3	  38,7	  40,2	  41,7	  40,7	  18,7
s	     9,8920	 5	104,93	 60,44	  23,2	  33,6	  37,4	  37,6	  39,1	  41,5	  40,7	  18,7
s	     9,9184	 3	237,12	 82,10	  23,9	  34,2	  38,1	  38,7	  40,2	  41,6	  40,9	  18,9
s	    10,0142	 3	240,18	103,70	  23,9	  33,7	  37,4	  37,9	  39,4	  40,9	  39,9	  17,1
s	    10,1575	 3	240,10	 75,20	  24,4	  34,3	  38,1	  38,7	  40,2	  41,7	  40,7	  18,6
s	    10,2532	 5	100,75	119,44	  23,1	  33,5	  37,3	  37,5	  39,1	  41,4	  40,7	  18,6
s	    10,3249	 2	240,82	 89,44	  25,1	  35,1	  39,0	  39,9	  41,4	  42,0	  41,0	  18,9
s	    10,4409	 6	101,31	119,35	  22,1	  33,0	  37,0	  37,2	  38,7	  40,9	  40,5	  18,4
s	    10,5125	 3	240,33	 89,44	  24,1	  34,6	  38,7	  39,5	  41,0	  41,5	  40,8	  18,7
s	    10,5386	 5	100,68	 60,78	  23,1	  33,5	  37,3	  37,5	  39,0	  41,4	  40,6	  18,5
s	    10,6150	 5	 45,12	111,16	  24,1	  34,3	  38,2	  38,6	  40,1	  41,6	  40,6	  18,5
s	    10,7202	 5	 49,12	111,15	  24,1	  34,2	  38,1	  38,6	  40,1	  41,5	  40,6	  18,4
s	    10,7255	 6	101,23	 60,87	  22,1	  33,0	  36,9	  37,2	  38,6	  40,9	  40,5	  18,3
s	    10,7363	 3	240,84	 96,18	  24,8	  35,0	  38,9	  39,7	  41,2	  41,8	  40,8	  18,7
s	    10,8780	 3	240,80	 82,20	  23,7	  34,0	  38,0	  38,6	  40,1	  41,4	  40,8	  18,6
s	    10,9226	 4	240,35	 96,16	  23,8	  34,5	  38,6	  39,4	  40,8	  41,4	  40,7	  18,5
s	    10,9957	 6	 48,64	111,05	  23,1	  33,8	  37,8	  38,3	  39,7	  41,0	  40,4	  18,3
s	    11,0402	 5	 45,30	 68,36	  23,0	  33,3	  37,2	  37,4	  38,9	  41,1	  40,5	  18,4
s	    11,0640	 4	240,31	 82,22	  22,8	  33,5	  37,6	  38,2	  39,7	  40,9	  40,6	  18,5
s	    11,2150	 4	237,19	103,44	  23,5	  33,9	  37,9	  38,4	  39,9	  41,3	  40,6	  18,4
s	    11,3321	 7	108,32	119,49	  21,8	  32,7	  36,8	  37,0	  38,4	  40,5	  40,3	  18,1
s	    11,3557	 4	237,10	 75,48	  23,5	  33,9	  37,9	  38,4	  39,9	  41,3	  40,6	  18,4
s	    11,4184	 6	 48,82	 68,51	  22,0	  32,8	  36,8	  37,1	  38,5	  40,6	  40,4	  18,2
s	    12,0471	 2	286,74	 89,42	  24,8	  34,4	  38,3	  39,1	  40,6	  41,1	  39,7	  16,6
s	    12,1558	 4	240,87	103,23	  23,4	  33,8	  37,8	  38,3	  39,8	  41,2	  40,5	  18,2
s	    12,2555	 4	240,20	110,08	  23,9	  34,0	  37,8	  38,3	  39,8	  41,4	  40,2	  17,9
s	    12,2839	 5	 47,93	118,38	  22,8	  32,6	  36,3	  36,5	  38,0	  40,3	  39,3	  16,3
s	    12,2945	 4	240,78	 75,68	  23,3	  33,8	  37,8	  38,3	  39,8	  41,2	  40,4	  18,1
s	    12,3381	 5	240,37	103,20	  22,4	  33,3	  37,4	  38,0	  39,4	  40,7	  40,3	  18,0
s	    12,4478	 3	286,73	 95,98	  25,1	  34,8	  38,7	  39,5	  41,0	  41,6	  40,3	  18,0
s	    12,4764	 5	240,29	 75,72	  22,3	  33,3	  37,4	  37,9	  39,4	  40,7	  40,3	  18,0
s	    12,4915	 5	101,67	126,08	  23,3	  33,4	  37,1	  37,2	  38,8	  41,3	  40,1	  17,8
s	    12,5606	 5	 48,18	 61,68	  23,3	  33,3	  37,0	  37,2	  38,8	  41,0	  40,0	  17,7
s	    12,5859	 3	286,75	 82,37	  23,5	  33,2	  37,0	  37,5	  39,0	  40,3	  39,5	  16,4
s	    12,6702	 4	240,07	 68,38	  22,3	  32,3	  36,1	  36,3	  37,8	  40,1	  39,3	  16,3
s	    13,1788	 5	101,57	 53,78	  21,7	  31,7	  35,3	  35,2	  36,8	  40,0	  39,1	  16,0
s	    13,4162	 5	237,21	109,73	  23,0	  33,6	  37,6	  38,0	  39,5	  41,0	  40,1	  17,8
s	    13,6482	 6	105,04	125,37	  22,4	  33,0	  36,8	  37,0	  38,5	  40,9	  40,0	  17,6
s	    13,7259	 3	289,37	 89,43	  24,4	  34,4	  38,5	  39,3	  40,8	  41,2	  40,3	  17,9
s	    13,8238	 5	237,07	 68,77	  21,9	  32,6	  36,6	  36,8	  38,3	  40,5	  40,1	  17,6
s	    13,8314	 4	286,72	102,86	  23,1	  33,0	  36,8	  37,3	  38,8	  40,1	  39,1	  16,0
s	    13,9569	 6	 45,08	117,62	  22,4	  32,9	  36,7	  37,0	  38,4	  40,6	  39,9	  17,5
s	    13,9667	 4	286,76	 76,00	  23,6	  33,6	  37,5	  38,1	  39,5	  40,9	  39,9	  17,5
s	    14,0569	 6	 49,09	117,59	  22,4	  32,8	  36,7	  36,9	  38,4	  40,6	  39,9	  17,5
s	    14,0694	 8	108,98	 62,44	  18,4	  30,5	  35,7	  36,2	  37,7	  39,8	  39,7	  17,3
s	    14,1167	 4	289,36	 95,83	  24,1	  34,4	  38,4	  39,2	  40,6	  41,1	  40,1	  17,7
s	    14,1247	 3	285,84	 89,43	  24,3	  34,4	  38,4	  39,3	  40,7	  41,1	  40,2	  17,8
s	    14,2514	 4	289,39	 82,55	  23,1	  33,4	  37,5	  38,0	  39,5	  40,7	  40,1	  17,6
s	    14,2591	 6	100,76	125,02	  22,4	  32,9	  36,8	  36,9	  38,4	  40,8	  39,9	  17,4
s	    14,3189	 7	 48,61	117,48	  21,4	  32,3	  36,4	  36,6	  38,0	  40,1	  39,8	  17,3
s	    14,3266	 5	240,88	109,44	  22,9	  33,5	  37,4	  37,9	  39,4	  40,8	  40,0	  17,5
s	    14,3864	 4	286,28	 89,43	  23,3	  33,9	  38,1	  38,9	  40,3	  40,7	  40,1	  17,6
s	    14,4358	 7	101,32	124,91	  21,4	  32,5	  36,4	  36,6	  38,1	  40,3	  39,7	  17,3
s	    14,5005	 6	 45,34	 62,00	  23,4	  33,6	  37,6	  38,0	  39,5	  40,7	  39,8	  17,4
s	    14,5032	 6	240,39	109,38	  21,9	  33,0	  37,1	  37,6	  39,0	  40,4	  39,8	  17,4
s	    14,5131	 4	285,83	 95,79	  24,1	  34,3	  38,3	  39,2	  40,6	  41,0	  40,1	  17,6
s	    14,6471	 4	285,85	 82,58	  23,0	  33,4	  37,4	  38,0	  39,4	  40,6	  40,0	  17,5
s	    14,6666	 6	104,91	 54,09	  22,3	  32,8	  36,7	  36,9	  38,3	  40,5	  39,8	  17,3
s	    14,7288	 5	240,76	 69,05	  21,8	  32,5	  36,5	  36,7	  38,2	  40,4	  39,9	  17,4
s	    14,7734	 5	286,26	 95,77	  23,1	  33,8	  38,0	  38,8	  40,2	  40,6	  39,9	  17,4
s	    14,9043	 6	240,27	 69,11	  20,8	  32,0	  36,1	  36,4	  37,8	  39,9	  39,8	  17,3
s	    14,9068	 5	286,29	 82,61	  22,0	  32,9	  37,1	  37,6	  39,0	  40,1	  39,9	  17,4
s	    14,9288	 6	100,67	 54,85	  21,2	  31,9	  35,7	  35,7	  37,2	  40,3	  39,8	  17,3
s	    15,1038	 7	101,22	 54,96	  20,3	  31,5	  35,4	  35,3	  36,8	  39,8	  39,6	  17,1
s	    15,4669	 5	289,35	102,55	  22,7	  33,2	  37,3	  37,8	  39,2	  40,5	  39,8	  17,2
s	    15,5184	 5	240,23	116,41	  21,7	  31,9	  35,7	  35,8	  37,3	  39,7	  38,8	  15,4
s	    15,5991	 5	289,40	 76,34	  22,7	  33,2	  37,2	  37,8	  39,2	  40,4	  39,8	  17,2
s	    15,7821	 5	240,05	 62,57	  22,2	  32,6	  36,4	  36,6	  38,1	  40,4	  39,5	  16,9
s	    15,8557	 5	285,82	102,47	  22,7	  33,2	  37,2	  37,7	  39,2	  40,4	  39,7	  17,1
s	    15,9501	 5	286,71	108,93	  23,2	  33,3	  37,2	  37,7	  39,2	  40,6	  39,5	  16,9
s	    15,9871	 5	285,86	 76,40	  22,6	  33,1	  37,2	  37,7	  39,2	  40,4	  39,7	  17,1
s	    16,1109	 6	286,25	102,43	  21,7	  32,7	  36,9	  37,4	  38,8	  39,9	  39,6	  17,0
s	    16,1737	 6	 47,90	123,86	  22,6	  32,7	  36,5	  36,7	  38,2	  40,5	  39,3	  16,7
s	    16,2418	 6	286,30	 76,45	  21,6	  32,7	  36,8	  37,4	  38,8	  39,9	  39,6	  16,9
s	    16,8252	 6	 48,21	 55,86	  21,0	  31,1	  34,8	  34,6	  36,2	  39,2	  38,4	  15,0
s	    16,8850	 6	237,24	116,39	  22,3	  33,0	  37,0	  37,5	  39,0	  40,2	  39,5	  16,8
s	    16,8850	 6	237,05	 63,03	  21,3	  32,2	  36,2	  36,4	  37,8	  40,0	  39,5	  16,8
s	    17,4948	 6	240,91	115,62	  21,2	  32,1	  36,1	  36,3	  37,8	  40,0	  39,4	  16,6
s	    17,5372	 6	289,34	108,49	  22,2	  32,9	  37,0	  37,4	  38,9	  40,1	  39,4	  16,6
s	    17,5635	 6	101,68	131,40	  20,9	  31,1	  34,7	  34,5	  36,1	  39,3	  38,3	  14,8
s	    17,6636	 7	240,41	115,55	  20,2	  31,6	  35,7	  35,9	  37,4	  39,5	  39,2	  16,5
s	    17,7513	 6	240,74	 63,37	  21,2	  32,1	  36,0	  36,2	  37,7	  39,9	  39,3	  16,6
s	    17,7558	 7	 45,05	123,01	  21,7	  32,3	  36,2	  36,4	  37,9	  40,1	  39,2	  16,4
s	    17,9147	 6	285,81	108,38	  22,2	  32,9	  36,9	  37,4	  38,8	  40,1	  39,3	  16,5
s	    17,9195	 7	240,25	 63,44	  20,2	  31,6	  35,7	  35,9	  37,3	  39,4	  39,2	  16,4
s	    17,9214	 6	289,41	 69,98	  21,2	  31,9	  36,0	  36,2	  37,7	  39,7	  39,3	  16,5
s	    17,9476	 6	101,56	 48,92	  21,4	  31,7	  35,4	  35,3	  36,9	  40,1	  39,1	  16,3
s	    18,1627	 7	286,24	108,32	  21,2	  32,4	  36,6	  37,0	  38,4	  39,6	  39,1	  16,3
s	    18,1854	 8	234,28	115,89	  19,9	  31,4	  35,6	  35,8	  37,2	  39,1	  39,0	  16,2
s	    18,4870	 7	 49,35	 56,76	  20,6	  31,3	  35,2	  35,1	  36,6	  39,6	  39,1	  16,3
s	    18,5435	 7	286,31	 70,16	  20,1	  31,4	  35,6	  35,8	  37,2	  39,1	  39,1	  16,3
s	    18,7329	 8	 48,87	 56,89	  19,6	  30,8	  34,9	  34,8	  36,2	  39,1	  38,9	  16,1
s	    19,0177	 7	105,06	131,01	  21,5	  32,2	  36,1	  36,2	  37,7	  39,9	  39,0	  16,1
s	    19,0177	 7	104,90	 49,65	  20,5	  31,4	  35,2	  35,1	  36,6	  39,7	  39,0	  16,1
s	    19,0478	 6	286,69	115,00	  21,0	  31,3	  35,1	  35,3	  36,8	  38,9	  38,1	  14,5
s	    19,2085	 7	100,77	130,29	  20,5	  31,4	  35,2	  35,0	  36,6	  39,7	  39,0	  16,1
s	    19,2361	 6	240,25	121,73	  21,5	  32,1	  35,9	  36,1	  37,6	  39,9	  38,9	  16,0
s	    19,2988	 6	286,79	 63,94	  21,5	  32,0	  35,9	  36,1	  37,5	  39,7	  38,8	  15,9
s	    19,3732	 8	101,33	130,18	  19,5	  30,9	  34,8	  34,7	  36,2	  39,2	  38,8	  15,9
s	    19,5839	 7	100,66	 50,03	  20,5	  31,3	  35,1	  35,0	  36,5	  39,6	  38,9	  16,0
*	    19,6715	 1	 71,32	 88,19	  -7,0	   2,1	   5,8	   6,6	   8,2	   8,9	   6,9	 -16,0
s	    19,7478	 8	101,22	 50,14	  19,5	  30,8	  34,8	  34,7	  36,1	  39,2	  38,8	  15,8
s	    19,8606	 6	240,03	 56,91	  19,9	  30,4	  34,2	  34,0	  35,6	  38,6	  38,0	  14,3
s	    20,2877	 7	237,26	121,23	  20,6	  31,7	  35,7	  35,9	  37,3	  39,6	  38,8	  15,8
s	    20,5687	 7	289,32	114,45	  20,6	  31,6	  35,6	  35,8	  37,2	  39,3	  38,8	  15,8
s	    20,7128	 8	233,67	 64,51	  17,6	  29,7	  34,9	  35,4	  36,8	  38,9	  38,6	  15,6
s	    20,9310	 7	285,79	114,31	  20,6	  31,5	  35,6	  35,8	  37,2	  39,2	  38,7	  15,7
s	    20,9965	 7	 47,87	129,07	  20,3	  30,5	  34,2	  34,0	  35,6	  38,6	  37,7	  13,9
s	    21,0643	 7	289,43	 64,10	  21,6	  32,3	  36,4	  36,9	  38,3	  39,4	  38,7	  15,6
s	    21,1146	 7	240,93	120,83	  20,6	  31,7	  35,6	  35,8	  37,2	  39,4	  38,7	  15,6
s	    21,1689	 8	286,23	114,23	  19,6	  31,1	  35,2	  35,4	  36,8	  38,8	  38,6	  15,5
s	    21,2160	 7	237,03	 57,06	  20,5	  31,5	  35,5	  35,7	  37,2	  39,2	  38,7	  15,6
s	    21,2752	 8	240,43	120,76	  19,6	  31,2	  35,3	  35,4	  36,8	  39,0	  38,6	  15,5
s	    21,3630	 7	 48,24	 51,09	  20,8	  31,2	  34,9	  34,8	  36,3	  39,4	  38,4	  15,3
s	    21,7235	 7	240,72	 57,82	  19,5	  30,7	  34,6	  34,5	  36,0	  39,0	  38,6	  15,5
s	    21,8828	 8	240,23	 57,89	  18,5	  30,2	  34,3	  34,2	  35,6	  38,5	  38,5	  15,3
*	    21,9368	 1	 73,72	 90,53	 -16,9	  -7,8	  -4,1	  -3,2	  -1,7	  -1,2	  -2,0	 -23,4
*	    22,0502	 1	 73,72	 92,37	 -16,9	  -7,9	  -4,1	  -3,3	  -1,8	  -1,2	  -2,1	 -23,5
s	    22,5676	 8	 49,03	128,13	  19,9	  30,8	  34,7	  34,6	  36,0	  39,0	  38,4	  15,2
s	    22,5940	 7	286,68	120,13	  20,9	  31,5	  35,4	  35,6	  37,0	  39,2	  38,2	  15,0
s	    22,7517	 7	101,69	135,68	  20,6	  31,1	  34,8	  34,6	  36,2	  39,4	  38,2	  15,0
s	    22,8381	 8	 45,02	128,51	  20,9	  31,6	  35,5	  35,7	  37,1	  39,2	  38,3	  15,1
s	    22,8381	 8	 45,40	 51,97	  19,9	  30,8	  34,7	  34,5	  36,0	  39,0	  38,3	  15,1
s	    23,1912	 7	286,80	 58,46	  19,3	  29,9	  33,7	  33,6	  35,0	  37,9	  37,4	  13,3
s	    23,5848	 7	101,55	 44,38	  19,0	  29,4	  33,0	  32,6	  34,1	  38,1	  37,3	  13,3
s	    23,7556	 8	105,07	134,93	  19,5	  30,6	  34,4	  34,2	  35,7	  38,8	  38,0	  14,6
s	    23,8691	 7	240,27	126,83	  19,2	  29,9	  33,7	  33,5	  35,0	  38,1	  37,3	  13,2
s	    24,0458	 8	289,31	119,51	  20,0	  31,1	  35,2	  35,3	  36,8	  38,8	  38,1	  14,8
s	    24,2221	 7	240,01	 52,23	  19,7	  30,6	  34,4	  34,2	  35,7	  38,8	  38,0	  14,6
s	    24,2875	 8	100,78	134,55	  19,7	  30,7	  34,5	  34,4	  35,9	  39,0	  38,1	  14,8
s	    24,9755	 8	285,89	 59,25	  18,9	  30,1	  34,1	  34,1	  35,5	  38,3	  38,0	  14,6
s	    24,9925	 8	104,89	 44,83	  19,6	  30,5	  34,4	  34,3	  35,8	  38,7	  38,0	  14,6
s	    25,1043	 8	100,66	 45,51	  18,6	  29,7	  33,5	  33,1	  34,6	  38,5	  38,0	  14,6
s	    25,2073	 8	237,28	126,64	  19,9	  31,0	  35,0	  35,2	  36,6	  38,7	  38,0	  14,5
s	    25,2073	 8	237,01	 52,79	  18,8	  30,2	  34,2	  34,0	  35,5	  38,5	  38,0	  14,5
s	    25,6381	 8	240,95	125,87	  18,8	  30,2	  34,1	  34,0	  35,5	  38,4	  37,9	  14,4
s	    25,9618	 8	 47,84	133,31	  20,0	  30,6	  34,3	  34,2	  35,7	  38,8	  37,6	  14,1
s	    25,9833	 8	240,70	 53,19	  18,8	  30,1	  34,1	  34,0	  35,4	  38,4	  37,9	  14,4
s	    26,7617	 8	 48,27	 46,59	  18,4	  28,9	  32,6	  32,1	  33,6	  37,5	  36,7	  12,4
s	    27,0348	 8	286,67	125,12	  18,6	  29,4	  33,2	  33,0	  34,5	  37,4	  36,7	  12,3
s	    27,3740	 8	286,81	 53,89	  19,1	  30,0	  33,9	  33,8	  35,3	  38,2	  37,4	  13,8
s	    28,6616	 8	240,29	131,03	  19,0	  30,0	  33,8	  33,7	  35,2	  38,3	  37,2	  13,5
s	    28,7522	 8	101,70	139,66	  18,2	  28,8	  32,4	  31,9	  33,5	  37,5	  36,4	  11,9
s	    29,1949	 8	101,54	 40,75	  18,6	  29,5	  33,1	  32,7	  34,2	  38,2	  37,2	  13,4
s	    29,4355	 8	239,99	 47,77	  17,4	  28,3	  32,1	  31,6	  33,1	  37,0	  36,3	  11,8
s	    33,4438	 2	134,56	 90,05	  22,4	  31,9	  35,8	  36,7	  38,1	  38,5	  36,4	  11,5
s	    33,7466	 3	134,58	 95,01	  22,1	  31,9	  35,7	  36,5	  38,0	  38,4	  36,3	  11,3
s	    33,8512	 3	134,53	 84,71	  21,1	  30,9	  34,8	  35,4	  36,8	  38,0	  36,3	  11,3
s	    34,7945	 3	133,32	 90,06	  22,0	  32,1	  36,1	  37,0	  38,4	  38,6	  37,2	  12,9
s	    34,7983	 4	134,60	100,28	  20,8	  30,6	  34,4	  34,9	  36,4	  37,6	  36,0	  11,0
s	    34,9016	 4	134,51	 79,84	  21,3	  31,3	  35,2	  35,7	  37,1	  38,3	  36,8	  12,5
s	    35,0927	 4	133,34	 94,95	  21,8	  32,0	  36,0	  36,8	  38,2	  38,6	  37,0	  12,7
s	    35,1956	 4	133,30	 84,80	  20,8	  31,1	  35,1	  35,7	  37,1	  38,1	  37,0	  12,7
s	    36,1286	 5	133,36	100,13	  20,4	  30,9	  35,0	  35,5	  36,9	  38,0	  36,8	  12,4
s	    36,2304	 5	133,28	 80,00	  20,4	  30,9	  35,0	  35,5	  36,9	  38,0	  36,8	  12,4
s	    36,3358	 3	135,82	 90,05	  21,9	  31,9	  36,0	  36,8	  38,2	  38,5	  37,0	  12,6
s	    36,4261	 5	134,62	105,02	  20,9	  31,1	  35,0	  35,4	  36,9	  38,1	  36,5	  12,1
s	    36,6290	 4	135,84	 94,86	  21,6	  31,9	  35,9	  36,7	  38,1	  38,4	  36,8	  12,4
s	    36,6590	 4	135,52	 90,05	  20,9	  31,4	  35,6	  36,5	  37,8	  38,0	  36,8	  12,4
s	    36,7302	 5	134,49	 74,76	  19,4	  29,5	  33,3	  33,5	  34,9	  36,9	  35,7	  10,5
s	    36,7302	 4	135,80	 84,89	  20,6	  30,9	  35,0	  35,5	  36,9	  38,0	  36,8	  12,4
s	    36,9510	 5	135,54	 94,84	  20,6	  31,4	  35,5	  36,3	  37,7	  37,9	  36,7	  12,2
s	    37,0519	 5	135,49	 84,91	  19,6	  30,4	  34,6	  35,2	  36,5	  37,5	  36,7	  12,2
s	    37,6475	 5	135,87	 99,95	  20,3	  30,8	  34,8	  35,3	  36,7	  37,8	  36,6	  12,0
s	    37,7328	 6	133,38	104,80	  20,1	  30,7	  34,8	  35,2	  36,6	  37,8	  36,5	  11,9
s	    37,9660	 6	135,56	 99,92	  19,3	  30,3	  34,5	  35,0	  36,3	  37,3	  36,4	  11,9
s	    38,0325	 6	133,25	 74,99	  19,0	  29,8	  33,8	  34,0	  35,4	  37,3	  36,4	  11,9
s	    38,8418	 6	134,64	109,90	  18,9	  29,2	  33,0	  33,2	  34,6	  36,6	  35,3	   9,9
s	    39,0393	 6	134,47	 70,25	  19,4	  29,9	  33,8	  33,9	  35,4	  37,4	  36,1	  11,4
s	    39,2255	 6	135,89	104,56	  19,9	  30,6	  34,6	  35,1	  36,5	  37,6	  36,3	  11,6
s	    39,5205	 6	135,76	 75,23	  18,9	  29,6	  33,7	  33,9	  35,3	  37,2	  36,2	  11,5
s	    39,5386	 7	135,58	104,51	  18,9	  30,1	  34,3	  34,8	  36,1	  37,1	  36,1	  11,4
s	    39,6974	 7	133,24	 71,61	  16,6	  28,1	  33,2	  33,7	  35,1	  37,0	  36,1	  11,4
s	    39,8326	 7	135,45	 75,28	  17,9	  29,2	  33,3	  33,6	  34,9	  36,7	  36,1	  11,3
s	    40,1148	 7	133,40	109,63	  18,6	  29,5	  33,6	  33,8	  35,2	  37,1	  36,0	  11,3
s	    40,9146	 7	134,66	113,15	  17,0	  28,1	  33,1	  33,5	  35,0	  37,1	  35,7	  10,9
s	    40,9473	 3	207,47	 89,67	  21,6	  31,2	  35,0	  35,8	  37,2	  37,5	  35,3	   9,7
s	    41,2262	 4	207,49	 94,24	  21,4	  31,1	  34,9	  35,7	  37,1	  37,4	  35,1	   9,5
s	    41,3226	 4	207,44	 84,75	  20,4	  30,2	  34,0	  34,6	  35,9	  37,0	  35,1	   9,5
s	    41,5703	 7	135,91	109,31	  18,5	  29,4	  33,4	  33,6	  35,0	  36,9	  35,9	  11,0
s	    41,7622	 7	135,74	 70,84	  18,4	  29,4	  33,4	  33,6	  35,0	  36,9	  35,8	  10,9
s	    41,8757	 8	135,60	109,25	  17,5	  28,9	  33,1	  33,3	  34,6	  36,4	  35,7	  10,8
s	    42,1343	 7	134,45	 65,67	  17,4	  27,9	  31,8	  31,6	  33,1	  35,8	  34,8	   9,1
s	    42,1601	 8	133,42	112,84	  16,2	  27,8	  32,9	  33,4	  34,8	  36,7	  35,7	  10,7
s	    42,1960	 5	207,52	 99,09	  20,0	  29,9	  33,7	  34,1	  35,5	  36,6	  34,9	   9,2
s	    42,4029	 4	208,56	 89,66	  21,3	  31,3	  35,3	  36,1	  37,4	  37,7	  36,0	  11,1
s	    42,6776	 5	208,58	 94,16	  21,0	  31,2	  35,2	  36,0	  37,3	  37,6	  35,9	  10,9
s	    42,7725	 5	208,53	 84,82	  20,0	  30,3	  34,3	  34,9	  36,2	  37,2	  35,9	  10,9
s	    43,3642	 8	133,21	 66,01	  17,0	  28,3	  32,3	  32,2	  33,6	  36,3	  35,5	  10,5
s	    43,6329	 6	208,61	 98,95	  19,7	  30,2	  34,2	  34,7	  36,0	  37,0	  35,6	  10,6
s	    43,7004	 6	207,54	103,49	  20,2	  30,4	  34,2	  34,7	  36,0	  37,2	  35,4	  10,3
s	    43,7213	 4	206,20	 89,68	  21,2	  31,2	  35,2	  36,0	  37,3	  37,5	  35,8	  10,8
s	    43,9819	 6	207,39	 75,53	  18,6	  28,7	  32,5	  32,7	  34,0	  36,0	  34,6	   8,7
s	    43,9923	 5	206,22	 94,12	  20,9	  31,1	  35,1	  35,9	  37,2	  37,5	  35,7	  10,6
s	    44,0717	 5	206,47	 89,68	  20,2	  30,7	  34,8	  35,7	  36,9	  37,0	  35,7	  10,6
s	    44,0859	 5	206,17	 84,90	  19,9	  30,2	  34,2	  34,7	  36,0	  37,0	  35,7	  10,6
s	    44,2402	 3	 19,89	 89,95	  21,2	  30,7	  34,7	  35,5	  36,9	  37,1	  34,9	   9,1
s	    44,3417	 6	206,50	 94,10	  19,9	  30,6	  34,8	  35,6	  36,8	  37,0	  35,6	  10,4
s	    44,4350	 6	206,45	 84,92	  18,9	  29,7	  33,8	  34,4	  35,6	  36,5	  35,5	  10,4
s	    44,5098	 4	 19,86	 94,36	  20,9	  30,7	  34,6	  35,4	  36,8	  37,0	  34,8	   8,9
s	    44,6454	 8	134,43	 62,65	  15,4	  26,8	  31,8	  32,0	  33,4	  36,2	  35,1	  10,0
s	    44,7717	 8	135,72	 66,36	  16,9	  28,2	  32,2	  32,1	  33,5	  36,1	  35,3	  10,2
s	    44,9349	 6	206,25	 98,84	  19,6	  30,1	  34,1	  34,6	  35,9	  36,9	  35,5	  10,3
s	    45,1155	 7	208,63	103,29	  19,3	  30,0	  34,0	  34,5	  35,8	  36,8	  35,3	  10,1
s	    45,1237	 6	206,15	 80,19	  19,7	  30,4	  34,7	  35,5	  36,8	  36,8	  35,5	  10,3
s	    45,2456	 8	134,68	118,50	  16,9	  27,6	  31,4	  31,2	  32,7	  35,5	  34,3	   8,3
s	    45,2810	 7	206,52	 98,81	  18,6	  29,6	  33,7	  34,2	  35,5	  36,4	  35,3	  10,1
s	    45,3929	 7	208,49	 75,73	  18,3	  29,1	  33,1	  33,3	  34,6	  36,4	  35,3	  10,1
s	    45,4440	 4	 21,04	 89,95	  20,8	  30,9	  35,0	  35,9	  37,2	  37,3	  35,7	  10,5
s	    45,4692	 7	206,42	 80,22	  18,7	  30,0	  34,4	  35,1	  36,4	  36,3	  35,4	  10,1
s	    45,5397	 5	 19,94	 80,84	  20,1	  30,1	  34,1	  34,6	  36,0	  37,0	  35,3	  10,1
s	    45,7103	 5	 21,02	 94,32	  20,6	  30,8	  35,0	  35,8	  37,1	  37,2	  35,6	  10,3
s	    45,9401	 7	207,57	108,05	  18,2	  28,5	  32,3	  32,4	  33,8	  35,7	  34,2	   8,2
s	    46,1236	 7	207,37	 71,32	  18,7	  29,2	  33,0	  33,2	  34,5	  36,5	  35,0	   9,7
s	    46,3982	 7	206,27	103,12	  19,2	  29,9	  33,9	  34,4	  35,6	  36,7	  35,2	   9,9
s	    46,6722	 7	206,13	 75,93	  18,2	  29,0	  32,9	  33,2	  34,5	  36,3	  35,2	   9,8
s	    46,7280	 6	 21,10	 80,95	  19,2	  29,8	  33,9	  34,4	  35,7	  36,6	  35,3	  10,0
s	    46,7393	 8	206,55	103,08	  18,2	  29,4	  33,5	  34,0	  35,3	  36,2	  35,0	   9,7
s	    46,9034	 6	 19,81	103,32	  19,7	  30,0	  33,9	  34,4	  35,8	  36,8	  35,1	   9,7
s	    46,9363	 8	208,47	 72,58	  15,9	  27,4	  32,5	  32,9	  34,3	  36,1	  35,0	   9,6
s	    47,0123	 8	206,40	 75,98	  17,2	  28,5	  32,6	  32,8	  34,1	  35,8	  35,0	   9,6
s	    47,2666	 4	 18,88	 89,95	  20,7	  30,8	  34,9	  35,7	  37,0	  37,1	  35,5	  10,1
s	    47,3238	 8	208,66	107,78	  17,9	  28,9	  32,8	  33,0	  34,3	  36,2	  35,0	   9,6
s	    47,5281	 5	 18,86	 94,23	  20,4	  30,7	  34,8	  35,6	  36,9	  37,0	  35,3	   9,9
s	    47,5549	 5	 19,17	 89,95	  19,7	  30,3	  34,5	  35,4	  36,6	  36,6	  35,3	   9,9
s	    47,6184	 5	 18,91	 85,33	  19,4	  29,8	  33,9	  34,4	  35,8	  36,6	  35,3	   9,9
s	    47,8156	 6	 19,14	 94,22	  19,4	  30,2	  34,5	  35,3	  36,5	  36,5	  35,2	   9,7
s	    47,9057	 6	 19,19	 85,35	  18,4	  29,3	  33,5	  34,1	  35,4	  36,1	  35,2	   9,7
s	    47,9159	 5	312,65	 89,58	  19,6	  30,2	  34,5	  35,3	  36,6	  36,6	  35,3	   9,8
s	    47,9974	 8	204,92	 80,47	  17,2	  28,8	  33,2	  33,7	  34,9	  35,6	  34,9	   9,5
s	    48,0757	 7	 20,97	103,17	  18,9	  29,6	  33,7	  34,2	  35,5	  36,5	  35,0	   9,6
s	    48,1758	 6	312,63	 93,84	  19,4	  30,2	  34,4	  35,2	  36,5	  36,5	  35,1	   9,7
s	    48,2656	 6	312,67	 85,00	  18,4	  29,2	  33,5	  34,0	  35,3	  36,1	  35,1	   9,7
s	    48,3834	 5	 20,18	 85,38	  19,3	  29,8	  33,8	  34,4	  35,7	  36,7	  35,2	   9,7
s	    48,4381	 6	 18,83	 98,79	  19,1	  29,6	  33,8	  34,3	  35,6	  36,5	  35,1	   9,6
s	    48,5277	 6	 18,93	 81,11	  19,1	  29,6	  33,7	  34,3	  35,6	  36,5	  35,1	   9,6
s	    48,5789	 8	206,30	107,57	  17,8	  28,7	  32,7	  32,9	  34,2	  36,1	  34,8	   9,3
s	    48,7231	 7	 19,12	 98,77	  18,1	  29,2	  33,4	  33,9	  35,2	  36,0	  35,0	   9,4
s	    48,7809	 8	207,59	112,38	  18,4	  29,3	  33,4	  33,8	  35,2	  36,1	  34,6	   9,1
s	    48,8124	 7	 19,22	 81,13	  18,1	  29,2	  33,4	  33,9	  35,2	  36,0	  35,0	   9,4
s	    49,0055	 8	207,34	 67,01	  16,7	  27,3	  31,1	  30,9	  32,3	  35,0	  33,7	   7,4
s	    49,0801	 7	312,61	 98,38	  18,1	  29,1	  33,4	  33,9	  35,2	  36,0	  34,9	   9,4
s	    49,1691	 7	312,68	 80,80	  18,1	  29,1	  33,4	  33,9	  35,2	  35,9	  34,9	   9,4
s	    49,1970	 6	 20,10	 98,74	  19,0	  29,7	  33,7	  34,2	  35,6	  36,6	  35,0	   9,5
s	    49,8520	 7	 18,81	102,93	  18,8	  29,5	  33,6	  34,1	  35,4	  36,3	  34,8	   9,2
s	    50,1168	 7	 18,96	 76,66	  17,7	  28,5	  32,6	  32,9	  34,2	  35,9	  34,8	   9,2
s	    50,1331	 8	 19,09	102,90	  17,8	  29,0	  33,3	  33,7	  35,0	  35,8	  34,7	   9,0
s	    50,3972	 8	 19,24	 76,70	  16,7	  28,0	  32,3	  32,5	  33,8	  35,4	  34,7	   9,0
s	    50,4853	 8	312,60	102,49	  17,7	  29,0	  33,2	  33,7	  35,0	  35,8	  34,6	   9,0
s	    50,7485	 8	312,70	 76,38	  16,7	  28,0	  32,3	  32,5	  33,8	  35,3	  34,6	   8,9
s	    50,8635	 7	 20,22	 76,77	  17,6	  28,6	  32,6	  32,8	  34,2	  36,0	  34,7	   9,0
s	    51,8137	 5	315,74	 89,60	  19,3	  29,9	  34,2	  35,0	  36,3	  36,2	  34,8	   9,0
s	    52,0481	 8	 20,02	 67,97	  16,3	  26,9	  30,8	  30,7	  32,0	  34,6	  33,4	   6,9
s	    52,0640	 6	315,72	 93,71	  19,1	  29,8	  34,1	  34,9	  36,2	  36,1	  34,7	   8,9
s	    52,1346	 8	 18,78	107,55	  18,3	  29,1	  33,3	  33,8	  35,1	  35,8	  34,5	   8,6
s	    52,1346	 8	 18,98	 72,67	  17,3	  28,3	  32,4	  32,6	  33,9	  35,6	  34,5	   8,6
s	    52,1504	 6	315,76	 85,19	  18,0	  28,9	  33,2	  33,7	  35,0	  35,7	  34,7	   8,8
s	    52,9353	 7	315,70	 98,08	  17,8	  28,8	  33,1	  33,6	  34,8	  35,6	  34,5	   8,6
s	    53,0211	 7	315,78	 81,14	  17,7	  28,8	  33,1	  33,6	  34,8	  35,6	  34,5	   8,6
s	    54,2904	 8	315,69	102,05	  17,4	  28,7	  32,9	  33,4	  34,6	  35,4	  34,2	   8,2
s	    54,5444	 8	315,80	 76,87	  16,4	  27,7	  32,0	  32,2	  33,5	  35,0	  34,2	   8,1
s	    84,2207	 4	148,21	 90,06	  18,1	  27,7	  31,6	  32,4	  33,6	  33,5	  30,3	   0,9
s	    84,4124	 5	148,22	 93,20	  17,9	  27,6	  31,6	  32,3	  33,5	  33,5	  30,2	   0,8
s	    85,0785	 5	147,31	 90,06	  17,9	  27,9	  32,0	  32,8	  34,0	  33,8	  31,2	   2,4
s	    85,1469	 6	148,18	 83,56	  15,7	  26,2	  30,3	  30,8	  32,1	  32,7	  30,1	   0,6
s	    85,2689	 6	147,33	 93,19	  17,6	  27,9	  31,9	  32,7	  33,9	  33,7	  31,0	   2,3
s	    85,9990	 7	147,28	 83,61	  15,4	  26,4	  30,7	  31,2	  32,4	  32,9	  30,9	   2,1
s	    86,1251	 7	148,26	 99,64	  16,8	  27,0	  30,9	  31,4	  32,6	  33,4	  30,6	   1,8
s	    86,9713	 8	147,36	 99,59	  16,0	  26,8	  30,8	  31,2	  32,4	  33,1	  30,7	   1,7
s	    87,3028	 5	148,64	 86,75	  17,2	  27,2	  31,0	  31,5	  32,7	  33,6	  30,7	   1,8
s	    87,4861	 5	148,72	 90,06	  17,7	  27,8	  31,8	  32,6	  33,8	  33,6	  30,9	   2,0
s	    87,5845	 5	193,79	 89,80	  16,0	  26,6	  30,9	  31,7	  32,9	  32,6	  30,0	   0,2
s	    87,6733	 6	148,74	 93,13	  17,5	  27,7	  31,8	  32,5	  33,7	  33,5	  30,8	   1,8
s	    87,6925	 6	148,50	 90,06	  16,7	  27,3	  31,5	  32,3	  33,4	  33,1	  30,8	   1,8
s	    87,7715	 6	193,81	 92,87	  15,8	  26,6	  30,8	  31,6	  32,8	  32,5	  29,8	   0,1
s	    87,8244	 8	148,14	 77,23	  14,6	  25,5	  29,6	  29,8	  31,1	  32,5	  30,4	   1,4
s	    87,8795	 7	148,52	 93,12	  16,5	  27,3	  31,5	  32,2	  33,3	  33,1	  30,7	   1,7
s	    87,8932	 6	148,69	 96,43	  16,9	  27,1	  30,9	  31,4	  32,6	  33,5	  30,6	   1,5
s	    88,1420	 6	147,76	 86,77	  16,4	  26,9	  30,9	  31,3	  32,6	  33,3	  30,8	   1,7
s	    88,3910	 7	148,69	 83,71	  15,3	  26,3	  30,5	  31,0	  32,2	  32,7	  30,7	   1,6
s	    88,4887	 7	193,75	 83,46	  14,5	  25,5	  29,8	  30,3	  31,5	  32,0	  29,7	  -0,2
s	    88,5641	 6	194,64	 89,80	  15,8	  26,8	  31,2	  32,0	  33,2	  32,8	  30,8	   1,7
s	    88,5961	 8	148,47	 83,72	  14,3	  25,8	  30,2	  30,7	  31,9	  32,3	  30,6	   1,5
s	    88,7288	 7	147,80	 96,40	  16,2	  26,8	  30,8	  31,2	  32,4	  33,2	  30,6	   1,5
s	    88,7498	 7	194,66	 92,84	  15,5	  26,8	  31,2	  31,9	  33,1	  32,7	  30,7	   1,6
s	    89,3471	 8	148,77	 99,43	  15,9	  26,6	  30,7	  31,1	  32,3	  32,9	  30,4	   1,3
s	    89,4441	 8	193,85	 99,16	  14,7	  26,0	  30,2	  30,6	  31,8	  32,4	  30,2	   1,1
s	    89,4621	 8	194,61	 83,49	  14,2	  25,8	  30,2	  30,6	  31,8	  32,2	  30,5	   1,3
s	    90,4562	 8	148,72	102,65	  14,8	  25,3	  29,0	  29,1	  30,3	  32,0	  29,3	  -0,7
s	    90,5719	 6	149,13	 86,82	  16,3	  26,8	  30,7	  31,2	  32,4	  33,1	  30,5	   1,3
s	    90,5948	 6	193,27	 86,57	  15,1	  26,1	  30,3	  30,7	  32,0	  32,6	  30,4	   1,1
s	    90,7739	 7	148,91	 86,83	  15,3	  26,3	  30,4	  30,9	  32,0	  32,7	  30,4	   1,1
s	    90,7739	 6	193,22	 89,81	  15,6	  26,7	  31,1	  31,9	  33,1	  32,6	  30,6	   1,3
s	    90,9569	 7	193,24	 92,80	  15,4	  26,7	  31,0	  31,8	  33,0	  32,6	  30,4	   1,2
s	    91,0106	 7	193,43	 89,81	  14,6	  26,2	  30,8	  31,6	  32,7	  32,1	  30,4	   1,2
s	    91,1489	 7	149,18	 96,29	  16,0	  26,7	  30,6	  31,1	  32,3	  33,1	  30,4	   1,1
s	    91,1717	 7	193,33	 96,03	  14,9	  26,0	  30,2	  30,6	  31,9	  32,5	  30,2	   0,9
s	    91,1932	 8	193,45	 92,80	  14,4	  26,2	  30,7	  31,5	  32,6	  32,1	  30,3	   1,0
s	    91,3501	 8	148,96	 96,28	  15,0	  26,2	  30,3	  30,7	  31,9	  32,6	  30,2	   0,9
s	    91,5541	 7	194,12	 86,59	  14,3	  25,8	  30,1	  30,6	  31,8	  32,3	  30,4	   1,1
s	    91,5815	 6	 10,37	 89,95	  16,3	  26,9	  31,3	  32,1	  33,2	  32,8	  30,5	   1,2
s	    91,6584	 8	193,18	 83,60	  14,1	  25,6	  30,0	  30,5	  31,7	  32,1	  30,3	   0,9
s	    91,7634	 7	 10,36	 92,93	  16,1	  26,9	  31,2	  32,0	  33,1	  32,7	  30,4	   1,0
s	    92,1272	 8	194,17	 95,99	  14,1	  25,7	  30,0	  30,5	  31,7	  32,2	  30,2	   0,8
s	    92,3379	 8	149,10	 80,65	  13,8	  25,2	  29,4	  29,5	  30,8	  32,2	  30,2	   0,8
s	    92,4610	 8	 10,41	 83,77	  14,8	  25,9	  30,2	  30,7	  31,8	  32,2	  30,2	   0,8
s	    93,5001	 5	  9,12	 89,94	  17,3	  27,0	  30,9	  31,7	  32,9	  32,6	  29,3	  -0,9
s	    93,6797	 6	  9,10	 92,88	  17,1	  26,9	  30,9	  31,7	  32,8	  32,6	  29,2	  -1,1
s	    93,7910	 7	192,72	 86,64	  14,2	  25,7	  30,0	  30,5	  31,7	  32,2	  30,2	   0,6
s	    93,9772	 6	326,05	 89,70	  15,4	  26,1	  30,4	  31,2	  32,3	  31,8	  29,2	  -1,1
s	    94,0227	 8	192,93	 86,65	  13,2	  25,2	  29,7	  30,1	  31,3	  31,7	  30,0	   0,5
s	    94,1562	 7	326,03	 92,63	  15,2	  26,0	  30,3	  31,1	  32,2	  31,8	  29,1	  -1,2
s	    94,3554	 8	192,78	 95,90	  13,9	  25,6	  29,9	  30,3	  31,5	  32,1	  30,0	   0,4
s	    94,3683	 7	  9,16	 83,85	  14,9	  25,5	  29,7	  30,1	  31,3	  31,8	  29,1	  -1,2
s	    94,6534	 7	  9,97	 86,80	  14,9	  25,9	  30,2	  30,6	  31,8	  32,3	  30,1	   0,5
s	    94,6944	 7	199,26	 89,78	  13,7	  25,3	  29,8	  30,6	  31,7	  31,1	  29,1	  -1,3
s	    94,8426	 8	326,08	 83,62	  13,9	  25,0	  29,3	  29,8	  30,9	  31,3	  28,9	  -1,4
s	    94,8726	 8	199,28	 92,69	  13,4	  25,2	  29,7	  30,5	  31,6	  31,1	  28,9	  -1,4
s	    94,9147	 7	325,22	 89,69	  15,1	  26,3	  30,8	  31,6	  32,7	  32,1	  30,1	   0,4
s	    95,0926	 8	325,21	 92,61	  14,9	  26,2	  30,7	  31,5	  32,6	  32,0	  29,9	   0,3
s	    95,2146	 8	  9,92	 96,00	  14,6	  25,8	  30,1	  30,5	  31,7	  32,2	  29,9	   0,3
s	    95,2860	 8	  9,07	 98,93	  16,1	  26,3	  30,3	  30,7	  31,9	  32,5	  29,6	  -0,0
s	    96,4713	 5	229,61	 89,63	  14,8	  25,8	  30,1	  30,9	  32,1	  31,7	  29,1	  -1,4
s	    96,5915	 6	  8,75	 86,83	  16,4	  26,4	  30,4	  30,8	  32,0	  32,7	  29,7	  -0,1
s	    96,6474	 6	229,62	 92,51	  14,5	  25,7	  30,0	  30,8	  32,0	  31,7	  29,0	  -1,6
s	    96,7082	 6	229,60	 86,52	  13,5	  24,8	  29,1	  29,6	  30,8	  31,3	  29,0	  -1,6
s	    96,7942	 6	  8,67	 89,94	  16,9	  27,0	  31,2	  32,0	  33,1	  32,7	  29,9	   0,1
s	    96,9698	 7	  8,65	 92,82	  16,7	  27,0	  31,1	  31,9	  33,0	  32,6	  29,8	  -0,0
s	    96,9878	 7	  8,88	 89,94	  16,0	  26,6	  30,9	  31,7	  32,7	  32,2	  29,8	  -0,0
s	    97,0004	 7	326,52	 86,60	  14,5	  25,6	  29,8	  30,3	  31,5	  31,9	  29,6	  -0,2
s	    97,1455	 7	  8,69	 95,92	  16,2	  26,4	  30,3	  30,7	  31,9	  32,6	  29,6	  -0,3
s	    97,1632	 8	  8,86	 92,82	  15,7	  26,5	  30,8	  31,6	  32,6	  32,1	  29,7	  -0,2
s	    97,1935	 7	326,57	 89,70	  15,0	  26,2	  30,6	  31,4	  32,5	  31,9	  29,9	   0,0
s	    97,2618	 7	229,64	 95,60	  13,2	  24,6	  28,8	  29,2	  30,4	  30,9	  28,8	  -1,8
s	    97,3687	 8	326,56	 92,57	  14,8	  26,1	  30,6	  31,3	  32,4	  31,9	  29,7	  -0,1
s	    97,4200	 8	326,37	 89,70	  14,0	  25,7	  30,3	  31,1	  32,1	  31,4	  29,7	  -0,1
s	    97,5529	 8	326,48	 95,66	  14,3	  25,5	  29,7	  30,1	  31,3	  31,8	  29,5	  -0,4
s	    97,6435	 8	  8,71	 83,98	  14,5	  25,6	  29,9	  30,4	  31,5	  31,8	  29,7	  -0,2
s	    97,7343	 8	198,60	 89,78	  13,3	  25,4	  30,0	  30,8	  31,9	  31,2	  29,7	  -0,2
s	    97,9192	 8	325,71	 86,62	  13,7	  25,3	  29,7	  30,1	  31,3	  31,6	  29,7	  -0,2
s	    98,2223	 8	229,65	 98,44	  13,5	  25,2	  29,4	  29,9	  31,1	  31,6	  29,4	  -0,5
s	    98,2876	 8	  8,78	 80,91	  13,4	  24,2	  28,3	  28,4	  29,6	  31,0	  28,6	  -2,1
s	    98,4030	 8	229,58	 80,60	  11,9	  23,5	  27,8	  27,9	  29,1	  30,4	  28,6	  -2,1
s	    98,4989	 6	230,05	 89,63	  14,4	  26,0	  30,4	  31,2	  32,3	  31,9	  29,8	  -0,1
s	    98,6725	 7	230,06	 92,48	  14,2	  25,9	  30,3	  31,1	  32,3	  31,8	  29,7	  -0,2
s	    98,7326	 7	230,04	 86,56	  13,2	  25,0	  29,4	  29,9	  31,1	  31,4	  29,7	  -0,3
s	    98,7849	 7	229,86	 89,63	  13,4	  25,5	  30,1	  30,9	  32,0	  31,4	  29,7	  -0,3
s	    98,9582	 8	229,87	 92,47	  13,2	  25,4	  30,0	  30,8	  31,9	  31,4	  29,6	  -0,4
s	    99,0182	 8	229,85	 86,57	  12,2	  24,5	  29,1	  29,6	  30,7	  31,0	  29,6	  -0,4
s	    99,2789	 8	230,07	 95,53	  12,9	  24,9	  29,3	  29,8	  31,0	  31,3	  29,6	  -0,5
s	    99,8882	 7	  8,31	 86,90	  15,5	  26,0	  30,1	  30,6	  31,7	  32,2	  29,5	  -0,5
s	   100,0780	 8	  8,52	 86,90	  14,5	  25,6	  29,8	  30,2	  31,3	  31,8	  29,4	  -0,7
s	   100,2222	 8	327,03	 86,67	  13,6	  25,1	  29,5	  30,0	  31,1	  31,5	  29,5	  -0,6
s	   100,4304	 8	  8,26	 95,79	  15,3	  26,0	  30,0	  30,4	  31,6	  32,2	  29,4	  -0,7
s	   101,3213	 8	135,63	 87,12	  13,5	  25,1	  29,5	  29,9	  31,1	  31,4	  29,4	  -0,8
s	   102,6788	 7	 87,11	 75,57	  11,1	  22,3	  27,1	  27,1	  28,6	  31,1	  28,3	  -2,8
s	   104,2742	 8	 67,97	 75,70	  10,8	  22,0	  26,9	  27,0	  28,3	  30,7	  28,1	  -3,2
s	   104,9127	 8	 86,99	 75,78	  10,8	  22,6	  27,6	  27,7	  29,1	  31,5	  29,0	  -1,5
s	   107,9024	 2	 86,60	 90,24	  17,0	  27,0	  30,9	  31,7	  33,0	  32,9	  29,4	  -1,4
s	   108,0660	 3	 86,60	 92,92	  16,8	  26,9	  30,9	  31,6	  32,9	  32,9	  29,3	  -1,5
s	   108,1226	 3	 86,60	 87,35	  16,5	  26,4	  30,2	  30,7	  32,0	  32,9	  29,3	  -1,5
s	   108,6937	 4	 86,60	 84,68	  16,0	  26,1	  29,9	  30,3	  31,7	  32,6	  28,9	  -2,0
s	   109,4468	 3	 68,67	 90,22	  16,7	  26,7	  30,7	  31,5	  32,8	  32,6	  29,2	  -1,7
s	   109,5309	 5	 86,60	 98,44	  15,8	  26,0	  29,8	  30,2	  31,5	  32,5	  28,7	  -2,2
s	   109,6088	 4	 68,66	 92,87	  16,5	  26,7	  30,7	  31,4	  32,7	  32,5	  29,1	  -1,9
s	   109,6649	 4	 68,67	 87,36	  16,2	  26,2	  30,0	  30,5	  31,8	  32,5	  29,0	  -1,9
s	   109,6991	 5	 86,61	 81,84	  14,2	  24,4	  28,1	  28,2	  29,6	  31,2	  27,9	  -3,8
s	   110,1313	 4	 67,47	 90,21	  15,7	  26,2	  30,4	  31,2	  32,4	  32,1	  29,0	  -2,0
s	   110,2142	 3	 86,50	 90,24	  15,9	  26,4	  30,5	  31,3	  32,5	  32,3	  29,1	  -1,9
s	   110,2306	 5	 68,68	 84,71	  15,7	  25,9	  29,7	  30,1	  31,5	  32,2	  28,7	  -2,3
s	   110,2926	 5	 67,46	 92,86	  15,5	  26,2	  30,3	  31,1	  32,3	  32,0	  28,9	  -2,1
s	   110,3485	 5	 67,47	 87,37	  15,2	  25,7	  29,7	  30,1	  31,4	  32,0	  28,9	  -2,1
s	   110,3755	 4	 86,50	 92,88	  15,7	  26,4	  30,4	  31,2	  32,4	  32,3	  29,0	  -2,0
s	   110,4313	 4	 86,50	 87,39	  15,4	  25,9	  29,8	  30,2	  31,5	  32,3	  29,0	  -2,0
s	   110,8778	 6	 86,60	101,25	  13,9	  24,3	  28,0	  28,1	  29,4	  31,1	  27,7	  -4,1
s	   110,9118	 6	 67,48	 84,73	  14,9	  25,6	  29,6	  30,0	  31,3	  31,9	  28,7	  -2,3
s	   110,9890	 6	 86,61	 79,23	  13,7	  24,6	  28,5	  28,6	  29,9	  31,5	  28,5	  -2,6
s	   110,9944	 5	 86,50	 84,76	  15,2	  25,8	  29,7	  30,1	  31,4	  32,2	  28,8	  -2,2
s	   111,0244	 8	 19,92	 87,18	  13,0	  24,2	  28,4	  28,9	  30,0	  30,4	  27,5	  -4,4
s	   111,0601	 6	 68,65	 98,34	  15,5	  25,8	  29,6	  30,0	  31,3	  32,1	  28,5	  -2,6
s	   111,5289	 8	314,53	 89,66	  12,5	  24,2	  28,8	  29,5	  30,6	  29,8	  27,4	  -4,5
s	   111,7370	 4	 68,82	 90,22	  15,6	  26,2	  30,3	  31,1	  32,3	  32,0	  28,9	  -2,3
s	   111,7379	 7	 67,45	 98,30	  14,7	  25,5	  29,5	  29,9	  31,2	  31,8	  28,5	  -2,6
s	   111,8200	 6	 86,50	 98,33	  14,9	  25,7	  29,6	  30,0	  31,3	  32,1	  28,6	  -2,5
s	   111,8446	 5	 68,62	 90,22	  14,7	  25,7	  30,0	  30,8	  31,9	  31,5	  28,7	  -2,4
s	   111,8969	 5	 68,81	 92,84	  15,4	  26,1	  30,2	  31,0	  32,2	  31,9	  28,7	  -2,4
s	   111,9038	 7	 67,49	 81,93	  13,6	  24,6	  28,6	  28,7	  30,0	  31,4	  28,5	  -2,6
s	   111,9521	 5	 68,82	 87,40	  15,1	  25,6	  29,6	  30,1	  31,3	  31,9	  28,7	  -2,4
s	   111,9859	 6	 86,50	 81,96	  13,9	  24,8	  28,7	  28,8	  30,1	  31,7	  28,6	  -2,5
s	   112,0043	 6	 68,61	 92,83	  14,4	  25,6	  29,9	  30,7	  31,8	  31,4	  28,6	  -2,5
s	   112,0596	 6	 68,62	 87,40	  14,1	  25,1	  29,3	  29,7	  30,9	  31,4	  28,6	  -2,5
s	   112,3158	 7	 86,61	 77,10	   9,9	  21,4	  26,3	  26,4	  27,7	  30,0	  27,5	  -4,5
s	   112,3945	 7	 68,64	101,13	  13,6	  24,1	  27,9	  27,9	  29,2	  30,8	  27,4	  -4,5
s	   112,4772	 7	 86,60	103,81	  14,1	  24,9	  28,6	  28,7	  30,0	  31,8	  28,2	  -3,0
s	   112,5048	 7	 68,69	 79,31	  13,4	  24,3	  28,3	  28,5	  29,7	  31,1	  28,2	  -3,0
s	   112,5100	 6	 68,83	 84,79	  14,9	  25,5	  29,5	  29,9	  31,2	  31,8	  28,6	  -2,6
s	   112,6171	 7	 68,63	 84,79	  13,9	  25,1	  29,2	  29,6	  30,8	  31,4	  28,5	  -2,8
s	   113,0669	 8	 67,44	101,08	  13,4	  24,5	  28,5	  28,6	  29,8	  31,3	  28,3	  -2,9
s	   113,1484	 7	 86,50	101,10	  13,6	  24,7	  28,6	  28,7	  30,0	  31,5	  28,4	  -2,8
s	   113,2582	 7	 86,50	 79,39	  12,8	  24,2	  28,3	  28,4	  29,7	  31,1	  28,4	  -2,9
s	   113,2884	 8	 67,49	 79,16	  13,6	  24,8	  29,1	  29,5	  30,7	  31,0	  28,3	  -3,0
s	   113,3282	 7	 68,80	 98,23	  14,6	  25,4	  29,4	  29,8	  31,1	  31,7	  28,4	  -2,9
s	   113,4348	 8	 68,60	 98,23	  13,6	  25,0	  29,1	  29,5	  30,7	  31,3	  28,3	  -3,0
s	   113,5990	 8	 68,64	 82,02	  12,6	  24,0	  28,2	  28,3	  29,5	  30,8	  28,3	  -3,0
s	   113,8195	 8	 68,70	 77,20	   9,6	  21,1	  26,1	  26,2	  27,5	  29,7	  27,2	  -4,9
s	   113,9795	 8	 68,64	103,67	  13,8	  24,6	  28,5	  28,5	  29,8	  31,4	  28,0	  -3,3
s	   114,5639	 8	 86,60	106,51	  12,3	  23,1	  26,8	  26,5	  27,9	  30,4	  27,1	  -5,0
s	   114,5670	 8	 86,50	 77,28	   9,5	  21,7	  26,8	  27,0	  28,3	  30,5	  28,2	  -3,2
s	   114,6447	 8	 68,79	100,98	  13,3	  24,4	  28,4	  28,5	  29,7	  31,2	  28,2	  -3,2
s	   114,7263	 8	 86,49	103,63	  13,3	  24,5	  28,4	  28,5	  29,8	  31,4	  28,2	  -3,2
s	   114,7271	 8	 86,61	 73,98	  12,0	  23,4	  27,3	  27,1	  28,4	  30,8	  27,9	  -3,5
s	   114,7535	 8	 68,84	 79,46	  12,5	  24,0	  28,1	  28,2	  29,5	  30,8	  28,2	  -3,2
s	   116,5165	 3	252,48	 89,58	  15,6	  26,1	  30,1	  30,9	  32,2	  31,9	  28,6	  -3,0
s	   116,7255	 4	252,48	 86,84	  15,1	  25,5	  29,4	  29,9	  31,2	  31,9	  28,4	  -3,1
s	   117,2143	 5	252,49	 94,85	  13,3	  24,1	  28,1	  28,5	  29,8	  30,4	  27,2	  -5,1
s	   117,2679	 5	252,47	 84,30	  14,6	  25,2	  29,1	  29,5	  30,8	  31,6	  28,0	  -3,6
s	   117,9834	 4	269,51	 89,56	  15,3	  25,8	  30,0	  30,8	  32,0	  31,6	  28,3	  -3,4
s	   118,0634	 6	252,50	 97,37	  14,3	  25,1	  29,0	  29,4	  30,7	  31,5	  27,9	  -3,8
s	   118,1907	 5	269,51	 86,84	  14,8	  25,3	  29,3	  29,7	  31,0	  31,5	  28,2	  -3,5
s	   118,2233	 6	252,47	 81,60	  12,8	  23,5	  27,4	  27,4	  28,7	  30,3	  27,0	  -5,4
s	   118,6340	 5	270,66	 89,56	  14,3	  25,3	  29,6	  30,4	  31,6	  31,1	  28,1	  -3,6
s	   118,6754	 6	269,52	 94,79	  13,1	  23,9	  28,0	  28,4	  29,6	  30,0	  27,0	  -5,5
s	   118,7285	 6	269,51	 84,33	  14,3	  25,0	  29,0	  29,4	  30,6	  31,2	  27,8	  -4,0
s	   118,8301	 4	252,58	 89,58	  14,5	  25,5	  29,7	  30,5	  31,7	  31,3	  28,2	  -3,5
s	   118,8405	 6	270,66	 86,85	  13,8	  24,8	  28,9	  29,4	  30,6	  31,0	  28,0	  -3,7
s	   119,0364	 5	252,57	 86,87	  14,0	  24,9	  29,0	  29,4	  30,7	  31,3	  28,1	  -3,7
s	   119,1179	 7	252,47	 79,72	  10,3	  22,2	  27,3	  27,7	  29,0	  30,4	  27,7	  -4,1
s	   119,3233	 7	270,66	 94,77	  12,8	  24,3	  28,6	  29,0	  30,2	  30,5	  27,9	  -3,9
s	   119,3439	 7	252,50	100,04	  11,8	  23,0	  27,0	  27,1	  28,3	  29,7	  26,8	  -5,7
s	   119,3763	 7	270,66	 84,35	  13,5	  24,7	  28,8	  29,3	  30,5	  30,9	  27,9	  -3,9
s	   119,5173	 7	269,52	 97,29	  14,0	  24,9	  28,9	  29,2	  30,5	  31,1	  27,6	  -4,2
s	   119,5186	 6	252,59	 94,78	  13,0	  24,5	  28,6	  29,1	  30,3	  30,8	  28,0	  -3,9
s	   119,5715	 6	252,57	 84,37	  13,8	  24,9	  28,9	  29,3	  30,6	  31,2	  28,0	  -3,9
s	   120,1622	 8	270,66	 97,26	  13,3	  24,6	  28,8	  29,1	  30,3	  30,9	  27,7	  -4,2
s	   120,2776	 5	269,38	 89,56	  14,2	  25,3	  29,5	  30,3	  31,5	  31,0	  28,0	  -3,9
s	   120,3201	 8	270,66	 81,68	  12,2	  23,7	  27,8	  28,0	  29,2	  30,4	  27,7	  -4,2
s	   120,3565	 7	252,59	 97,27	  13,5	  24,8	  28,8	  29,2	  30,5	  31,1	  27,8	  -4,1
s	   120,3799	 6	269,57	 89,56	  13,2	  24,8	  29,2	  30,0	  31,1	  30,5	  27,9	  -4,0
s	   120,4821	 6	269,38	 86,88	  13,7	  24,7	  28,8	  29,3	  30,5	  30,9	  27,9	  -4,0
s	   120,5142	 7	252,56	 81,70	  12,5	  23,9	  27,9	  28,0	  29,3	  30,7	  27,8	  -4,1
s	   120,5843	 7	269,57	 86,88	  12,7	  24,2	  28,5	  29,0	  30,1	  30,5	  27,8	  -4,2
s	   120,7871	 8	269,52	 99,94	  11,5	  22,8	  26,8	  26,9	  28,1	  29,4	  26,6	  -6,1
s	   120,8658	 8	252,51	102,49	  12,7	  24,0	  27,9	  27,9	  29,2	  30,8	  27,4	  -4,5
s	   120,9604	 7	269,38	 94,73	  12,7	  24,2	  28,5	  28,9	  30,1	  30,4	  27,7	  -4,2
s	   121,0128	 7	269,38	 84,40	  13,5	  24,6	  28,8	  29,2	  30,4	  30,8	  27,7	  -4,2
s	   121,0623	 8	269,57	 94,72	  11,7	  23,8	  28,2	  28,6	  29,7	  30,0	  27,6	  -4,3
s	   121,1147	 8	269,57	 84,40	  12,5	  24,2	  28,4	  28,9	  30,0	  30,4	  27,6	  -4,4
s	   121,3971	 8	252,56	 79,85	   9,4	  21,9	  27,1	  27,5	  28,8	  30,1	  27,6	  -4,4
s	   121,5103	 4	104,53	 90,24	  14,4	  24,9	  29,0	  29,8	  31,0	  30,6	  27,0	  -5,8
s	   121,6203	 8	252,60	 99,91	  12,2	  23,8	  27,8	  27,9	  29,1	  30,6	  27,6	  -4,4
s	   121,6612	 5	104,53	 92,71	  14,2	  24,9	  29,0	  29,7	  30,9	  30,6	  26,9	  -5,9
s	   121,7134	 5	104,52	 87,57	  13,1	  23,9	  28,1	  28,6	  29,8	  30,1	  26,9	  -5,9
s	   121,7914	 8	269,38	 97,19	  13,2	  24,5	  28,7	  29,0	  30,2	  30,8	  27,5	  -4,5
s	   122,1883	 6	104,54	 95,36	  12,9	  23,7	  27,8	  28,2	  29,4	  29,8	  26,7	  -6,1
s	   123,0135	 7	104,54	 97,81	  13,1	  24,3	  28,4	  28,8	  30,0	  30,5	  27,3	  -4,8
s	   123,1689	 7	104,52	 82,48	  11,6	  22,7	  26,8	  26,9	  28,1	  29,3	  26,5	  -6,4
s	   123,6220	 5	104,21	 90,24	  14,1	  25,1	  29,4	  30,1	  31,3	  30,8	  27,7	  -4,5
s	   123,7711	 6	104,21	 92,68	  13,8	  25,0	  29,3	  30,1	  31,2	  30,7	  27,6	  -4,6
s	   123,8226	 6	104,20	 87,61	  12,8	  24,1	  28,4	  28,9	  30,0	  30,3	  27,6	  -4,6
s	   123,8675	 6	104,38	 90,24	  13,1	  24,6	  29,0	  29,8	  30,9	  30,3	  27,6	  -4,6
s	   124,0164	 7	104,38	 92,68	  12,8	  24,6	  29,0	  29,7	  30,8	  30,3	  27,5	  -4,8
s	   124,0679	 7	104,37	 87,61	  11,8	  23,6	  28,1	  28,6	  29,7	  29,8	  27,5	  -4,8
s	   124,2584	 8	104,54	100,41	  11,3	  22,6	  26,7	  26,7	  27,9	  29,2	  26,3	  -6,7
s	   124,2920	 7	104,22	 95,30	  12,6	  24,0	  28,3	  28,8	  29,9	  30,2	  27,4	  -4,8
s	   124,3613	 8	104,51	 80,07	  11,8	  23,3	  27,4	  27,5	  28,7	  30,0	  27,1	  -5,2
s	   124,5366	 8	104,39	 95,30	  11,6	  23,6	  28,0	  28,5	  29,6	  29,8	  27,3	  -5,0
s	   124,5948	 5	105,31	 90,24	  14,0	  25,0	  29,3	  30,1	  31,2	  30,7	  27,6	  -4,6
s	   124,7431	 6	105,31	 92,67	  13,8	  25,0	  29,3	  30,0	  31,2	  30,7	  27,5	  -4,8
s	   124,7944	 6	105,30	 87,62	  12,7	  24,1	  28,3	  28,8	  30,0	  30,2	  27,5	  -4,8
s	   125,1075	 8	104,22	 97,72	  12,3	  24,0	  28,2	  28,6	  29,8	  30,1	  27,3	  -5,1
s	   125,2610	 8	104,20	 82,57	  11,3	  23,0	  27,3	  27,5	  28,6	  29,7	  27,3	  -5,1
s	   125,2612	 7	105,31	 95,27	  12,5	  24,0	  28,3	  28,7	  29,9	  30,2	  27,4	  -5,0
s	   125,3654	 7	105,30	 85,01	  13,5	  24,8	  29,1	  29,9	  31,0	  30,4	  27,4	  -5,0
s	   126,0723	 8	105,32	 97,68	  12,2	  23,9	  28,2	  28,6	  29,7	  30,1	  27,2	  -5,2
s	   126,2251	 8	105,29	 82,61	  11,2	  23,0	  27,3	  27,4	  28,6	  29,7	  27,2	  -5,2
s	   127,4900	 5	 51,59	 90,18	  13,9	  24,4	  28,7	  29,4	  30,6	  30,0	  26,4	  -6,9
s	   127,6360	 6	 51,58	 92,57	  13,6	  24,4	  28,6	  29,3	  30,5	  29,9	  26,2	  -7,1
s	   127,6865	 6	 51,60	 87,60	  13,4	  23,9	  28,0	  28,4	  29,6	  29,9	  26,2	  -7,1
s	   128,1962	 7	 51,61	 85,22	  13,6	  24,3	  28,4	  28,8	  30,0	  30,4	  26,9	  -5,7
s	   128,9441	 8	 51,56	 97,50	  13,4	  24,2	  28,3	  28,7	  29,9	  30,3	  26,7	  -6,0
s	   129,0944	 8	 51,62	 82,67	  11,8	  22,6	  26,6	  26,7	  27,9	  29,1	  25,9	  -7,5
s	   129,1445	 6	 50,62	 90,17	  13,6	  24,6	  29,0	  29,8	  30,9	  30,2	  27,1	  -5,5
s	   129,2891	 7	 50,61	 92,54	  13,3	  24,6	  29,0	  29,7	  30,8	  30,1	  27,0	  -5,7
s	   129,3392	 7	 50,63	 87,62	  12,3	  23,7	  28,0	  28,5	  29,6	  29,7	  27,0	  -5,7
s	   129,5551	 6	 51,93	 90,18	  13,5	  24,6	  29,0	  29,8	  30,9	  30,2	  27,1	  -5,6
s	   129,6994	 7	 51,92	 92,54	  13,3	  24,6	  28,9	  29,7	  30,8	  30,1	  27,0	  -5,7
s	   129,7493	 7	 51,94	 87,63	  13,0	  24,1	  28,3	  28,7	  29,9	  30,1	  27,0	  -5,7
s	   129,8241	 7	 51,77	 90,18	  12,6	  24,2	  28,7	  29,4	  30,5	  29,7	  27,0	  -5,8
s	   129,8443	 8	 50,64	 85,26	  12,1	  23,6	  28,0	  28,4	  29,5	  29,6	  26,9	  -5,9
s	   129,9682	 8	 51,76	 92,54	  12,3	  24,1	  28,6	  29,3	  30,4	  29,6	  26,9	  -5,9
s	   130,0181	 8	 51,78	 87,63	  12,1	  23,6	  28,0	  28,4	  29,5	  29,6	  26,9	  -5,9
s	   130,2533	 8	 51,95	 85,28	  12,8	  24,0	  28,2	  28,6	  29,8	  30,0	  26,8	  -5,9
s	   131,0009	 5	235,56	 89,63	  13,7	  24,7	  29,0	  29,8	  30,9	  30,3	  27,1	  -5,7
s	   131,1936	 6	235,56	 87,10	  12,4	  23,8	  28,0	  28,5	  29,7	  29,9	  27,0	  -5,9
s	   131,6443	 7	235,58	 94,49	  11,5	  22,8	  27,0	  27,4	  28,5	  28,8	  25,8	  -7,9
s	   132,4276	 8	235,59	 96,82	  11,7	  23,4	  27,6	  28,1	  29,2	  29,5	  26,4	  -6,6
s	   132,4385	 6	234,58	 89,63	  12,7	  24,2	  28,6	  29,4	  30,5	  29,8	  26,9	  -6,1
s	   132,5751	 8	235,54	 82,27	  10,2	  21,8	  26,0	  26,1	  27,2	  28,3	  25,6	  -8,1
s	   132,6297	 7	234,57	 87,13	  12,2	  23,6	  27,9	  28,4	  29,5	  29,8	  26,7	  -6,2
s	   132,9648	 7	 86,73	 95,08	  10,1	  22,3	  27,5	  28,2	  29,4	  29,8	  26,7	  -6,3
s	   133,0769	 8	234,60	 94,46	  11,2	  23,2	  27,6	  28,0	  29,1	  29,3	  26,6	  -6,4
s	   133,1353	 6	235,85	 89,63	  12,6	  24,2	  28,6	  29,4	  30,5	  29,8	  26,8	  -6,2
s	   133,1768	 8	234,56	 84,63	  12,9	  24,4	  28,7	  29,4	  30,5	  29,9	  26,6	  -6,4
s	   133,3259	 7	235,84	 87,13	  11,4	  23,2	  27,6	  28,1	  29,2	  29,3	  26,7	  -6,4
s	   133,3685	 7	235,69	 89,63	  11,7	  23,7	  28,3	  29,0	  30,1	  29,3	  26,7	  -6,4
s	   133,5587	 8	235,68	 87,13	  10,4	  22,7	  27,3	  27,8	  28,8	  28,8	  26,6	  -6,5
s	   133,7714	 8	235,87	 94,44	  11,1	  23,1	  27,5	  28,0	  29,1	  29,2	  26,5	  -6,5
s	   134,4874	 8	 68,98	 95,02	   9,8	  22,0	  27,4	  28,1	  29,2	  29,5	  26,5	  -6,7
s	   135,2136	 6	285,90	 89,58	  12,5	  23,6	  28,0	  28,7	  29,8	  29,1	  25,6	  -8,4
s	   135,2524	 7	287,09	 89,59	  12,3	  23,9	  28,4	  29,2	  30,2	  29,4	  26,5	  -6,7
s	   135,2681	 8	 86,64	 95,02	   9,1	  21,7	  27,1	  27,8	  29,0	  29,3	  26,4	  -6,8
s	   135,3536	 7	285,90	 91,88	  12,3	  23,6	  27,9	  28,7	  29,7	  29,0	  25,5	  -8,5
s	   135,3923	 8	287,08	 91,88	  12,1	  23,9	  28,4	  29,1	  30,1	  29,3	  26,4	  -6,8
s	   135,4020	 7	285,91	 87,11	  11,3	  22,6	  27,0	  27,5	  28,6	  28,6	  25,5	  -8,5
s	   135,4407	 8	287,09	 87,12	  11,1	  22,9	  27,4	  27,9	  29,0	  28,9	  26,4	  -6,8
s	   135,4487	 7	187,36	 89,87	  12,3	  23,4	  27,9	  28,6	  29,7	  28,8	  25,5	  -8,5
s	   135,5885	 8	187,37	 92,16	  12,1	  23,4	  27,8	  28,6	  29,6	  28,8	  25,4	  -8,6
s	   135,7476	 8	187,33	 87,40	  11,6	  23,1	  27,4	  27,9	  29,0	  29,1	  26,1	  -7,1
s	   135,7578	 6	154,13	 90,06	  13,3	  23,9	  28,2	  28,9	  30,0	  29,3	  25,6	  -8,5
s	   135,8427	 8	285,89	 94,34	  11,0	  22,4	  26,7	  27,1	  28,2	  28,3	  25,3	  -8,7
s	   135,8910	 8	285,91	 84,83	  11,5	  23,1	  27,4	  27,9	  29,0	  29,1	  26,1	  -7,1
s	   135,8974	 7	154,14	 92,35	  13,0	  23,8	  28,1	  28,9	  29,9	  29,2	  25,5	  -8,6
s	   136,0028	 8	187,30	 89,87	  12,1	  23,7	  28,3	  29,1	  30,0	  29,1	  26,4	  -6,9
s	   136,4332	 8	154,10	 85,32	  11,8	  22,8	  27,1	  27,6	  28,7	  28,7	  25,3	  -8,8
s	   137,3010	 7	285,59	 89,58	  12,2	  23,8	  28,3	  29,1	  30,1	  29,3	  26,4	  -7,0
s	   137,4394	 8	285,59	 91,85	  12,0	  23,8	  28,3	  29,0	  30,0	  29,2	  26,2	  -7,2
s	   137,4874	 8	285,59	 87,14	  11,0	  22,8	  27,3	  27,8	  28,9	  28,8	  26,2	  -7,2
s	   137,5592	 8	285,75	 89,58	  11,2	  23,3	  28,0	  28,8	  29,7	  28,8	  26,2	  -7,2
s	   138,8672	 7	154,35	 87,64	  12,4	  23,4	  27,6	  28,1	  29,2	  29,4	  26,0	  -7,5
s	   139,1324	 7	154,40	 90,06	  12,9	  24,0	  28,4	  29,2	  30,3	  29,4	  26,2	  -7,4
s	   139,2696	 8	154,41	 92,31	  12,7	  24,0	  28,4	  29,1	  30,2	  29,3	  26,1	  -7,5
s	   139,2836	 8	154,23	 90,06	  11,9	  23,5	  28,1	  28,9	  29,9	  28,9	  26,1	  -7,5
s	   139,2983	 7	153,70	 90,06	  13,4	  24,3	  28,5	  29,2	  30,3	  29,7	  25,2	  -9,2
s	   139,3000	 8	154,39	 94,73	  12,1	  23,3	  27,6	  28,0	  29,1	  29,3	  25,9	  -7,7
s	   139,4352	 8	153,71	 92,31	  12,6	  24,1	  28,4	  29,1	  30,2	  29,5	  26,1	  -7,5
s	   139,4827	 8	153,68	 87,65	  12,1	  23,3	  27,5	  27,9	  29,1	  29,3	  25,0	  -9,3
s	   141,5479	 8	252,32	 94,21	   8,8	  21,4	  26,8	  27,5	  28,7	  28,9	  25,9	  -7,9
s	   142,2424	 8	154,62	 87,68	  11,5	  23,0	  27,4	  27,8	  28,9	  29,0	  25,9	  -8,0
s	   142,7296	 5	 86,34	 90,26	  12,4	  23,9	  28,2	  29,0	  30,1	  29,5	  26,1	  -7,7
s	   142,8642	 6	 86,34	 92,46	  12,2	  23,9	  28,2	  28,9	  30,0	  29,5	  26,0	  -7,9
s	   142,9108	 6	 86,34	 87,88	  11,9	  23,4	  27,5	  28,0	  29,1	  29,5	  26,0	  -7,9
s	   143,3812	 7	 86,34	 85,68	  10,9	  22,9	  27,2	  27,6	  28,7	  29,0	  25,9	  -8,1
s	   144,0717	 8	 86,34	 97,02	  10,7	  22,8	  27,1	  27,5	  28,6	  28,9	  25,7	  -8,3
s	   144,1772	 6	 69,53	 90,24	  12,1	  23,7	  28,1	  28,8	  29,9	  29,2	  25,9	  -8,1
s	   144,2106	 8	 86,34	 83,33	  10,4	  22,3	  26,5	  26,6	  27,7	  28,9	  25,7	  -8,3
s	   144,3108	 7	 69,53	 92,43	  11,9	  23,6	  28,0	  28,8	  29,8	  29,1	  25,8	  -8,2
s	   144,3571	 7	 69,54	 87,88	  10,9	  22,7	  27,1	  27,6	  28,7	  28,7	  25,8	  -8,2
s	   145,0427	 6	 86,26	 90,26	  11,3	  23,4	  27,8	  28,6	  29,6	  28,9	  25,8	  -8,2
s	   145,1758	 7	 86,26	 92,44	  11,1	  23,3	  27,8	  28,5	  29,6	  28,9	  25,7	  -8,4
s	   145,2218	 7	 86,26	 87,91	  10,8	  22,8	  27,1	  27,6	  28,7	  28,9	  25,7	  -8,4
s	   145,3301	 7	  3,84	 89,94	  13,5	  23,7	  27,9	  28,6	  29,6	  28,7	  24,6	 -10,3
s	   145,4630	 8	  3,83	 92,12	  13,3	  23,6	  27,8	  28,6	  29,5	  28,7	  24,5	 -10,4
s	   145,6867	 8	 86,26	 85,73	   9,8	  22,3	  26,8	  27,2	  28,3	  28,4	  25,6	  -8,6
s	   148,4407	 8	  3,64	 87,63	  12,7	  23,2	  27,3	  27,8	  28,8	  28,9	  25,1	  -9,3
s	   148,7161	 8	  3,60	 89,94	  13,2	  23,8	  28,2	  28,9	  29,9	  28,8	  25,3	  -9,2
s	   148,8513	 8	  4,27	 89,94	  13,7	  24,1	  28,2	  28,9	  29,9	  29,2	  24,2	 -11,0
s	   149,3246	 8	 54,77	 92,33	  10,2	  22,1	  27,6	  28,5	  29,6	  28,9	  25,3	  -9,2
s	   151,3478	 6	252,67	 89,59	  11,1	  23,1	  27,5	  28,3	  29,4	  28,6	  25,3	  -9,3
s	   151,4768	 7	252,68	 91,71	  10,8	  23,0	  27,5	  28,2	  29,3	  28,5	  25,2	  -9,4
s	   151,5214	 7	252,67	 87,32	  10,6	  22,5	  26,8	  27,3	  28,4	  28,5	  25,2	  -9,4
s	   151,9088	 7	117,07	 90,22	  11,6	  23,2	  27,7	  28,4	  29,4	  28,5	  25,2	  -9,5
s	   151,9721	 8	252,67	 85,21	   9,6	  22,0	  26,5	  26,9	  28,0	  28,1	  25,1	  -9,6
s	   152,0375	 8	117,07	 92,33	  11,3	  23,1	  27,6	  28,3	  29,3	  28,4	  25,1	  -9,6
s	   152,1267	 7	118,12	 87,95	  11,3	  22,4	  26,6	  27,0	  28,1	  28,4	  24,2	 -11,3
s	   152,5760	 8	118,12	 85,85	  11,0	  22,4	  26,5	  26,8	  28,0	  28,3	  24,0	 -11,5
s	   152,7350	 7	268,77	 89,58	  10,8	  22,8	  27,4	  28,2	  29,2	  28,2	  25,1	  -9,6
s	   152,8631	 8	268,77	 91,68	  10,6	  22,8	  27,3	  28,1	  29,1	  28,2	  25,0	  -9,8
s	   152,9074	 8	268,77	 87,32	  10,3	  22,3	  26,7	  27,1	  28,2	  28,2	  25,0	  -9,8
s	   153,6623	 7	252,75	 89,59	  10,0	  22,5	  27,1	  27,9	  28,9	  28,0	  25,1	  -9,8
s	   153,7899	 8	252,75	 91,68	   9,8	  22,5	  27,1	  27,8	  28,8	  28,0	  24,9	  -9,9
s	   153,8340	 8	252,74	 87,34	   9,5	  22,0	  26,4	  26,9	  27,9	  28,0	  24,9	  -9,9
s	   153,9470	 8	117,72	 87,97	  11,0	  22,7	  26,9	  27,3	  28,4	  28,6	  24,9	 -10,0
s	   154,0861	 7	118,86	 90,22	  12,4	  23,5	  27,8	  28,5	  29,5	  28,6	  25,0	  -9,9
s	   154,2133	 8	118,86	 92,30	  12,2	  23,4	  27,7	  28,5	  29,4	  28,6	  24,8	 -10,1
s	   156,1955	 8	119,49	 87,99	  10,9	  22,6	  26,8	  27,2	  28,3	  28,4	  24,8	 -10,3
s	   158,6008	 8	 38,41	 90,13	  11,1	  22,7	  27,3	  28,0	  29,0	  27,9	  24,6	 -10,7
s	   159,9879	 8	 38,93	 90,14	  11,0	  22,6	  27,2	  28,0	  28,9	  27,8	  24,5	 -11,0
s	   160,1867	 8	 55,09	 90,20	  10,3	  22,4	  27,0	  27,7	  28,7	  27,6	  24,4	 -11,0
s	   160,7343	 8	221,42	 87,52	   9,2	  21,2	  25,6	  26,0	  27,1	  27,0	  23,4	 -12,9
s	   162,7340	 8	220,70	 89,70	  11,1	  22,8	  27,2	  27,9	  28,8	  28,0	  24,2	 -11,5
s	   162,7781	 8	135,57	 90,16	  10,2	  21,8	  26,4	  27,1	  28,1	  26,9	  23,2	 -13,2
s	   166,7662	 8	281,87	 89,59	  10,0	  22,1	  26,7	  27,5	  28,4	  27,3	  23,9	 -12,1
s	   182,5184	 8	 58,40	 92,06	   8,9	  20,8	  26,2	  27,2	  28,2	  27,2	  22,8	 -14,7
s	   185,7134	 8	157,36	 90,06	  10,5	  21,8	  26,2	  26,9	  27,9	  26,7	  22,3	 -15,4
s	   187,3897	 8	127,67	 90,20	   9,2	  21,0	  25,4	  26,1	  27,1	  25,9	  21,4	 -17,2
s	   192,2273	 7	 59,28	 90,23	  10,0	  21,6	  26,1	  26,8	  27,7	  26,5	  22,2	 -16,1
s	   192,3721	 8	 59,29	 88,33	   9,5	  21,0	  25,4	  25,8	  26,8	  26,5	  22,1	 -16,2
s	   193,4491	 8	 58,52	 90,22	   9,0	  21,1	  25,7	  26,4	  27,3	  26,0	  22,0	 -16,4
s	   194,4171	 8	 59,47	 90,23	   9,0	  21,1	  25,7	  26,4	  27,3	  26,0	  21,9	 -16,6
s	   200,3971	 8	278,77	 89,60	   8,8	  20,8	  25,5	  26,2	  27,1	  25,7	  21,5	 -17,5
s	   207,6481	 5	 83,83	 91,94	   9,4	  20,7	  25,8	  26,7	  27,9	  27,1	  21,3	 -18,3
s	   208,0022	 6	 83,83	 93,72	   8,9	  20,2	  25,1	  25,7	  26,9	  27,0	  21,2	 -18,5
s	   208,5576	 7	 83,83	 95,37	   8,4	  19,9	  24,8	  25,4	  26,5	  26,7	  20,8	 -18,9
s	   208,6061	 6	 72,73	 91,92	   9,2	  20,5	  25,7	  26,6	  27,7	  26,8	  21,1	 -18,6
s	   209,3983	 8	 83,83	 97,14	   5,9	  17,8	  22,8	  23,1	  24,2	  25,0	  19,8	 -20,7
s	   209,9703	 6	 83,79	 91,92	   8,4	  20,2	  25,4	  26,3	  27,4	  26,5	  21,0	 -18,8
s	   210,3213	 7	 83,79	 93,69	   7,9	  19,6	  24,7	  25,3	  26,4	  26,5	  20,9	 -19,0
s	   210,8718	 8	 83,79	 95,33	   7,6	  19,6	  24,7	  25,2	  26,3	  26,4	  20,8	 -19,2
s	   210,9199	 7	 72,78	 91,90	   8,1	  20,0	  25,3	  26,2	  27,3	  26,2	  20,9	 -19,1
s	   211,6903	 7	 60,81	 90,24	   9,4	  20,9	  25,4	  26,1	  27,0	  25,7	  20,8	 -19,2
s	   211,8245	 8	 60,81	 88,48	   9,6	  20,8	  25,0	  25,3	  26,3	  26,0	  20,7	 -19,3
s	   213,9004	 8	 60,97	 90,24	   8,3	  20,4	  25,0	  25,7	  26,6	  25,1	  20,6	 -19,7
s	   216,6418	 7	255,03	 92,94	   7,7	  19,4	  24,5	  25,1	  26,2	  26,2	  20,5	 -20,0
s	   217,3069	 7	 95,33	 91,88	   7,9	  19,8	  25,1	  26,0	  27,0	  25,9	  20,4	 -20,1
s	   218,0018	 4	 83,66	 90,28	  10,6	  21,5	  25,7	  26,4	  27,4	  26,4	  20,7	 -19,9
s	   218,1329	 5	 83,66	 88,56	  10,8	  21,4	  25,2	  25,6	  26,7	  26,7	  20,6	 -20,0
s	   218,3403	 6	 83,66	 93,20	   7,8	  19,4	  24,5	  25,1	  26,2	  26,2	  20,5	 -20,1
s	   218,4733	 6	 83,66	 86,97	   9,8	  20,9	  24,9	  25,3	  26,3	  26,3	  20,5	 -20,2
s	   218,5401	 6	 72,33	 88,55	  10,6	  21,2	  25,1	  25,5	  26,6	  26,5	  20,5	 -20,2
s	   218,6218	 7	255,07	 91,20	   7,1	  19,5	  24,8	  25,7	  26,8	  25,7	  20,3	 -20,3
s	   218,8800	 7	 72,33	 86,96	   9,6	  20,7	  24,8	  25,2	  26,2	  26,0	  20,3	 -20,3
s	   218,9616	 8	255,07	 92,91	   6,6	  18,9	  24,1	  24,7	  25,8	  25,6	  20,2	 -20,5
s	   219,0746	 7	 83,66	 85,26	   7,1	  18,6	  22,7	  22,7	  23,8	  24,3	  19,3	 -22,1
s	   219,3121	 8	 61,98	 91,83	   7,6	  19,5	  24,9	  25,9	  26,8	  25,6	  20,2	 -20,5
s	   219,5326	 8	 72,34	 85,13	   8,6	  19,6	  23,7	  24,0	  25,0	  24,7	  19,1	 -22,3
s	   219,5413	 8	265,72	 91,19	   6,9	  19,2	  24,7	  25,6	  26,6	  25,4	  20,2	 -20,5
s	   219,5471	 8	 95,19	 91,87	   6,9	  19,2	  24,7	  25,6	  26,6	  25,4	  20,2	 -20,5
s	   219,8495	 8	 83,67	 83,68	   8,8	  20,0	  23,9	  23,9	  25,0	  25,9	  19,9	 -20,8
s	   220,3255	 5	 83,62	 90,28	   9,5	  21,0	  25,3	  26,0	  27,0	  25,8	  20,4	 -20,3
s	   220,4554	 6	 83,63	 88,57	   9,8	  20,8	  24,8	  25,2	  26,3	  26,2	  20,3	 -20,5
s	   220,6611	 7	 83,62	 93,17	   6,8	  18,9	  24,1	  24,7	  25,8	  25,6	  20,2	 -20,6
s	   220,7930	 7	 83,63	 86,99	   8,8	  20,4	  24,5	  24,9	  25,9	  25,7	  20,2	 -20,6
s	   220,8518	 7	 72,39	 88,56	   9,5	  20,7	  24,7	  25,1	  26,1	  25,9	  20,2	 -20,6
s	   221,1888	 8	 72,39	 86,99	   8,5	  20,2	  24,4	  24,8	  25,7	  25,4	  20,1	 -20,8
s	   221,3892	 8	 83,63	 85,30	   6,8	  19,0	  23,3	  23,4	  24,3	  24,8	  20,0	 -20,8
s	   226,6579	 5	255,19	 89,61	   9,3	  20,8	  25,1	  25,8	  26,7	  25,6	  20,0	 -21,3
s	   226,7849	 6	255,19	 87,95	   9,6	  20,6	  24,6	  25,0	  26,0	  25,9	  19,9	 -21,5
s	   227,1149	 7	255,19	 86,40	   8,6	  20,2	  24,3	  24,7	  25,7	  25,5	  19,8	 -21,6
s	   227,3051	 6	 94,74	 90,28	   9,1	  20,6	  25,0	  25,7	  26,6	  25,3	  19,9	 -21,5
s	   227,4319	 7	 94,74	 88,62	   9,3	  20,4	  24,5	  24,9	  25,9	  25,6	  19,7	 -21,7
s	   227,5512	 6	265,54	 89,60	   9,1	  20,6	  25,0	  25,7	  26,6	  25,3	  19,9	 -21,6
s	   227,6001	 8	255,20	 94,36	   8,1	  19,9	  24,0	  24,3	  25,3	  25,2	  19,4	 -22,0
s	   227,6325	 8	 94,74	 93,10	   6,3	  18,5	  23,8	  24,4	  25,4	  25,1	  19,6	 -21,8
s	   227,6977	 8	255,18	 84,74	   6,6	  18,3	  22,4	  22,4	  23,4	  23,9	  18,6	 -23,6
s	   227,9743	 8	265,54	 92,80	   8,3	  20,0	  24,2	  24,5	  25,5	  25,2	  19,6	 -21,9
s	   228,2523	 7	 95,43	 90,28	   8,1	  20,1	  24,6	  25,3	  26,2	  24,8	  19,7	 -21,8
s	   228,9820	 6	255,22	 89,61	   8,3	  20,3	  24,7	  25,4	  26,3	  25,0	  19,8	 -21,8
s	   229,1079	 7	255,22	 87,96	   8,5	  20,1	  24,2	  24,6	  25,6	  25,4	  19,6	 -21,9
s	   229,4352	 8	255,22	 86,43	   7,5	  19,6	  23,9	  24,3	  25,2	  24,9	  19,5	 -22,1
s	   229,7063	 8	 94,73	 90,28	   7,1	  19,6	  24,3	  25,0	  25,8	  24,3	  19,5	 -22,1
s	   229,8680	 7	265,49	 89,60	   8,0	  20,1	  24,6	  25,3	  26,1	  24,7	  19,6	 -22,1
s	   230,2663	 8	 61,94	 90,24	   7,8	  19,9	  24,5	  25,2	  26,0	  24,4	  19,5	 -22,2
s	   232,3179	 8	 62,19	 90,24	   7,7	  19,8	  24,4	  25,1	  25,9	  24,3	  19,3	 -22,5
s	   235,8363	 8	244,41	 88,02	   7,3	  19,5	  23,7	  24,1	  25,0	  24,6	  19,1	 -23,1
s	   240,7240	 8	 84,01	 91,76	   5,5	  18,3	  23,8	  24,7	  25,6	  24,3	  18,8	 -23,8
s	   243,4339	 8	104,40	 90,27	   7,4	  19,5	  24,1	  24,8	  25,6	  23,9	  18,6	 -24,3
s	   244,6785	 8	104,91	 90,27	   6,6	  18,7	  23,3	  24,0	  24,8	  23,1	  17,5	 -26,2
s	   251,0864	 7	 83,85	 90,28	   6,7	  19,1	  23,7	  24,4	  25,2	  23,7	  18,2	 -25,3
s	   251,2033	 8	 83,85	 88,75	   6,1	  18,6	  23,0	  23,4	  24,2	  23,6	  18,1	 -25,5
s	   252,1448	 8	 73,11	 88,74	   8,4	  19,5	  23,7	  24,0	  24,9	  24,4	  18,0	 -25,6
s	   253,4095	 8	 83,82	 90,28	   5,6	  18,6	  23,3	  24,0	  24,8	  23,1	  17,9	 -25,8
s	   259,7403	 8	254,99	 89,62	   5,4	  18,4	  23,1	  23,8	  24,6	  22,9	  17,5	 -26,8
#END
