#HEADER
CATT-Acoustic v8.0b    Copyright © CATT 1988-2003

 Project                : Aula Optica 

 GEOMETRICAL INFORMATION
 Src id and loc     [m] :   A0           0,400        0,600        1,300
 Rec id and loc     [m] :   19          10,500        7,600        1,200

 19       35,7942

 VARIABLE SOURCE DATA
 Directivity
   Type (library)       :  OMNI.SD0
   Dir. Index (DI) [dB] :       0,0      0,0      0,0      0,0      0,0      0,0      0,0      0,0
 Level
   On axis 1m      [dB] :      54,1     63,1     66,8     67,7     69,4     70,6     70,6     54,2
   Total power     [dB] :      65,0     74,0     77,7     78,6     80,3     81,5     81,5     65,1
   Auxiliary delay [ms] :       0,0

 VARIABLE AIR DATA
 Temperature       [°C] :      20
 Relative humidity  [%] :      50
 Density        [kg/m³] :       1,2
 Sound speed      [m/s] :     343
 Impedance      [Ns/m³] :     412
 Diss. coeff. [0.001/m] :      0,10     0,30     0,63     1,07     2,28     6,83    24,23    83,90      (estimated)

#DATAFIELDS
 TYPE DELAY ORDER AZIMUTH ELEVATION SPL125 SPL250 SPL500 SPL1K SPL2K SPL4K SPL8K SPL16K
#DATA
d	     0,0000	 0	106,65	 90,08	  32,3	  41,3	  45,0	  45,9	  47,5	  48,4	  47,5	  27,9
s	     0,7320	 1	106,69	102,05	  31,4	  40,6	  44,3	  45,1	  46,8	  47,8	  46,7	  27,1
*	    33,0347	 1	255,34	100,97	 -10,8	  -1,6	   2,1	   2,9	   4,5	   5,2	   3,4	 -19,1
*	    31,1119	 1	228,45	100,34	 -10,8	  -1,7	   2,0	   2,8	   4,4	   5,2	   3,4	 -19,0
*	    33,6790	 1	208,57	 98,42	 -13,1	  -3,9	  -0,2	   0,6	   2,2	   2,9	   1,1	 -21,5
*	    17,7656	 1	260,26	111,00	  -0,8	   8,3	  12,0	  12,8	  14,4	  15,3	  13,9	  -7,3
*	    16,1471	 1	212,26	107,24	  -2,3	   6,9	  10,6	  11,4	  13,0	  13,9	  12,5	  -8,5
*	    20,1869	 1	190,09	101,20	  -7,1	   2,0	   5,7	   6,5	   8,1	   9,0	   7,5	 -13,9
*	     5,2523	 1	326,33	155,21	  13,2	  22,4	  26,0	  26,9	  28,5	  29,5	  28,3	   8,3
*	     4,6060	 1	163,35	117,32	   5,9	  15,0	  18,7	  19,5	  21,2	  22,1	  21,0	   1,0
*	     9,7587	 1	161,56	103,15	  -2,2	   6,9	  10,6	  11,4	  13,1	  14,0	  12,7	  -7,7
*	     4,1839	 1	 59,01	113,70	   4,6	  13,8	  17,5	  18,3	  19,9	  20,9	  19,8	  -0,2
*	     0,8798	 1	110,54	108,94	   4,3	  13,4	  17,1	  17,9	  19,6	  20,6	  19,6	  -0,1
*	     3,6765	 1	132,36	101,94	   0,3	   9,5	  13,1	  14,0	  15,6	  16,6	  15,5	  -4,4
*	     7,2855	 1	 64,64	102,52	  -1,5	   7,7	  11,3	  12,2	  13,8	  14,7	  13,6	  -6,7
*	     1,7191	 1	 92,70	101,72	   1,5	  10,6	  14,3	  15,2	  16,8	  17,8	  16,7	  -3,0
*	     1,1307	 1	112,97	 99,43	   2,5	  11,7	  15,4	  16,2	  17,8	  18,8	  17,8	  -1,9
s	     0,9820	 1	106,61	 77,27	  29,9	  39,0	  42,6	  43,1	  44,8	  46,5	  45,9	  25,5
*	    48,5504	 1	218,63	 81,23	 -15,3	  -5,5	  -1,6	  -0,9	   0,7	   2,1	   0,2	 -22,0
*	    46,2515	 1	234,07	 79,98	 -14,0	  -4,1	  -0,3	   0,5	   2,0	   3,5	   1,7	 -20,3
*	    47,4393	 1	252,66	 79,43	 -13,9	  -4,0	  -0,2	   0,5	   2,1	   3,5	   1,7	 -20,4
*	    33,9648	 1	207,29	 79,02	 -10,1	  -0,2	   3,6	   4,4	   6,0	   7,5	   6,0	 -14,9
*	    30,7135	 1	226,09	 76,13	  -7,6	   2,3	   6,2	   6,9	   8,5	  10,0	   8,7	 -12,0
*	    31,7515	 1	253,03	 74,59	  -7,0	   2,8	   6,7	   7,4	   9,0	  10,6	   9,2	 -11,6
*	    20,9479	 1	188,63	 76,38	  -4,5	   5,3	   9,2	  10,0	  11,6	  13,2	  12,0	  -7,7
*	    16,2573	 1	207,67	 68,77	   0,4	  10,3	  14,1	  14,9	  16,5	  18,1	  17,1	  -2,2
*	    16,6416	 1	254,16	 61,41	   2,9	  12,8	  16,7	  17,4	  19,0	  20,7	  19,6	   0,3
*	    10,9119	 1	161,54	 75,08	  -0,0	   9,9	  13,7	  14,5	  16,1	  17,8	  16,9	  -1,9
*	     5,4081	 1	161,15	 61,34	   7,1	  17,0	  20,8	  21,6	  23,2	  24,9	  24,2	   5,9
*	     4,7476	 1	  0,61	  4,39	  15,0	  24,9	  28,8	  29,5	  31,2	  32,9	  32,2	  13,9
*	     4,8203	 1	134,61	 76,91	   2,6	  12,5	  16,4	  17,2	  18,8	  20,5	  19,8	   1,5
*	     1,3398	 1	115,43	 69,72	   6,5	  16,3	  20,2	  21,0	  22,6	  24,4	  23,7	   5,7
*	     3,4625	 1	 69,74	 62,88	   7,6	  17,4	  21,3	  22,1	  23,7	  25,4	  24,8	   6,6
*	     1,8970	 1	116,18	 79,83	   5,4	  15,2	  19,1	  19,9	  21,5	  23,2	  22,6	   4,6
*	     1,4475	 1	 97,45	 77,21	   4,8	  14,7	  18,6	  19,3	  21,0	  22,7	  22,1	   4,1
*	     6,0764	 1	 70,83	 75,79	   2,2	  12,1	  15,9	  16,7	  18,3	  20,0	  19,3	   0,9
*	     1,6115	 1	104,99	 82,18	  10,6	  20,5	  24,4	  25,1	  26,8	  28,5	  27,9	   9,8
*	     4,5410	 1	 89,62	 81,06	   4,1	  14,0	  17,8	  18,6	  20,2	  21,9	  21,2	   2,9
*	    11,0542	 1	 71,19	 80,57	  -1,1	   8,8	  12,7	  13,4	  15,0	  16,7	  15,8	  -3,0
s	     1,9384	 1	104,64	 90,11	  30,7	  40,2	  44,0	  44,9	  46,4	  47,3	  46,7	  26,9
*	    20,5840	 1	 62,72	 91,86	  -6,3	   3,2	   7,0	   7,9	   9,5	  10,2	   9,1	 -12,4
*	     9,9840	 1	 82,72	 91,91	   0,8	  10,3	  14,2	  15,0	  16,6	  17,4	  16,6	  -3,9
*	     3,0943	 1	100,45	 91,77	  16,1	  25,6	  29,4	  30,3	  31,8	  32,7	  32,0	  12,2
*	    16,4303	 1	 70,31	 84,81	 -15,6	  -6,4	  -2,7	  -1,9	  -0,3	   0,6	   3,1	 -16,2
*	    16,1414	 1	 70,30	 88,24	 -15,4	  -6,3	  -2,6	  -1,8	  -0,2	   0,7	   3,3	 -16,0
*	    14,6114	 1	 73,75	 84,82	 -14,4	  -5,3	  -1,6	  -0,8	   0,8	   1,7	   4,3	 -14,8
*	    14,3076	 1	 73,74	 88,25	 -14,3	  -5,1	  -1,4	  -0,6	   1,0	   1,9	   4,5	 -14,6
*	    12,9067	 1	 77,18	 84,84	 -13,2	  -4,1	  -0,4	   0,4	   2,1	   3,0	   5,6	 -13,4
*	    12,5854	 1	 77,17	 88,27	 -13,0	  -3,9	  -0,2	   0,6	   2,3	   3,2	   5,8	 -13,2
*	    11,3164	 1	 80,58	 84,89	 -11,9	  -2,7	   0,9	   1,8	   3,4	   4,3	   7,0	 -11,9
*	    10,9739	 1	 80,57	 88,29	 -11,7	  -2,5	   1,2	   2,0	   3,6	   4,5	   7,2	 -11,6
*	     9,8402	 1	 83,91	 84,96	 -10,5	  -1,3	   2,3	   3,2	   4,8	   5,7	   8,5	 -10,3
*	     9,4713	 1	 83,91	 88,31	 -10,2	  -1,1	   2,6	   3,5	   5,1	   6,0	   8,7	 -10,0
*	     8,4782	 1	 87,17	 85,04	  -8,9	   0,3	   3,9	   4,8	   6,4	   7,3	  10,1	  -8,6
*	     8,0753	 1	 87,17	 88,35	  -8,6	   0,6	   4,3	   5,1	   6,7	   7,7	  10,4	  -8,2
*	     7,2317	 1	 90,32	 85,13	  -7,1	   2,0	   5,7	   6,6	   8,2	   9,1	  11,9	  -6,6
*	     6,7830	 1	 90,32	 88,38	  -6,7	   2,5	   6,2	   7,0	   8,6	   9,6	  12,4	  -6,1
*	     6,1057	 1	 93,37	 85,23	  -5,0	   4,1	   7,8	   8,6	  10,3	  11,2	  14,1	  -4,4
*	     5,5924	 1	 93,37	 88,43	  -4,4	   4,8	   8,5	   9,3	  10,9	  11,9	  14,7	  -3,7
*	     5,1143	 1	 96,30	 85,34	  -2,5	   6,6	  10,3	  11,1	  12,8	  13,7	  16,6	  -1,7
*	     4,5041	 1	 96,30	 88,47	  -1,6	   7,6	  11,3	  12,1	  13,7	  14,7	  17,6	  -0,7
*	     4,2935	 1	 99,09	 85,46	   0,5	   9,7	  13,3	  14,2	  15,8	  16,8	  19,6	   1,4
*	     3,5267	 1	 99,09	 88,52	   2,1	  11,3	  15,0	  15,8	  17,5	  18,4	  21,3	   3,1
s	     2,1000	 1	111,00	 90,09	  30,6	  40,1	  43,9	  44,8	  46,4	  47,2	  46,6	  26,8
*	     2,8528	 1	113,61	 86,57	  14,2	  23,7	  27,5	  28,4	  30,0	  30,8	  30,1	  10,3
s	     2,2564	 2	105,37	 90,11	  29,6	  39,6	  43,6	  44,5	  46,0	  46,8	  46,5	  26,7
s	     2,6335	 2	104,67	101,48	  30,3	  40,0	  43,8	  44,6	  46,2	  47,1	  46,4	  26,5
s	     2,7922	 2	111,04	101,41	  30,2	  39,9	  43,7	  44,6	  46,2	  47,0	  46,3	  26,5
s	     2,8712	 2	104,60	 77,94	  29,2	  39,0	  42,8	  43,4	  45,0	  46,6	  46,3	  26,5
s	     2,9458	 3	105,40	101,39	  29,2	  39,4	  43,4	  44,2	  45,8	  46,5	  46,2	  26,3
s	     3,0289	 2	110,96	 77,97	  29,2	  38,9	  42,8	  43,4	  44,9	  46,6	  46,3	  26,4
s	     3,1816	 3	105,34	 78,04	  28,2	  38,4	  42,4	  43,0	  44,5	  46,1	  46,1	  26,2
s	     3,1859	 2	106,72	113,88	  29,1	  38,4	  42,0	  42,5	  44,2	  45,9	  45,2	  24,6
s	     3,4203	 2	106,58	 66,44	  29,6	  39,0	  42,7	  43,3	  44,9	  46,7	  45,9	  26,0
*	     4,1202	 1	 94,53	 95,34	  -3,1	   6,6	  11,3	  12,4	  14,1	  15,1	  14,1	  -5,9
*	     8,1262	 1	 83,52	 95,62	  -8,7	   0,9	   5,7	   6,8	   8,5	   9,4	   8,3	 -12,0
*	    13,4215	 1	 71,59	 95,71	 -12,8	  -3,1	   1,6	   2,7	   4,4	   5,3	   4,1	 -16,7
s	     4,5053	 3	104,58	 69,99	  26,6	  37,1	  42,0	  42,8	  44,4	  46,1	  45,8	  25,8
s	     4,8032	 4	105,32	 70,15	  25,6	  36,5	  41,6	  42,4	  44,0	  45,6	  45,6	  25,6
s	     4,9732	 3	104,70	112,81	  28,5	  38,5	  42,3	  42,8	  44,4	  46,1	  45,7	  25,6
s	     5,1227	 3	111,09	112,70	  28,5	  38,4	  42,3	  42,8	  44,4	  46,0	  45,6	  25,6
s	     5,2676	 4	105,44	112,64	  27,5	  37,9	  41,9	  42,5	  44,0	  45,6	  45,5	  25,4
s	     5,3460	 3	110,91	 67,62	  28,4	  38,4	  42,2	  42,8	  44,3	  46,0	  45,6	  25,5
s	     5,7786	 3	106,75	121,12	  26,9	  37,0	  41,7	  42,5	  44,2	  46,0	  45,2	  25,1
*	     6,2621	 1	108,59	 83,37	  -2,8	   6,7	  10,5	  11,4	  12,9	  13,8	  13,0	  -7,1
s	     6,4329	 1	 26,09	 89,86	  29,7	  38,7	  42,5	  43,3	  44,9	  45,7	  44,5	  23,6
*	    11,3849	 1	 57,35	 94,53	   2,6	  11,7	  15,4	  16,3	  17,9	  18,6	  18,5	  -0,4
*	     9,2129	 1	 53,48	 95,55	   4,7	  13,8	  17,5	  18,4	  20,0	  20,7	  20,7	   2,0
*	     7,6221	 1	 47,00	 97,18	   7,4	  16,5	  20,2	  21,1	  22,7	  23,5	  23,5	   4,9
*	     7,9225	 1	 47,14	 77,04	   7,2	  16,2	  20,0	  20,8	  22,4	  23,2	  23,2	   4,6
*	     6,7025	 1	 34,48	100,03	  11,1	  20,1	  23,9	  24,7	  26,3	  27,1	  27,1	   8,6
*	     7,1012	 1	 34,72	 71,37	  10,5	  19,6	  23,3	  24,2	  25,8	  26,5	  26,6	   8,0
*	     6,9988	 1	  6,58	104,42	  15,0	  24,1	  27,8	  28,7	  30,3	  31,0	  31,1	  12,6
*	     7,5459	 1	  7,02	 62,89	  13,9	  22,9	  26,7	  27,6	  29,1	  29,9	  29,9	  11,4
*	    10,0219	 1	320,73	104,37	  14,3	  23,3	  27,1	  28,0	  29,5	  30,3	  30,2	  11,4
*	    10,5772	 1	321,08	 61,82	  13,1	  22,1	  25,9	  26,8	  28,4	  29,1	  29,0	  10,2
*	    15,8590	 1	290,92	 99,54	   8,4	  17,4	  21,2	  22,0	  23,6	  24,3	  24,1	   4,8
*	    16,2591	 1	291,03	 69,86	   7,8	  16,8	  20,6	  21,4	  23,0	  23,7	  23,5	   4,2
*	    22,8679	 1	277,59	 96,39	   2,6	  11,6	  15,4	  16,2	  17,8	  18,5	  18,1	  -1,9
*	    23,1573	 1	277,62	 75,66	   2,3	  11,3	  15,1	  16,0	  17,5	  18,2	  17,8	  -2,2
*	    30,3237	 1	270,78	 94,63	  -2,1	   6,9	  10,6	  11,5	  13,0	  13,7	  13,1	  -7,5
*	    30,5479	 1	270,78	 79,07	  -2,3	   6,7	  10,5	  11,3	  12,9	  13,5	  12,9	  -7,7
*	    38,0036	 1	266,76	 93,55	  -6,1	   3,0	   6,7	   7,6	   9,1	   9,7	   8,9	 -12,4
*	    38,1865	 1	266,75	 81,19	  -6,2	   2,9	   6,6	   7,5	   9,0	   9,5	   8,7	 -12,5
*	    45,8211	 1	264,13	 92,83	  -9,4	  -0,4	   3,4	   4,2	   5,7	   6,2	   5,2	 -16,7
*	    45,9759	 1	264,12	 82,61	  -9,5	  -0,5	   3,3	   4,1	   5,6	   6,1	   5,1	 -16,8
*	     6,5557	 1	133,39	 98,85	 -15,0	  -5,5	  -1,7	  -0,8	   0,7	   1,6	   0,8	 -19,4
s	     7,0551	 2	 26,00	100,04	  29,8	  39,0	  42,8	  43,6	  45,2	  46,0	  45,0	  24,8
s	     7,2684	 2	 26,19	 78,94	  28,3	  37,4	  41,1	  41,6	  43,2	  44,8	  44,2	  23,2
s	     7,3983	 3	106,54	 56,51	  27,0	  36,5	  40,2	  40,4	  42,0	  44,5	  44,0	  23,0
s	     8,0881	 2	 28,27	 89,89	  29,1	  38,7	  42,6	  43,4	  45,0	  45,6	  45,0	  24,7
s	     8,4922	 3	 27,73	 89,89	  28,1	  38,1	  42,2	  43,0	  44,5	  45,1	  44,8	  24,5
s	     8,5382	 4	111,13	121,80	  27,6	  37,7	  41,5	  42,0	  43,6	  45,3	  44,7	  24,3
s	     8,6872	 3	 28,19	 99,69	  28,8	  38,5	  42,4	  43,2	  44,8	  45,5	  44,8	  24,4
s	     8,8927	 3	 28,37	 79,38	  27,7	  37,5	  41,4	  42,0	  43,6	  45,0	  44,7	  24,3
s	     9,0065	 2	 22,98	 89,85	  28,9	  38,5	  42,4	  43,3	  44,8	  45,5	  44,8	  24,4
s	     9,0178	 4	104,54	 57,91	  26,4	  36,7	  40,5	  40,8	  42,3	  44,8	  44,6	  24,2
s	     9,0859	 4	 27,64	 99,60	  27,7	  38,0	  42,0	  42,8	  44,3	  44,9	  44,6	  24,2
s	     9,1539	 4	110,87	 58,00	  26,4	  36,6	  40,5	  40,7	  42,3	  44,7	  44,5	  24,1
s	     9,1652	 3	 25,90	110,33	  27,7	  37,0	  40,7	  41,2	  42,8	  44,4	  43,6	  22,5
s	     9,2858	 5	105,28	 58,12	  25,4	  36,2	  40,1	  40,4	  41,9	  44,3	  44,4	  24,0
s	     9,2896	 4	 27,82	 79,47	  26,7	  37,0	  41,1	  41,6	  43,1	  44,5	  44,5	  24,1
s	     9,3686	 3	 26,28	 69,48	  28,1	  37,6	  41,4	  41,9	  43,5	  45,1	  44,4	  24,0
s	     9,3911	 3	 23,53	 89,86	  27,9	  38,0	  42,0	  42,9	  44,4	  44,9	  44,6	  24,2
s	     9,5934	 3	 22,89	 99,46	  28,6	  38,3	  42,2	  43,1	  44,6	  45,3	  44,6	  24,1
s	     9,7949	 3	 23,07	 79,55	  27,5	  37,4	  41,3	  41,9	  43,4	  44,8	  44,5	  24,1
s	     9,9732	 4	 23,44	 99,38	  27,6	  37,8	  41,8	  42,7	  44,2	  44,8	  44,4	  23,9
s	    10,1729	 4	 23,63	 79,64	  26,5	  36,8	  40,9	  41,5	  43,0	  44,3	  44,3	  23,8
s	    10,3139	 4	 28,43	 72,39	  25,2	  35,7	  40,7	  41,5	  43,1	  44,6	  44,3	  23,8
s	    10,6987	 5	 27,89	 72,54	  24,2	  35,2	  40,3	  41,2	  42,7	  44,0	  44,1	  23,5
s	    10,7233	 4	 28,09	109,65	  27,1	  37,1	  41,1	  41,6	  43,1	  44,6	  44,2	  23,7
s	    11,1047	 5	 27,55	109,48	  26,1	  36,6	  40,7	  41,2	  42,7	  44,1	  44,0	  23,4
s	    11,4308	 4	 25,83	116,85	  25,5	  35,7	  40,5	  41,3	  42,9	  44,5	  43,8	  23,2
s	    11,5906	 4	 22,79	109,24	  27,0	  37,0	  40,9	  41,4	  43,0	  44,4	  44,0	  23,4
s	    11,6658	 4	106,80	131,60	  25,9	  35,7	  39,3	  39,5	  41,1	  43,6	  43,0	  21,6
s	    11,7836	 4	 23,16	 70,55	  26,9	  36,9	  40,9	  41,4	  42,9	  44,4	  44,0	  23,3
s	    11,9545	 5	 23,35	109,09	  25,9	  36,5	  40,5	  41,1	  42,5	  43,9	  43,8	  23,2
s	    12,1460	 5	 23,72	 70,71	  25,9	  36,4	  40,5	  41,0	  42,5	  43,9	  43,8	  23,1
s	    12,9165	 5	 28,03	116,00	  24,5	  35,2	  40,2	  41,0	  42,5	  44,0	  43,6	  22,9
s	    13,1443	 5	104,76	130,11	  25,4	  35,9	  39,7	  39,9	  41,5	  43,9	  43,6	  22,8
s	    13,2809	 6	 27,48	115,79	  23,5	  34,7	  39,8	  40,6	  42,1	  43,5	  43,4	  22,6
s	    13,3899	 6	105,50	129,87	  24,4	  35,4	  39,3	  39,5	  41,1	  43,4	  43,4	  22,6
*	    13,5122	 1	 53,64	 85,68	   2,8	  12,0	  15,6	  16,5	  18,1	  19,0	  17,6	  -3,1
*	    17,6875	 1	 57,67	 86,74	   0,3	   9,5	  13,2	  14,0	  15,6	  16,5	  15,0	  -6,1
s	    13,6411	 5	111,17	130,49	  26,4	  36,6	  40,5	  41,0	  42,5	  44,0	  43,4	  22,6
s	    13,6411	 5	110,83	 50,58	  25,4	  35,8	  39,6	  39,8	  41,4	  43,8	  43,4	  22,6
s	    13,7610	 6	105,25	 50,71	  24,4	  35,3	  39,3	  39,5	  41,0	  43,3	  43,3	  22,5
s	    14,0676	 6	 99,11	116,85	  21,4	  33,2	  39,3	  40,3	  41,9	  43,5	  43,2	  22,4
s	    14,1288	 7	116,90	116,76	  20,4	  32,7	  39,0	  40,0	  41,5	  43,0	  43,1	  22,3
s	    14,5694	 5	 22,70	117,41	  26,2	  36,4	  40,3	  40,8	  42,3	  43,8	  43,3	  22,4
s	    14,6602	 6	 28,00	 61,64	  24,2	  35,0	  39,1	  39,3	  40,8	  42,9	  43,1	  22,2
s	    14,9118	 6	 23,26	117,22	  25,2	  35,9	  39,9	  40,4	  41,9	  43,3	  43,1	  22,2
s	    15,1122	 5	 23,26	 61,87	  25,1	  35,4	  39,3	  39,6	  41,1	  43,3	  43,1	  22,2
s	    15,4511	 6	 23,81	 62,08	  24,1	  34,9	  38,9	  39,2	  40,7	  42,8	  43,0	  22,0
s	    15,4836	 7	115,19	128,77	  23,9	  34,8	  38,9	  39,1	  40,6	  42,8	  42,8	  21,9
s	    16,6877	 5	 25,71	126,68	  24,8	  34,6	  38,3	  38,5	  40,1	  42,4	  41,8	  20,0
s	    16,9489	 5	106,83	137,81	  25,3	  35,4	  39,1	  39,2	  40,8	  43,4	  42,5	  21,4
s	    17,8105	 5	106,47	 42,44	  23,6	  33,6	  37,3	  37,1	  38,7	  42,0	  41,6	  19,6
s	    18,0285	 6	 27,91	125,65	  24,4	  34,9	  38,8	  39,0	  40,5	  42,8	  42,4	  21,3
s	    18,0442	 8	114,85	 54,38	  20,5	  32,6	  37,8	  38,2	  39,7	  42,0	  42,2	  21,0
s	    18,2248	 7	116,06	 55,73	  19,4	  31,5	  37,6	  38,4	  40,0	  42,3	  42,3	  21,1
s	    18,2832	 6	104,79	136,31	  24,4	  35,0	  38,8	  38,9	  40,5	  42,9	  42,4	  21,2
s	    18,3585	 7	 27,37	125,40	  23,4	  34,3	  38,4	  38,6	  40,1	  42,3	  42,3	  21,0
s	    18,3961	 6	111,21	136,17	  24,3	  34,9	  38,7	  38,9	  40,5	  42,9	  42,4	  21,1
s	    18,5055	 7	105,53	136,07	  23,4	  34,5	  38,4	  38,6	  40,1	  42,5	  42,2	  21,0
s	    18,7798	 6	 22,60	125,05	  24,3	  34,7	  38,6	  38,9	  40,4	  42,6	  42,3	  21,0
s	    19,0960	 7	 23,17	124,82	  23,3	  34,2	  38,3	  38,5	  40,0	  42,1	  42,1	  20,8
s	    19,1238	 6	104,49	 43,95	  23,2	  33,9	  37,7	  37,6	  39,2	  42,4	  42,2	  20,9
s	    19,3428	 7	105,22	 44,19	  22,2	  33,4	  37,4	  37,3	  38,8	  41,9	  42,1	  20,8
s	    19,4535	 6	 23,35	 54,41	  25,2	  35,4	  39,4	  39,9	  41,4	  42,7	  42,2	  20,8
s	    19,6588	 6	110,78	 43,64	  24,1	  34,6	  38,5	  38,7	  40,2	  42,5	  42,1	  20,8
*	    19,7386	 1	 62,48	 90,85	 -10,2	  -1,1	   2,6	   3,5	   5,0	   5,7	   5,4	 -14,2
*	    19,8732	 1	 62,47	 93,91	 -10,2	  -1,2	   2,6	   3,4	   5,0	   5,7	   5,3	 -14,3
s	    19,7658	 7	 23,90	 54,65	  24,2	  34,9	  39,1	  39,5	  41,0	  42,2	  42,0	  20,6
s	    21,1086	 8	 16,89	114,02	  21,0	  32,9	  38,2	  38,9	  40,3	  41,6	  41,6	  20,2
*	    21,3507	 1	 61,14	 84,83	 -18,5	  -9,5	  -5,7	  -4,9	  -3,3	  -2,6	  -3,0	 -22,8
*	    21,1135	 1	 61,12	 87,83	 -18,4	  -9,4	  -5,6	  -4,7	  -3,2	  -2,5	  -2,9	 -22,6
s	    22,1275	 7	 27,83	131,02	  21,5	  32,7	  37,7	  38,1	  39,7	  41,9	  41,5	  20,0
s	    22,3037	 6	 26,57	 46,87	  22,7	  32,8	  36,5	  36,3	  37,9	  41,0	  40,6	  18,3
s	    23,1992	 6	106,87	143,20	  22,6	  32,8	  36,4	  36,2	  37,8	  41,1	  40,4	  18,0
s	    23,4317	 7	 22,51	131,07	  23,3	  34,0	  37,9	  38,1	  39,6	  41,8	  41,3	  19,6
s	    23,5176	 7	 28,73	 47,99	  22,3	  33,0	  36,9	  36,9	  38,4	  41,4	  41,3	  19,6
s	    23,6634	 6	106,44	 37,56	  23,0	  33,4	  37,1	  36,9	  38,5	  41,8	  41,1	  19,4
s	    23,7233	 8	 23,08	130,83	  22,3	  33,5	  37,5	  37,7	  39,1	  41,3	  41,1	  19,4
s	    23,8173	 8	 28,18	 48,25	  21,3	  32,5	  36,6	  36,5	  38,0	  40,9	  41,1	  19,4
s	    24,3951	 7	104,82	141,73	  22,2	  33,0	  36,9	  36,7	  38,3	  41,5	  41,1	  19,4
s	    24,5949	 8	105,56	141,50	  21,2	  32,6	  36,5	  36,4	  37,9	  41,0	  41,0	  19,2
s	    24,8501	 7	104,46	 39,03	  22,1	  33,0	  36,8	  36,7	  38,2	  41,4	  41,0	  19,3
s	    24,9507	 7	111,26	141,94	  23,1	  33,8	  37,7	  37,8	  39,3	  41,6	  41,0	  19,2
s	    24,9507	 7	110,75	 39,13	  22,1	  33,0	  36,8	  36,7	  38,2	  41,4	  41,0	  19,2
s	    25,0484	 8	105,19	 39,26	  21,1	  32,5	  36,5	  36,3	  37,8	  40,9	  40,9	  19,1
s	    27,3099	 7	 25,51	138,25	  21,8	  32,0	  35,7	  35,5	  37,1	  40,2	  39,6	  16,8
s	    28,4293	 8	 27,73	137,17	  21,4	  32,3	  36,2	  36,1	  37,6	  40,6	  40,3	  18,2
s	    29,3813	 7	106,91	147,24	  22,0	  32,5	  36,2	  36,0	  37,6	  40,9	  40,0	  17,8
s	    29,4827	 8	 22,41	136,88	  22,3	  33,0	  36,9	  37,1	  38,6	  40,7	  40,1	  17,9
s	    29,4827	 8	 23,53	 43,56	  21,2	  32,2	  36,1	  35,9	  37,4	  40,5	  40,1	  17,9
s	    30,3580	 7	106,40	 33,31	  20,3	  30,8	  34,4	  34,0	  35,5	  39,6	  39,1	  16,0
s	    30,4656	 8	104,85	145,84	  21,1	  32,2	  36,0	  35,8	  37,4	  40,6	  40,0	  17,7
s	    30,5578	 8	111,30	145,71	  20,9	  31,9	  35,7	  35,6	  37,1	  40,3	  39,7	  17,4
s	    31,9997	 8	110,70	 34,52	  20,9	  31,8	  35,7	  35,6	  37,1	  40,1	  39,7	  17,3
s	    33,1242	 8	 25,42	142,46	  21,3	  31,9	  35,6	  35,5	  37,0	  40,1	  39,3	  16,8
s	    34,0486	 8	 26,76	 37,45	  19,6	  30,2	  33,9	  33,4	  34,9	  38,8	  38,4	  15,0
s	    36,3361	 8	106,95	150,80	  19,4	  30,0	  33,6	  33,1	  34,7	  38,7	  38,0	  14,4
s	    36,8424	 8	106,37	 30,07	  19,8	  30,6	  34,3	  33,8	  35,4	  39,5	  38,7	  15,8
s	    44,3648	 2	140,40	 90,16	  23,1	  32,7	  36,6	  37,4	  38,9	  39,3	  37,4	  13,2
s	    44,6943	 3	140,44	 95,56	  22,9	  32,6	  36,5	  37,3	  38,7	  39,2	  37,3	  13,0
s	    45,2489	 3	138,86	 90,17	  22,8	  32,9	  36,9	  37,7	  39,2	  39,5	  38,2	  14,6
s	    45,5749	 4	138,90	 95,51	  22,6	  32,8	  36,8	  37,6	  39,0	  39,4	  38,1	  14,4
s	    45,6747	 1	237,43	 89,31	  24,0	  33,4	  37,3	  38,1	  39,6	  40,2	  38,4	  14,7
*	    49,3704	 1	263,24	 83,80	   1,8	  11,3	  15,1	  15,9	  17,4	  18,0	  16,1	  -7,9
*	    45,8462	 1	236,09	 84,01	   2,5	  12,0	  15,8	  16,6	  18,1	  18,7	  16,9	  -6,8
*	    49,6679	 1	214,42	 85,12	   0,4	   9,9	  13,7	  14,5	  16,0	  16,5	  14,7	  -9,4
s	    45,9990	 2	237,46	 94,62	  23,5	  33,1	  36,9	  37,7	  39,2	  39,8	  38,0	  14,3
s	    46,1109	 2	237,40	 83,60	  21,9	  31,5	  35,3	  35,8	  37,3	  38,6	  37,2	  12,7
s	    46,6190	 2	235,08	 89,33	  22,9	  32,9	  36,8	  37,7	  39,1	  39,6	  38,1	  14,4
s	    46,9395	 3	235,11	 94,58	  22,6	  32,8	  36,8	  37,6	  39,0	  39,5	  38,0	  14,2
s	    47,0502	 3	235,05	 83,68	  21,6	  31,9	  35,8	  36,4	  37,8	  39,1	  38,0	  14,2
s	    47,1239	 3	237,49	100,25	  21,6	  31,4	  35,1	  35,6	  37,1	  38,5	  36,9	  12,4
s	    47,2343	 3	237,37	 78,39	  22,1	  32,0	  35,8	  36,4	  37,9	  39,2	  37,7	  13,9
s	    47,6183	 3	141,12	 84,55	  22,0	  32,0	  35,8	  36,3	  37,8	  39,2	  37,7	  13,8
s	    47,6259	 3	141,28	 90,16	  22,6	  32,6	  36,6	  37,5	  38,9	  39,2	  37,9	  14,1
s	    47,8332	 4	140,90	 90,16	  21,6	  32,1	  36,3	  37,1	  38,5	  38,7	  37,8	  13,9
s	    47,9305	 5	140,27	 73,58	  20,0	  30,1	  34,0	  34,2	  35,6	  37,6	  36,6	  12,0
s	    47,9327	 2	237,83	 89,32	  22,8	  32,8	  36,7	  37,5	  39,0	  39,4	  38,0	  14,1
s	    47,9427	 4	141,32	 95,35	  22,3	  32,5	  36,6	  37,4	  38,8	  39,1	  37,7	  13,9
s	    48,0518	 4	235,14	100,14	  21,3	  31,7	  35,7	  36,2	  37,6	  38,9	  37,7	  13,9
s	    48,0765	 3	237,45	 89,32	  21,8	  32,3	  36,4	  37,2	  38,6	  39,0	  37,8	  14,0
s	    48,1491	 5	140,94	 95,34	  21,3	  32,1	  36,2	  37,0	  38,4	  38,6	  37,6	  13,7
s	    48,1610	 4	235,02	 78,53	  21,3	  31,7	  35,7	  36,2	  37,6	  38,9	  37,7	  13,8
s	    48,2483	 3	237,86	 94,49	  22,5	  32,7	  36,6	  37,4	  38,9	  39,4	  37,8	  13,9
s	    48,3572	 3	237,80	 83,75	  21,5	  31,7	  35,7	  36,2	  37,7	  38,9	  37,8	  13,9
s	    48,3915	 4	237,47	 94,48	  21,5	  32,2	  36,3	  37,1	  38,5	  38,9	  37,7	  13,8
s	    48,4683	 4	139,63	 84,62	  21,2	  31,7	  35,6	  36,1	  37,6	  38,9	  37,7	  13,8
s	    48,5003	 4	237,42	 83,77	  20,5	  31,3	  35,4	  35,9	  37,3	  38,5	  37,7	  13,8
s	    48,6132	 4	141,25	100,90	  21,2	  31,2	  34,9	  35,3	  36,8	  38,2	  36,6	  12,0
s	    48,6989	 2	272,94	 89,23	  23,4	  33,0	  36,8	  37,7	  39,1	  39,5	  37,9	  13,9
s	    48,7774	 6	138,74	 73,77	  19,7	  30,5	  34,5	  34,8	  36,2	  38,1	  37,4	  13,5
s	    48,8614	 4	237,52	105,29	  21,7	  31,8	  35,6	  36,1	  37,6	  39,0	  37,4	  13,4
s	    49,0116	 3	272,93	 94,35	  22,9	  32,6	  36,5	  37,3	  38,8	  39,2	  37,5	  13,5
s	    49,1196	 3	272,94	 83,72	  21,4	  31,0	  34,9	  35,4	  36,8	  38,0	  36,7	  11,9
s	    49,1855	 4	237,34	 72,99	  20,1	  30,2	  33,9	  34,1	  35,6	  37,8	  36,5	  11,8
s	    49,2615	 5	141,19	 79,10	  21,9	  32,2	  36,3	  37,1	  38,5	  38,7	  37,4	  13,5
s	    49,3435	 4	237,89	 99,96	  21,1	  31,6	  35,5	  36,1	  37,5	  38,8	  37,5	  13,6
s	    49,4510	 4	237,77	 78,68	  21,1	  31,6	  35,5	  36,0	  37,5	  38,8	  37,5	  13,5
s	    49,4533	 5	139,76	100,80	  20,9	  31,5	  35,5	  36,0	  37,4	  38,7	  37,4	  13,4
s	    49,4648	 6	140,82	 79,13	  21,0	  31,7	  36,0	  36,8	  38,1	  38,2	  37,3	  13,3
s	    49,4849	 5	237,50	 99,95	  20,2	  31,1	  35,2	  35,7	  37,1	  38,3	  37,4	  13,4
s	    49,5922	 5	237,39	 78,70	  20,1	  31,1	  35,2	  35,7	  37,1	  38,3	  37,4	  13,4
s	    49,7705	 5	235,17	105,13	  20,9	  31,5	  35,5	  35,9	  37,4	  38,7	  37,4	  13,4
s	    49,8414	 5	141,28	104,66	  19,4	  30,2	  35,1	  35,8	  37,3	  38,7	  37,1	  13,1
s	    49,8608	 7	139,75	 80,46	  17,7	  29,2	  34,6	  35,4	  36,7	  37,6	  37,1	  13,1
s	    50,0141	 3	275,12	 89,23	  22,3	  32,4	  36,4	  37,2	  38,6	  38,9	  37,6	  13,5
s	    50,0912	 5	234,98	 73,18	  19,8	  30,5	  34,5	  34,7	  36,2	  38,2	  37,3	  13,3
s	    50,0971	 4	272,93	 99,78	  21,1	  30,9	  34,7	  35,2	  36,6	  37,9	  36,4	  11,6
s	    50,2037	 4	272,94	 78,69	  21,6	  31,6	  35,4	  36,0	  37,4	  38,6	  37,2	  13,1
s	    50,2098	 6	140,57	111,61	  19,6	  29,9	  33,7	  33,8	  35,3	  37,3	  36,2	  11,4
s	    50,3207	 6	141,29	105,86	  19,6	  29,9	  33,7	  33,8	  35,3	  37,3	  36,2	  11,3
s	    50,3220	 4	275,11	 94,28	  22,1	  32,3	  36,3	  37,1	  38,5	  38,9	  37,4	  13,3
s	    50,4283	 4	275,12	 83,81	  21,0	  31,4	  35,4	  35,9	  37,4	  38,4	  37,4	  13,3
s	    50,6696	 6	139,79	104,53	  18,6	  29,9	  34,9	  35,6	  37,1	  38,4	  37,1	  13,1
s	    50,8782	 3	272,38	 89,23	  22,2	  32,3	  36,3	  37,1	  38,6	  38,8	  37,4	  13,3
s	    50,8792	 4	141,94	 84,76	  21,0	  31,4	  35,4	  35,9	  37,3	  38,6	  37,3	  13,2
s	    51,0344	 7	139,03	111,41	  19,3	  30,2	  34,3	  34,5	  35,9	  37,8	  37,0	  12,9
s	    51,0366	 5	237,92	104,88	  20,7	  31,4	  35,3	  35,8	  37,2	  38,5	  37,2	  13,1
s	    51,0579	 6	141,15	 74,20	  19,5	  30,3	  34,3	  34,5	  35,9	  37,9	  37,1	  13,0
s	    51,0787	 5	141,58	 84,78	  20,0	  31,0	  35,0	  35,6	  37,0	  38,1	  37,2	  13,1
s	    51,0835	 4	272,74	 89,24	  21,2	  31,8	  36,0	  36,8	  38,2	  38,4	  37,3	  13,2
s	    51,1443	 7	139,80	105,72	  19,3	  30,2	  34,3	  34,4	  35,9	  37,8	  37,0	  12,8
s	    51,1752	 6	237,53	104,86	  19,8	  30,9	  35,0	  35,5	  36,9	  38,1	  37,1	  12,9
s	    51,1830	 4	272,38	 94,23	  22,0	  32,2	  36,2	  37,0	  38,4	  38,8	  37,3	  13,2
s	    51,2569	 7	140,78	 74,24	  18,5	  29,8	  34,0	  34,2	  35,6	  37,4	  37,0	  12,8
s	    51,2883	 4	272,39	 83,86	  20,9	  31,3	  35,3	  35,9	  37,3	  38,3	  37,3	  13,1
s	    51,3526	 5	237,74	 73,41	  19,7	  30,4	  34,4	  34,6	  36,1	  38,1	  37,2	  13,0
s	    51,3876	 5	272,74	 94,22	  21,0	  31,7	  35,9	  36,7	  38,1	  38,3	  37,2	  13,0
s	    51,3912	 5	275,11	 99,63	  20,7	  31,2	  35,2	  35,8	  37,2	  38,3	  37,2	  13,0
s	    51,4320	 5	237,55	110,45	  19,7	  29,9	  33,7	  33,8	  35,3	  37,5	  36,1	  11,2
s	    51,4907	 6	237,36	 73,44	  18,7	  30,0	  34,0	  34,3	  35,7	  37,6	  37,0	  12,9
s	    51,4927	 5	272,75	 83,87	  20,0	  30,8	  35,0	  35,5	  36,9	  37,9	  37,1	  13,0
s	    51,4962	 5	275,13	 78,85	  20,7	  31,2	  35,2	  35,7	  37,2	  38,3	  37,1	  13,0
s	    51,6418	 5	237,31	 68,23	  20,2	  30,6	  34,4	  34,6	  36,1	  38,2	  36,9	  12,7
s	    51,7235	 4	  3,20	 89,84	  21,9	  32,0	  36,1	  37,0	  38,3	  38,5	  37,2	  13,0
s	    51,7756	 5	272,93	104,66	  21,2	  31,4	  35,2	  35,7	  37,2	  38,4	  36,9	  12,7
s	    51,8371	 5	142,07	100,50	  20,7	  31,3	  35,2	  35,7	  37,2	  38,5	  37,1	  12,9
s	    52,0254	 5	  3,15	 94,79	  21,7	  31,9	  36,1	  36,9	  38,2	  38,4	  37,1	  12,9
s	    52,0344	 6	141,71	100,48	  19,7	  30,8	  34,9	  35,4	  36,8	  38,0	  37,0	  12,7
s	    52,2417	 5	272,38	 99,53	  20,6	  31,1	  35,2	  35,7	  37,1	  38,2	  37,0	  12,8
s	    52,3457	 5	272,39	 78,96	  20,6	  31,1	  35,1	  35,7	  37,1	  38,2	  37,0	  12,8
s	    52,4439	 6	272,74	 99,50	  19,6	  30,6	  34,8	  35,3	  36,7	  37,7	  36,9	  12,7
s	    52,5223	 6	235,21	110,60	  20,4	  31,1	  35,1	  35,6	  37,0	  38,1	  36,9	  12,6
s	    52,5223	 6	234,95	 68,46	  19,3	  30,3	  34,2	  34,4	  35,8	  37,9	  36,9	  12,6
s	    52,5477	 6	272,75	 78,98	  19,6	  30,6	  34,8	  35,3	  36,7	  37,7	  36,9	  12,6
s	    52,5879	 7	142,03	 79,53	  19,4	  30,5	  34,7	  35,2	  36,5	  37,4	  36,8	  12,5
s	    52,6056	 6	141,00	 70,20	  18,9	  29,7	  34,7	  35,4	  36,9	  38,2	  36,6	  12,4
s	    52,7835	 8	141,67	 79,55	  18,4	  30,0	  34,4	  34,9	  36,2	  36,9	  36,6	  12,4
s	    52,8604	 6	  3,29	 80,84	  18,3	  29,4	  34,6	  35,4	  36,8	  37,7	  36,8	  12,6
s	    53,0207	 6	142,10	104,13	  18,3	  29,6	  34,7	  35,4	  36,9	  38,2	  36,8	  12,5
s	    53,0453	 6	275,10	104,44	  20,3	  31,0	  35,0	  35,5	  36,9	  38,1	  36,8	  12,5
s	    53,2154	 7	141,74	104,10	  17,3	  29,2	  34,3	  35,0	  36,5	  37,7	  36,7	  12,4
s	    53,2572	 7	141,45	110,84	  19,1	  30,0	  34,0	  34,2	  35,6	  37,6	  36,7	  12,4
s	    53,3541	 6	275,13	 73,69	  19,3	  30,0	  34,1	  34,3	  35,7	  37,6	  36,8	  12,4
s	    53,4081	 7	139,52	 70,40	  18,1	  29,4	  34,5	  35,2	  36,7	  37,9	  36,7	  12,3
s	    53,4513	 8	141,07	110,80	  18,1	  29,5	  33,7	  33,9	  35,3	  37,1	  36,5	  12,2
s	    53,5446	 6	237,95	109,93	  19,2	  30,2	  34,1	  34,3	  35,7	  37,8	  36,8	  12,4
s	    53,6794	 7	237,56	109,90	  18,3	  29,7	  33,8	  34,0	  35,4	  37,3	  36,6	  12,3
s	    53,7474	 7	140,18	 63,90	  18,0	  28,5	  32,4	  32,2	  33,7	  36,5	  35,6	  10,5
s	    53,7495	 6	237,72	 68,75	  19,2	  30,1	  34,1	  34,3	  35,7	  37,8	  36,7	  12,4
s	    53,8802	 6	272,38	104,30	  20,2	  30,9	  35,0	  35,4	  36,8	  38,0	  36,7	  12,3
s	    53,8839	 7	237,33	 68,78	  18,2	  29,7	  33,8	  33,9	  35,3	  37,3	  36,6	  12,2
s	    54,0786	 7	272,74	104,26	  19,3	  30,4	  34,6	  35,1	  36,4	  37,5	  36,6	  12,2
s	    54,2631	 6	272,93	109,67	  19,2	  29,5	  33,3	  33,4	  34,9	  36,9	  35,6	  10,5
s	    54,3839	 7	272,75	 73,88	  18,2	  29,5	  33,7	  33,9	  35,2	  37,0	  36,5	  12,1
s	    54,4156	 6	237,58	114,95	  19,7	  30,3	  34,1	  34,2	  35,7	  37,9	  36,4	  12,0
s	    54,4663	 6	272,95	 68,83	  19,7	  30,1	  34,0	  34,2	  35,6	  37,7	  36,4	  12,0
s	    54,5398	 8	138,65	 64,16	  17,7	  28,9	  32,9	  32,9	  34,3	  37,0	  36,4	  12,0
s	    54,9220	 6	237,28	 63,42	  18,1	  28,6	  32,3	  32,2	  33,7	  36,6	  35,5	  10,3
s	    54,9465	 5	  2,55	 84,68	  20,4	  30,9	  34,9	  35,4	  36,8	  37,9	  36,7	  12,2
s	    55,2516	 8	140,96	 66,07	  16,1	  27,5	  32,5	  32,6	  34,1	  37,0	  36,1	  11,6
s	    55,2692	 7	235,23	114,71	  18,9	  30,0	  33,9	  34,0	  35,5	  37,6	  36,4	  11,9
s	    55,4966	 7	141,83	 71,25	  16,8	  28,4	  33,5	  33,9	  35,4	  37,5	  36,4	  11,9
s	    55,4981	 7	275,10	109,39	  18,8	  29,8	  33,8	  34,0	  35,4	  37,3	  36,4	  11,9
s	    55,6859	 8	141,47	 71,29	  15,9	  27,9	  33,1	  33,5	  35,0	  37,0	  36,3	  11,7
s	    55,8619	 6	  2,40	 99,72	  20,1	  30,7	  34,8	  35,2	  36,6	  37,8	  36,4	  11,9
s	    55,9024	 7	275,14	 68,78	  19,8	  30,5	  34,7	  35,1	  36,5	  37,5	  36,3	  11,8
s	    56,0263	 7	234,92	 63,37	  18,8	  29,7	  33,8	  34,0	  35,4	  37,3	  36,3	  11,7
s	    56,3108	 7	272,38	109,20	  18,8	  29,7	  33,7	  33,9	  35,3	  37,3	  36,3	  11,7
s	    56,4333	 8	140,15	 60,73	  16,0	  27,4	  32,4	  32,5	  34,0	  36,9	  35,9	  11,3
s	    56,4599	 7	237,97	114,34	  18,7	  29,8	  33,8	  33,9	  35,4	  37,5	  36,3	  11,7
s	    56,5040	 8	272,73	109,16	  17,8	  29,2	  33,4	  33,6	  35,0	  36,8	  36,1	  11,5
s	    56,5095	 7	272,39	 69,31	  18,7	  29,7	  33,7	  33,9	  35,3	  37,2	  36,3	  11,6
s	    56,5904	 8	237,59	114,31	  17,8	  29,4	  33,4	  33,6	  35,0	  37,0	  36,1	  11,5
s	    56,6783	 8	141,07	 64,80	  17,5	  28,7	  32,7	  32,7	  34,0	  36,8	  36,1	  11,5
s	    56,7023	 8	272,75	 69,35	  17,8	  29,2	  33,4	  33,6	  34,9	  36,8	  36,1	  11,5
s	    56,9019	 4	  0,56	 84,78	  20,9	  30,9	  34,8	  35,3	  36,7	  37,9	  36,3	  11,7
s	    56,9551	 7	237,69	 64,03	  17,7	  28,9	  32,8	  32,7	  34,2	  37,0	  36,2	  11,5
s	    56,9586	 4	  0,42	 89,82	  21,4	  31,5	  35,6	  36,5	  37,8	  37,9	  36,5	  11,9
s	    56,9942	 7	  2,37	103,20	  17,7	  29,1	  34,2	  34,9	  36,3	  37,5	  36,2	  11,5
s	    57,0738	 8	140,66	120,69	  17,4	  28,2	  32,0	  31,8	  33,3	  36,1	  35,0	   9,6
s	    57,0849	 8	237,30	 64,07	  16,7	  28,4	  32,5	  32,4	  33,8	  36,5	  36,1	  11,4
s	    57,1066	 8	  2,99	109,63	  18,5	  29,5	  33,6	  33,8	  35,1	  36,9	  36,1	  11,4
s	    57,1558	 7	272,92	114,06	  19,2	  29,8	  33,7	  33,8	  35,3	  37,3	  35,9	  11,3
s	    57,2435	 5	  0,37	 94,49	  21,2	  31,4	  35,6	  36,3	  37,7	  37,8	  36,4	  11,7
s	    57,6474	 7	272,95	 64,15	  17,6	  28,2	  32,0	  31,8	  33,3	  36,1	  35,1	   9,6
s	    57,7982	 5	  0,42	 99,50	  20,1	  30,1	  33,9	  34,3	  35,8	  37,0	  35,3	   9,8
s	    58,2068	 7	237,61	119,44	  17,6	  28,3	  32,0	  31,8	  33,3	  36,3	  35,0	   9,5
s	    58,3314	 6	  0,52	 80,21	  19,8	  30,4	  34,5	  35,0	  36,3	  37,3	  36,1	  11,4
s	    58,3529	 8	275,09	113,73	  18,3	  29,5	  33,5	  33,7	  35,0	  37,0	  35,9	  11,1
s	    58,4987	 7	237,25	 59,29	  18,0	  28,9	  32,7	  32,6	  34,0	  37,0	  35,8	  11,0
s	    58,9074	 6	  0,38	102,91	  18,3	  29,1	  34,1	  34,8	  36,3	  37,5	  35,8	  11,0
s	    59,1411	 8	272,37	113,51	  18,3	  29,4	  33,4	  33,6	  35,0	  36,9	  35,8	  11,0
s	    59,3158	 8	235,27	119,48	  18,3	  29,4	  33,4	  33,6	  35,0	  36,9	  35,8	  10,9
s	    59,3158	 8	234,89	 59,58	  17,2	  28,6	  32,5	  32,4	  33,8	  36,7	  35,8	  10,9
s	    59,5513	 8	  2,69	 71,39	  17,3	  28,7	  33,9	  34,6	  36,0	  37,0	  35,8	  10,9
s	    59,6225	 8	272,40	 64,71	  17,2	  28,4	  32,5	  32,4	  33,8	  36,5	  35,7	  10,9
s	    59,6295	 6	  0,66	 75,33	  18,7	  29,0	  32,8	  32,9	  34,4	  36,3	  34,9	   9,3
s	    60,0570	 7	  0,57	 75,40	  18,4	  29,2	  33,4	  33,6	  34,9	  36,6	  35,8	  10,9
s	    60,1704	 8	238,00	118,77	  17,2	  28,5	  32,5	  32,3	  33,8	  36,6	  35,7	  10,7
s	    60,2081	 5	359,89	 84,95	  19,9	  30,4	  34,4	  34,9	  36,3	  37,4	  36,0	  11,1
s	    60,3882	 6	  0,23	 84,96	  18,9	  29,9	  34,1	  34,6	  35,9	  36,9	  35,9	  10,9
s	    60,4564	 8	237,66	 59,96	  17,1	  28,5	  32,4	  32,3	  33,7	  36,6	  35,6	  10,7
s	    60,8396	 8	272,92	118,46	  17,1	  27,8	  31,7	  31,5	  32,9	  35,7	  34,6	   8,8
s	    61,0738	 6	359,75	 99,17	  19,6	  30,2	  34,3	  34,7	  36,1	  37,2	  35,8	  10,8
s	    61,1236	 8	272,95	 60,10	  17,6	  28,5	  32,4	  32,2	  33,7	  36,5	  35,3	  10,3
s	    61,2523	 7	  0,08	 99,15	  18,6	  29,8	  33,9	  34,4	  35,8	  36,7	  35,6	  10,6
s	    62,1459	 7	359,72	102,47	  17,3	  28,6	  33,7	  34,4	  35,9	  37,0	  35,5	  10,4
s	    62,2048	 8	237,64	123,28	  17,5	  28,5	  32,3	  32,1	  33,6	  36,6	  35,2	  10,1
s	    62,2413	 8	  0,22	108,90	  19,0	  29,8	  34,0	  34,5	  35,8	  36,6	  35,4	  10,3
s	    62,3224	 8	  0,05	102,45	  16,3	  28,1	  33,4	  34,1	  35,5	  36,5	  35,4	  10,3
s	    62,5652	 8	359,71	103,53	  18,0	  29,0	  33,1	  33,3	  34,6	  36,4	  35,4	  10,2
s	    62,8571	 8	237,22	 55,19	  15,9	  26,9	  30,6	  30,1	  31,6	  35,3	  34,3	   8,4
s	    63,6089	 8	  0,28	111,78	  16,4	  27,7	  32,7	  33,0	  34,5	  36,5	  35,0	   9,8
s	    64,5717	 8	  0,03	 72,33	  16,8	  28,2	  33,4	  34,1	  35,5	  36,5	  35,1	   9,8
s	    69,2094	 8	 13,16	 76,82	  15,4	  26,4	  31,4	  31,8	  33,2	  35,0	  33,5	   7,0
s	    72,7481	 3	208,53	 89,57	  19,5	  29,6	  33,6	  34,4	  35,8	  35,9	  33,7	   6,9
s	    72,9916	 4	208,57	 93,56	  19,3	  29,5	  33,5	  34,3	  35,7	  35,9	  33,5	   6,7
s	    73,0758	 4	208,50	 85,28	  18,3	  28,6	  32,6	  33,1	  34,5	  35,4	  33,5	   6,7
s	    73,8399	 5	208,61	 97,82	  18,0	  28,3	  32,3	  32,7	  34,1	  35,0	  33,3	   6,4
s	    74,4529	 4	209,37	 89,57	  19,2	  29,7	  33,9	  34,7	  36,0	  36,1	  34,4	   8,2
s	    74,6928	 5	209,40	 93,50	  18,9	  29,7	  33,8	  34,6	  35,9	  36,0	  34,3	   8,0
s	    74,7757	 5	209,33	 85,34	  17,9	  28,7	  32,9	  33,4	  34,7	  35,6	  34,2	   8,0
s	    74,8478	 5	209,14	 89,57	  18,2	  29,2	  33,5	  34,4	  35,6	  35,6	  34,2	   8,0
s	    75,0868	 6	209,18	 93,49	  17,9	  29,2	  33,5	  34,3	  35,5	  35,5	  34,1	   7,8
s	    75,1599	 6	208,64	101,69	  18,2	  28,8	  32,8	  33,3	  34,7	  35,7	  33,9	   7,6
s	    75,1694	 6	209,11	 85,36	  16,9	  28,2	  32,5	  33,1	  34,4	  35,1	  34,1	   7,8
s	    75,1782	 4	207,22	 89,59	  19,1	  29,7	  33,8	  34,6	  36,0	  36,0	  34,3	   8,0
s	    75,4073	 6	208,42	 77,17	  16,6	  27,2	  31,2	  31,3	  32,7	  34,4	  33,0	   6,0
s	    75,4165	 5	207,26	 93,49	  18,9	  29,6	  33,8	  34,5	  35,9	  35,9	  34,2	   7,9
s	    75,4989	 5	207,19	 85,39	  17,8	  28,7	  32,8	  33,4	  34,7	  35,5	  34,2	   7,9
s	    75,5281	 6	209,44	 97,69	  17,6	  28,6	  32,8	  33,3	  34,6	  35,5	  34,0	   7,7
s	    75,9192	 7	209,22	 97,66	  16,6	  28,1	  32,4	  32,9	  34,2	  35,0	  33,9	   7,6
s	    76,2464	 6	207,30	 97,66	  17,6	  28,6	  32,7	  33,2	  34,5	  35,4	  34,0	   7,6
s	    76,4129	 6	207,15	 81,23	  18,6	  29,3	  33,6	  34,4	  35,6	  35,6	  33,9	   7,6
s	    76,8283	 7	209,47	101,51	  17,3	  28,5	  32,6	  33,1	  34,4	  35,3	  33,8	   7,4
s	    77,0721	 7	209,26	 77,35	  16,2	  27,5	  31,7	  31,9	  33,2	  34,9	  33,8	   7,3
s	    77,1334	 7	208,68	105,75	  16,2	  27,0	  31,0	  31,1	  32,5	  34,2	  32,7	   5,5
s	    77,2148	 8	209,25	101,47	  16,3	  28,0	  32,3	  32,7	  34,0	  34,8	  33,6	   7,2
s	    77,2956	 7	208,39	 73,42	  16,7	  27,7	  31,7	  31,9	  33,2	  35,0	  33,5	   7,0
s	    77,4578	 8	209,04	 77,40	  15,2	  27,0	  31,3	  31,6	  32,8	  34,4	  33,6	   7,1
s	    77,5384	 7	207,33	101,45	  17,2	  28,4	  32,6	  33,0	  34,3	  35,2	  33,7	   7,2
s	    77,7806	 7	207,11	 77,45	  16,2	  27,5	  31,6	  31,9	  33,2	  34,8	  33,7	   7,2
s	    78,7731	 8	209,51	105,50	  15,9	  27,4	  31,5	  31,7	  33,0	  34,7	  33,5	   6,9
s	    78,9329	 8	209,22	 73,65	  15,9	  27,3	  31,5	  31,7	  33,0	  34,7	  33,4	   6,8
s	    78,9549	 8	205,85	 81,43	  16,2	  27,7	  32,1	  32,6	  33,8	  34,4	  33,4	   6,8
s	    79,4712	 8	207,37	105,42	  15,8	  27,3	  31,5	  31,6	  32,9	  34,6	  33,4	   6,7
s	    79,6506	 8	208,72	109,64	  17,4	  28,3	  32,4	  32,8	  34,1	  35,0	  33,1	   6,5
s	    79,7755	 4	298,89	 89,35	  18,8	  28,8	  32,9	  33,8	  35,1	  35,0	  32,8	   5,3
s	    79,8503	 8	208,35	 69,54	  14,8	  25,8	  29,8	  29,6	  31,0	  33,6	  32,3	   4,9
s	    80,0043	 5	298,87	 93,10	  18,5	  28,8	  32,9	  33,7	  35,0	  35,0	  32,6	   5,2
s	    80,0834	 5	298,91	 85,32	  17,5	  27,8	  32,0	  32,5	  33,8	  34,5	  32,6	   5,2
s	    80,8016	 6	298,85	 97,11	  17,2	  27,6	  31,6	  32,1	  33,4	  34,2	  32,4	   4,9
s	    80,8801	 6	298,93	 81,61	  17,7	  28,3	  32,4	  32,9	  34,2	  34,9	  33,2	   6,4
s	    81,3782	 5	298,06	 89,35	  18,4	  29,0	  33,3	  34,1	  35,3	  35,2	  33,5	   6,7
s	    81,6039	 6	298,04	 93,05	  18,2	  28,9	  33,2	  34,0	  35,2	  35,1	  33,4	   6,5
s	    81,6819	 6	298,08	 85,37	  17,1	  28,0	  32,3	  32,8	  34,1	  34,7	  33,4	   6,5
s	    82,0436	 7	298,83	100,76	  17,4	  28,1	  32,2	  32,7	  34,0	  34,8	  33,0	   6,1
s	    82,2766	 7	298,95	 77,68	  15,9	  26,5	  30,6	  30,7	  32,0	  33,6	  32,2	   4,5
s	    82,3542	 5	300,05	 89,36	  18,3	  28,9	  33,2	  34,0	  35,3	  35,1	  33,4	   6,5
s	    82,3904	 7	298,02	 97,00	  16,9	  27,9	  32,2	  32,7	  33,9	  34,6	  33,2	   6,3
s	    82,4679	 7	298,09	 81,71	  16,9	  27,9	  32,2	  32,7	  33,9	  34,6	  33,2	   6,2
s	    82,5780	 6	300,03	 93,03	  18,1	  28,9	  33,1	  33,9	  35,2	  35,0	  33,3	   6,3
s	    82,6554	 6	300,07	 85,41	  17,1	  27,9	  32,2	  32,7	  34,0	  34,6	  33,3	   6,3
s	    82,7439	 6	299,84	 89,36	  17,3	  28,4	  32,8	  33,7	  34,9	  34,6	  33,2	   6,3
s	    82,9670	 7	299,82	 93,02	  17,1	  28,4	  32,8	  33,6	  34,8	  34,5	  33,1	   6,1
s	    83,0441	 7	299,86	 85,43	  16,1	  27,5	  31,8	  32,4	  33,6	  34,1	  33,1	   6,1
s	    83,3581	 7	300,01	 96,95	  16,8	  27,8	  32,1	  32,6	  33,8	  34,5	  33,1	   6,1
s	    83,4350	 7	300,09	 81,78	  16,8	  27,8	  32,1	  32,6	  33,8	  34,5	  33,1	   6,1
s	    83,6158	 8	298,00	100,60	  16,6	  27,8	  32,0	  32,5	  33,7	  34,5	  32,9	   5,9
s	    83,7445	 8	299,80	 96,92	  15,8	  27,4	  31,8	  32,2	  33,5	  34,0	  32,9	   5,9
s	    83,8211	 8	299,88	 81,81	  15,8	  27,4	  31,7	  32,2	  33,5	  34,0	  32,9	   5,9
s	    83,8458	 8	298,11	 77,84	  15,5	  26,8	  31,1	  31,3	  32,6	  34,0	  32,9	   5,9
s	    84,0567	 8	298,97	 74,14	  16,0	  27,0	  31,1	  31,3	  32,6	  34,2	  32,6	   5,6
s	    84,5737	 8	299,99	100,52	  16,5	  27,7	  32,0	  32,4	  33,7	  34,4	  32,8	   5,7
s	    84,8018	 8	300,11	 77,94	  15,4	  26,8	  31,0	  31,2	  32,5	  33,9	  32,8	   5,7
s	    96,2625	 4	 80,86	 97,28	  15,3	  25,8	  30,6	  31,2	  32,7	  33,8	  31,0	   2,1
s	    98,5492	 5	 80,70	 97,16	  14,9	  26,1	  31,1	  31,8	  33,2	  34,2	  31,7	   3,3
s	    98,6389	 6	 80,95	 97,16	  14,0	  25,6	  30,8	  31,5	  32,8	  33,7	  31,6	   3,2
s	    99,4841	 5	149,31	 86,71	  16,7	  27,1	  31,1	  31,6	  33,0	  33,7	  31,4	   2,9
s	    99,6286	 6	 80,70	100,35	  14,7	  25,9	  31,0	  31,6	  33,0	  34,0	  31,5	   3,0
s	    99,6753	 5	149,39	 90,17	  17,2	  27,7	  32,0	  32,8	  34,0	  33,7	  31,6	   3,1
s	    99,7175	 7	 80,95	100,34	  13,7	  25,5	  30,6	  31,3	  32,7	  33,6	  31,4	   2,9
s	    99,7472	 5	148,38	 90,18	  17,7	  28,0	  32,1	  32,8	  34,1	  34,1	  30,5	   1,3
s	    99,8705	 6	149,41	 93,37	  16,9	  27,7	  31,9	  32,7	  33,9	  33,7	  31,5	   3,0
s	    99,9423	 6	148,41	 93,38	  16,9	  27,8	  32,0	  32,7	  34,0	  33,9	  31,4	   3,0
s	   100,0098	 6	148,35	 86,73	  16,4	  27,1	  31,1	  31,5	  32,8	  33,7	  30,4	   1,2
s	   100,0997	 6	149,40	 96,81	  16,4	  27,1	  31,1	  31,5	  32,8	  33,7	  31,2	   2,7
s	   100,6189	 7	149,33	 83,55	  15,6	  26,7	  30,9	  31,4	  32,6	  33,2	  31,3	   2,7
s	   100,6232	 7	148,44	 96,80	  16,1	  27,0	  31,0	  31,4	  32,7	  33,6	  30,2	   0,9
s	   100,6903	 7	148,32	 83,56	  15,6	  26,8	  30,9	  31,4	  32,7	  33,4	  31,3	   2,7
s	   101,3154	 8	149,46	 99,16	  13,4	  25,1	  30,4	  31,1	  32,4	  33,0	  31,1	   2,5
s	   101,3865	 8	148,46	 99,17	  13,4	  25,2	  30,4	  31,1	  32,4	  33,2	  31,1	   2,5
s	   102,4878	 8	149,23	 77,81	  12,8	  24,4	  29,5	  29,9	  31,2	  32,9	  30,7	   2,0
s	   102,7705	 8	149,46	103,29	  14,2	  25,2	  29,1	  29,2	  30,5	  32,2	  29,9	   0,4
s	   102,8909	 6	149,63	 86,80	  15,7	  26,7	  30,8	  31,3	  32,6	  33,3	  31,2	   2,4
s	   103,0157	 7	149,39	 86,80	  14,7	  26,2	  30,5	  31,0	  32,2	  32,8	  31,0	   2,3
s	   103,4916	 7	149,71	 96,65	  15,4	  26,6	  30,8	  31,2	  32,5	  33,2	  31,0	   2,2
s	   103,6158	 8	149,48	 96,65	  14,5	  26,2	  30,4	  30,9	  32,1	  32,7	  30,9	   2,1
s	   104,7286	 8	149,57	 80,38	  14,1	  25,6	  29,7	  29,9	  31,1	  32,6	  30,8	   1,8
s	   105,7249	 2	 80,21	 90,45	  18,2	  28,2	  32,1	  32,9	  34,2	  34,3	  31,3	   2,3
s	   105,9119	 3	 80,21	 93,51	  18,0	  28,1	  32,0	  32,8	  34,1	  34,2	  31,2	   2,2
s	   105,9765	 3	 80,22	 87,15	  17,7	  27,6	  31,4	  31,9	  33,3	  34,2	  31,2	   2,2
s	   106,3741	 4	 80,20	 96,04	  13,9	  24,7	  29,6	  30,4	  31,7	  32,6	  30,0	   0,2
s	   106,6285	 4	 80,22	 84,11	  17,2	  27,3	  31,1	  31,5	  32,9	  33,9	  30,8	   1,7
s	   106,7479	 6	288,27	 89,34	  15,0	  26,1	  30,5	  31,3	  32,4	  32,0	  29,7	  -0,1
s	   106,9334	 7	288,26	 92,38	  14,8	  26,0	  30,4	  31,2	  32,3	  32,0	  29,6	  -0,2
s	   106,9976	 7	288,28	 86,06	  13,7	  25,1	  29,5	  30,0	  31,2	  31,5	  29,6	  -0,2
s	   107,4872	 3	 59,72	 90,38	  17,9	  27,9	  31,9	  32,7	  34,0	  33,9	  31,0	   1,9
s	   107,5570	 4	 58,48	 87,11	  17,3	  27,3	  31,2	  31,7	  33,0	  33,8	  30,9	   1,8
s	   107,5811	 8	288,25	 95,64	  13,5	  24,9	  29,2	  29,6	  30,8	  31,2	  29,4	  -0,5
s	   107,6449	 8	288,29	 83,04	  14,0	  25,5	  29,9	  30,4	  31,6	  32,0	  30,2	   1,1
s	   107,6719	 4	 59,71	 93,40	  17,6	  27,8	  31,8	  32,6	  33,9	  33,8	  30,9	   1,7
s	   107,7747	 5	 80,23	 80,87	  15,3	  25,6	  29,3	  29,4	  30,8	  32,6	  29,8	  -0,2
s	   108,0312	 3	 80,08	 90,45	  17,1	  27,6	  31,6	  32,4	  33,7	  33,7	  31,0	   1,8
s	   108,1149	 4	 80,31	 90,45	  16,1	  27,1	  31,3	  32,1	  33,4	  33,2	  30,9	   1,7
s	   108,2018	 5	 58,50	 84,10	  16,9	  27,0	  30,9	  31,3	  32,7	  33,5	  30,5	   1,3
s	   108,2151	 4	 80,07	 93,46	  16,8	  27,5	  31,6	  32,3	  33,6	  33,6	  30,9	   1,6
s	   108,2667	 4	 58,36	 90,37	  16,8	  27,4	  31,5	  32,3	  33,6	  33,4	  30,8	   1,6
s	   108,2787	 4	 80,08	 87,20	  16,6	  27,0	  30,9	  31,4	  32,7	  33,6	  30,8	   1,6
s	   108,2987	 5	 80,30	 93,46	  15,9	  27,1	  31,3	  32,0	  33,3	  33,1	  30,7	   1,5
s	   108,3162	 5	 59,69	 96,64	  15,6	  25,9	  29,9	  30,3	  31,6	  32,3	  29,7	  -0,3
s	   108,3623	 5	 80,31	 87,21	  15,6	  26,5	  30,6	  31,1	  32,4	  33,1	  30,7	   1,5
s	   108,4095	 5	 57,13	 87,12	  16,3	  26,8	  30,8	  31,3	  32,6	  33,3	  30,7	   1,5
s	   108,4503	 5	 58,35	 93,38	  16,6	  27,3	  31,5	  32,2	  33,5	  33,3	  30,7	   1,5
s	   108,6314	 7	287,72	 89,34	  14,7	  26,3	  30,8	  31,6	  32,7	  32,2	  30,5	   1,2
s	   108,6699	 5	 80,07	 95,96	  13,6	  25,0	  30,2	  30,9	  32,3	  33,0	  30,7	   1,4
s	   108,7533	 6	 80,30	 95,95	  12,6	  24,5	  29,8	  30,6	  31,9	  32,5	  30,6	   1,3
s	   108,8146	 8	287,71	 92,34	  14,4	  26,2	  30,7	  31,5	  32,6	  32,1	  30,4	   1,1
s	   108,8465	 7	289,38	 89,34	  14,6	  26,2	  30,8	  31,6	  32,7	  32,2	  30,5	   1,2
s	   108,8779	 8	287,73	 86,11	  13,4	  25,3	  29,8	  30,3	  31,4	  31,7	  30,3	   1,1
s	   108,9017	 5	353,66	 89,82	  17,1	  27,3	  31,4	  32,2	  33,5	  33,2	  30,4	   1,2
s	   108,9203	 5	 80,09	 84,21	  16,3	  26,9	  30,8	  31,3	  32,6	  33,5	  30,7	   1,4
s	   108,9729	 8	287,91	 89,34	  13,7	  25,8	  30,4	  31,3	  32,3	  31,7	  30,3	   1,1
s	   109,0035	 6	 80,32	 84,21	  15,3	  26,5	  30,5	  30,9	  32,2	  33,1	  30,6	   1,3
s	   109,0294	 8	289,38	 92,34	  14,4	  26,2	  30,7	  31,5	  32,6	  32,1	  30,3	   1,0
s	   109,0505	 6	 57,14	 84,13	  16,1	  26,7	  30,7	  31,2	  32,5	  33,2	  30,6	   1,3
s	   109,0845	 6	353,63	 92,82	  16,9	  27,3	  31,4	  32,1	  33,4	  33,2	  30,3	   1,0
s	   109,0926	 8	289,40	 86,12	  13,4	  25,3	  29,8	  30,3	  31,4	  31,7	  30,3	   1,0
s	   109,1158	 6	 80,19	102,98	  14,3	  25,0	  28,9	  29,0	  30,3	  32,0	  29,5	  -0,5
s	   109,1478	 6	353,69	 86,60	  15,8	  26,4	  30,5	  30,9	  32,2	  32,8	  30,3	   1,0
s	   109,2422	 6	 80,23	 77,92	  15,5	  26,1	  29,9	  30,0	  31,4	  33,2	  30,3	   1,0
s	   109,3229	 6	 59,67	 99,62	  15,8	  26,5	  30,5	  30,9	  32,2	  33,0	  30,3	   1,0
s	   109,3934	 6	354,56	 89,83	  16,8	  27,3	  31,4	  32,1	  33,3	  33,2	  29,5	  -0,6
s	   109,4337	 6	 58,51	 80,67	  16,0	  26,1	  30,0	  30,3	  31,7	  32,4	  29,5	  -0,6
s	   109,5756	 7	354,53	 92,82	  16,1	  27,0	  31,3	  32,0	  33,2	  32,9	  30,4	   1,1
s	   109,6386	 7	354,59	 86,62	  15,6	  26,3	  30,4	  30,8	  32,1	  32,7	  29,4	  -0,7
s	   109,7226	 7	353,60	 96,03	  15,6	  26,3	  30,4	  30,8	  32,1	  32,7	  30,1	   0,8
s	   109,7655	 4	 59,92	 90,38	  16,8	  27,3	  31,4	  32,2	  33,5	  33,3	  30,7	   1,4
s	   109,7855	 7	353,72	 83,62	  15,6	  26,3	  30,4	  30,8	  32,1	  32,7	  30,1	   0,8
s	   109,8202	 5	 58,69	 87,16	  16,2	  26,7	  30,7	  31,2	  32,5	  33,2	  30,6	   1,2
s	   109,8717	 7	 57,10	 96,56	  13,1	  24,1	  29,2	  29,9	  31,2	  31,8	  29,3	  -0,8
s	   109,8879	 5	 59,69	 90,38	  15,8	  26,8	  31,1	  31,9	  33,1	  32,8	  30,6	   1,2
s	   109,9473	 5	 59,90	 93,36	  16,5	  27,2	  31,4	  32,1	  33,4	  33,2	  30,6	   1,2
s	   109,9546	 6	 58,47	 87,17	  15,3	  26,3	  30,4	  30,9	  32,1	  32,8	  30,5	   1,1
s	   110,0485	 6	 80,09	 81,02	  15,0	  25,9	  29,8	  29,9	  31,3	  33,0	  30,5	   1,1
s	   110,0695	 6	 59,68	 93,36	  15,5	  26,8	  31,1	  31,8	  33,0	  32,8	  30,5	   1,1
s	   110,0925	 7	 58,31	 99,56	  15,0	  26,2	  30,4	  30,8	  32,0	  32,7	  30,3	   1,0
s	   110,1311	 7	 80,32	 81,03	  14,0	  25,4	  29,5	  29,6	  30,9	  32,5	  30,3	   1,0
s	   110,2115	 8	354,50	 96,01	  15,3	  26,2	  30,3	  30,7	  31,9	  32,6	  29,2	  -1,0
s	   110,2742	 8	354,62	 83,65	  14,8	  26,0	  30,3	  30,7	  31,9	  32,4	  30,2	   0,8
s	   110,2753	 7	 57,16	 80,72	  15,8	  26,5	  30,6	  31,0	  32,3	  32,9	  30,3	   0,9
s	   110,4384	 8	353,58	 98,25	  13,3	  24,7	  29,9	  30,5	  31,8	  32,5	  30,0	   0,6
s	   110,4550	 6	 58,71	 84,20	  16,0	  26,6	  30,6	  31,1	  32,4	  33,1	  30,4	   1,0
s	   110,5816	 6	 59,88	 96,55	  15,2	  26,2	  30,4	  30,8	  32,1	  32,7	  30,4	   1,0
s	   110,5888	 7	 58,49	 84,21	  15,0	  26,2	  30,3	  30,8	  32,0	  32,7	  30,3	   0,9
s	   110,7032	 7	 59,66	 96,54	  14,3	  25,8	  30,0	  30,5	  31,7	  32,3	  30,3	   0,8
s	   110,7982	 8	 55,77	 96,52	  12,8	  24,5	  29,8	  30,5	  31,8	  32,3	  30,2	   0,7
s	   110,8373	 7	 59,66	102,77	  14,0	  24,7	  28,7	  28,8	  30,1	  31,6	  29,2	  -1,0
s	   110,9071	 8	353,75	 80,45	  13,7	  24,6	  28,6	  28,7	  29,9	  31,4	  29,1	  -1,1
s	   110,9147	 7	 58,53	 77,76	  16,2	  26,6	  30,6	  31,0	  32,3	  33,0	  30,0	   0,6
s	   110,9310	 7	 80,18	105,87	  15,2	  26,0	  29,7	  29,8	  31,2	  33,1	  30,0	   0,6
s	   111,1315	 8	 58,38	 74,73	  13,4	  24,2	  28,0	  27,7	  29,1	  31,6	  29,1	  -1,1
s	   111,2429	 7	 80,24	 74,82	  12,9	  23,9	  27,8	  27,6	  28,9	  31,4	  29,2	  -1,0
s	   111,3689	 7	 80,06	102,79	  13,9	  25,3	  29,4	  29,6	  30,8	  32,4	  30,2	   0,7
s	   111,4507	 8	 80,29	102,78	  13,0	  24,9	  29,1	  29,2	  30,5	  32,0	  30,1	   0,6
s	   111,4933	 7	 80,10	 78,12	  14,7	  25,7	  29,7	  29,8	  31,1	  32,8	  30,2	   0,7
s	   111,5728	 7	 59,87	 99,48	  14,9	  26,1	  30,3	  30,7	  32,0	  32,6	  30,2	   0,7
s	   111,5751	 8	 80,33	 78,12	  13,7	  25,3	  29,3	  29,5	  30,7	  32,4	  30,1	   0,6
s	   111,5990	 8	 58,30	102,70	  13,7	  25,2	  29,3	  29,4	  30,7	  32,1	  30,1	   0,6
s	   111,6682	 7	 58,73	 80,82	  15,7	  26,4	  30,5	  30,9	  32,2	  32,8	  30,2	   0,7
s	   111,6936	 8	 59,65	 99,47	  14,0	  25,7	  29,9	  30,4	  31,6	  32,1	  30,1	   0,6
s	   111,7478	 8	 57,18	 77,82	  15,5	  26,3	  30,4	  30,8	  32,1	  32,7	  30,1	   0,5
s	   111,8009	 8	 58,50	 80,83	  14,7	  25,9	  30,2	  30,6	  31,8	  32,3	  30,1	   0,5
s	   112,1132	 8	 57,33	 96,47	  12,7	  24,4	  29,7	  30,4	  31,7	  32,2	  30,0	   0,5
s	   112,4424	 7	353,61	 89,82	  15,2	  26,4	  30,8	  31,6	  32,7	  32,3	  30,1	   0,5
s	   112,5660	 7	353,42	 86,67	  14,9	  25,9	  30,2	  30,6	  31,8	  32,3	  30,1	   0,5
s	   112,6209	 8	353,58	 92,75	  14,9	  26,4	  30,8	  31,5	  32,6	  32,3	  30,0	   0,4
s	   112,6315	 8	 59,64	105,62	  14,1	  25,3	  29,3	  29,4	  30,7	  32,3	  29,8	   0,2
s	   112,6826	 8	353,64	 86,67	  13,9	  25,5	  29,8	  30,3	  31,5	  31,8	  30,0	   0,4
s	   112,8938	 8	 80,24	 72,70	  11,1	  23,0	  28,0	  28,1	  29,5	  31,9	  29,7	   0,1
s	   113,0643	 8	 59,85	102,58	  13,6	  25,1	  29,2	  29,4	  30,6	  32,0	  29,9	   0,3
s	   113,1269	 8	 58,74	 77,95	  15,4	  26,3	  30,4	  30,7	  32,0	  32,6	  29,9	   0,3
s	   113,1276	 8	353,32	 95,88	  14,6	  25,9	  30,1	  30,5	  31,7	  32,2	  29,9	   0,3
s	   113,1566	 8	 80,05	105,64	  14,4	  25,6	  29,5	  29,6	  30,9	  32,7	  29,9	   0,3
s	   113,2751	 8	  0,05	 89,89	  15,4	  26,4	  30,7	  31,4	  32,6	  32,2	  28,9	  -1,5
s	   113,2919	 8	 80,18	108,90	  13,3	  24,2	  27,9	  27,6	  29,0	  31,6	  28,9	  -1,5
s	   113,4639	 8	 80,10	 75,06	  12,6	  24,2	  28,3	  28,2	  29,5	  31,8	  29,9	   0,2
s	   115,0915	 7	100,45	 96,44	  12,7	  24,4	  29,6	  30,4	  31,6	  32,3	  29,9	   0,0
s	   115,1884	 5	193,42	 89,76	  15,5	  26,0	  30,3	  31,1	  32,3	  31,9	  29,1	  -1,5
s	   115,3637	 6	193,45	 92,63	  15,2	  26,0	  30,2	  31,0	  32,2	  31,8	  28,9	  -1,7
s	   115,3691	 8	100,65	 96,42	  11,8	  23,9	  29,3	  30,0	  31,3	  31,8	  29,7	  -0,1
s	   116,0357	 7	193,36	 83,81	  13,9	  25,0	  29,2	  29,7	  30,9	  31,3	  28,8	  -1,9
s	   116,0533	 8	100,46	 99,28	  12,5	  24,3	  29,5	  30,2	  31,5	  32,1	  29,7	  -0,2
s	   116,4187	 6	194,17	 89,75	  15,2	  26,3	  30,6	  31,4	  32,6	  32,1	  29,9	  -0,1
s	   116,5925	 7	194,20	 92,60	  14,9	  26,2	  30,6	  31,3	  32,5	  32,0	  29,7	  -0,2
s	   116,9315	 8	193,51	 98,53	  14,2	  25,4	  29,6	  30,1	  31,3	  31,7	  29,4	  -0,6
s	   117,2591	 8	194,11	 83,85	  13,6	  25,2	  29,6	  30,0	  31,2	  31,5	  29,6	  -0,5
s	   118,4788	 7	192,93	 89,76	  15,0	  26,1	  30,4	  31,2	  32,3	  31,8	  29,5	  -0,6
s	   118,6503	 8	192,95	 92,57	  14,8	  26,0	  30,4	  31,1	  32,2	  31,7	  29,4	  -0,8
s	   118,7096	 8	192,90	 86,74	  13,7	  25,1	  29,4	  30,0	  31,0	  31,3	  29,4	  -0,8
s	   119,2193	 7	193,54	 86,74	  13,8	  25,3	  29,5	  30,0	  31,2	  31,7	  29,5	  -0,7
s	   119,6346	 7	 38,78	 96,06	  12,5	  23,5	  28,6	  29,3	  30,6	  31,1	  28,4	  -2,6
s	   119,7569	 8	193,63	 95,56	  13,5	  25,2	  29,5	  29,9	  31,1	  31,6	  29,3	  -0,9
s	   121,5615	 8	 37,71	 95,98	  12,2	  23,9	  29,2	  29,9	  31,1	  31,6	  29,2	  -1,2
s	   121,5822	 8	 39,24	 95,99	  12,2	  23,9	  29,2	  29,9	  31,1	  31,6	  29,2	  -1,2
s	   122,8624	 4	 99,96	 90,46	  15,3	  25,8	  29,9	  30,7	  32,0	  31,7	  28,5	  -2,8
s	   123,0291	 5	 99,97	 93,19	  15,0	  25,7	  29,9	  30,6	  31,9	  31,6	  28,3	  -3,0
s	   123,0868	 5	 99,96	 87,52	  14,7	  25,2	  29,2	  29,7	  31,0	  31,6	  28,3	  -3,0
s	   123,4416	 6	 99,97	 95,45	  11,8	  23,1	  28,2	  28,9	  30,2	  30,7	  28,2	  -3,1
s	   123,7167	 6	312,29	 89,47	  14,8	  25,4	  29,7	  30,5	  31,6	  31,1	  28,2	  -3,2
s	   123,8825	 7	312,28	 92,19	  14,5	  25,3	  29,7	  30,4	  31,5	  31,0	  28,0	  -3,3
s	   124,5189	 8	312,33	 83,84	  13,2	  24,3	  28,6	  29,1	  30,3	  30,5	  27,9	  -3,6
s	   124,5347	 5	101,06	 90,46	  14,9	  26,0	  30,3	  31,1	  32,2	  31,8	  29,2	  -1,4
s	   124,6934	 7	 99,95	 81,90	  13,2	  24,0	  27,9	  28,0	  29,3	  30,7	  28,0	  -3,5
s	   124,6997	 6	101,07	 93,16	  14,7	  25,9	  30,2	  31,0	  32,1	  31,8	  29,1	  -1,6
s	   124,7568	 6	101,06	 87,55	  13,7	  25,0	  29,3	  29,8	  31,0	  31,4	  29,1	  -1,6
s	   124,8817	 7	311,57	 89,47	  14,5	  25,6	  30,1	  30,9	  32,0	  31,3	  29,0	  -1,7
s	   124,9229	 5	 99,57	 90,46	  14,9	  26,0	  30,2	  31,0	  32,2	  31,8	  29,2	  -1,5
s	   125,0463	 8	311,55	 92,17	  14,2	  25,6	  30,0	  30,8	  31,9	  31,2	  28,8	  -1,9
s	   125,0875	 6	 99,57	 93,16	  14,7	  25,9	  30,2	  30,9	  32,1	  31,8	  29,1	  -1,7
s	   125,1080	 7	101,07	 95,40	  11,4	  23,4	  28,8	  29,6	  30,8	  31,2	  28,9	  -1,8
s	   125,1444	 6	 99,57	 87,56	  14,4	  25,4	  29,5	  30,0	  31,2	  31,7	  29,1	  -1,7
s	   125,1940	 6	 99,75	 90,46	  13,9	  25,5	  29,9	  30,7	  31,8	  31,3	  29,1	  -1,7
s	   125,3583	 7	 99,76	 93,15	  13,7	  25,4	  29,9	  30,6	  31,7	  31,3	  28,9	  -1,8
s	   125,3918	 7	101,05	 84,65	  14,4	  25,7	  30,1	  30,8	  32,0	  31,5	  28,9	  -1,8
s	   125,4151	 7	 99,75	 87,56	  13,4	  24,9	  29,2	  29,7	  30,9	  31,3	  28,9	  -1,8
s	   125,4947	 7	 99,58	 95,39	  11,4	  23,4	  28,8	  29,5	  30,8	  31,2	  28,9	  -1,8
s	   125,7649	 8	 99,76	 95,38	  10,4	  22,9	  28,5	  29,2	  30,4	  30,7	  28,8	  -2,0
s	   125,8942	 8	 99,98	101,68	  12,1	  23,4	  27,5	  27,6	  28,8	  30,2	  27,7	  -3,8
s	   126,0075	 8	 99,94	 79,25	  13,4	  24,5	  28,5	  28,6	  29,9	  31,4	  28,5	  -2,3
s	   126,3469	 8	101,05	 81,99	  12,1	  23,9	  28,2	  28,4	  29,5	  30,8	  28,7	  -2,1
s	   126,7307	 8	 99,56	 82,01	  12,8	  24,3	  28,4	  28,6	  29,8	  31,1	  28,7	  -2,2
s	   126,7639	 7	312,90	 89,48	  14,4	  25,5	  30,0	  30,8	  31,8	  31,2	  28,8	  -2,1
s	   126,9266	 8	312,88	 92,14	  14,1	  25,5	  29,9	  30,7	  31,7	  31,1	  28,7	  -2,2
s	   126,9829	 8	312,92	 86,61	  13,1	  24,5	  29,0	  29,5	  30,6	  30,7	  28,7	  -2,2
s	   127,0473	 8	312,72	 89,48	  13,4	  25,0	  29,6	  30,4	  31,5	  30,7	  28,7	  -2,2
s	   127,7208	 8	312,13	 86,61	  13,1	  24,6	  29,0	  29,5	  30,6	  30,9	  28,6	  -2,3
s	   127,7504	 5	 40,83	 90,27	  14,8	  25,3	  29,6	  30,4	  31,5	  31,1	  27,9	  -3,8
s	   127,9122	 6	 40,81	 92,92	  14,5	  25,3	  29,5	  30,3	  31,4	  31,0	  27,8	  -3,9
s	   127,9681	 6	 40,85	 87,42	  14,3	  24,8	  28,9	  29,3	  30,6	  31,0	  27,8	  -4,0
s	   128,5329	 7	 40,87	 84,78	  14,5	  25,2	  29,3	  29,7	  30,9	  31,4	  28,4	  -2,6
s	   129,5273	 8	 40,89	 81,97	  12,7	  23,5	  27,5	  27,6	  28,8	  30,1	  27,4	  -4,4
s	   129,7501	 6	 41,25	 90,28	  14,4	  25,5	  29,9	  30,7	  31,8	  31,2	  28,6	  -2,5
s	   129,9099	 7	 41,23	 92,90	  14,2	  25,5	  29,8	  30,6	  31,7	  31,2	  28,5	  -2,6
s	   129,9651	 7	 41,27	 87,46	  13,9	  25,0	  29,2	  29,6	  30,8	  31,2	  28,5	  -2,6
s	   130,0480	 7	 41,07	 90,28	  13,5	  25,1	  29,6	  30,4	  31,4	  30,8	  28,5	  -2,6
s	   130,2076	 8	 41,05	 92,89	  13,2	  25,0	  29,5	  30,3	  31,3	  30,7	  28,4	  -2,8
s	   130,2628	 8	 41,09	 87,46	  12,9	  24,5	  28,9	  29,3	  30,4	  30,7	  28,4	  -2,8
s	   130,5231	 8	 41,29	 84,85	  13,7	  24,9	  29,1	  29,5	  30,7	  31,1	  28,4	  -2,8
s	   131,7391	 8	 80,19	 98,46	  10,9	  23,2	  28,4	  29,1	  30,4	  30,9	  28,2	  -3,1
s	   134,3829	 8	121,39	 95,69	  10,7	  22,4	  27,7	  28,4	  29,7	  30,0	  27,0	  -5,3
s	   139,1560	 7	280,80	 89,34	  13,0	  24,6	  29,1	  29,9	  30,9	  30,2	  27,7	  -4,3
s	   139,3072	 8	280,79	 91,82	  12,8	  24,5	  29,0	  29,8	  30,8	  30,1	  27,6	  -4,4
s	   139,3596	 8	280,80	 86,67	  11,7	  23,6	  28,1	  28,6	  29,7	  29,7	  27,6	  -4,4
s	   140,5346	 5	 79,71	 90,47	  13,4	  24,9	  29,2	  30,0	  31,1	  30,7	  27,8	  -4,3
s	   140,6846	 6	 79,71	 92,93	  13,1	  24,8	  29,1	  29,9	  31,0	  30,6	  27,7	  -4,4
s	   140,7365	 6	 79,72	 87,82	  12,9	  24,3	  28,5	  28,9	  30,1	  30,6	  27,7	  -4,4
s	   141,0560	 7	 79,70	 94,97	   9,9	  22,3	  27,7	  28,5	  29,7	  30,0	  27,6	  -4,6
s	   141,2606	 7	 79,72	 85,37	  12,6	  24,2	  28,4	  28,8	  30,0	  30,5	  27,5	  -4,6
s	   142,1839	 8	 79,73	 82,76	  10,6	  22,8	  27,1	  27,3	  28,5	  29,6	  27,3	  -4,9
s	   142,8436	 6	 79,61	 90,47	  12,3	  24,3	  28,8	  29,5	  30,6	  30,1	  27,5	  -4,8
s	   142,9917	 7	 79,61	 92,90	  12,1	  24,2	  28,7	  29,5	  30,5	  30,0	  27,4	  -4,9
s	   143,0429	 7	 79,62	 87,86	  11,8	  23,7	  28,1	  28,5	  29,7	  30,0	  27,4	  -4,9
s	   143,3582	 8	 79,60	 94,91	   8,8	  21,8	  27,3	  28,0	  29,2	  29,4	  27,2	  -5,1
s	   143,5602	 8	 79,62	 85,44	  11,5	  23,7	  28,0	  28,4	  29,5	  29,9	  27,2	  -5,1
s	   144,5245	 4	245,44	 91,79	  13,6	  24,5	  29,4	  30,4	  31,7	  31,6	  27,6	  -4,9
s	   144,7064	 7	 96,35	 92,88	  11,5	  23,4	  28,7	  29,7	  30,9	  30,4	  27,2	  -5,2
s	   145,9109	 5	261,54	 91,73	  13,3	  24,2	  29,3	  30,3	  31,5	  31,2	  27,4	  -5,2
s	   146,1781	 8	 97,35	 92,86	  10,4	  22,8	  28,3	  29,3	  30,4	  29,9	  27,0	  -5,6
s	   146,8288	 8	 96,05	 92,86	  10,4	  22,8	  28,3	  29,3	  30,4	  29,8	  27,0	  -5,7
s	   146,8380	 5	245,52	 91,76	  12,6	  23,9	  29,0	  30,0	  31,3	  31,0	  27,3	  -5,4
s	   148,0300	 7	 22,97	 90,13	  12,6	  23,7	  28,1	  28,9	  30,0	  29,1	  25,9	  -7,6
s	   148,1739	 8	 22,95	 92,49	  12,3	  23,6	  28,1	  28,8	  29,9	  29,1	  25,8	  -7,7
s	   148,2070	 6	261,41	 91,70	  12,3	  23,6	  28,9	  29,8	  31,1	  30,7	  27,1	  -5,7
s	   148,2237	 8	 22,99	 87,59	  11,3	  22,7	  27,2	  27,7	  28,7	  28,7	  25,8	  -7,7
s	   148,3038	 7	261,59	 91,70	  11,3	  23,2	  28,5	  29,5	  30,7	  30,2	  26,9	  -5,8
s	   149,4339	 8	245,47	 79,61	   9,7	  21,8	  26,9	  27,3	  28,5	  29,9	  26,7	  -6,1
s	   149,5889	 6	152,80	 90,17	  14,0	  24,7	  28,9	  29,7	  30,8	  30,2	  26,7	  -6,2
s	   149,7316	 7	152,82	 92,51	  13,7	  24,7	  28,9	  29,6	  30,7	  30,2	  26,6	  -6,3
s	   149,9729	 7	152,09	 90,18	  13,7	  24,7	  28,9	  29,6	  30,7	  30,2	  25,8	  -7,9
s	   150,1153	 8	152,11	 92,51	  13,0	  24,4	  28,8	  29,5	  30,6	  29,9	  26,7	  -6,3
s	   150,2795	 8	152,75	 85,32	  12,5	  23,7	  27,9	  28,3	  29,4	  29,7	  26,4	  -6,5
s	   152,7694	 7	152,92	 87,69	  12,6	  23,7	  27,9	  28,3	  29,4	  29,8	  26,3	  -6,8
s	   153,0406	 7	152,97	 90,17	  13,1	  24,3	  28,7	  29,4	  30,5	  29,8	  26,5	  -6,7
s	   153,1323	 8	152,79	 90,17	  12,1	  23,9	  28,4	  29,1	  30,1	  29,3	  26,4	  -6,8
s	   153,1469	 8	152,22	 87,70	  12,3	  23,7	  27,8	  28,2	  29,3	  29,7	  25,4	  -8,6
s	   153,1808	 8	152,99	 92,47	  12,8	  24,3	  28,6	  29,3	  30,4	  29,8	  26,4	  -6,8
s	   153,2115	 8	152,99	 94,95	  12,3	  23,7	  27,8	  28,2	  29,3	  29,7	  26,2	  -7,0
s	   154,1807	 7	173,75	 89,97	  12,8	  24,0	  28,4	  29,1	  30,2	  29,5	  26,2	  -7,1
s	   154,3199	 8	173,77	 92,26	  12,6	  24,0	  28,3	  29,0	  30,1	  29,5	  26,1	  -7,2
s	   154,3681	 8	173,72	 87,52	  11,5	  23,1	  27,4	  27,9	  29,0	  29,0	  26,1	  -7,2
s	   154,4326	 6	114,52	 90,43	  12,5	  23,6	  27,9	  28,7	  29,8	  29,0	  25,5	  -8,6
s	   154,5051	 8	 60,77	 90,41	  12,0	  23,8	  28,3	  29,0	  30,1	  29,3	  26,3	  -7,0
s	   154,5717	 7	114,53	 92,71	  12,3	  23,5	  27,9	  28,6	  29,7	  29,0	  25,4	  -8,7
s	   154,6198	 7	114,51	 87,98	  12,0	  23,0	  27,2	  27,7	  28,8	  29,0	  25,4	  -8,7
s	   154,6716	 8	174,43	 89,97	  12,5	  24,0	  28,3	  29,0	  30,1	  29,4	  25,3	  -8,8
s	   154,7997	 3	245,79	 89,39	  14,6	  25,1	  29,1	  29,9	  31,1	  30,7	  26,8	  -6,5
s	   154,9865	 4	245,78	 86,94	  14,1	  24,5	  28,4	  28,9	  30,1	  30,7	  26,7	  -6,7
s	   155,1057	 8	114,50	 85,71	  11,7	  22,9	  27,1	  27,5	  28,7	  28,9	  25,2	  -8,9
s	   155,4100	 8	148,61	 90,21	  12,0	  23,4	  27,8	  28,5	  29,5	  28,9	  25,2	  -9,0
s	   155,4236	 5	245,80	 94,11	  12,4	  23,1	  27,1	  27,5	  28,7	  29,2	  25,5	  -8,6
s	   155,4715	 5	245,77	 84,67	  13,6	  24,2	  28,1	  28,5	  29,8	  30,4	  26,3	  -7,1
s	   155,5557	 7	 96,00	 90,48	  11,5	  23,5	  28,1	  28,8	  29,9	  29,1	  26,3	  -7,1
s	   155,7419	 8	 96,00	 88,04	  11,7	  23,4	  27,6	  28,0	  29,2	  29,4	  26,2	  -7,2
s	   156,1118	 4	261,01	 89,35	  14,3	  24,9	  29,0	  29,8	  30,9	  30,4	  26,6	  -6,8
s	   156,1545	 7	114,05	 90,44	  12,2	  23,8	  28,3	  29,0	  30,1	  29,2	  26,3	  -7,2
s	   156,1834	 6	245,81	 96,36	  13,4	  24,2	  28,1	  28,4	  29,7	  30,3	  26,2	  -7,3
s	   156,2191	 8	153,08	 87,74	  11,7	  23,3	  27,6	  28,0	  29,1	  29,4	  26,2	  -7,3
s	   156,2924	 8	114,06	 92,70	  12,0	  23,7	  28,2	  28,9	  30,0	  29,2	  26,2	  -7,3
s	   156,2974	 5	261,01	 86,91	  13,8	  24,3	  28,3	  28,7	  29,9	  30,4	  26,5	  -7,0
s	   156,3266	 6	245,76	 82,25	  11,1	  22,1	  26,1	  26,2	  27,4	  28,7	  25,4	  -8,9
s	   156,3400	 8	114,04	 88,00	  11,7	  23,2	  27,6	  28,0	  29,1	  29,2	  26,2	  -7,3
s	   156,5457	 8	114,18	 90,44	  11,2	  23,3	  27,9	  28,7	  29,7	  28,7	  26,2	  -7,4
s	   156,7315	 6	261,02	 94,03	  12,1	  22,9	  27,0	  27,4	  28,5	  28,8	  25,3	  -9,0
s	   156,7791	 6	261,00	 84,66	  13,4	  24,0	  28,0	  28,4	  29,6	  30,0	  26,1	  -7,4
s	   156,8153	 7	115,29	 90,43	  12,1	  23,7	  28,2	  29,0	  30,0	  29,2	  26,2	  -7,3
s	   156,9527	 8	115,30	 92,68	  11,9	  23,7	  28,2	  28,9	  29,9	  29,1	  26,1	  -7,4
s	   157,0002	 8	115,28	 88,01	  11,6	  23,2	  27,5	  28,0	  29,1	  29,1	  26,1	  -7,4
s	   157,1166	 4	245,86	 89,39	  13,6	  24,5	  28,7	  29,5	  30,7	  30,2	  26,5	  -7,0
s	   157,3012	 5	245,85	 86,97	  13,0	  24,0	  28,0	  28,5	  29,7	  30,1	  26,4	  -7,2
s	   157,3308	 7	245,82	 98,76	  11,6	  22,5	  26,3	  26,3	  27,6	  29,0	  25,2	  -9,2
s	   157,4862	 7	261,02	 96,27	  13,1	  23,9	  27,9	  28,3	  29,5	  30,0	  26,0	  -7,6
s	   157,7331	 6	245,88	 94,05	  12,1	  23,5	  27,7	  28,1	  29,3	  29,6	  26,3	  -7,3
s	   157,7804	 6	245,84	 84,73	  12,8	  23,9	  27,9	  28,3	  29,6	  30,0	  26,3	  -7,3
s	   158,2652	 6	229,33	 91,72	  11,8	  23,2	  28,4	  29,3	  30,6	  30,1	  26,2	  -7,4
s	   158,4131	 5	260,90	 89,35	  13,3	  24,3	  28,6	  29,3	  30,5	  29,8	  26,3	  -7,3
s	   158,4839	 7	245,89	 96,28	  12,5	  23,8	  27,9	  28,2	  29,4	  30,0	  26,1	  -7,6
s	   158,5048	 6	261,07	 89,35	  12,3	  23,8	  28,2	  29,0	  30,1	  29,4	  26,2	  -7,5
s	   158,5965	 6	260,90	 86,94	  12,8	  23,7	  27,9	  28,3	  29,5	  29,8	  26,2	  -7,5
s	   158,6253	 7	245,83	 82,33	  10,8	  22,5	  26,7	  26,8	  28,0	  29,1	  26,1	  -7,6
s	   158,6259	 8	261,02	 98,66	  11,3	  22,2	  26,1	  26,2	  27,4	  28,7	  25,0	  -9,5
s	   158,6881	 7	261,07	 86,94	  11,8	  23,3	  27,5	  28,0	  29,1	  29,3	  26,1	  -7,6
s	   158,6965	 8	245,83	100,97	  11,0	  22,6	  26,7	  26,7	  27,9	  29,3	  25,7	  -8,0
s	   158,9319	 8	245,74	 77,65	  10,2	  21,4	  25,3	  25,0	  26,3	  28,4	  24,9	  -9,5
s	   159,0255	 7	260,91	 93,98	  11,8	  23,3	  27,5	  28,0	  29,1	  29,3	  26,1	  -7,7
s	   159,0725	 7	260,89	 84,72	  12,5	  23,7	  27,8	  28,2	  29,4	  29,7	  26,1	  -7,7
s	   159,1169	 8	261,08	 93,98	  10,8	  22,8	  27,2	  27,7	  28,7	  28,8	  25,9	  -7,8
s	   159,1639	 8	261,06	 84,72	  11,5	  23,2	  27,5	  27,9	  29,0	  29,2	  25,9	  -7,8
s	   159,3729	 7	350,60	 89,82	  13,3	  24,1	  28,4	  29,1	  30,2	  29,4	  25,8	  -8,0
s	   159,5085	 8	350,58	 92,04	  13,1	  24,0	  28,3	  29,0	  30,1	  29,4	  25,7	  -8,1
s	   159,6177	 8	245,90	 98,65	  11,2	  22,8	  26,8	  26,9	  28,1	  29,4	  25,9	  -7,9
s	   159,6349	 7	228,38	 91,71	  10,8	  22,7	  28,0	  29,0	  30,1	  29,6	  26,0	  -7,8
s	   159,7713	 8	260,91	 96,19	  12,3	  23,6	  27,7	  28,1	  29,2	  29,6	  25,9	  -7,9
s	   160,4168	 7	229,59	 91,69	  10,7	  22,6	  28,0	  28,9	  30,1	  29,5	  25,9	  -7,9
s	   160,6389	 8	229,43	 91,69	   9,8	  22,2	  27,7	  28,6	  29,7	  29,0	  25,8	  -8,1
s	   160,7335	 7	185,59	 89,86	  12,9	  23,5	  27,8	  28,5	  29,5	  28,7	  24,8	  -9,8
s	   160,8681	 8	185,61	 92,07	  12,7	  23,5	  27,7	  28,4	  29,4	  28,6	  24,7	  -9,9
s	   161,6800	 8	 27,09	 90,18	  11,7	  23,3	  27,9	  28,7	  29,7	  28,6	  25,7	  -8,2
s	   161,6802	 8	186,21	 89,85	  12,6	  23,8	  28,2	  28,9	  29,9	  28,9	  25,7	  -8,3
s	   162,5477	 8	350,49	 87,46	  11,9	  23,1	  27,3	  27,7	  28,8	  29,0	  25,4	  -8,6
s	   162,6123	 8	351,14	 89,83	  12,9	  23,9	  28,2	  28,9	  29,9	  29,2	  24,6	 -10,2
s	   162,8289	 8	350,45	 89,82	  12,4	  23,7	  28,1	  28,9	  29,9	  29,0	  25,6	  -8,4
s	   166,1576	 8	111,53	 90,45	  10,0	  22,1	  26,8	  27,5	  28,5	  27,5	  24,4	 -10,8
s	   167,8483	 5	230,45	 89,48	  12,9	  23,9	  28,1	  28,9	  30,0	  29,3	  25,6	  -8,9
s	   168,0232	 6	230,43	 87,18	  12,3	  23,3	  27,4	  27,9	  29,0	  29,3	  25,5	  -9,1
s	   168,4324	 7	230,48	 93,89	  10,6	  21,9	  26,1	  26,5	  27,6	  27,8	  24,3	 -11,0
s	   169,1440	 8	230,49	 96,00	  11,6	  23,0	  27,1	  27,4	  28,6	  28,9	  24,9	  -9,7
s	   169,1539	 6	229,54	 89,48	  11,8	  23,4	  27,8	  28,5	  29,6	  28,8	  25,4	  -9,3
s	   169,2780	 8	230,40	 82,79	   9,3	  20,9	  25,1	  25,2	  26,3	  27,3	  24,1	 -11,3
s	   169,3277	 7	229,52	 87,20	  11,3	  22,8	  27,1	  27,5	  28,6	  28,7	  25,2	  -9,4
s	   169,7343	 8	229,57	 93,87	  10,3	  22,3	  26,7	  27,2	  28,2	  28,3	  25,1	  -9,6
s	   169,8251	 8	229,51	 84,93	  12,1	  23,5	  27,9	  28,6	  29,6	  28,9	  25,1	  -9,6
s	   170,0184	 6	230,68	 89,48	  11,8	  23,3	  27,7	  28,5	  29,6	  28,7	  25,3	  -9,4
s	   170,1914	 7	230,67	 87,21	  11,3	  22,8	  27,0	  27,5	  28,6	  28,7	  25,2	  -9,6
s	   170,2301	 7	230,53	 89,48	  10,8	  22,9	  27,4	  28,2	  29,2	  28,3	  25,2	  -9,6
s	   170,4030	 8	230,52	 87,21	  10,3	  22,3	  26,7	  27,1	  28,2	  28,2	  25,0	  -9,7
s	   170,5963	 8	230,71	 93,85	  10,3	  22,3	  26,7	  27,1	  28,2	  28,2	  25,0	  -9,7
s	   171,6792	 6	275,95	 89,35	  12,5	  23,5	  27,9	  28,7	  29,7	  28,8	  25,2	  -9,7
s	   171,8508	 7	275,95	 87,10	  11,2	  22,6	  26,9	  27,4	  28,4	  28,4	  25,0	  -9,8
s	   172,2525	 8	275,95	 93,69	  10,2	  21,6	  25,9	  26,3	  27,3	  27,3	  23,9	 -11,8
s	   172,2965	 8	275,96	 85,01	  10,7	  22,3	  26,6	  27,1	  28,1	  28,1	  24,7	 -10,2
s	   172,5354	 8	319,68	 89,55	  12,2	  22,8	  27,2	  27,9	  28,8	  27,8	  23,8	 -11,9
s	   173,1265	 7	276,83	 89,35	  11,4	  23,0	  27,5	  28,3	  29,3	  28,3	  24,9	 -10,0
s	   173,2970	 8	276,83	 87,12	  10,9	  22,5	  26,8	  27,2	  28,3	  28,3	  24,8	 -10,2
s	   173,8096	 7	275,69	 89,35	  11,4	  23,0	  27,5	  28,2	  29,2	  28,3	  24,9	 -10,2
s	   173,9795	 8	275,70	 87,12	  10,2	  22,0	  26,5	  27,0	  28,0	  27,8	  24,8	 -10,3
s	   174,0450	 8	275,84	 89,35	  10,4	  22,5	  27,2	  27,9	  28,9	  27,8	  24,8	 -10,3
s	   180,8462	 8	108,39	 90,47	   9,4	  21,5	  26,1	  26,9	  27,8	  26,7	  23,2	 -13,2
s	   187,7150	 6	 91,42	 90,50	  11,1	  22,6	  27,0	  27,8	  28,8	  27,8	  23,9	 -12,3
s	   187,7805	 7	 91,42	 91,96	   8,9	  21,1	  26,5	  27,5	  28,6	  27,7	  23,8	 -12,5
s	   187,8744	 7	 91,42	 88,41	  10,6	  22,1	  26,3	  26,7	  27,8	  27,8	  23,8	 -12,5
s	   189,6358	 6	245,84	 89,40	  10,3	  22,3	  26,7	  27,5	  28,5	  27,6	  23,8	 -12,7
s	   189,7938	 7	245,84	 87,33	   9,7	  21,7	  26,0	  26,4	  27,5	  27,5	  23,7	 -12,8
s	   189,9130	 7	 91,22	 90,50	  10,0	  22,1	  26,6	  27,4	  28,3	  27,3	  23,7	 -12,8
s	   189,9778	 8	 91,22	 91,95	   7,8	  20,5	  26,1	  27,1	  28,1	  27,1	  23,6	 -12,9
s	   190,0708	 8	 91,22	 88,43	   9,5	  21,5	  25,9	  26,3	  27,3	  27,2	  23,5	 -12,9
s	   190,1061	 8	 91,36	 90,50	   9,0	  21,6	  26,3	  27,0	  28,0	  26,8	  23,5	 -13,0
s	   190,1636	 8	245,86	 93,39	   8,8	  21,2	  25,7	  26,1	  27,1	  27,0	  23,5	 -13,0
s	   190,2041	 8	245,83	 85,41	   9,5	  21,6	  25,9	  26,3	  27,4	  27,4	  23,5	 -13,0
s	   190,8991	 7	260,50	 89,36	  10,0	  22,0	  26,6	  27,3	  28,3	  27,2	  23,6	 -13,0
s	   191,0562	 8	260,50	 87,30	   9,5	  21,5	  25,9	  26,3	  27,3	  27,2	  23,5	 -13,1
s	   191,9530	 7	245,91	 89,40	   9,2	  21,7	  26,3	  27,0	  28,0	  27,0	  23,5	 -13,1
s	   192,1095	 8	245,90	 87,35	   8,7	  21,1	  25,6	  26,0	  27,0	  26,9	  23,4	 -13,3
s	   195,6171	 8	286,95	 89,38	   9,6	  21,2	  25,8	  26,5	  27,4	  26,2	  22,1	 -15,6
s	   205,3605	 5	 76,78	 92,29	  10,1	  21,4	  26,5	  27,5	  28,6	  28,0	  22,8	 -15,1
s	   206,1239	 8	154,94	 90,17	  10,5	  21,7	  26,2	  26,9	  27,8	  26,6	  22,1	 -15,8
s	   206,3989	 6	 64,73	 92,24	   9,9	  21,2	  26,4	  27,3	  28,5	  27,7	  22,6	 -15,4
s	   207,2569	 8	 76,76	 97,93	   6,6	  18,5	  23,5	  23,8	  25,0	  25,9	  21,3	 -17,5
s	   207,6813	 6	 76,73	 92,27	   9,1	  20,9	  26,1	  27,1	  28,2	  27,4	  22,5	 -15,6
s	   208,7098	 7	 64,80	 92,23	   8,8	  20,7	  26,0	  26,9	  28,0	  27,1	  22,3	 -15,9
s	   215,7004	 4	 76,58	 90,49	  11,2	  22,2	  26,4	  27,1	  28,2	  27,3	  22,1	 -16,6
s	   215,8420	 5	 76,58	 88,63	  11,5	  22,1	  25,9	  26,3	  27,4	  27,6	  22,0	 -16,8
s	   215,9736	 8	 89,30	 92,23	   7,6	  20,0	  25,4	  26,4	  27,4	  26,3	  21,7	 -17,1
s	   216,1735	 6	 76,57	 94,07	  10,5	  21,6	  25,6	  26,0	  27,1	  27,2	  21,9	 -16,9
s	   216,2099	 6	 76,59	 86,91	  10,5	  21,6	  25,6	  26,0	  27,1	  27,2	  21,9	 -17,0
s	   216,5876	 7	 76,57	 95,36	   8,0	  19,8	  24,9	  25,5	  26,6	  26,7	  21,5	 -17,4
s	   216,6962	 5	 65,04	 90,45	  11,0	  22,0	  26,2	  27,0	  28,0	  26,9	  21,9	 -16,9
s	   217,1676	 7	 65,02	 94,02	  10,2	  21,4	  25,5	  25,8	  26,9	  26,8	  21,7	 -17,2
s	   217,6962	 8	 76,59	 83,36	   9,5	  20,7	  24,6	  24,6	  25,7	  26,8	  21,3	 -17,6
s	   217,7424	 8	 65,01	 95,73	   9,8	  21,1	  25,2	  25,5	  26,6	  26,5	  21,3	 -17,6
s	   218,0229	 5	 76,53	 90,49	  10,2	  21,7	  26,0	  26,7	  27,7	  26,7	  21,9	 -17,1
s	   218,1633	 6	 76,54	 88,65	   9,7	  21,1	  25,3	  25,7	  26,7	  26,7	  21,7	 -17,3
s	   218,4918	 7	 76,53	 94,04	   9,4	  21,1	  25,2	  25,6	  26,6	  26,6	  21,6	 -17,4
s	   218,5278	 7	 76,54	 86,95	   9,4	  21,1	  25,2	  25,6	  26,6	  26,6	  21,6	 -17,4
s	   218,9021	 8	 76,52	 95,32	   7,2	  19,5	  24,7	  25,3	  26,4	  26,4	  21,5	 -17,6
s	   219,0097	 6	 65,10	 90,45	   9,9	  21,5	  25,8	  26,6	  27,5	  26,4	  21,7	 -17,4
s	   219,4767	 8	 65,08	 93,99	   9,2	  20,8	  25,1	  25,4	  26,5	  26,3	  21,4	 -17,7
s	   227,8061	 7	 53,90	 90,40	   9,4	  21,0	  25,4	  26,2	  27,1	  25,7	  21,0	 -18,9
s	   227,9412	 8	 53,91	 88,63	   9,7	  20,8	  25,0	  25,4	  26,4	  26,1	  20,8	 -19,0
s	   230,0229	 8	 54,06	 90,40	   8,4	  20,5	  25,1	  25,8	  26,6	  25,2	  20,7	 -19,4
s	   238,4393	 8	 76,92	 92,08	   6,1	  18,9	  24,5	  25,4	  26,3	  25,2	  20,1	 -20,7
s	   241,6814	 8	 87,52	 90,51	   8,2	  20,2	  24,7	  25,4	  26,2	  24,8	  19,8	 -21,3
s	   246,0002	 8	 99,11	 90,51	   7,1	  19,2	  23,8	  24,5	  25,3	  23,8	  18,6	 -23,7
s	   248,7900	 7	 76,74	 90,50	   7,3	  19,7	  24,3	  25,0	  25,9	  24,5	  19,5	 -22,2
s	   248,9152	 8	 76,75	 88,86	   6,7	  19,2	  23,6	  24,0	  24,9	  24,4	  19,4	 -22,3
s	   249,9195	 8	 65,23	 88,83	   9,0	  20,1	  24,3	  24,6	  25,6	  25,2	  19,3	 -22,5
s	   251,1120	 8	 76,70	 90,50	   6,2	  19,2	  23,9	  24,6	  25,4	  23,9	  19,3	 -22,7
s	   251,5271	 8	 65,17	 90,46	   6,9	  19,5	  24,1	  24,8	  25,7	  24,1	  19,2	 -22,7
s	   254,9710	 7	247,91	 92,51	   7,0	  18,8	  23,9	  24,4	  25,5	  25,4	  19,1	 -23,2
s	   257,2922	 8	247,94	 92,49	   6,0	  18,3	  23,5	  24,0	  25,1	  24,8	  18,9	 -23,6
s	   265,0218	 5	248,04	 89,41	   8,7	  20,2	  24,4	  25,1	  26,1	  24,7	  18,7	 -24,5
s	   265,1098	 6	248,05	 90,85	   8,5	  20,1	  24,4	  25,0	  26,0	  24,7	  18,6	 -24,6
s	   265,1402	 6	248,03	 87,86	   8,9	  20,0	  24,0	  24,3	  25,4	  25,1	  18,6	 -24,6
s	   265,4479	 7	248,03	 86,42	   7,2	  19,1	  23,4	  23,8	  24,7	  24,2	  18,4	 -24,8
s	   265,8549	 6	257,69	 89,38	   8,5	  20,0	  24,3	  25,0	  25,9	  24,4	  18,5	 -24,7
s	   265,9005	 8	248,06	 93,84	   7,5	  19,3	  23,4	  23,7	  24,7	  24,3	  18,1	 -25,2
s	   265,9426	 7	257,69	 90,82	   8,2	  19,9	  24,3	  24,9	  25,8	  24,4	  18,4	 -24,8
s	   265,9730	 7	257,69	 87,84	   8,0	  19,4	  23,6	  24,0	  24,9	  24,4	  18,4	 -24,9
s	   265,9915	 8	248,02	 84,87	   6,0	  17,7	  21,7	  21,7	  22,7	  23,1	  17,3	 -26,7
s	   266,2798	 8	257,68	 86,40	   7,0	  18,9	  23,3	  23,7	  24,6	  23,9	  18,3	 -25,0
s	   267,3466	 6	248,07	 89,41	   7,7	  19,6	  24,1	  24,8	  25,6	  24,2	  18,4	 -25,0
s	   267,4339	 7	248,08	 90,84	   7,4	  19,6	  24,0	  24,7	  25,5	  24,2	  18,3	 -25,1
s	   267,4642	 7	248,06	 87,87	   7,9	  19,5	  23,6	  24,0	  24,9	  24,6	  18,3	 -25,1
s	   267,7695	 8	248,06	 86,44	   6,2	  18,6	  23,0	  23,4	  24,3	  23,7	  18,2	 -25,2
s	   268,1733	 7	257,65	 89,39	   7,4	  19,4	  23,9	  24,6	  25,5	  23,9	  18,3	 -25,2
s	   268,2604	 8	257,65	 90,81	   7,2	  19,4	  23,9	  24,6	  25,4	  23,9	  18,1	 -25,3
s	   268,2906	 8	257,64	 87,85	   6,9	  18,9	  23,2	  23,6	  24,5	  23,8	  18,1	 -25,3
s	   272,6243	 8	237,27	 89,46	   6,3	  18,9	  23,5	  24,2	  25,0	  23,3	  17,9	 -26,0
s	   273,4541	 7	237,97	 89,46	   7,3	  19,3	  23,8	  24,5	  25,3	  23,7	  17,9	 -26,0
s	   273,5397	 8	237,98	 90,86	   7,0	  19,2	  23,7	  24,4	  25,2	  23,6	  17,8	 -26,1
s	   275,7160	 8	238,08	 89,46	   6,2	  18,8	  23,4	  24,1	  24,9	  23,2	  17,7	 -26,5
#END
