#HEADER
CATT-Acoustic v8.0b    Copyright © CATT 1988-2003

 Project                : Aula Optica 

 GEOMETRICAL INFORMATION
 Src id and loc     [m] :   A0           0,400        0,600        1,300
 Rec id and loc     [m] :   17           5,750        7,600        1,200

 17       25,6636

 VARIABLE SOURCE DATA
 Directivity
   Type (library)       :  OMNI.SD0
   Dir. Index (DI) [dB] :       0,0      0,0      0,0      0,0      0,0      0,0      0,0      0,0
 Level
   On axis 1m      [dB] :      54,1     63,1     66,8     67,7     69,4     70,6     70,6     54,2
   Total power     [dB] :      65,0     74,0     77,7     78,6     80,3     81,5     81,5     65,1
   Auxiliary delay [ms] :       0,0

 VARIABLE AIR DATA
 Temperature       [°C] :      20
 Relative humidity  [%] :      50
 Density        [kg/m³] :       1,2
 Sound speed      [m/s] :     343
 Impedance      [Ns/m³] :     412
 Diss. coeff. [0.001/m] :      0,10     0,30     0,63     1,07     2,28     6,83    24,23    83,90      (estimated)

#DATAFIELDS
 TYPE DELAY ORDER AZIMUTH ELEVATION SPL125 SPL250 SPL500 SPL1K SPL2K SPL4K SPL8K SPL16K
#DATA
d	     0,0000	 0	109,48	 90,30	  35,2	  44,2	  47,9	  48,8	  50,4	  51,4	  50,8	  32,1
s	     1,0115	 1	109,58	106,79	  34,2	  43,4	  47,0	  47,9	  49,5	  50,6	  49,8	  31,1
*	    56,8310	 1	238,79	 95,58	 -18,3	  -9,1	  -5,5	  -4,7	  -3,1	  -2,4	  -4,6	 -28,4
*	    54,2774	 1	223,48	 95,62	 -17,7	  -8,5	  -4,9	  -4,1	  -2,5	  -1,8	  -4,0	 -27,5
*	    55,1177	 1	209,66	 95,32	 -18,3	  -9,1	  -5,4	  -4,6	  -3,1	  -2,4	  -4,5	 -28,1
*	    41,2777	 1	240,18	 97,90	 -12,3	  -3,1	   0,6	   1,4	   2,9	   3,7	   1,9	 -20,4
*	    38,3651	 1	219,39	 97,84	 -11,6	  -2,4	   1,3	   2,1	   3,7	   4,5	   2,7	 -19,4
*	    39,6342	 1	202,02	 97,01	 -12,6	  -3,5	   0,2	   1,0	   2,6	   3,4	   1,6	 -20,6
*	    26,2810	 1	243,14	102,82	  -4,3	   4,8	   8,5	   9,3	  10,9	  11,8	  10,4	 -10,6
*	    23,0114	 1	211,07	102,14	  -3,7	   5,5	   9,2	  10,0	  11,6	  12,5	  11,2	  -9,6
*	    25,0660	 1	189,15	 99,54	  -6,0	   3,2	   6,9	   7,7	   9,3	  10,2	   8,8	 -12,1
*	    12,5217	 1	254,05	118,62	   7,6	  16,7	  20,4	  21,2	  22,9	  23,9	  22,8	   3,0
*	     9,2498	 1	187,92	111,91	   6,5	  15,7	  19,4	  20,2	  21,8	  22,9	  21,9	   2,4
*	    12,5263	 1	166,87	102,68	   1,3	  10,5	  14,1	  15,0	  16,6	  17,6	  16,5	  -3,3
*	     5,3674	 1	 15,84	137,65	  15,0	  24,1	  27,8	  28,6	  30,3	  31,3	  30,4	  11,3
*	     1,4826	 1	123,67	117,86	  12,6	  21,8	  25,5	  26,3	  27,9	  29,0	  28,2	   9,4
*	     4,0283	 1	135,48	103,88	   7,6	  16,7	  20,4	  21,3	  22,9	  23,9	  23,1	   4,1
s	     1,3528	 1	109,37	 72,73	  32,5	  41,6	  45,3	  45,8	  47,5	  49,3	  48,9	  29,4
*	    70,8537	 1	213,99	 83,46	 -19,8	  -9,9	  -6,1	  -5,4	  -3,8	  -2,5	  -4,6	 -27,9
*	    69,6603	 1	225,16	 82,95	 -19,3	  -9,4	  -5,6	  -4,9	  -3,3	  -2,0	  -4,1	 -27,3
*	    71,2681	 1	237,30	 82,68	 -19,6	  -9,7	  -5,9	  -5,2	  -3,6	  -2,3	  -4,5	 -27,8
*	    55,2235	 1	208,62	 82,26	 -15,1	  -5,3	  -1,4	  -0,7	   0,9	   2,3	   0,6	 -21,3
*	    53,6774	 1	222,08	 81,37	 -14,3	  -4,5	  -0,6	   0,1	   1,7	   3,1	   1,4	 -20,3
*	    55,4595	 1	237,41	 80,93	 -14,7	  -4,8	  -1,0	  -0,2	   1,3	   2,8	   1,0	 -20,9
*	    40,0996	 1	200,39	 80,56	  -9,7	   0,2	   4,0	   4,8	   6,4	   7,9	   6,6	 -14,0
*	    37,9942	 1	216,90	 78,82	  -8,3	   1,6	   5,4	   6,2	   7,8	   9,3	   8,0	 -12,3
*	    39,9416	 1	237,62	 77,93	  -8,6	   1,3	   5,1	   5,9	   7,5	   9,0	   7,7	 -12,9
*	    25,9692	 1	187,02	 78,26	  -3,4	   6,5	  10,4	  11,1	  12,7	  14,4	  13,4	  -5,9
*	    22,9625	 1	206,67	 74,17	  -0,7	   9,2	  13,0	  13,8	  15,4	  17,1	  16,2	  -2,9
*	    24,9457	 1	238,07	 71,54	  -0,5	   9,4	  13,2	  14,0	  15,6	  17,2	  16,3	  -2,9
*	    13,8762	 1	165,38	 75,92	   3,4	  13,3	  17,2	  17,9	  19,6	  21,3	  20,6	   2,4
*	     9,7628	 1	181,16	 65,63	   8,4	  18,3	  22,2	  22,9	  24,6	  26,3	  25,8	   7,9
*	    11,2154	 1	239,91	 50,72	  11,4	  21,2	  25,1	  25,9	  27,5	  29,2	  28,6	  10,7
*	     5,4316	 1	137,00	 75,79	   9,6	  19,5	  23,4	  24,2	  25,8	  27,6	  27,1	   9,7
*	     2,1398	 1	127,36	 63,31	  13,8	  23,7	  27,6	  28,4	  30,0	  31,8	  31,4	  14,3
*	     4,2212	 1	 51,00	 33,24	  17,8	  27,7	  31,6	  32,3	  34,0	  35,8	  35,3	  18,0
*	     1,8256	 1	112,54	 78,36	  15,8	  25,7	  29,6	  30,4	  32,0	  33,8	  33,5	  16,3
*	     2,4808	 1	 92,59	 73,17	  12,1	  22,0	  25,9	  26,7	  28,3	  30,1	  29,7	  12,5
*	     7,8050	 1	 55,36	 69,22	   8,8	  18,6	  22,5	  23,3	  24,9	  26,7	  26,2	   8,5
s	     1,4781	 1	105,57	 90,36	  33,5	  43,0	  46,8	  47,7	  49,3	  50,3	  49,9	  31,1
*	    17,2044	 1	 40,36	 93,06	  -1,4	   8,1	  11,9	  12,8	  14,3	  15,2	  14,4	  -5,8
*	     6,7219	 1	 76,06	 93,34	   5,6	  15,1	  18,9	  19,8	  21,4	  22,2	  21,7	   2,5
*	     2,0174	 1	101,66	 92,77	  18,5	  28,0	  31,8	  32,7	  34,3	  35,2	  34,9	  16,0
*	    12,8609	 1	 53,98	 80,43	 -10,5	  -1,3	   2,3	   3,2	   4,8	   5,8	   8,7	  -9,4
*	    12,4673	 1	 53,92	 86,62	 -10,2	  -1,1	   2,6	   3,4	   5,1	   6,1	   9,0	  -9,1
*	    11,0443	 1	 60,26	 80,51	  -9,4	  -0,2	   3,5	   4,3	   6,0	   6,9	   9,9	  -8,1
*	    10,6358	 1	 60,20	 86,68	  -9,1	   0,1	   3,8	   4,6	   6,2	   7,2	  10,2	  -7,7
*	     9,4294	 1	 66,45	 80,67	  -8,3	   0,9	   4,6	   5,4	   7,1	   8,1	  11,1	  -6,7
*	     9,0058	 1	 66,41	 86,79	  -7,9	   1,2	   4,9	   5,7	   7,4	   8,4	  11,4	  -6,4
*	     8,0109	 1	 72,44	 80,94	  -7,2	   2,0	   5,7	   6,5	   8,2	   9,2	  12,2	  -5,5
*	     7,5704	 1	 72,41	 86,92	  -6,8	   2,4	   6,0	   6,9	   8,5	   9,5	  12,6	  -5,1
*	     6,7785	 1	 78,09	 81,28	  -6,0	   3,2	   6,8	   7,7	   9,3	  10,3	  13,4	  -4,2
*	     6,3173	 1	 78,07	 87,07	  -5,6	   3,5	   7,2	   8,1	   9,7	  10,7	  13,8	  -3,7
*	     5,7192	 1	 83,34	 81,68	  -4,8	   4,4	   8,1	   8,9	  10,6	  11,6	  14,7	  -2,8
*	     5,2309	 1	 83,33	 87,24	  -4,3	   4,8	   8,5	   9,4	  11,0	  12,0	  15,2	  -2,3
*	     4,8206	 1	 88,15	 82,11	  -3,3	   5,8	   9,5	  10,3	  12,0	  13,0	  16,1	  -1,3
*	     4,2939	 1	 88,14	 87,42	  -2,8	   6,4	  10,0	  10,9	  12,5	  13,6	  16,7	  -0,7
*	     4,0743	 1	 92,51	 82,53	  -1,7	   7,5	  11,2	  12,0	  13,7	  14,7	  17,9	   0,5
*	     3,4904	 1	 92,52	 87,59	  -0,9	   8,2	  11,9	  12,8	  14,4	  15,4	  18,6	   1,3
*	     3,4821	 1	 96,46	 82,96	   0,4	   9,6	  13,3	  14,1	  15,8	  16,8	  20,0	   2,7
*	     2,8086	 1	 96,47	 87,76	   1,5	  10,6	  14,3	  15,2	  16,8	  17,9	  21,0	   3,8
*	     3,0702	 1	 99,99	 83,37	   3,1	  12,2	  15,9	  16,8	  18,4	  19,5	  22,6	   5,4
*	     2,2468	 1	100,01	 87,92	   4,8	  14,0	  17,6	  18,5	  20,1	  21,2	  24,4	   7,2
*	     2,3188	 1	 96,02	 98,81	   3,3	  13,0	  17,7	  18,8	  20,5	  21,6	  20,9	   2,0
*	     5,0500	 1	 78,70	100,31	  -0,8	   8,9	  13,6	  14,7	  16,4	  17,5	  16,7	  -2,4
*	     9,8264	 1	 56,14	100,87	  -4,2	   5,5	  10,2	  11,3	  13,0	  14,0	  13,1	  -6,4
s	     2,4364	 2	105,64	105,99	  33,0	  42,7	  46,5	  47,3	  48,9	  49,9	  49,5	  30,6
s	     2,7606	 2	105,49	 73,69	  31,9	  41,6	  45,5	  46,1	  47,7	  49,4	  49,3	  30,4
s	     2,8560	 1	113,75	 90,34	  33,1	  42,6	  46,4	  47,3	  48,9	  49,8	  49,4	  30,5
*	    12,9824	 1	148,29	 84,61	   4,7	  14,2	  18,0	  18,9	  20,5	  21,3	  20,7	   0,9
*	     4,4600	 1	120,39	 85,55	  18,0	  27,5	  31,3	  32,2	  33,8	  34,7	  34,3	  15,2
s	     3,1784	 2	112,78	 90,35	  32,0	  42,0	  46,0	  46,9	  48,4	  49,3	  49,2	  30,2
s	     3,6437	 2	109,30	 62,07	  30,1	  40,1	  44,8	  45,7	  47,4	  49,2	  48,8	  29,8
s	     3,7694	 2	113,86	105,25	  32,6	  42,3	  46,1	  46,9	  48,5	  49,5	  49,0	  30,0
s	     4,0791	 2	113,63	 74,43	  31,5	  41,3	  45,1	  45,7	  47,3	  49,0	  48,9	  29,9
s	     4,0820	 3	112,88	105,10	  31,5	  41,7	  45,7	  46,5	  48,1	  48,9	  48,8	  29,7
s	     4,2838	 2	109,69	121,98	  31,4	  40,7	  44,3	  44,8	  46,5	  48,3	  47,8	  28,0
s	     4,3884	 3	112,67	 74,61	  30,4	  40,7	  44,7	  45,3	  46,8	  48,4	  48,7	  29,6
s	     4,9464	 3	105,43	 63,43	  29,0	  39,5	  44,4	  45,2	  46,9	  48,6	  48,5	  29,4
s	     5,5597	 3	105,73	120,60	  30,8	  40,8	  44,6	  45,2	  46,8	  48,5	  48,3	  29,1
*	     6,6868	 1	111,16	 81,22	  -1,6	   7,9	  11,7	  12,6	  14,2	  15,1	  14,6	  -4,7
s	     6,7646	 3	113,97	119,35	  30,5	  40,5	  44,3	  44,8	  46,4	  48,2	  47,9	  28,7
s	     7,0486	 4	112,99	119,09	  29,5	  39,9	  43,9	  44,4	  46,0	  47,6	  47,7	  28,4
s	     8,1888	 3	109,78	131,66	  28,6	  38,8	  43,5	  44,3	  46,0	  47,8	  47,3	  27,9
s	     8,4028	 1	354,10	 89,41	  31,5	  40,6	  44,4	  45,2	  46,8	  47,7	  46,6	  26,5
*	     9,1020	 1	 13,29	101,19	  15,5	  24,6	  28,3	  29,2	  30,8	  31,6	  31,9	  14,1
*	     8,8501	 1	338,51	105,06	  19,0	  28,1	  31,9	  32,7	  34,3	  35,2	  35,4	  17,6
*	    11,9311	 1	294,28	102,45	  16,2	  25,3	  29,1	  29,9	  31,5	  32,3	  32,5	  14,4
*	    12,4553	 1	294,58	 63,57	  15,2	  24,3	  28,1	  28,9	  30,5	  31,3	  31,5	  13,4
*	    17,5274	 1	270,83	 97,94	  10,0	  19,1	  22,8	  23,7	  25,3	  26,0	  26,1	   7,5
*	    17,9002	 1	270,84	 71,45	   9,5	  18,6	  22,3	  23,2	  24,8	  25,6	  25,6	   7,0
*	    24,1405	 1	260,09	 95,34	   4,5	  13,5	  17,3	  18,1	  19,7	  20,4	  20,3	   1,1
*	    24,4177	 1	260,03	 76,43	   4,2	  13,3	  17,0	  17,9	  19,5	  20,2	  20,0	   0,9
*	    31,2285	 1	254,34	 93,86	  -0,1	   8,9	  12,7	  13,5	  15,1	  15,8	  15,4	  -4,3
*	    31,4480	 1	254,27	 79,39	  -0,3	   8,8	  12,5	  13,4	  14,9	  15,6	  15,3	  -4,5
*	    38,5993	 1	250,82	 92,93	  -4,0	   5,0	   8,8	   9,7	  11,2	  11,8	  11,3	  -9,1
*	    38,7813	 1	250,76	 81,28	  -4,1	   4,9	   8,7	   9,6	  11,1	  11,7	  11,2	  -9,3
*	    46,1628	 1	248,47	 92,30	  -7,3	   1,7	   5,4	   6,3	   7,8	   8,4	   7,7	 -13,4
*	    46,3184	 1	248,41	 82,58	  -7,4	   1,6	   5,4	   6,2	   7,7	   8,3	   7,6	 -13,5
*	    53,8672	 1	246,80	 91,85	 -10,3	  -1,3	   2,5	   3,3	   4,8	   5,4	   4,4	 -17,4
*	    54,0032	 1	246,74	 83,50	 -10,4	  -1,3	   2,4	   3,3	   4,8	   5,3	   4,4	 -17,4
*	    61,6789	 1	245,54	 91,51	 -13,0	  -3,9	  -0,2	   0,6	   2,1	   2,6	   1,5	 -21,0
*	    61,7998	 1	245,48	 84,21	 -13,0	  -4,0	  -0,2	   0,6	   2,1	   2,6	   1,4	 -21,1
*	    69,5747	 1	244,56	 91,24	 -15,4	  -6,4	  -2,6	  -1,8	  -0,3	   0,1	  -1,2	 -24,4
*	    69,6836	 1	244,51	 84,76	 -15,4	  -6,4	  -2,7	  -1,8	  -0,3	   0,1	  -1,3	 -24,4
s	     9,1712	 2	353,88	101,96	  31,6	  40,9	  44,6	  45,5	  47,0	  47,9	  47,1	  27,6
s	     9,3226	 4	105,79	130,10	  27,6	  38,3	  43,2	  44,0	  45,6	  47,3	  47,1	  27,6
s	     9,5298	 2	357,48	 89,48	  31,0	  40,6	  44,5	  45,4	  46,9	  47,6	  47,2	  27,7
s	     9,5924	 3	109,17	 47,66	  28,7	  38,3	  41,9	  42,1	  43,8	  46,4	  46,1	  25,8
s	    10,2740	 3	357,26	101,64	  30,6	  40,4	  44,3	  45,1	  46,6	  47,4	  46,9	  27,3
s	    10,6825	 4	105,33	 49,28	  28,3	  38,5	  42,3	  42,6	  44,2	  46,7	  46,7	  27,1
s	    10,9800	 4	114,08	129,82	  29,2	  39,4	  43,2	  43,7	  45,3	  47,0	  46,6	  27,0
*	    11,0912	 1	325,45	 68,55	  -8,5	   0,5	   4,3	   5,2	   6,8	   7,6	   7,7	 -10,2
*	    11,9763	 1	325,68	 55,93	 -10,1	  -1,0	   2,8	   3,6	   5,2	   6,0	   6,2	 -11,9
s	    11,2315	 5	113,10	129,51	  28,2	  38,8	  42,8	  43,3	  44,8	  46,5	  46,4	  26,8
s	    11,5452	 2	351,64	 89,40	  30,6	  40,1	  44,0	  44,9	  46,4	  47,1	  46,7	  27,0
s	    11,7226	 4	113,41	 50,64	  28,0	  38,3	  42,1	  42,3	  43,9	  46,4	  46,4	  26,7
s	    11,7362	 3	353,64	114,27	  29,3	  38,6	  42,3	  42,8	  44,4	  46,0	  45,5	  25,0
*	    12,1987	 1	325,54	 74,54	  16,4	  25,6	  29,2	  30,1	  31,7	  32,7	  31,6	  11,9
*	    11,7801	 1	  8,50	 78,87	  13,9	  23,1	  26,8	  27,6	  29,2	  30,2	  29,2	   9,5
*	    14,9094	 1	 27,83	 83,09	   9,1	  18,3	  22,0	  22,8	  24,4	  25,4	  24,3	   4,3
s	    11,7929	 3	352,45	 89,42	  29,5	  39,6	  43,6	  44,5	  46,0	  46,6	  46,5	  26,8
s	    11,9692	 5	112,46	 50,96	  27,0	  37,7	  41,7	  42,0	  43,5	  45,9	  46,2	  26,5
s	    12,0787	 2	352,16	 76,93	  29,4	  38,7	  42,3	  42,8	  44,4	  46,2	  45,5	  25,0
s	    12,2499	 3	351,44	100,92	  30,2	  39,9	  43,8	  44,6	  46,2	  46,9	  46,4	  26,6
s	    12,4930	 4	352,25	100,87	  29,1	  39,4	  43,4	  44,3	  45,8	  46,4	  46,2	  26,4
s	    12,7655	 4	357,03	113,64	  28,8	  38,8	  42,7	  43,3	  44,8	  46,4	  46,1	  26,3
s	    13,0989	 3	355,36	 77,33	  28,9	  38,9	  42,7	  43,3	  44,9	  46,5	  46,2	  26,3
*	    13,4495	 1	148,51	 99,49	 -12,3	  -2,8	   1,0	   1,9	   3,5	   4,3	   3,7	 -16,2
s	    13,7511	 3	352,32	 68,81	  27,3	  37,4	  42,2	  43,0	  44,7	  46,5	  45,8	  25,9
s	    13,8797	 5	121,11	 66,96	  25,6	  36,7	  41,8	  42,6	  44,1	  45,7	  45,7	  25,8
*	    14,0051	 1	154,09	 99,95	 -13,5	  -4,0	  -0,2	   0,7	   2,3	   3,1	   2,5	 -17,5
s	    14,4313	 4	353,47	121,72	  26,9	  37,1	  42,0	  42,8	  44,4	  46,0	  45,5	  25,5
s	    14,6194	 4	351,22	112,38	  28,4	  38,4	  42,3	  42,9	  44,4	  45,9	  45,7	  25,7
s	    14,7078	 4	109,90	141,48	  27,3	  37,1	  40,7	  40,9	  42,5	  45,1	  44,6	  23,9
s	    14,7291	 4	355,51	 69,40	  26,4	  37,0	  41,9	  42,7	  44,3	  46,0	  45,6	  25,6
s	    14,8483	 5	352,03	112,26	  27,4	  37,9	  41,9	  42,5	  44,0	  45,4	  45,5	  25,5
s	    15,1975	 3	350,02	 77,89	  28,5	  38,4	  42,3	  42,8	  44,4	  46,1	  45,6	  25,6
s	    15,3931	 5	356,86	120,95	  26,0	  36,7	  41,7	  42,5	  44,0	  45,6	  45,4	  25,3
s	    15,4232	 4	350,79	 77,97	  27,5	  37,9	  41,9	  42,5	  44,0	  45,6	  45,5	  25,4
*	    16,3768	 1	 39,60	 91,27	  -2,5	   6,6	  10,4	  11,2	  12,8	  13,6	  13,6	  -4,8
*	    16,5541	 1	 39,52	 96,79	  -2,6	   6,5	  10,2	  11,1	  12,7	  13,5	  13,5	  -5,0
s	    16,7471	 4	350,17	 70,33	  25,9	  36,6	  41,5	  42,3	  43,9	  45,6	  45,1	  25,0
s	    16,9646	 5	350,93	 70,44	  24,9	  36,1	  41,1	  41,9	  43,5	  45,1	  45,0	  24,8
s	    17,0124	 5	114,21	138,99	  27,7	  37,8	  41,8	  42,3	  43,8	  45,4	  45,0	  24,8
s	    17,0124	 5	113,31	 42,86	  26,6	  37,1	  40,9	  41,1	  42,7	  45,2	  45,0	  24,8
s	    17,1909	 6	121,68	123,34	  24,7	  36,0	  41,0	  41,8	  43,4	  45,0	  44,8	  24,6
s	    17,2285	 6	113,22	138,68	  26,7	  37,3	  41,4	  41,9	  43,4	  44,9	  44,8	  24,6
s	    17,2285	 6	112,36	 43,18	  25,6	  36,6	  40,5	  40,7	  42,3	  44,7	  44,8	  24,6
*	    18,2030	 1	 37,55	 80,62	 -13,8	  -4,8	  -1,0	  -0,2	   1,4	   2,2	   2,2	 -16,4
*	    17,8762	 1	 37,48	 85,88	 -13,6	  -4,6	  -0,8	   0,1	   1,6	   2,4	   2,4	 -16,2
s	    18,6770	 4	352,61	 55,92	  27,6	  37,1	  40,8	  41,2	  42,8	  44,4	  43,7	  22,6
s	    19,1339	 7	117,81	136,03	  25,0	  36,0	  40,1	  40,3	  41,8	  44,0	  44,2	  23,9
s	    19,3398	 8	116,88	135,77	  24,0	  35,5	  39,7	  39,9	  41,4	  43,5	  44,1	  23,7
s	    19,5486	 5	355,79	 56,72	  27,2	  37,3	  41,3	  41,8	  43,3	  44,8	  44,4	  24,0
s	    20,5073	 5	353,18	132,34	  26,0	  35,7	  39,5	  39,6	  41,2	  43,6	  43,1	  21,9
s	    20,7360	 6	119,73	 49,26	  21,5	  33,0	  39,0	  39,8	  41,4	  43,9	  43,8	  23,2
s	    20,8040	 5	110,00	147,43	  26,4	  36,5	  40,2	  40,3	  42,0	  44,6	  43,9	  23,3
s	    21,0656	 6	105,20	 36,48	  22,6	  33,8	  38,7	  38,9	  40,5	  43,8	  43,9	  23,4
s	    21,3602	 5	350,43	 58,06	  26,8	  37,0	  40,9	  41,4	  42,9	  44,5	  44,0	  23,4
s	    21,5564	 6	351,19	 58,22	  25,8	  36,5	  40,6	  41,1	  42,5	  44,0	  43,8	  23,2
s	    21,5696	 7	116,46	 50,18	  20,6	  32,7	  38,8	  39,5	  41,2	  43,5	  43,7	  23,1
s	    21,6364	 6	105,97	145,96	  25,5	  36,1	  39,9	  40,1	  41,7	  44,2	  43,8	  23,2
s	    21,7796	 5	108,97	 33,70	  24,7	  34,7	  38,3	  38,2	  39,8	  43,2	  42,8	  21,5
s	    22,4402	 6	114,32	144,56	  25,4	  36,0	  39,8	  40,0	  41,5	  44,0	  43,6	  22,9
s	    22,6321	 7	113,32	144,26	  24,4	  35,5	  39,4	  39,6	  41,1	  43,5	  43,5	  22,8
s	    22,8722	 6	350,80	129,80	  25,3	  35,8	  39,7	  39,9	  41,4	  43,7	  43,5	  22,8
s	    23,0623	 7	351,61	129,62	  24,3	  35,3	  39,3	  39,5	  41,0	  43,2	  43,4	  22,6
s	    23,8585	 6	113,19	 36,09	  25,1	  35,6	  39,5	  39,7	  41,2	  43,5	  43,3	  22,5
s	    25,2264	 6	352,98	137,87	  23,4	  34,0	  38,9	  39,3	  40,9	  43,4	  42,8	  21,9
s	    25,7521	 6	350,62	 50,87	  25,8	  36,2	  40,1	  40,5	  42,1	  43,6	  42,9	  21,9
s	    25,9316	 7	351,38	 51,04	  24,8	  35,7	  39,7	  40,2	  41,7	  43,1	  42,8	  21,8
s	    25,9876	 7	356,39	137,00	  22,5	  33,7	  38,7	  39,1	  40,7	  43,0	  42,8	  21,8
s	    26,1656	 6	110,09	151,27	  21,7	  32,4	  37,1	  37,2	  38,9	  42,2	  41,8	  20,0
s	    26,3047	 7	345,76	114,90	  20,8	  32,6	  38,9	  39,9	  41,4	  42,8	  42,7	  21,7
s	    26,4824	 8	346,42	114,82	  19,8	  32,1	  38,5	  39,5	  41,0	  42,3	  42,6	  21,5
s	    26,9131	 7	106,03	149,89	  21,4	  32,7	  37,6	  37,8	  39,4	  42,6	  42,6	  21,5
s	    27,5048	 7	352,98	 43,64	  21,8	  32,7	  37,5	  37,7	  39,3	  42,5	  42,2	  21,1
s	    28,0496	 7	350,59	136,00	  24,2	  34,8	  38,7	  38,9	  40,4	  42,7	  42,4	  21,2
s	    28,2215	 8	351,41	135,82	  23,2	  34,3	  38,4	  38,6	  40,0	  42,3	  42,2	  21,0
s	    28,2338	 8	356,16	 44,50	  20,9	  32,3	  37,3	  37,5	  39,1	  42,1	  42,2	  21,0
s	    28,3049	 6	108,88	 29,35	  23,9	  34,2	  37,9	  37,8	  39,4	  42,7	  42,2	  21,0
s	    29,0232	 7	105,11	 30,73	  23,0	  33,9	  37,7	  37,6	  39,1	  42,4	  42,2	  20,9
s	    29,7200	 7	113,09	 31,92	  22,9	  33,8	  37,6	  37,5	  39,0	  42,3	  42,0	  20,7
s	    29,8867	 8	112,16	 32,21	  21,9	  33,3	  37,2	  37,1	  38,6	  41,8	  41,9	  20,5
s	    30,4118	 8	350,79	 45,30	  22,6	  33,5	  37,4	  37,3	  38,8	  41,9	  41,8	  20,4
s	    30,8002	 7	352,77	142,78	  20,7	  31,5	  36,3	  36,4	  38,0	  41,1	  40,8	  18,6
s	    31,4872	 8	356,18	141,94	  20,4	  31,8	  36,8	  37,0	  38,5	  41,6	  41,6	  20,1
s	    32,1683	 8	346,88	130,60	  19,1	  30,9	  37,0	  37,7	  39,3	  41,6	  41,2	  19,7
s	    32,9339	 8	353,18	 38,75	  19,2	  30,2	  35,0	  34,8	  36,4	  40,3	  40,3	  17,9
s	    33,2001	 8	350,41	140,64	  21,2	  32,4	  37,4	  37,9	  39,4	  41,5	  41,3	  19,6
s	    33,5284	 8	106,11	153,68	  20,1	  31,6	  36,6	  36,7	  38,3	  41,5	  41,2	  19,5
s	    33,9147	 7	108,80	 26,47	  19,2	  30,2	  34,9	  34,7	  36,4	  40,5	  40,2	  17,8
s	    34,5463	 7	110,22	155,72	  22,7	  33,2	  36,9	  36,7	  38,3	  41,7	  40,9	  19,1
s	    34,5662	 8	105,05	 27,76	  18,9	  30,6	  35,5	  35,4	  37,0	  40,9	  41,0	  19,3
s	    35,8179	 8	114,55	153,29	  21,5	  32,6	  36,4	  36,2	  37,8	  41,0	  40,6	  18,7
s	    37,3714	 8	112,97	 27,83	  21,6	  32,5	  36,4	  36,3	  37,8	  40,8	  40,5	  18,5
s	    37,9876	 8	355,68	 32,27	  18,4	  29,5	  34,2	  34,1	  35,7	  39,6	  39,4	  16,6
s	    40,2923	 8	110,31	158,05	  18,1	  29,3	  34,0	  33,8	  35,4	  39,5	  39,0	  16,0
s	    40,5454	 8	350,44	146,09	  22,7	  33,1	  36,9	  37,0	  38,5	  40,9	  39,7	  17,4
s	    42,5528	 8	108,69	 23,05	  20,4	  31,2	  34,8	  34,4	  36,0	  40,1	  39,4	  16,9
s	    53,4804	 2	135,52	 90,50	  23,8	  33,4	  37,2	  38,0	  39,5	  40,2	  38,4	  14,9
s	    53,8142	 3	135,59	 95,96	  23,5	  33,3	  37,1	  37,9	  39,4	  40,1	  38,2	  14,8
s	    53,9294	 3	135,44	 84,62	  22,5	  32,4	  36,2	  36,7	  38,2	  39,6	  38,2	  14,7
s	    53,9720	 3	133,87	 90,52	  23,5	  33,3	  37,1	  37,9	  39,4	  40,1	  37,4	  13,2
s	    54,3037	 4	133,94	 95,95	  22,7	  33,1	  37,0	  37,8	  39,2	  39,8	  38,3	  14,8
s	    54,4182	 4	133,80	 84,67	  22,2	  32,3	  36,1	  36,6	  38,1	  39,5	  37,2	  13,0
s	    54,7359	 4	135,39	 80,57	  20,2	  30,8	  35,7	  36,4	  38,0	  39,4	  38,0	  14,4
s	    54,9714	 4	135,66	101,74	  21,6	  31,6	  35,3	  35,7	  37,2	  38,7	  37,2	  12,8
s	    55,2198	 5	133,75	 80,65	  19,4	  30,5	  35,5	  36,3	  37,8	  39,1	  38,0	  14,4
s	    55,4539	 5	134,01	101,70	  21,8	  32,2	  36,0	  36,4	  37,9	  39,4	  37,0	  12,6
s	    56,2562	 5	135,71	105,67	  19,8	  30,6	  35,5	  36,2	  37,7	  39,2	  37,7	  14,0
s	    56,7312	 6	134,06	105,60	  19,0	  30,3	  35,3	  36,0	  37,5	  38,9	  37,7	  14,0
s	    56,9101	 3	135,99	 90,50	  22,7	  32,8	  36,8	  37,6	  39,0	  39,5	  38,0	  14,3
s	    57,0220	 4	135,60	 90,50	  21,7	  32,4	  36,4	  37,2	  38,7	  39,1	  37,9	  14,1
s	    57,0899	 5	135,30	 73,72	  20,1	  30,4	  34,1	  34,3	  35,8	  38,0	  36,7	  12,2
s	    57,2300	 4	136,06	 95,74	  22,4	  32,8	  36,7	  37,5	  38,9	  39,4	  37,9	  14,1
s	    57,3405	 4	135,92	 84,86	  21,4	  31,8	  35,8	  36,3	  37,7	  39,0	  37,8	  14,1
s	    57,3415	 5	135,66	 95,74	  21,4	  32,3	  36,4	  37,1	  38,5	  39,0	  37,7	  13,9
s	    57,4518	 5	135,53	 84,87	  20,4	  31,3	  35,4	  36,0	  37,4	  38,5	  37,7	  13,9
s	    57,5602	 6	133,66	 73,84	  20,4	  31,0	  34,8	  34,9	  36,4	  38,7	  36,6	  12,0
s	    58,1142	 5	135,87	 80,97	  19,1	  30,2	  35,2	  36,0	  37,5	  38,8	  37,6	  13,8
s	    58,2245	 6	135,48	 80,99	  18,1	  29,7	  34,9	  35,6	  37,1	  38,3	  37,5	  13,6
s	    58,3402	 5	136,13	101,29	  21,0	  31,7	  35,6	  36,1	  37,5	  38,9	  37,6	  13,7
s	    58,4502	 6	135,74	101,28	  20,1	  31,2	  35,3	  35,8	  37,2	  38,4	  37,5	  13,6
s	    59,1416	 6	135,24	 69,65	  19,2	  30,1	  35,1	  35,8	  37,3	  38,6	  37,1	  13,2
s	    59,3952	 6	135,80	112,20	  19,7	  30,1	  33,8	  33,9	  35,4	  37,7	  36,3	  11,6
s	    59,5742	 6	136,18	105,06	  18,7	  30,0	  35,0	  35,7	  37,2	  38,6	  37,3	  13,3
s	    59,6005	 7	133,61	 69,79	  18,5	  29,8	  34,9	  35,6	  37,1	  38,3	  37,2	  13,2
s	    59,6827	 7	135,79	105,05	  17,7	  29,5	  34,7	  35,4	  36,9	  38,1	  37,2	  13,2
s	    59,8528	 7	134,15	112,10	  19,9	  30,7	  34,5	  34,6	  36,1	  38,4	  36,1	  11,4
s	    60,3758	 6	135,78	 74,38	  19,6	  30,5	  34,4	  34,6	  36,1	  38,2	  37,2	  13,1
s	    60,4832	 7	135,39	 74,41	  18,6	  30,0	  34,1	  34,3	  35,7	  37,7	  37,1	  13,0
s	    62,1510	 7	135,74	 70,81	  17,2	  28,8	  33,8	  34,2	  35,7	  37,8	  36,8	  12,6
s	    62,2562	 8	135,34	 70,84	  16,2	  28,3	  33,5	  33,9	  35,3	  37,4	  36,7	  12,5
s	    62,5953	 7	136,27	111,38	  19,1	  30,2	  34,2	  34,3	  35,8	  37,9	  36,8	  12,5
s	    62,7001	 8	135,87	111,36	  18,1	  29,8	  33,8	  34,0	  35,4	  37,4	  36,7	  12,4
s	    62,9706	 7	135,16	 63,95	  18,1	  28,8	  32,5	  32,3	  33,8	  36,8	  35,7	  10,7
s	    63,2111	 3	336,97	 89,42	  22,5	  32,2	  36,1	  36,9	  38,4	  38,8	  36,9	  12,6
s	    63,5084	 4	336,90	 94,29	  22,3	  32,2	  36,1	  36,8	  38,3	  38,7	  36,8	  12,4
s	    63,6111	 4	337,06	 84,18	  21,2	  31,2	  35,1	  35,6	  37,1	  38,3	  36,7	  12,4
s	    63,6491	 4	338,45	 89,44	  22,3	  32,1	  36,0	  36,8	  38,2	  38,7	  36,0	  10,8
s	    63,9450	 5	338,37	 94,29	  21,5	  31,9	  35,9	  36,7	  38,1	  38,4	  36,8	  12,5
s	    64,0472	 5	338,53	 84,23	  21,0	  31,1	  35,0	  35,5	  36,9	  38,2	  35,8	  10,6
s	    64,3234	 6	339,50	 94,29	  19,8	  30,4	  35,4	  36,4	  37,9	  38,2	  36,4	  12,0
s	    64,5413	 5	336,81	 99,46	  20,4	  30,4	  34,2	  34,7	  36,1	  37,3	  35,7	  10,5
s	    64,9729	 6	338,28	 99,43	  20,7	  31,0	  34,9	  35,3	  36,8	  38,0	  35,6	  10,3
s	    65,3936	 8	135,93	120,34	  15,6	  27,0	  31,8	  31,9	  33,4	  36,4	  35,3	  10,0
s	    65,6831	 8	135,11	 60,75	  16,1	  27,6	  32,5	  32,6	  34,2	  37,2	  36,0	  11,5
s	    65,6917	 6	336,75	102,99	  18,6	  29,4	  34,4	  35,1	  36,6	  37,9	  36,3	  11,7
s	    66,0460	 8	135,65	 64,91	  17,5	  28,9	  32,9	  32,7	  34,2	  37,1	  36,2	  11,7
s	    66,1179	 7	338,22	102,95	  17,8	  29,2	  34,3	  35,0	  36,4	  37,6	  36,3	  11,8
s	    66,6542	 4	336,59	 89,42	  21,5	  31,7	  35,7	  36,5	  37,9	  38,2	  36,6	  12,0
s	    66,7543	 5	336,95	 89,42	  20,5	  31,2	  35,4	  36,2	  37,5	  37,7	  36,5	  11,8
s	    66,9405	 5	336,52	 94,11	  21,2	  31,6	  35,6	  36,4	  37,8	  38,1	  36,4	  11,8
s	    67,0394	 5	336,68	 84,37	  20,2	  30,7	  34,7	  35,2	  36,6	  37,7	  36,4	  11,8
s	    67,0403	 6	336,87	 94,11	  20,2	  31,1	  35,3	  36,1	  37,4	  37,6	  36,3	  11,7
s	    67,1391	 6	337,03	 84,38	  19,2	  30,2	  34,4	  34,9	  36,2	  37,2	  36,3	  11,6
s	    67,2787	 5	336,78	 80,84	  18,7	  29,5	  34,3	  35,1	  36,6	  38,0	  36,2	  11,5
s	    67,6977	 6	338,21	 80,90	  17,9	  29,2	  34,2	  34,9	  36,4	  37,7	  36,2	  11,5
s	    67,8502	 8	339,38	 94,11	  17,7	  29,3	  34,7	  35,7	  37,0	  37,1	  36,0	  11,3
s	    67,9355	 6	336,44	 99,09	  19,9	  30,5	  34,6	  35,0	  36,4	  37,6	  36,2	  11,5
s	    67,9909	 6	113,13	 85,75	  19,1	  30,1	  34,3	  34,8	  36,2	  37,1	  36,2	  11,5
s	    68,0343	 7	336,79	 99,09	  18,9	  30,1	  34,3	  34,7	  36,1	  37,1	  36,1	  11,3
s	    68,7111	 7	336,64	109,26	  19,6	  29,8	  33,7	  34,1	  35,5	  36,6	  35,0	   9,4
s	    69,0446	 7	336,38	102,50	  17,5	  28,9	  34,0	  34,7	  36,2	  37,3	  35,9	  11,1
s	    69,1237	 8	338,11	109,20	  19,8	  30,4	  34,4	  34,8	  36,1	  37,3	  34,8	   9,2
s	    69,1422	 8	336,74	102,49	  16,6	  28,4	  33,7	  34,4	  35,8	  36,8	  35,8	  11,0
s	    69,2635	 1	224,46	 89,12	  22,6	  32,1	  35,9	  36,7	  38,2	  38,7	  36,6	  11,7
*	    73,1194	 1	244,15	 85,44	  -1,9	   7,6	  11,4	  12,3	  13,7	  14,2	  11,9	 -13,2
*	    69,4298	 1	226,53	 85,65	  -1,1	   8,4	  12,2	  13,1	  14,5	  15,0	  12,9	 -12,0
*	    71,5857	 1	210,64	 86,17	  -1,9	   7,6	  11,4	  12,2	  13,7	  14,2	  12,0	 -13,1
s	    69,3224	 6	336,88	 74,86	  18,7	  29,1	  32,9	  33,0	  34,4	  36,6	  35,0	   9,4
s	    69,5419	 2	224,52	 93,68	  22,1	  31,8	  35,6	  36,4	  37,9	  38,4	  36,2	  11,3
s	    69,6381	 2	224,40	 84,21	  20,6	  30,2	  33,9	  34,4	  35,9	  37,2	  35,4	   9,8
s	    69,7324	 7	338,31	 74,94	  19,0	  29,7	  33,5	  33,6	  35,1	  37,3	  34,8	   9,2
s	    70,0751	 2	222,42	 89,14	  21,6	  31,6	  35,5	  36,4	  37,8	  38,2	  36,4	  11,4
s	    70,3511	 3	222,48	 93,67	  21,3	  31,5	  35,5	  36,2	  37,7	  38,1	  36,2	  11,3
s	    70,4465	 3	222,35	 84,28	  20,3	  30,6	  34,5	  35,1	  36,5	  37,7	  36,2	  11,3
s	    70,5101	 3	224,58	 98,53	  20,3	  30,1	  33,8	  34,3	  35,7	  37,0	  35,2	   9,5
s	    70,5568	 8	336,59	112,14	  16,7	  28,0	  32,9	  33,3	  34,8	  36,9	  35,4	  10,4
s	    70,6053	 3	224,34	 79,71	  20,8	  30,7	  34,5	  35,1	  36,5	  37,8	  36,0	  11,0
s	    70,6864	 6	336,42	 81,15	  17,6	  28,9	  34,0	  34,7	  36,1	  37,4	  35,8	  10,9
s	    70,7823	 7	336,77	 81,16	  16,6	  28,5	  33,6	  34,3	  35,8	  36,9	  35,7	  10,7
s	    70,9333	 7	336,94	 71,58	  16,9	  28,1	  33,0	  33,4	  34,9	  37,1	  35,5	  10,5
s	    71,3112	 4	222,54	 98,48	  20,0	  30,5	  34,4	  34,9	  36,3	  37,5	  36,0	  11,0
s	    71,3365	 8	338,37	 71,68	  16,1	  27,9	  32,9	  33,3	  34,7	  36,8	  35,5	  10,5
s	    71,4057	 4	222,29	 79,82	  20,0	  30,4	  34,4	  34,9	  36,3	  37,5	  36,0	  10,9
s	    71,5405	 2	224,76	 89,12	  21,5	  31,5	  35,4	  36,2	  37,7	  38,0	  36,2	  11,1
s	    71,6644	 3	224,42	 89,12	  20,5	  31,0	  35,1	  35,9	  37,3	  37,5	  36,1	  11,0
s	    71,8124	 3	224,81	 93,57	  21,2	  31,4	  35,3	  36,1	  37,5	  37,9	  36,0	  11,0
s	    71,8712	 2	254,96	 88,85	  22,2	  31,7	  35,6	  36,4	  37,9	  38,2	  36,1	  11,1
s	    71,9064	 3	224,70	 84,32	  20,2	  30,4	  34,4	  34,9	  36,4	  37,5	  36,0	  10,9
s	    71,9359	 4	224,48	 93,57	  20,2	  30,9	  35,0	  35,8	  37,2	  37,5	  35,9	  10,8
s	    72,0121	 4	224,64	102,92	  20,5	  30,6	  34,4	  34,8	  36,3	  37,6	  35,7	  10,6
s	    72,0298	 4	224,36	 84,33	  19,2	  30,0	  34,1	  34,6	  36,0	  37,0	  35,9	  10,8
s	    72,1423	 3	254,98	 93,29	  21,7	  31,4	  35,3	  36,1	  37,5	  37,9	  35,8	  10,7
s	    72,2359	 3	254,94	 84,07	  20,1	  29,8	  33,6	  34,1	  35,5	  36,6	  35,0	   9,1
s	    72,2931	 4	224,28	 75,01	  18,9	  28,9	  32,7	  32,9	  34,3	  36,4	  34,8	   9,0
s	    72,6592	 7	336,52	 75,36	  18,2	  29,3	  33,2	  33,4	  34,8	  36,8	  35,5	  10,3
s	    72,7533	 8	336,86	 75,38	  17,2	  28,8	  32,9	  33,0	  34,4	  36,4	  35,4	  10,2
s	    72,7582	 4	224,87	 98,31	  19,9	  30,3	  34,3	  34,8	  36,2	  37,4	  35,8	  10,6
s	    72,8010	 5	222,60	102,83	  19,6	  30,3	  34,2	  34,7	  36,1	  37,3	  35,7	  10,5
s	    72,8513	 4	224,64	 79,93	  19,9	  30,3	  34,3	  34,8	  36,2	  37,4	  35,8	  10,6
s	    72,8806	 5	224,54	 98,30	  18,9	  29,9	  33,9	  34,5	  35,8	  36,9	  35,7	  10,5
s	    72,9735	 5	224,30	 79,95	  18,9	  29,9	  33,9	  34,4	  35,8	  36,9	  35,7	  10,5
s	    73,0127	 3	256,89	 88,85	  21,1	  31,1	  35,2	  36,0	  37,4	  37,6	  35,9	  10,7
s	    73,0798	 5	222,23	 75,15	  18,6	  29,3	  33,3	  33,5	  34,9	  36,9	  35,7	  10,5
s	    73,0849	 4	255,00	 98,02	  19,8	  29,7	  33,5	  33,9	  35,4	  36,5	  34,7	   8,8
s	    73,1777	 4	254,92	 79,70	  20,4	  30,3	  34,2	  34,7	  36,2	  37,3	  35,5	  10,3
s	    73,2806	 4	256,91	 93,24	  20,9	  31,1	  35,1	  35,9	  37,3	  37,5	  35,7	  10,5
s	    73,3732	 4	256,87	 84,12	  19,8	  30,1	  34,2	  34,7	  36,1	  37,1	  35,7	  10,5
s	    74,0888	 3	254,55	 88,86	  21,0	  31,0	  35,1	  35,9	  37,3	  37,5	  35,8	  10,5
s	    74,2126	 5	256,93	 97,91	  19,5	  30,0	  34,0	  34,6	  35,9	  37,0	  35,5	  10,2
s	    74,2265	 5	224,93	102,61	  19,5	  30,2	  34,1	  34,6	  36,0	  37,2	  35,5	  10,2
s	    74,2482	 5	224,70	107,47	  18,5	  28,7	  32,5	  32,6	  34,1	  36,2	  34,5	   8,4
s	    74,2672	 4	254,86	 88,86	  20,0	  30,6	  34,7	  35,6	  36,9	  37,0	  35,6	  10,3
s	    74,3042	 5	256,85	 79,79	  19,5	  30,0	  34,0	  34,6	  35,9	  37,0	  35,5	  10,2
s	    74,3470	 6	224,59	102,59	  18,5	  29,7	  33,8	  34,2	  35,6	  36,7	  35,4	  10,1
s	    74,3538	 4	254,57	 93,20	  20,8	  31,0	  35,0	  35,8	  37,2	  37,4	  35,6	  10,3
s	    74,3922	 8	336,58	 71,87	  16,8	  28,4	  33,5	  34,1	  35,6	  36,7	  35,2	   9,9
s	    74,4315	 5	224,22	 70,80	  19,0	  29,4	  33,2	  33,4	  34,8	  36,9	  35,3	   9,9
s	    74,4454	 4	254,52	 84,19	  19,7	  30,0	  34,1	  34,6	  36,0	  37,0	  35,6	  10,3
s	    74,4874	 8	337,04	 66,12	  16,8	  27,7	  31,4	  31,1	  32,6	  35,6	  34,1	   8,1
s	    74,5013	 5	224,58	 75,32	  18,5	  29,2	  33,1	  33,4	  34,8	  36,8	  35,5	  10,2
s	    74,5317	 5	254,88	 93,19	  19,8	  30,5	  34,7	  35,5	  36,8	  36,9	  35,5	  10,2
s	    74,5483	 5	255,02	102,30	  20,0	  30,2	  34,1	  34,5	  36,0	  37,1	  35,2	   9,9
s	    74,6215	 6	224,24	 75,34	  17,5	  28,7	  32,8	  33,0	  34,4	  36,3	  35,4	  10,0
s	    74,6232	 5	254,84	 84,19	  18,7	  29,6	  33,7	  34,3	  35,6	  36,5	  35,5	  10,1
s	    75,2015	 6	222,67	107,66	  19,2	  29,9	  33,9	  34,4	  35,8	  36,8	  35,3	   9,9
s	    75,2015	 6	222,17	 70,97	  18,2	  29,1	  33,0	  33,2	  34,6	  36,6	  35,3	   9,9
s	    75,2758	 5	254,59	 97,82	  19,4	  29,9	  34,0	  34,5	  35,8	  36,9	  35,4	  10,0
s	    75,3665	 5	254,50	 79,90	  19,4	  29,9	  33,9	  34,5	  35,8	  36,9	  35,4	  10,0
s	    75,4521	 6	254,91	 97,81	  18,4	  29,5	  33,6	  34,1	  35,5	  36,4	  35,3	   9,9
s	    75,5427	 6	254,82	 79,92	  18,4	  29,5	  33,6	  34,1	  35,5	  36,4	  35,2	   9,8
s	    75,6597	 6	256,95	102,14	  19,2	  29,9	  33,9	  34,3	  35,7	  36,8	  35,2	   9,8
s	    75,9306	 6	256,84	 75,25	  18,1	  28,9	  32,9	  33,2	  34,5	  36,3	  35,2	   9,8
s	    76,4141	 6	224,99	107,06	  18,1	  29,0	  32,9	  33,1	  34,5	  36,5	  35,1	   9,7
s	    76,5321	 7	224,65	107,05	  17,1	  28,5	  32,6	  32,8	  34,2	  36,1	  35,0	   9,5
s	    76,5935	 6	224,52	 71,20	  18,1	  29,0	  32,9	  33,1	  34,5	  36,5	  35,1	   9,6
s	    76,7079	 6	254,61	102,02	  19,1	  29,8	  33,8	  34,3	  35,6	  36,7	  35,1	   9,6
s	    76,7112	 7	224,19	 71,23	  17,1	  28,5	  32,6	  32,8	  34,2	  36,0	  35,0	   9,5
s	    76,7291	 6	255,05	106,74	  18,1	  28,3	  32,2	  32,3	  33,7	  35,7	  34,1	   7,8
s	    76,8633	 6	224,76	111,49	  18,6	  29,1	  32,9	  33,1	  34,5	  36,7	  34,8	   9,3
s	    76,8818	 7	254,93	101,99	  18,1	  29,3	  33,5	  33,9	  35,3	  36,2	  35,0	   9,4
s	    76,9039	 5	295,93	 88,93	  19,6	  30,2	  34,4	  35,3	  36,5	  36,5	  35,2	   9,7
s	    76,9080	 6	254,88	 70,99	  18,6	  29,0	  32,9	  33,1	  34,5	  36,4	  34,8	   9,3
s	    77,1495	 7	254,80	 75,43	  17,1	  28,3	  32,5	  32,7	  34,1	  35,8	  34,9	   9,4
s	    77,1617	 6	295,89	 93,15	  19,3	  30,1	  34,4	  35,1	  36,4	  36,4	  35,0	   9,5
s	    77,2047	 6	295,65	 88,93	  18,6	  29,7	  34,1	  34,9	  36,2	  36,0	  35,0	   9,5
s	    77,2507	 6	295,96	 84,38	  18,3	  29,2	  33,4	  34,0	  35,3	  36,0	  35,0	   9,5
s	    77,3091	 6	224,16	 66,49	  17,0	  27,5	  31,2	  31,1	  32,5	  35,4	  34,0	   7,7
s	    77,4617	 7	295,61	 93,14	  18,3	  29,6	  34,0	  34,8	  36,0	  35,9	  34,9	   9,3
s	    77,5505	 7	295,68	 84,40	  17,3	  28,7	  33,1	  33,6	  34,9	  35,5	  34,9	   9,3
s	    77,6152	 7	222,72	111,35	  17,8	  28,9	  32,8	  32,9	  34,3	  36,4	  34,9	   9,3
s	    77,8170	 7	256,96	106,54	  17,7	  28,7	  32,7	  32,9	  34,3	  36,1	  34,9	   9,3
s	    78,0587	 7	295,86	 97,65	  18,0	  29,1	  33,3	  33,8	  35,1	  35,9	  34,8	   9,2
s	    78,1470	 7	295,99	 80,21	  18,0	  29,1	  33,3	  33,8	  35,1	  35,9	  34,8	   9,2
s	    78,1739	 7	256,82	 70,88	  18,7	  29,5	  33,6	  34,0	  35,4	  36,3	  34,8	   9,2
s	    78,2833	 7	222,10	 66,40	  17,7	  28,7	  32,7	  32,9	  34,2	  36,1	  34,8	   9,2
s	    78,3562	 8	295,58	 97,62	  17,0	  28,6	  33,0	  33,5	  34,7	  35,4	  34,7	   9,0
s	    78,4443	 8	295,71	 80,24	  17,0	  28,6	  33,0	  33,5	  34,7	  35,4	  34,7	   9,0
s	    78,8436	 7	254,63	106,38	  17,7	  28,6	  32,6	  32,8	  34,2	  36,0	  34,7	   9,0
s	    78,9751	 7	225,04	111,02	  17,6	  28,7	  32,7	  32,8	  34,2	  36,2	  34,7	   9,0
s	    79,0140	 8	254,95	106,35	  16,7	  28,1	  32,3	  32,5	  33,8	  35,6	  34,6	   8,9
s	    79,0188	 7	254,46	 71,37	  17,6	  28,6	  32,6	  32,8	  34,2	  36,0	  34,7	   9,0
s	    79,0901	 8	224,71	111,00	  16,7	  28,3	  32,3	  32,5	  33,9	  35,8	  34,6	   8,9
s	    79,1889	 8	254,78	 71,40	  16,7	  28,1	  32,3	  32,5	  33,8	  35,5	  34,6	   8,9
s	    79,2824	 7	255,07	110,69	  18,1	  28,8	  32,6	  32,8	  34,2	  36,2	  34,4	   8,7
s	    79,4120	 7	224,46	 66,97	  16,6	  27,8	  31,7	  31,6	  33,0	  35,8	  34,7	   8,9
s	    79,4529	 8	295,83	101,74	  17,7	  28,9	  33,2	  33,6	  34,9	  35,7	  34,6	   8,8
s	    79,5266	 8	224,13	 67,00	  15,6	  27,3	  31,4	  31,3	  32,7	  35,3	  34,5	   8,8
s	    79,7141	 8	296,03	 75,83	  16,6	  28,0	  32,2	  32,4	  33,7	  35,3	  34,5	   8,7
s	    79,7180	 7	254,85	 66,77	  16,6	  27,1	  30,9	  30,8	  32,2	  34,9	  33,6	   7,1
s	    80,2144	 7	224,82	115,58	  16,5	  27,2	  30,9	  30,7	  32,2	  35,1	  33,5	   7,0
s	    80,3441	 8	256,98	110,45	  17,3	  28,4	  32,5	  32,6	  34,0	  35,8	  34,4	   8,6
s	    80,4737	 7	224,10	 62,72	  17,0	  27,9	  31,7	  31,5	  33,0	  35,9	  34,3	   8,5
s	    81,2002	 8	222,79	115,69	  17,2	  28,4	  32,4	  32,5	  33,9	  35,8	  34,3	   8,4
s	    81,2002	 8	222,05	 62,94	  16,2	  27,6	  31,5	  31,4	  32,8	  35,6	  34,3	   8,4
s	    81,3464	 8	254,65	110,25	  17,2	  28,4	  32,4	  32,5	  33,9	  35,8	  34,3	   8,4
s	    81,7737	 8	254,44	 67,22	  16,2	  27,4	  31,4	  31,3	  32,7	  35,3	  34,3	   8,3
s	    82,2606	 8	225,10	115,04	  16,1	  27,5	  31,4	  31,3	  32,7	  35,5	  34,2	   8,2
s	    82,5150	 8	224,41	 63,26	  16,1	  27,5	  31,4	  31,3	  32,7	  35,5	  34,2	   8,2
s	    82,5586	 8	255,09	114,70	  16,1	  26,8	  30,7	  30,5	  31,9	  34,6	  33,2	   6,4
s	    82,8123	 8	254,83	 63,07	  16,6	  27,5	  31,4	  31,2	  32,6	  35,4	  33,9	   7,9
s	    83,7794	 8	224,87	119,14	  16,5	  27,6	  31,3	  31,2	  32,6	  35,5	  33,8	   7,7
s	    84,3638	 8	224,04	 58,92	  14,9	  25,9	  29,6	  29,2	  30,6	  34,3	  33,0	   6,0
s	    86,2213	 4	285,90	 88,88	  19,0	  29,1	  33,2	  34,1	  35,4	  35,3	  33,2	   6,1
s	    86,4577	 5	285,88	 92,75	  18,8	  29,1	  33,2	  33,9	  35,3	  35,3	  33,0	   5,9
s	    86,5393	 5	285,92	 84,71	  17,8	  28,1	  32,2	  32,8	  34,1	  34,9	  33,0	   5,9
s	    87,2809	 6	285,86	 96,88	  17,5	  27,9	  31,9	  32,4	  33,7	  34,5	  32,8	   5,6
s	    87,3620	 6	285,93	 80,88	  18,0	  28,5	  32,6	  33,1	  34,5	  35,3	  33,6	   7,2
s	    87,7630	 5	285,01	 88,88	  18,7	  29,3	  33,5	  34,4	  35,6	  35,5	  33,9	   7,4
s	    87,9961	 6	284,99	 92,70	  18,5	  29,2	  33,5	  34,3	  35,5	  35,4	  33,8	   7,3
s	    88,0767	 6	285,03	 84,77	  17,4	  28,3	  32,5	  33,1	  34,4	  35,0	  33,8	   7,3
s	    88,5626	 7	285,84	100,65	  17,7	  28,4	  32,5	  33,0	  34,3	  35,1	  33,4	   6,8
s	    88,8030	 7	285,95	 76,84	  16,1	  26,8	  30,8	  31,0	  32,3	  33,9	  32,6	   5,2
s	    88,8083	 7	284,97	 96,77	  17,1	  28,2	  32,4	  32,9	  34,2	  34,9	  33,6	   7,0
s	    88,8883	 7	285,04	 80,99	  17,1	  28,2	  32,4	  32,9	  34,2	  34,9	  33,6	   7,0
s	    90,0731	 8	284,95	100,49	  16,8	  28,1	  32,3	  32,8	  34,0	  34,8	  33,3	   6,6
s	    90,3104	 8	285,06	 76,99	  15,8	  27,1	  31,4	  31,6	  32,8	  34,3	  33,3	   6,6
s	    90,6382	 8	285,97	 73,19	  16,3	  27,3	  31,4	  31,6	  32,9	  34,5	  33,0	   6,3
s	    95,5339	 4	196,77	 89,57	  19,3	  29,3	  33,3	  34,1	  35,3	  35,4	  33,1	   5,9
s	    95,7521	 5	196,83	 93,15	  19,0	  29,2	  33,2	  34,0	  35,2	  35,3	  33,0	   5,8
s	    95,8276	 5	196,70	 85,72	  18,0	  28,3	  32,3	  32,8	  34,1	  34,9	  33,0	   5,8
s	    95,9031	 6	 66,75	105,78	  14,6	  25,5	  30,3	  30,6	  32,1	  34,1	  31,9	   3,9
s	    96,5128	 6	196,89	 96,97	  17,7	  28,2	  32,2	  32,7	  33,9	  34,8	  32,8	   5,5
s	    96,6654	 6	196,64	 81,91	  17,8	  28,6	  32,8	  33,6	  34,9	  34,7	  32,8	   5,5
s	    96,6878	 7	 68,43	105,98	  15,3	  26,7	  31,8	  32,4	  33,8	  34,8	  32,7	   5,4
s	    97,6986	 7	196,95	100,46	  17,4	  28,1	  32,1	  32,5	  33,8	  34,7	  32,5	   5,2
s	    97,9212	 7	196,58	 78,43	  16,4	  27,2	  31,1	  31,3	  32,6	  34,2	  32,5	   5,1
s	    98,0613	 7	 66,73	109,17	  14,7	  25,9	  30,8	  31,2	  32,7	  34,7	  32,3	   4,9
s	    98,1233	 7	 66,56	105,51	  14,2	  25,8	  30,8	  31,2	  32,6	  34,5	  32,6	   5,2
s	    98,2206	 8	 66,84	105,50	  13,2	  25,3	  30,5	  30,9	  32,2	  34,0	  32,4	   5,0
s	    98,6851	 8	 68,41	109,09	  13,9	  25,7	  30,7	  31,1	  32,5	  34,4	  32,4	   4,9
s	    99,4766	 8	197,02	104,13	  16,0	  27,0	  31,0	  31,1	  32,4	  34,1	  32,2	   4,7
s	    99,7569	 4	279,21	 88,87	  18,0	  28,1	  32,2	  33,0	  34,3	  34,2	  31,7	   3,4
s	    99,9678	 5	279,20	 92,33	  17,8	  28,1	  32,2	  32,9	  34,2	  34,2	  31,6	   3,2
s	   100,0407	 5	279,22	 85,15	  16,8	  27,1	  31,2	  31,8	  33,1	  33,7	  31,6	   3,2
s	   100,2434	 8	 66,54	108,85	  13,8	  25,6	  30,6	  30,9	  32,4	  34,3	  32,2	   4,6
s	   100,7031	 6	279,19	 96,02	  16,5	  26,9	  30,9	  31,4	  32,6	  33,4	  31,4	   3,0
s	   100,7756	 6	279,23	 81,72	  17,0	  27,6	  31,7	  32,1	  33,4	  34,1	  32,2	   4,5
s	   101,4891	 5	278,50	 88,87	  17,7	  28,3	  32,5	  33,4	  34,6	  34,4	  32,4	   4,7
s	   101,6971	 6	278,49	 92,28	  17,5	  28,2	  32,5	  33,2	  34,5	  34,3	  32,3	   4,6
s	   101,7690	 6	278,51	 85,20	  16,4	  27,3	  31,5	  32,1	  33,3	  33,9	  32,3	   4,6
s	   101,8499	 7	279,18	 99,40	  16,7	  27,4	  31,5	  32,0	  33,3	  34,0	  31,9	   4,2
s	   101,8768	 6	278,70	 88,87	  16,7	  27,8	  32,2	  33,0	  34,2	  33,9	  32,3	   4,5
s	   102,0653	 7	279,24	 78,09	  15,2	  25,8	  29,9	  30,0	  31,3	  32,8	  31,1	   2,6
s	   102,0842	 7	278,69	 92,27	  16,5	  27,8	  32,1	  32,9	  34,1	  33,8	  32,2	   4,4
s	   102,1370	 5	280,37	 88,88	  17,7	  28,2	  32,5	  33,3	  34,5	  34,3	  32,4	   4,6
s	   102,1559	 7	278,71	 85,21	  15,4	  26,8	  31,2	  31,7	  32,9	  33,4	  32,1	   4,4
s	   102,1802	 2	 66,04	 90,79	  19,1	  29,1	  33,0	  33,8	  35,2	  35,3	  32,7	   4,9
s	   102,3440	 6	280,36	 92,27	  17,4	  28,2	  32,4	  33,2	  34,4	  34,3	  32,2	   4,4
s	   102,3871	 3	 66,02	 94,18	  18,8	  29,0	  32,9	  33,7	  35,1	  35,3	  32,6	   4,8
s	   102,4155	 6	280,38	 85,23	  16,4	  27,3	  31,5	  32,0	  33,3	  33,8	  32,2	   4,4
s	   102,4224	 7	278,48	 95,92	  16,2	  27,2	  31,5	  31,9	  33,2	  33,8	  32,1	   4,3
s	   102,4586	 3	 66,07	 87,14	  18,6	  28,5	  32,3	  32,8	  34,2	  35,2	  32,6	   4,8
s	   102,4939	 7	278,52	 81,82	  16,2	  27,2	  31,5	  31,9	  33,2	  33,8	  32,1	   4,3
s	   102,8073	 8	278,68	 95,90	  15,2	  26,7	  31,1	  31,6	  32,8	  33,3	  32,0	   4,1
s	   102,8786	 8	278,72	 81,84	  15,2	  26,7	  31,1	  31,6	  32,8	  33,3	  32,0	   4,1
s	   103,0657	 7	280,34	 95,89	  16,1	  27,2	  31,4	  31,9	  33,1	  33,7	  32,0	   4,2
s	   103,1368	 7	280,39	 81,86	  16,1	  27,2	  31,4	  31,9	  33,1	  33,7	  32,0	   4,2
s	   103,1796	 4	 66,10	 83,78	  18,0	  28,2	  31,9	  32,4	  33,8	  34,9	  32,1	   4,3
s	   103,5540	 8	278,47	 99,26	  15,9	  27,1	  31,3	  31,8	  33,0	  33,7	  31,9	   4,0
s	   103,7125	 8	279,25	 74,80	  15,3	  26,3	  30,4	  30,6	  31,9	  33,4	  31,6	   3,7
s	   103,7666	 8	278,53	 78,24	  14,8	  26,2	  30,4	  30,6	  31,8	  33,2	  31,9	   4,0
s	   103,9169	 5	 65,98	100,31	  15,0	  26,1	  31,2	  31,9	  33,3	  34,3	  31,9	   4,0
s	   103,9289	 4	226,24	 89,14	  17,0	  28,0	  32,2	  33,0	  34,3	  34,3	  32,3	   4,4
s	   104,1330	 5	226,28	 92,49	  16,8	  28,0	  32,2	  32,9	  34,2	  34,2	  32,2	   4,2
s	   104,1917	 8	280,33	 99,21	  15,8	  27,1	  31,3	  31,7	  33,0	  33,6	  31,8	   3,9
s	   104,2035	 5	226,20	 85,54	  15,7	  27,0	  31,2	  31,8	  33,1	  33,8	  32,2	   4,2
s	   104,4032	 8	280,40	 78,29	  14,8	  26,1	  30,4	  30,6	  31,8	  33,2	  31,8	   3,8
s	   104,4456	 5	 66,12	 80,22	  16,2	  26,4	  30,1	  30,3	  31,7	  33,6	  31,1	   2,4
s	   104,4810	 3	 65,88	 90,79	  17,9	  28,4	  32,5	  33,3	  34,6	  34,7	  32,3	   4,4
s	   104,5736	 4	 66,13	 90,80	  17,0	  28,0	  32,2	  33,0	  34,3	  34,2	  32,2	   4,2
s	   104,6842	 4	 65,86	 94,12	  17,7	  28,4	  32,4	  33,2	  34,5	  34,6	  32,2	   4,2
s	   104,7545	 4	 65,91	 87,21	  17,4	  27,9	  31,8	  32,3	  33,7	  34,6	  32,2	   4,2
s	   104,7766	 5	 66,11	 94,12	  16,7	  27,9	  32,1	  32,9	  34,2	  34,2	  32,1	   4,1
s	   104,8448	 6	226,33	 96,06	  15,5	  26,9	  31,2	  31,6	  32,9	  33,7	  32,0	   4,0
s	   104,8469	 5	 66,16	 87,21	  16,5	  27,4	  31,5	  32,0	  33,3	  34,1	  32,1	   4,1
s	   105,1412	 4	 42,12	 86,97	  17,4	  27,8	  31,8	  32,3	  33,6	  34,6	  32,2	   4,1
s	   105,4629	 5	 65,93	 83,90	  17,2	  27,8	  31,7	  32,1	  33,5	  34,5	  32,0	   4,0
s	   105,5548	 6	 66,18	 83,91	  16,2	  27,3	  31,4	  31,8	  33,1	  34,0	  31,9	   3,8
s	   105,8475	 5	 42,17	 83,68	  16,9	  27,5	  31,4	  31,9	  33,3	  34,3	  31,7	   3,6
s	   105,9555	 7	226,37	 99,34	  15,2	  26,8	  31,0	  31,5	  32,8	  33,6	  31,8	   3,6
s	   106,0630	 6	 66,15	 76,98	  15,6	  26,5	  30,5	  30,6	  32,0	  33,8	  31,6	   3,5
s	   106,1642	 7	226,11	 78,70	  14,1	  25,9	  30,1	  30,3	  31,6	  33,1	  31,7	   3,6
s	   106,1874	 6	 65,81	100,15	  14,1	  25,8	  30,9	  31,6	  33,0	  33,9	  31,8	   3,7
s	   106,2788	 7	 66,07	100,15	  13,2	  25,3	  30,6	  31,3	  32,6	  33,4	  31,7	   3,6
s	   106,7070	 6	 65,96	 80,40	  15,8	  26,7	  30,6	  30,8	  32,2	  34,0	  31,8	   3,6
s	   106,7980	 7	 66,21	 80,41	  14,8	  26,3	  30,3	  30,5	  31,8	  33,5	  31,7	   3,5
s	   107,0253	 4	140,13	 90,52	  18,1	  28,3	  32,3	  33,1	  34,4	  34,4	  31,7	   3,5
s	   107,1953	 6	 42,22	 79,94	  16,1	  26,6	  30,5	  30,9	  32,2	  33,1	  30,7	   1,7
s	   107,2246	 5	140,17	 93,79	  17,8	  28,2	  32,2	  33,0	  34,3	  34,3	  31,6	   3,4
s	   107,3191	 5	139,13	 90,54	  17,8	  28,2	  32,2	  32,9	  34,3	  34,3	  30,8	   1,8
s	   107,3908	 5	 42,38	 87,04	  16,3	  27,2	  31,3	  31,8	  33,1	  34,0	  31,8	   3,6
s	   107,5180	 6	139,18	 93,79	  17,1	  28,0	  32,1	  32,9	  34,1	  34,1	  31,7	   3,5
s	   107,5379	 6	 42,14	 87,04	  15,3	  26,8	  31,0	  31,5	  32,7	  33,5	  31,7	   3,4
s	   107,7609	 8	226,42	103,03	  14,8	  26,5	  30,8	  31,3	  32,5	  33,2	  31,5	   3,2
s	   107,7609	 8	226,07	 75,51	  13,8	  25,7	  29,9	  30,1	  31,4	  33,0	  31,5	   3,2
s	   107,9200	 6	140,22	 97,28	  16,5	  27,2	  31,2	  31,7	  33,0	  33,8	  31,4	   3,1
s	   108,0853	 6	 42,42	 83,80	  16,0	  27,1	  31,2	  31,7	  33,0	  33,9	  31,6	   3,3
s	   108,2118	 7	139,22	 97,28	  16,3	  27,1	  31,2	  31,5	  32,9	  33,8	  30,5	   1,4
s	   108,2316	 7	 42,18	 83,81	  15,0	  26,7	  30,9	  31,3	  32,6	  33,4	  31,5	   3,2
s	   108,2628	 7	 66,17	 73,59	  14,5	  25,2	  28,9	  28,7	  30,1	  32,8	  30,5	   1,4
s	   108,2972	 7	 65,98	 77,21	  14,8	  26,2	  30,2	  30,4	  31,7	  33,4	  31,5	   3,2
s	   108,3871	 8	 66,23	 77,22	  13,8	  25,7	  29,9	  30,1	  31,3	  32,9	  31,4	   3,1
s	   108,8125	 7	 42,26	 76,77	  16,3	  27,1	  31,1	  31,5	  32,8	  33,7	  31,2	   2,9
s	   109,4108	 7	 42,47	 80,12	  15,7	  26,9	  31,0	  31,5	  32,7	  33,5	  31,4	   3,0
s	   109,5557	 8	 42,23	 80,13	  14,7	  26,4	  30,7	  31,2	  32,4	  33,0	  31,3	   2,8
s	   110,2963	 5	140,23	 87,08	  16,6	  27,2	  31,1	  31,6	  32,9	  33,9	  31,3	   2,8
s	   110,3486	 8	139,96	 77,96	  12,9	  24,5	  29,6	  30,0	  31,4	  33,0	  31,0	   2,5
s	   110,4608	 8	 66,01	 73,88	  14,1	  25,5	  29,4	  29,2	  30,6	  33,2	  31,2	   2,7
s	   110,4970	 5	140,30	 90,52	  17,1	  27,8	  32,0	  32,7	  34,0	  33,9	  31,5	   3,0
s	   110,5649	 6	140,06	 90,53	  16,1	  27,4	  31,7	  32,4	  33,6	  33,4	  31,4	   2,9
s	   110,5831	 6	139,26	 87,10	  16,4	  27,2	  31,1	  31,5	  32,8	  33,9	  30,4	   1,1
s	   110,6912	 6	140,34	 93,71	  16,9	  27,8	  31,9	  32,6	  33,9	  33,9	  31,4	   2,9
s	   110,7109	 8	 66,20	 70,55	  14,6	  25,6	  29,4	  29,2	  30,6	  33,3	  30,9	   2,4
s	   110,7590	 7	140,10	 93,71	  15,9	  27,3	  31,6	  32,3	  33,5	  33,4	  31,3	   2,7
s	   111,0018	 8	 42,51	 77,00	  15,4	  26,7	  30,9	  31,3	  32,6	  33,3	  31,1	   2,6
s	   111,3690	 7	140,39	 97,11	  15,6	  26,8	  30,9	  31,3	  32,6	  33,3	  31,2	   2,6
s	   111,4364	 8	140,15	 97,11	  14,6	  26,3	  30,6	  31,0	  32,3	  32,9	  31,1	   2,5
s	   111,6714	 7	140,40	 99,50	  14,1	  25,5	  30,6	  31,2	  32,6	  33,6	  30,9	   2,3
s	   111,7623	 8	140,16	 81,55	  12,8	  24,4	  29,5	  29,9	  31,3	  32,9	  30,8	   2,2
s	   111,9553	 8	139,42	 99,50	  13,3	  25,3	  30,5	  31,1	  32,4	  33,4	  31,0	   2,4
s	   112,6262	 8	140,17	 80,58	  14,3	  25,7	  29,9	  30,0	  31,3	  32,8	  31,0	   2,3
s	   113,7625	 6	140,40	 87,17	  15,7	  26,8	  30,8	  31,3	  32,6	  33,4	  31,1	   2,3
s	   113,8288	 7	140,16	 87,18	  14,7	  26,3	  30,5	  31,0	  32,2	  33,0	  31,0	   2,2
s	   115,4842	 8	 89,66	103,77	  12,1	  23,5	  28,6	  28,9	  30,3	  31,9	  29,7	  -0,1
s	   116,5042	 5	 43,31	 90,58	  17,5	  27,7	  31,8	  32,6	  33,8	  33,7	  30,9	   1,9
s	   116,6902	 6	 43,27	 93,62	  17,2	  27,7	  31,8	  32,5	  33,7	  33,6	  30,8	   1,7
s	   116,8647	 5	333,15	 89,43	  17,2	  27,5	  31,6	  32,3	  33,6	  33,4	  30,7	   1,6
s	   117,0502	 6	333,10	 92,47	  17,0	  27,4	  31,5	  32,2	  33,5	  33,3	  30,5	   1,4
s	   117,1382	 6	334,08	 89,44	  17,0	  27,4	  31,5	  32,2	  33,5	  33,3	  29,7	  -0,1
s	   117,3234	 7	334,03	 92,48	  16,2	  27,2	  31,4	  32,1	  33,3	  33,1	  30,6	   1,5
s	   117,3396	 7	 43,23	 96,89	  15,2	  25,8	  29,8	  30,2	  31,4	  32,1	  29,6	  -0,3
s	   117,6979	 7	333,05	 95,72	  15,7	  26,4	  30,5	  30,9	  32,2	  32,8	  30,4	   1,2
s	   117,9699	 8	333,98	 95,73	  15,5	  26,3	  30,4	  30,8	  32,1	  32,8	  29,4	  -0,5
s	   118,3540	 8	 43,19	 99,89	  15,4	  26,3	  30,4	  30,8	  32,1	  32,8	  30,2	   1,0
s	   118,7704	 6	 43,53	 90,58	  16,4	  27,1	  31,4	  32,1	  33,3	  33,0	  30,6	   1,3
s	   118,9060	 7	 43,30	 90,58	  15,4	  26,7	  31,0	  31,8	  33,0	  32,6	  30,5	   1,2
s	   118,9536	 7	 43,49	 93,58	  16,1	  27,1	  31,3	  32,0	  33,2	  33,0	  30,5	   1,2
s	   119,0889	 8	 43,27	 93,58	  15,2	  26,6	  31,0	  31,7	  32,9	  32,5	  30,3	   1,1
s	   119,5928	 8	 43,45	 96,80	  14,9	  26,1	  30,3	  30,7	  32,0	  32,5	  30,3	   1,0
s	   120,1207	 6	333,07	 86,22	  15,8	  26,4	  30,4	  30,9	  32,2	  32,9	  30,2	   0,9
s	   120,3394	 6	333,00	 89,43	  16,3	  27,0	  31,3	  32,0	  33,2	  32,9	  30,4	   1,1
s	   120,3881	 7	333,98	 86,24	  15,5	  26,4	  30,4	  30,8	  32,1	  32,9	  29,3	  -0,9
s	   120,4028	 7	333,23	 89,43	  15,3	  26,6	  31,0	  31,7	  32,9	  32,5	  30,3	   0,9
s	   120,5206	 7	332,96	 92,40	  16,0	  27,0	  31,2	  31,9	  33,1	  32,9	  30,3	   0,9
s	   120,5821	 8	140,63	 84,35	  13,3	  25,0	  30,0	  30,5	  31,9	  32,9	  30,0	   0,6
s	   120,5839	 8	333,18	 92,40	  15,1	  26,5	  30,9	  31,6	  32,8	  32,4	  30,2	   0,8
s	   121,1530	 8	332,91	 95,58	  14,8	  26,0	  30,2	  30,6	  31,9	  32,4	  30,1	   0,7
s	   121,2223	 5	 87,64	 90,90	  15,7	  26,7	  31,0	  31,8	  33,0	  32,7	  30,5	   1,0
s	   121,4024	 6	 87,64	 93,85	  15,5	  26,7	  31,0	  31,7	  32,9	  32,7	  30,3	   0,9
s	   121,4040	 8	332,89	 97,81	  13,3	  24,8	  29,9	  30,5	  31,8	  32,7	  29,9	   0,4
s	   121,4647	 6	 87,64	 87,72	  15,2	  26,2	  30,3	  30,8	  32,1	  32,7	  30,3	   0,8
s	   121,8700	 8	333,17	 80,11	  13,7	  24,6	  28,6	  28,6	  29,9	  31,5	  29,0	  -1,2
s	   122,7364	 8	 87,63	 99,20	  11,9	  24,1	  29,5	  30,2	  31,4	  32,0	  30,0	   0,4
s	   123,1982	 8	 87,65	 81,66	  13,6	  25,1	  29,2	  29,4	  30,6	  32,0	  29,9	   0,3
s	   123,5906	 7	332,93	 86,30	  14,8	  26,0	  30,2	  30,6	  31,8	  32,5	  30,0	   0,3
s	   123,6525	 8	333,15	 86,30	  13,9	  25,5	  29,8	  30,3	  31,5	  32,0	  29,9	   0,2
s	   125,5814	 8	338,39	 89,52	  14,8	  26,2	  30,6	  31,3	  32,5	  32,1	  29,7	  -0,1
s	   126,2021	 5	 23,08	 90,29	  15,4	  26,0	  30,2	  31,0	  32,2	  31,8	  29,0	  -1,7
s	   126,3763	 6	 23,03	 93,14	  15,2	  25,9	  30,2	  30,9	  32,1	  31,8	  28,8	  -1,8
s	   126,4366	 6	 23,13	 87,21	  14,9	  25,4	  29,5	  30,0	  31,2	  31,8	  28,8	  -1,9
s	   127,6670	 8	 22,94	 98,32	  12,1	  23,9	  29,2	  29,9	  31,1	  31,6	  29,3	  -0,7
s	   128,1440	 6	 23,56	 90,30	  15,1	  26,2	  30,5	  31,3	  32,5	  32,0	  29,7	  -0,4
s	   128,1736	 6	 21,99	 90,27	  15,1	  26,2	  30,5	  31,3	  32,5	  32,0	  29,7	  -0,4
s	   128,3160	 7	 23,51	 93,11	  14,8	  26,1	  30,5	  31,2	  32,4	  31,9	  29,6	  -0,5
s	   128,3456	 7	 21,95	 93,09	  14,8	  26,1	  30,5	  31,2	  32,4	  31,9	  29,6	  -0,5
s	   128,3755	 7	 23,61	 87,26	  14,6	  25,6	  29,8	  30,3	  31,5	  31,9	  29,6	  -0,5
s	   128,4050	 7	 22,04	 87,24	  14,6	  25,6	  29,8	  30,3	  31,5	  31,9	  29,6	  -0,5
s	   128,4647	 7	 23,38	 90,29	  14,1	  25,7	  30,2	  31,0	  32,1	  31,5	  29,6	  -0,5
s	   128,6364	 8	 23,33	 93,11	  13,9	  25,6	  30,2	  30,9	  32,0	  31,5	  29,4	  -0,7
s	   128,6957	 8	 23,43	 87,26	  13,6	  25,1	  29,5	  30,0	  31,1	  31,5	  29,4	  -0,7
s	   129,2963	 6	113,05	 90,82	  14,3	  25,4	  29,7	  30,5	  31,7	  31,2	  28,6	  -2,4
s	   129,4670	 7	113,07	 93,62	  14,0	  25,3	  29,7	  30,4	  31,6	  31,1	  28,4	  -2,5
s	   130,7478	 8	 21,17	 84,49	  14,2	  25,6	  29,7	  30,1	  31,3	  32,0	  29,2	  -1,1
s	   130,7561	 7	 44,57	 90,60	  15,5	  26,3	  30,6	  31,3	  32,5	  32,0	  29,4	  -1,0
s	   130,9253	 8	 44,53	 93,37	  15,2	  26,2	  30,5	  31,2	  32,4	  31,9	  29,2	  -1,1
s	   132,0251	 6	183,93	 89,82	  14,9	  26,0	  30,3	  31,1	  32,3	  31,7	  29,3	  -1,1
s	   132,1929	 7	183,98	 92,57	  14,6	  25,9	  30,3	  31,0	  32,2	  31,7	  29,2	  -1,2
s	   132,2509	 7	183,88	 86,86	  13,6	  25,0	  29,3	  29,9	  31,0	  31,3	  29,2	  -1,2
s	   132,7787	 8	184,03	 95,52	  13,3	  24,9	  29,3	  29,7	  30,9	  31,2	  29,1	  -1,4
s	   132,8365	 8	183,83	 84,13	  13,3	  24,9	  29,3	  29,7	  30,9	  31,2	  29,1	  -1,4
s	   132,9861	 5	182,63	 89,85	  15,0	  25,6	  29,8	  30,6	  31,8	  31,4	  28,3	  -2,9
s	   133,0336	 8	 44,75	 90,61	  14,4	  25,7	  30,1	  30,9	  32,0	  31,4	  29,0	  -1,5
s	   133,1528	 6	182,68	 92,58	  14,8	  25,6	  29,8	  30,5	  31,7	  31,3	  28,2	  -3,1
s	   133,2105	 6	182,58	 86,91	  13,8	  24,6	  28,9	  29,4	  30,6	  30,9	  28,2	  -3,1
s	   133,7351	 7	182,73	 95,51	  13,5	  24,6	  28,8	  29,3	  30,4	  30,8	  28,1	  -3,3
s	   133,7926	 7	182,53	 84,19	  13,5	  24,6	  28,8	  29,3	  30,4	  30,8	  28,1	  -3,3
s	   134,6458	 8	182,78	 98,20	  13,8	  25,0	  29,2	  29,6	  30,8	  31,2	  28,7	  -2,0
s	   135,8353	 6	181,90	 89,86	  15,6	  26,2	  30,3	  31,1	  32,2	  31,8	  28,9	  -1,8
s	   135,9991	 7	181,95	 92,55	  15,3	  26,1	  30,3	  31,0	  32,1	  31,7	  28,8	  -2,0
s	   136,0558	 7	181,85	 86,97	  13,4	  24,8	  29,1	  29,6	  30,8	  31,0	  28,9	  -1,9
s	   136,1704	 7	182,07	 89,86	  14,6	  25,7	  30,0	  30,8	  31,8	  31,3	  28,8	  -2,0
s	   136,3339	 8	182,12	 92,54	  14,4	  25,6	  30,0	  30,7	  31,7	  31,2	  28,7	  -2,1
s	   136,3904	 8	182,02	 86,98	  12,4	  24,3	  28,8	  29,3	  30,4	  30,5	  28,7	  -2,1
s	   136,5712	 8	182,00	 95,43	  14,1	  25,1	  29,3	  29,8	  30,8	  31,2	  28,7	  -2,2
s	   136,6276	 8	181,80	 84,30	  14,1	  25,1	  29,3	  29,8	  30,8	  31,2	  28,6	  -2,2
s	   136,9682	 5	 65,31	 90,82	  14,1	  25,6	  29,9	  30,7	  31,9	  31,5	  29,0	  -1,9
s	   137,1309	 6	 65,29	 93,48	  13,8	  25,5	  29,9	  30,6	  31,8	  31,4	  28,9	  -2,0
s	   137,1872	 6	 65,33	 87,94	  13,6	  25,0	  29,2	  29,7	  30,9	  31,4	  28,9	  -2,0
s	   137,6990	 7	 65,27	 96,34	  12,6	  24,5	  28,9	  29,3	  30,5	  30,9	  28,7	  -2,2
s	   137,7551	 7	 65,35	 85,29	  13,3	  24,9	  29,1	  29,5	  30,8	  31,4	  28,7	  -2,2
s	   138,0389	 6	 45,14	 87,76	  14,3	  25,2	  29,4	  29,8	  31,1	  31,6	  28,8	  -2,2
s	   138,3370	 8	 65,26	 98,33	  10,3	  22,9	  28,4	  29,1	  30,3	  30,8	  28,6	  -2,4
s	   138,6038	 7	 45,18	 85,12	  13,8	  24,9	  29,1	  29,5	  30,7	  31,3	  28,4	  -2,6
s	   138,7095	 6	292,54	 88,97	  14,5	  25,1	  29,4	  30,2	  31,4	  30,7	  27,7	  -4,1
s	   138,7550	 8	 65,37	 82,46	  12,0	  23,9	  28,1	  28,2	  29,5	  30,8	  28,5	  -2,5
s	   138,7860	 7	 43,95	 87,76	  13,2	  24,7	  29,0	  29,5	  30,7	  31,1	  28,6	  -2,4
s	   138,8705	 7	292,52	 91,60	  14,3	  25,1	  29,4	  30,1	  31,3	  30,7	  27,6	  -4,2
s	   138,9261	 7	292,56	 86,13	  13,2	  24,1	  28,5	  29,0	  30,1	  30,3	  27,6	  -4,2
s	   139,3483	 8	 43,98	 85,13	  13,0	  24,7	  29,0	  29,4	  30,5	  31,0	  28,5	  -2,6
s	   139,4224	 6	106,53	 90,87	  13,7	  24,8	  29,2	  30,0	  31,1	  30,5	  27,7	  -4,2
s	   139,4325	 8	292,50	 94,43	  13,0	  24,1	  28,4	  28,9	  30,0	  30,2	  27,4	  -4,4
s	   139,4880	 8	292,58	 83,50	  13,0	  24,1	  28,4	  28,8	  30,0	  30,2	  27,4	  -4,4
s	   139,5827	 7	106,54	 93,49	  13,5	  24,8	  29,1	  29,9	  31,0	  30,5	  27,5	  -4,3
s	   139,6381	 7	106,52	 88,04	  12,5	  23,8	  28,2	  28,7	  29,8	  30,0	  27,5	  -4,3
s	   139,6849	 8	 45,21	 82,10	  13,0	  24,0	  28,2	  28,6	  29,7	  30,1	  27,4	  -4,5
s	   140,1976	 8	106,50	 85,43	  12,2	  23,7	  28,1	  28,6	  29,7	  30,0	  27,4	  -4,5
s	   140,3178	 7	 45,31	 87,80	  13,2	  24,7	  28,9	  29,4	  30,6	  31,0	  28,5	  -2,7
s	   140,4357	 8	 45,11	 87,80	  12,2	  24,2	  28,6	  29,1	  30,2	  30,5	  28,4	  -2,8
s	   140,5950	 8	358,12	 89,87	  13,2	  24,9	  29,5	  30,2	  31,3	  30,5	  28,4	  -2,8
s	   140,8750	 8	 45,34	 85,20	  12,9	  24,6	  28,9	  29,3	  30,5	  30,9	  28,3	  -2,9
s	   141,6073	 7	293,21	 88,97	  14,1	  25,3	  29,7	  30,5	  31,6	  30,9	  28,4	  -2,9
s	   141,7655	 8	293,20	 91,56	  13,9	  25,2	  29,7	  30,4	  31,5	  30,8	  28,3	  -3,0
s	   141,8202	 8	293,23	 86,18	  12,9	  24,3	  28,7	  29,2	  30,3	  30,4	  28,3	  -3,0
s	   154,6212	 6	102,44	 90,89	  12,9	  24,0	  28,4	  29,2	  30,3	  29,6	  26,3	  -6,9
s	   154,7679	 7	102,45	 93,30	  12,7	  24,0	  28,3	  29,1	  30,2	  29,5	  26,2	  -7,0
s	   154,8187	 7	102,43	 88,30	  11,7	  23,1	  27,4	  27,9	  29,0	  29,1	  26,2	  -7,0
s	   155,2807	 8	102,46	 95,88	  11,4	  23,0	  27,3	  27,8	  28,9	  29,1	  26,1	  -7,2
s	   155,3313	 8	102,42	 85,91	  11,4	  23,0	  27,3	  27,8	  28,9	  29,1	  26,1	  -7,2
s	   156,2600	 7	101,92	 90,90	  12,6	  24,2	  28,7	  29,5	  30,6	  29,8	  27,1	  -5,5
s	   156,4054	 8	101,93	 93,28	  12,4	  24,2	  28,7	  29,4	  30,5	  29,7	  27,0	  -5,6
s	   156,4557	 8	101,91	 88,33	  12,1	  23,7	  28,0	  28,5	  29,6	  29,7	  27,0	  -5,6
s	   157,1335	 7	103,21	 90,89	  12,6	  24,2	  28,7	  29,5	  30,5	  29,7	  27,0	  -5,6
s	   157,2783	 8	103,22	 93,26	  12,4	  24,1	  28,7	  29,4	  30,4	  29,7	  26,9	  -5,7
s	   157,3283	 8	103,20	 88,34	  11,3	  23,2	  27,7	  28,2	  29,3	  29,3	  26,9	  -5,8
s	   157,5362	 8	103,08	 90,89	  11,6	  23,7	  28,4	  29,1	  30,1	  29,3	  26,9	  -5,8
s	   160,9349	 6	142,08	 90,53	  13,9	  24,7	  28,9	  29,6	  30,7	  30,2	  26,6	  -6,4
s	   161,0767	 7	142,12	 92,86	  13,7	  24,6	  28,8	  29,5	  30,6	  30,1	  26,5	  -6,5
s	   161,1439	 7	141,37	 90,54	  13,7	  24,6	  28,8	  29,5	  30,6	  30,1	  25,7	  -8,1
s	   161,2722	 8	 10,31	 90,09	  12,2	  23,8	  28,4	  29,2	  30,2	  29,2	  26,6	  -6,4
s	   161,2856	 8	141,40	 92,86	  12,9	  24,4	  28,7	  29,4	  30,5	  29,9	  26,6	  -6,4
s	   161,8212	 7	  9,18	 90,07	  12,4	  23,5	  28,0	  28,7	  29,8	  28,9	  25,6	  -8,2
s	   161,9624	 8	  9,14	 92,39	  12,2	  23,5	  27,9	  28,6	  29,7	  28,9	  25,5	  -8,3
s	   162,0112	 8	  9,23	 87,58	  11,9	  22,9	  27,3	  27,7	  28,8	  28,9	  25,5	  -8,3
s	   164,4182	 7	142,17	 90,53	  13,0	  24,3	  28,6	  29,4	  30,4	  29,7	  26,4	  -6,9
s	   164,4205	 8	  8,47	 90,06	  12,0	  23,7	  28,3	  29,0	  30,0	  29,1	  26,3	  -7,0
s	   164,5574	 8	142,20	 92,81	  12,8	  24,2	  28,6	  29,3	  30,3	  29,7	  26,3	  -7,0
s	   164,5808	 8	142,23	 95,27	  12,3	  23,6	  27,7	  28,1	  29,3	  29,7	  26,1	  -7,2
s	   167,1577	 7	142,20	 88,11	  12,4	  23,7	  27,7	  28,1	  29,3	  29,8	  26,0	  -7,6
s	   167,3600	 8	141,51	 88,12	  12,1	  23,6	  27,6	  28,0	  29,2	  29,7	  25,1	  -9,3
s	   167,4920	 8	142,18	 86,42	  10,1	  22,1	  27,2	  27,8	  29,1	  29,6	  25,9	  -7,7
s	   168,3975	 4	230,85	 91,37	  13,0	  23,8	  28,8	  29,8	  31,1	  30,8	  26,5	  -7,2
s	   169,6863	 5	245,81	 91,21	  12,7	  23,6	  28,6	  29,6	  30,9	  30,5	  26,2	  -7,5
s	   170,6384	 8	142,28	 88,15	  11,5	  23,3	  27,5	  27,8	  29,0	  29,4	  25,8	  -8,0
s	   170,7132	 5	230,93	 91,34	  11,9	  23,2	  28,4	  29,3	  30,6	  30,2	  26,2	  -7,7
s	   170,8053	 7	331,42	 89,43	  13,2	  24,0	  28,3	  29,1	  30,1	  29,3	  25,7	  -8,2
s	   170,9399	 8	331,39	 91,64	  13,0	  24,0	  28,3	  29,0	  30,0	  29,3	  25,6	  -8,3
s	   171,0038	 8	332,10	 89,44	  13,0	  24,0	  28,3	  29,0	  30,0	  29,3	  24,8	  -9,9
s	   171,9870	 6	245,70	 91,19	  11,6	  23,0	  28,2	  29,2	  30,4	  29,9	  25,9	  -8,0
s	   172,0771	 7	245,87	 91,19	  10,7	  22,6	  27,9	  28,9	  30,0	  29,4	  25,8	  -8,2
s	   174,2897	 8	331,35	 89,43	  12,3	  23,6	  28,1	  28,8	  29,8	  28,9	  25,5	  -8,6
s	   175,2138	 7	 78,67	 93,07	  10,5	  22,4	  27,8	  28,7	  29,9	  29,3	  25,6	  -8,7
s	   176,5373	 8	 79,59	 93,06	   9,5	  21,9	  27,4	  28,3	  29,5	  28,7	  25,4	  -9,0
s	   177,0210	 8	331,32	 87,13	  11,7	  23,1	  27,2	  27,5	  28,7	  29,0	  25,1	  -9,3
s	   178,6915	 3	231,14	 89,13	  14,0	  24,5	  28,5	  29,3	  30,5	  30,0	  25,7	  -8,8
s	   178,7631	 4	231,16	 90,73	  11,8	  22,9	  28,1	  29,1	  30,3	  29,8	  25,6	  -9,0
s	   178,8658	 4	231,11	 86,85	  13,5	  23,9	  27,8	  28,3	  29,5	  29,9	  25,6	  -9,0
s	   179,2736	 5	231,19	 93,53	  11,8	  22,5	  26,5	  26,9	  28,1	  28,4	  24,4	 -10,9
s	   179,3183	 5	231,09	 84,73	  13,0	  23,6	  27,5	  27,9	  29,1	  29,6	  25,2	  -9,4
s	   179,4075	 7	173,75	 90,03	  11,6	  22,7	  27,2	  27,9	  28,9	  28,0	  24,2	 -11,2
s	   179,5366	 8	173,78	 92,14	  11,4	  22,7	  27,1	  27,8	  28,8	  27,9	  24,1	 -11,3
s	   179,9159	 4	245,34	 89,00	  13,7	  24,3	  28,4	  29,1	  30,3	  29,7	  25,5	  -9,2
s	   179,9827	 6	231,21	 95,64	  12,8	  23,6	  27,4	  27,8	  29,0	  29,6	  25,1	  -9,6
s	   179,9870	 5	245,35	 90,59	  11,5	  22,7	  27,9	  28,9	  30,1	  29,5	  25,4	  -9,3
s	   180,0892	 5	245,32	 86,73	  13,2	  23,7	  27,7	  28,1	  29,3	  29,6	  25,4	  -9,3
s	   180,4715	 8	174,33	 90,02	  11,3	  23,0	  27,5	  28,3	  29,3	  28,2	  25,1	  -9,7
s	   180,4945	 6	245,37	 93,38	  11,5	  22,3	  26,4	  26,8	  27,9	  28,1	  24,2	 -11,3
s	   180,5389	 6	245,31	 84,63	  12,8	  23,4	  27,4	  27,8	  29,0	  29,3	  25,0	  -9,7
s	   181,0102	 4	231,20	 89,13	  12,9	  23,9	  28,1	  28,9	  30,0	  29,4	  25,5	  -9,3
s	   181,0542	 7	231,24	 97,88	  11,0	  21,9	  25,7	  25,7	  26,9	  28,3	  24,1	 -11,5
s	   181,0810	 5	231,22	 90,71	  10,7	  22,4	  27,6	  28,6	  29,8	  29,3	  25,3	  -9,5
s	   181,1428	 7	231,04	 80,38	  10,7	  22,1	  26,2	  26,3	  27,5	  28,6	  24,9	  -9,9
s	   181,1825	 5	231,18	 86,87	  12,4	  23,4	  27,4	  27,8	  29,0	  29,4	  25,3	  -9,5
s	   181,1994	 7	245,39	 95,47	  12,5	  23,3	  27,3	  27,7	  28,8	  29,2	  24,9	  -9,9
s	   181,5857	 6	231,25	 93,48	  11,5	  22,9	  27,1	  27,5	  28,6	  28,9	  25,2	  -9,7
s	   181,6299	 6	231,16	 84,78	  12,2	  23,3	  27,3	  27,7	  28,9	  29,3	  25,2	  -9,7
s	   182,2209	 5	245,25	 89,00	  12,7	  23,7	  28,0	  28,7	  29,8	  29,1	  25,2	  -9,6
s	   182,2646	 8	245,40	 97,70	  10,7	  21,6	  25,6	  25,6	  26,8	  27,9	  23,9	 -11,8
s	   182,2854	 8	173,33	 87,79	  10,7	  22,3	  26,6	  27,1	  28,1	  28,1	  24,7	 -10,2
s	   182,2870	 7	231,27	 95,57	  11,9	  23,2	  27,3	  27,6	  28,8	  29,2	  25,0	  -9,9
s	   182,2913	 6	245,26	 90,58	  10,5	  22,2	  27,5	  28,5	  29,6	  28,9	  25,1	  -9,8
s	   182,3066	 6	245,40	 89,00	  11,7	  23,2	  27,6	  28,4	  29,5	  28,6	  25,1	  -9,8
s	   182,3528	 8	245,28	 80,30	  10,5	  21,9	  26,0	  26,1	  27,3	  28,3	  24,7	 -10,2
s	   182,3769	 7	245,42	 90,57	   9,5	  21,7	  27,2	  28,2	  29,3	  28,5	  25,0	  -9,9
s	   182,3922	 6	245,23	 86,76	  12,2	  23,1	  27,3	  27,7	  28,8	  29,0	  25,1	  -9,8
s	   182,4778	 7	245,39	 86,76	  11,2	  22,7	  26,9	  27,4	  28,5	  28,6	  25,0	  -9,9
s	   182,5312	 8	173,31	 90,04	  11,2	  22,9	  27,5	  28,2	  29,2	  28,1	  24,9	 -10,0
s	   182,5509	 8	231,02	 78,17	   9,7	  20,8	  24,7	  24,4	  25,6	  27,7	  23,9	 -11,8
s	   182,7931	 7	245,28	 93,33	  11,2	  22,7	  26,9	  27,4	  28,5	  28,6	  25,0	 -10,0
s	   182,8370	 7	245,21	 84,68	  11,9	  23,1	  27,2	  27,6	  28,7	  29,0	  25,0	 -10,0
s	   182,8785	 8	245,44	 93,33	  10,2	  22,2	  26,6	  27,0	  28,1	  28,1	  24,9	 -10,1
s	   182,9225	 8	245,37	 84,68	  11,0	  22,6	  26,9	  27,3	  28,4	  28,5	  24,9	 -10,1
s	   183,3466	 8	231,30	 97,79	  10,7	  22,2	  26,2	  26,3	  27,5	  28,7	  24,8	 -10,2
s	   183,4343	 8	231,11	 80,48	   9,9	  21,8	  26,0	  26,1	  27,2	  28,3	  24,8	 -10,2
s	   183,4903	 8	245,29	 95,40	  11,7	  23,0	  27,1	  27,5	  28,6	  28,9	  24,8	 -10,2
s	   186,4249	 8	261,39	 90,97	   9,8	  21,8	  27,2	  28,1	  29,2	  28,4	  24,6	 -10,7
s	   188,2877	 8	301,20	 89,06	  11,0	  22,2	  26,7	  27,5	  28,4	  27,2	  23,4	 -12,8
s	   193,4177	 6	258,72	 88,93	  12,0	  23,1	  27,4	  28,2	  29,2	  28,3	  24,3	 -11,6
s	   193,4845	 7	258,73	 90,43	   9,8	  21,5	  26,9	  27,9	  29,0	  28,1	  24,2	 -11,7
s	   193,5803	 7	258,72	 86,80	  11,5	  22,5	  26,7	  27,1	  28,2	  28,2	  24,2	 -11,8
s	   193,9607	 8	258,74	 93,04	   9,8	  21,1	  25,4	  25,8	  26,8	  26,7	  23,0	 -13,7
s	   194,0024	 8	258,71	 84,83	  11,0	  22,2	  26,4	  26,8	  27,9	  27,9	  23,8	 -12,2
s	   194,4821	 7	 76,67	 92,88	   9,7	  21,6	  27,0	  27,9	  29,0	  28,3	  24,1	 -11,9
s	   195,6905	 8	 77,52	 92,87	   9,6	  21,5	  26,8	  27,8	  28,8	  28,0	  23,8	 -12,3
s	   196,6746	 8	 76,47	 92,86	   8,7	  21,1	  26,5	  27,5	  28,6	  27,7	  23,8	 -12,4
s	   201,7150	 5	 62,00	 92,73	  10,6	  22,0	  27,1	  28,0	  29,2	  28,6	  23,8	 -12,9
s	   202,8161	 6	 49,22	 92,59	  10,4	  21,7	  26,9	  27,9	  29,0	  28,3	  23,6	 -13,2
s	   202,8806	 7	 62,06	 84,82	   8,1	  19,5	  24,4	  24,7	  25,9	  27,1	  22,4	 -15,1
s	   203,2131	 7	230,89	 91,04	   8,6	  21,0	  26,4	  27,3	  28,4	  27,7	  23,4	 -13,3
s	   204,0347	 6	 61,95	 92,71	   9,6	  21,4	  26,7	  27,6	  28,7	  28,1	  23,5	 -13,4
s	   204,2545	 6	 75,79	 90,91	  11,8	  22,8	  27,0	  27,7	  28,7	  27,8	  23,4	 -13,5
s	   204,3182	 7	 75,79	 92,33	   9,5	  21,2	  26,5	  27,5	  28,5	  27,7	  23,3	 -13,6
s	   204,4095	 7	 75,80	 88,88	  11,2	  22,2	  26,3	  26,7	  27,7	  27,8	  23,3	 -13,6
s	   204,4574	 8	245,33	 90,90	   8,4	  20,8	  26,2	  27,2	  28,2	  27,3	  23,2	 -13,6
s	   204,7720	 8	 75,78	 94,82	  11,0	  22,2	  26,2	  26,6	  27,6	  27,7	  23,1	 -13,8
s	   205,1246	 7	 49,30	 92,57	   9,3	  21,2	  26,5	  27,5	  28,6	  27,8	  23,3	 -13,6
s	   205,1886	 8	 62,01	 84,88	   7,8	  19,8	  25,0	  25,3	  26,5	  27,5	  23,2	 -13,8
s	   205,4117	 7	 76,61	 90,91	   9,8	  21,9	  26,4	  27,1	  28,1	  27,0	  23,3	 -13,7
s	   205,4751	 8	 76,61	 92,33	   7,6	  20,3	  25,9	  26,9	  27,9	  26,9	  23,2	 -13,8
s	   205,5296	 8	230,95	 91,02	   7,6	  20,4	  26,0	  26,9	  28,0	  27,1	  23,2	 -13,8
s	   205,5659	 8	 76,62	 88,89	   9,3	  21,3	  25,7	  26,1	  27,1	  27,0	  23,1	 -13,8
s	   206,3240	 8	203,17	 91,40	   8,3	  20,2	  25,7	  26,6	  27,6	  26,7	  22,1	 -15,7
s	   206,4600	 7	 75,61	 90,91	  10,7	  22,2	  26,6	  27,3	  28,2	  27,3	  23,1	 -13,9
s	   206,5230	 8	 75,60	 92,32	   8,5	  20,7	  26,1	  27,1	  28,1	  27,1	  23,0	 -14,0
s	   206,6134	 8	 75,61	 88,89	  10,2	  21,7	  25,9	  26,3	  27,3	  27,2	  23,0	 -14,1
s	   206,6478	 8	 75,74	 90,91	   9,7	  21,8	  26,3	  27,0	  27,9	  26,8	  23,0	 -14,1
s	   212,0439	 4	 61,79	 90,82	  11,7	  22,7	  26,9	  27,6	  28,7	  27,9	  23,1	 -14,4
s	   212,1937	 5	 61,80	 88,86	  11,2	  22,1	  26,2	  26,6	  27,7	  27,8	  23,0	 -14,6
s	   212,5444	 6	 61,76	 94,61	  11,0	  22,1	  26,1	  26,5	  27,6	  27,8	  22,9	 -14,7
s	   212,5829	 6	 61,82	 87,03	  11,0	  22,1	  26,1	  26,5	  27,6	  27,8	  22,9	 -14,7
s	   213,0973	 5	 49,58	 90,70	  11,5	  22,5	  26,7	  27,5	  28,5	  27,6	  22,9	 -14,7
s	   213,1548	 7	 61,74	 96,42	  10,5	  21,8	  25,8	  26,1	  27,3	  27,5	  22,5	 -15,2
s	   213,2464	 6	 49,60	 88,74	  10,2	  21,5	  25,8	  26,2	  27,3	  27,1	  22,8	 -14,8
s	   213,5284	 6	231,13	 89,14	   9,7	  21,7	  26,2	  26,9	  27,9	  26,9	  22,8	 -14,9
s	   213,5956	 7	 49,53	 94,47	  10,7	  21,9	  26,0	  26,3	  27,4	  27,5	  22,7	 -15,0
s	   213,6272	 8	 36,13	 92,34	   9,5	  21,1	  26,4	  27,3	  28,4	  27,5	  22,6	 -15,1
s	   213,6339	 7	 49,62	 86,93	  10,0	  21,5	  25,7	  26,1	  27,2	  27,0	  22,7	 -15,0
s	   213,6773	 7	231,11	 87,19	   9,2	  21,2	  25,5	  25,9	  26,9	  26,9	  22,7	 -15,0
s	   213,8429	 8	 61,73	 97,92	   6,0	  18,2	  23,4	  23,7	  24,8	  25,7	  21,5	 -16,9
s	   214,0258	 8	231,18	 92,91	   8,2	  20,7	  25,1	  25,6	  26,5	  26,4	  22,5	 -15,2
s	   214,0640	 8	231,09	 85,38	   9,0	  21,1	  25,4	  25,8	  26,8	  26,8	  22,5	 -15,2
s	   214,1545	 8	 61,85	 83,28	  10,0	  21,2	  25,1	  25,1	  26,2	  27,4	  22,3	 -15,5
s	   214,2033	 8	 49,51	 96,27	  10,2	  21,6	  25,7	  26,0	  27,1	  27,2	  22,3	 -15,5
s	   214,3655	 5	 61,74	 90,82	  10,7	  22,2	  26,5	  27,2	  28,2	  27,3	  22,8	 -14,9
s	   214,5139	 6	 61,76	 88,87	  10,2	  21,6	  25,8	  26,2	  27,3	  27,3	  22,7	 -15,1
s	   214,7193	 7	244,95	 89,02	   9,5	  21,5	  26,0	  26,8	  27,7	  26,6	  22,6	 -15,2
s	   214,8613	 7	 61,71	 94,57	   9,9	  21,5	  25,7	  26,1	  27,2	  27,2	  22,6	 -15,2
s	   214,8675	 8	244,93	 87,07	   9,0	  21,0	  25,3	  25,8	  26,7	  26,5	  22,5	 -15,3
s	   214,8993	 7	 61,77	 87,07	  10,7	  22,0	  26,0	  26,3	  27,4	  27,6	  22,6	 -15,2
s	   215,0013	 7	204,53	 89,51	   9,5	  21,0	  25,5	  26,3	  27,2	  26,0	  21,5	 -17,0
s	   215,0621	 8	204,55	 90,87	   7,2	  19,5	  25,1	  26,0	  27,0	  25,9	  21,4	 -17,1
s	   215,4087	 6	 49,65	 90,70	  10,4	  21,9	  26,3	  27,1	  28,1	  27,0	  22,7	 -15,2
s	   215,4657	 8	 61,69	 96,37	   9,7	  21,5	  25,6	  26,0	  27,0	  27,1	  22,4	 -15,4
s	   215,5565	 7	 49,67	 88,76	   9,2	  21,0	  25,4	  25,8	  26,8	  26,5	  22,5	 -15,3
s	   215,8470	 7	231,19	 89,14	   8,7	  21,2	  25,8	  26,5	  27,4	  26,3	  22,5	 -15,4
s	   215,9023	 8	 49,61	 94,43	   9,7	  21,3	  25,6	  25,9	  27,0	  26,9	  22,4	 -15,5
s	   215,9403	 8	 49,69	 86,97	   9,7	  21,3	  25,6	  25,9	  27,0	  26,9	  22,4	 -15,5
s	   215,9945	 8	231,17	 87,21	   8,2	  20,6	  25,1	  25,5	  26,5	  26,3	  22,4	 -15,5
s	   216,8890	 8	203,83	 89,52	   9,2	  21,3	  25,9	  26,6	  27,5	  26,2	  22,3	 -15,7
s	   216,9732	 8	204,82	 89,51	   9,2	  21,3	  25,9	  26,6	  27,5	  26,2	  22,3	 -15,7
s	   217,0266	 8	244,87	 89,02	   8,4	  21,0	  25,6	  26,4	  27,3	  26,0	  22,3	 -15,7
s	   217,9872	 8	143,21	 90,54	  10,4	  21,8	  26,1	  26,8	  27,8	  26,8	  22,0	 -16,1
s	   222,6287	 6	 74,34	 90,91	  10,2	  21,7	  26,1	  26,8	  27,8	  26,7	  22,1	 -16,4
s	   222,7722	 7	 74,35	 89,02	   9,7	  21,1	  25,4	  25,8	  26,8	  26,6	  22,0	 -16,5
s	   223,1080	 8	 74,33	 94,53	   9,4	  21,1	  25,3	  25,7	  26,7	  26,6	  21,9	 -16,7
s	   224,3567	 7	 36,38	 90,53	  10,6	  21,9	  26,2	  26,9	  27,9	  26,7	  21,9	 -16,7
s	   224,4991	 8	 36,41	 88,66	   9,4	  20,9	  25,2	  25,6	  26,6	  26,3	  21,8	 -16,9
s	   224,5611	 8	 36,26	 90,53	   9,6	  21,4	  25,9	  26,6	  27,5	  26,3	  21,8	 -16,9
s	   224,8523	 7	 74,18	 90,91	   9,1	  21,2	  25,7	  26,4	  27,3	  26,1	  21,9	 -16,8
s	   224,9945	 8	 74,19	 89,04	   8,6	  20,6	  25,0	  25,4	  26,4	  26,1	  21,7	 -17,0
s	   225,0263	 8	 74,31	 90,91	   8,1	  20,7	  25,4	  26,1	  27,0	  25,7	  21,7	 -17,0
s	   234,7951	 8	 62,12	 92,49	   6,6	  19,4	  24,9	  25,8	  26,8	  25,8	  21,1	 -18,5
s	   237,5060	 8	 73,33	 90,90	   7,7	  20,3	  24,9	  25,6	  26,5	  25,1	  20,9	 -18,9
s	   243,8979	 8	 85,40	 90,94	   7,5	  19,6	  24,2	  24,9	  25,8	  24,3	  19,4	 -21,7
s	   245,1366	 7	 61,93	 90,83	   7,7	  20,2	  24,8	  25,5	  26,4	  25,1	  20,5	 -20,0
s	   245,1906	 8	 61,92	 92,04	   5,5	  18,6	  24,3	  25,2	  26,2	  24,9	  20,3	 -20,2
s	   245,2682	 8	 61,94	 89,10	   7,9	  20,0	  24,3	  24,7	  25,7	  25,4	  20,3	 -20,2
s	   247,4578	 8	 61,88	 90,83	   6,6	  19,7	  24,4	  25,1	  25,9	  24,5	  20,2	 -20,5
s	   247,9232	 8	 49,77	 90,71	   7,4	  19,9	  24,6	  25,3	  26,1	  24,7	  20,2	 -20,6
s	   249,5804	 8	221,16	 90,85	   6,8	  19,2	  24,6	  25,6	  26,5	  25,3	  20,0	 -20,8
s	   260,5252	 8	221,04	 89,28	   7,0	  19,5	  24,2	  24,9	  25,7	  24,1	  19,3	 -22,6
#END
