#HEADER
CATT-Acoustic v8.0b    Copyright © CATT 1988-2003

 Project                : Aula Optica 

 GEOMETRICAL INFORMATION
 Src id and loc     [m] :   A0           0,400        0,600        1,300
 Rec id and loc     [m] :   08           1,000        4,600        1,200

 08       11,7847

 VARIABLE SOURCE DATA
 Directivity
   Type (library)       :  OMNI.SD0
   Dir. Index (DI) [dB] :       0,0      0,0      0,0      0,0      0,0      0,0      0,0      0,0
 Level
   On axis 1m      [dB] :      54,1     63,1     66,8     67,7     69,4     70,6     70,6     54,2
   Total power     [dB] :      65,0     74,0     77,7     78,6     80,3     81,5     81,5     65,1
   Auxiliary delay [ms] :       0,0

 VARIABLE AIR DATA
 Temperature       [°C] :      20
 Relative humidity  [%] :      50
 Density        [kg/m³] :       1,2
 Sound speed      [m/s] :     343
 Impedance      [Ns/m³] :     412
 Diss. coeff. [0.001/m] :      0,10     0,30     0,63     1,07     2,28     6,83    24,23    83,90      (estimated)

#DATAFIELDS
 TYPE DELAY ORDER AZIMUTH ELEVATION SPL125 SPL250 SPL500 SPL1K SPL2K SPL4K SPL8K SPL16K
#DATA
d	     0,0000	 0	 78,31	132,97	  42,0	  51,0	  54,6	  55,5	  57,2	  58,3	  58,0	  40,6
s	     0,5625	 1	 64,22	130,58	  40,4	  49,9	  53,7	  54,6	  56,2	  57,2	  57,3	  39,8
*	    27,6185	 1	285,94	 49,17	  -6,1	   3,4	   7,2	   8,1	   9,6	  10,5	   9,8	 -10,1
*	     7,0252	 1	318,58	 68,47	  16,8	  26,3	  30,2	  31,0	  32,7	  33,6	  33,5	  15,4
*	     0,7261	 1	 60,06	136,24	  24,3	  33,8	  37,7	  38,6	  40,2	  41,2	  41,2	  23,7
*	    20,1925	 1	302,20	 31,36	 -11,8	  -2,6	   1,1	   1,9	   3,5	   4,6	   7,6	  -9,9
*	    19,6488	 1	296,17	 40,75	 -11,2	  -2,0	   1,6	   2,5	   4,1	   5,1	   8,2	  -9,2
*	    16,7165	 1	311,23	 29,96	  -8,4	   0,8	   4,4	   5,3	   6,9	   8,0	  11,2	  -6,1
*	    16,0825	 1	302,20	 40,66	  -7,6	   1,6	   5,3	   6,1	   7,7	   8,8	  12,0	  -5,2
*	    13,3351	 1	325,25	 29,12	  -4,6	   4,6	   8,2	   9,1	  10,7	  11,8	  15,1	  -1,9
*	    12,5770	 1	311,23	 41,12	  -3,4	   5,8	   9,4	  10,3	  11,9	  13,0	  16,3	  -0,6
*	    10,1221	 1	346,12	 30,65	  -0,4	   8,7	  12,4	  13,3	  14,9	  16,0	  19,4	   2,7
*	     9,1910	 1	325,23	 43,32	   1,4	  10,6	  14,3	  15,1	  16,8	  17,9	  21,3	   4,7
*	     7,2250	 1	 11,32	 38,32	   3,8	  13,0	  16,7	  17,5	  19,2	  20,3	  23,7	   7,3
*	     6,0693	 1	346,13	 50,69	   6,8	  16,0	  19,6	  20,5	  22,2	  23,3	  26,7	  10,4
*	     4,8917	 1	 32,91	 54,69	   7,1	  16,3	  20,0	  20,8	  22,5	  23,6	  27,1	  10,9
*	     3,5491	 1	 11,32	 68,75	  11,2	  20,3	  24,0	  24,9	  26,6	  27,7	  31,2	  15,1
*	     3,3327	 1	 47,58	 75,03	   8,5	  17,6	  21,3	  22,2	  23,9	  25,0	  28,5	  12,5
*	     2,0099	 1	 32,91	 92,44	  12,2	  21,3	  25,0	  25,9	  27,6	  28,7	  32,3	  16,3
*	     2,4659	 1	 57,02	 91,58	   8,5	  17,6	  21,3	  22,2	  23,9	  25,0	  28,5	  12,6
*	     1,2740	 1	 47,58	108,56	  11,2	  20,3	  24,0	  24,9	  26,6	  27,7	  31,3	  15,4
*	     2,0497	 1	 63,30	102,61	   8,4	  17,6	  21,3	  22,1	  23,8	  25,0	  28,5	  12,6
*	     0,9321	 1	 57,02	117,21	  10,6	  19,8	  23,5	  24,4	  26,0	  27,2	  30,8	  14,9
*	     1,9357	 1	 67,67	109,74	   9,1	  18,3	  22,0	  22,8	  24,5	  25,6	  29,2	  13,3
*	     0,7826	 1	 63,29	122,02	  11,5	  20,7	  24,4	  25,3	  26,9	  28,1	  31,7	  15,9
s	     1,1824	 1	 68,37	158,55	  38,5	  48,1	  52,9	  54,0	  55,8	  56,9	  56,6	  39,0
*	     1,3797	 1	 27,86	169,40	  23,4	  33,0	  37,8	  38,9	  40,7	  41,8	  41,5	  23,9
*	     7,0439	 1	279,61	 86,32	  17,3	  27,0	  31,8	  32,9	  34,6	  35,7	  35,2	  17,2
*	    18,2671	 1	274,63	 61,15	   1,8	  11,5	  16,2	  17,4	  19,1	  20,1	  19,3	   0,3
s	     1,6956	 2	 47,23	153,55	  37,4	  47,6	  52,5	  53,6	  55,3	  56,3	  56,4	  38,8
s	     2,7116	 1	 82,99	 98,99	  37,9	  47,1	  50,7	  51,2	  52,9	  54,8	  54,8	  36,3
*	    79,4416	 1	169,26	 92,79	 -18,5	  -8,7	  -4,8	  -4,1	  -2,6	  -1,2	  -3,2	 -26,0
*	    80,2900	 1	176,72	 85,26	 -18,8	  -8,9	  -5,1	  -4,3	  -2,8	  -1,4	  -3,5	 -26,3
*	    83,9921	 1	184,30	 77,88	 -19,8	  -9,9	  -6,1	  -5,3	  -3,8	  -2,5	  -4,6	 -27,8
*	    63,1807	 1	166,86	 93,40	 -13,4	  -3,5	   0,3	   1,1	   2,6	   4,1	   2,5	 -18,9
*	    64,1937	 1	175,98	 84,19	 -13,7	  -3,9	  -0,0	   0,7	   2,3	   3,8	   2,1	 -19,3
*	    68,6103	 1	185,29	 75,22	 -15,2	  -5,3	  -1,5	  -0,7	   0,8	   2,3	   0,6	 -21,3
*	    47,0708	 1	163,13	 94,33	  -7,1	   2,8	   6,6	   7,4	   9,0	  10,6	   9,4	 -10,5
*	    48,3203	 1	174,77	 82,48	  -7,6	   2,3	   6,1	   6,9	   8,5	  10,1	   8,9	 -11,2
*	    53,7579	 1	186,86	 71,13	  -9,8	   0,1	   3,9	   4,7	   6,3	   7,8	   6,5	 -14,0
*	    31,2821	 1	156,61	 95,92	   1,0	  10,9	  14,8	  15,5	  17,2	  18,9	  18,1	  -0,4
*	    32,8868	 1	172,56	 79,38	   0,2	  10,1	  14,0	  14,7	  16,4	  18,1	  17,2	  -1,4
*	    39,8619	 1	189,74	 64,16	  -3,4	   6,5	  10,4	  11,1	  12,7	  14,4	  13,4	  -5,9
*	    16,3573	 1	142,92	 98,95	  12,1	  22,0	  25,9	  26,7	  28,3	  30,1	  29,7	  12,5
*	    18,4830	 1	167,17	 72,15	  10,8	  20,7	  24,6	  25,3	  27,0	  28,8	  28,3	  11,0
*	    27,8878	 1	196,70	 50,58	   4,0	  13,9	  17,7	  18,5	  20,1	  21,8	  21,2	   2,9
*	     4,7191	 1	108,56	103,91	  26,2	  36,0	  39,9	  40,7	  42,4	  44,3	  44,2	  28,0
*	     7,3477	 1	138,09	 45,89	  25,1	  35,0	  38,9	  39,7	  41,3	  43,2	  43,1	  26,7
*	    20,2715	 1	229,76	 24,61	  10,4	  20,3	  24,2	  24,9	  26,6	  28,4	  27,9	  10,3
s	     3,1725	 2	 73,99	 98,71	  37,4	  47,2	  51,1	  51,7	  53,3	  55,1	  55,4	  37,7
s	     3,4646	 1	 80,90	133,54	  38,5	  48,0	  51,9	  52,8	  54,4	  55,4	  55,3	  37,6
*	    24,4141	 1	142,41	113,34	   4,1	  13,6	  17,4	  18,3	  19,8	  20,7	  20,1	   0,5
*	     7,3982	 1	104,31	124,41	  23,4	  32,9	  36,7	  37,6	  39,3	  40,2	  40,1	  22,0
s	     3,5423	 2	 77,95	133,26	  37,5	  47,5	  51,5	  52,4	  54,0	  54,9	  55,2	  37,4
s	     4,3957	 2	 75,75	153,98	  35,8	  46,0	  50,9	  52,0	  53,7	  54,7	  54,7	  36,8
s	     4,4690	 3	 71,29	153,46	  34,8	  45,5	  50,5	  51,7	  53,3	  54,2	  54,5	  36,7
s	     5,6453	 2	 84,02	105,77	  36,1	  45,9	  49,7	  50,3	  52,0	  53,7	  54,0	  36,0
s	     5,7133	 3	 82,05	105,71	  35,1	  45,4	  49,4	  50,0	  51,6	  53,3	  53,8	  35,9
s	     6,1882	 2	322,12	172,92	  33,9	  43,6	  48,4	  49,1	  50,9	  52,7	  52,7	  33,9
*	     6,3064	 1	 86,29	114,73	  17,1	  26,1	  29,9	  30,8	  32,4	  33,3	  34,0	  17,7
*	     7,2032	 1	 96,19	114,65	  14,8	  23,8	  27,6	  28,5	  30,1	  31,1	  31,7	  15,3
*	     9,0005	 1	105,74	113,95	  11,4	  20,5	  24,2	  25,1	  26,7	  27,7	  28,2	  11,7
*	    11,3921	 1	114,47	112,79	   7,9	  16,9	  20,7	  21,6	  23,2	  24,1	  24,6	   7,9
*	    14,1956	 1	122,15	111,34	   4,5	  13,5	  17,3	  18,2	  19,8	  20,7	  21,2	   4,1
*	    17,2998	 1	128,72	109,81	   1,3	  10,4	  14,2	  15,0	  16,6	  17,5	  17,9	   0,6
*	    20,6296	 1	134,27	108,29	  -1,6	   7,4	  11,2	  12,1	  13,7	  14,5	  14,8	  -2,8
*	    24,1308	 1	138,95	106,86	  -4,3	   4,7	   8,5	   9,3	  10,9	  11,8	  11,9	  -5,9
s	     6,5619	 3	341,56	166,45	  33,5	  43,9	  48,8	  49,7	  51,3	  53,1	  53,4	  35,4
*	     7,2614	 1	 80,92	115,53	  -2,0	   7,5	  11,4	  12,3	  13,9	  14,8	  14,7	  -3,4
s	     8,6282	 3	 32,47	174,18	  32,5	  43,0	  47,9	  48,7	  50,4	  52,2	  52,4	  34,2
s	     8,6863	 4	 25,51	172,75	  31,5	  42,5	  47,6	  48,4	  50,0	  51,7	  52,3	  34,0
s	    10,3307	 3	 85,47	 88,40	  33,8	  43,8	  47,6	  48,2	  49,8	  51,6	  51,6	  33,3
s	    10,3843	 4	 83,96	 88,40	  32,8	  43,3	  47,3	  47,8	  49,4	  51,1	  51,5	  33,1
s	    12,4218	 3	284,59	163,34	  31,6	  41,7	  46,5	  47,3	  49,0	  50,8	  50,5	  32,0
s	    12,7006	 4	301,27	161,29	  30,5	  41,1	  46,0	  46,8	  48,5	  50,3	  50,3	  31,7
s	    13,4459	 3	 85,84	 72,62	  29,7	  39,7	  44,4	  44,9	  46,6	  49,3	  49,4	  30,0
s	    13,7135	 4	 80,36	 72,80	  28,6	  39,2	  44,0	  44,5	  46,2	  48,7	  49,1	  29,7
s	    14,2847	 4	292,39	169,86	  30,2	  40,8	  45,7	  46,5	  48,2	  50,0	  50,0	  31,2
s	    14,3302	 5	298,78	169,32	  29,2	  40,3	  45,4	  46,2	  47,8	  49,5	  49,8	  31,1
*	    70,2004	 1	194,69	 83,02	 -18,9	  -9,7	  -6,0	  -5,2	  -3,7	  -3,0	  -5,2	 -28,9
*	    64,9323	 1	185,75	 92,05	 -17,2	  -8,0	  -4,3	  -3,5	  -2,0	  -1,3	  -3,3	 -26,5
*	    63,0488	 1	176,40	101,32	 -16,5	  -7,4	  -3,7	  -2,9	  -1,4	  -0,6	  -2,6	 -25,7
*	    55,5178	 1	199,12	 80,83	 -13,6	  -4,5	  -0,8	   0,0	   1,6	   2,4	   0,6	 -21,8
*	    49,0508	 1	187,85	 92,26	 -11,1	  -1,9	   1,8	   2,6	   4,2	   5,0	   3,4	 -18,5
*	    46,7062	 1	175,69	104,24	 -10,1	  -1,0	   2,7	   3,5	   5,1	   6,0	   4,4	 -17,2
*	    41,9547	 1	206,71	 77,28	  -7,6	   1,6	   5,2	   6,1	   7,7	   8,6	   7,1	 -14,1
*	    33,7073	 1	191,67	 92,66	  -3,4	   5,8	   9,5	  10,3	  11,9	  12,9	  11,6	  -8,8
*	    30,6499	 1	174,39	109,49	  -1,7	   7,4	  11,1	  11,9	  13,6	  14,5	  13,3	  -6,8
*	    30,5647	 1	221,64	 71,24	  -0,9	   8,2	  11,9	  12,7	  14,4	  15,3	  14,2	  -6,0
*	    19,5691	 1	200,74	 93,54	   6,9	  16,1	  19,8	  20,6	  22,2	  23,3	  22,4	   3,2
*	    15,3936	 1	171,09	121,18	   9,9	  19,1	  22,8	  23,6	  25,2	  26,3	  25,5	   6,7
s	    15,7213	 4	 86,28	 78,51	  29,7	  40,2	  45,2	  46,1	  47,7	  49,3	  49,4	  30,6
s	    15,7645	 5	 85,05	 78,53	  28,7	  39,7	  44,9	  45,7	  47,3	  48,8	  49,3	  30,5
s	    16,4869	 6	351,38	171,61	  24,1	  36,4	  43,6	  44,9	  46,6	  48,3	  48,7	  29,8
s	    17,0274	 5	 86,46	101,13	  28,3	  39,5	  44,5	  45,3	  46,9	  48,6	  48,9	  29,9
s	    17,0686	 6	 85,28	101,11	  27,4	  39,0	  44,2	  45,0	  46,6	  48,1	  48,8	  29,8
s	    18,0752	 4	278,90	157,77	  26,0	  36,7	  42,5	  43,2	  45,0	  47,6	  47,6	  27,8
s	    18,3017	 5	290,07	156,73	  24,9	  36,2	  42,1	  42,9	  44,6	  47,1	  47,4	  27,6
s	    18,3294	 5	 39,52	175,69	  24,5	  36,3	  43,4	  44,7	  46,4	  48,2	  48,2	  29,1
s	    20,3379	 4	 86,59	 66,34	  27,8	  38,2	  43,0	  43,5	  45,2	  47,9	  47,7	  28,4
s	    20,5485	 5	 82,10	 66,50	  26,8	  37,7	  42,7	  43,2	  44,8	  47,3	  47,5	  28,2
s	    20,9366	 5	280,15	162,36	  26,0	  37,1	  43,2	  44,3	  46,0	  47,5	  47,6	  28,3
s	    20,9729	 6	283,42	162,16	  25,0	  36,7	  42,9	  44,0	  45,6	  47,1	  47,5	  28,2
s	    21,7641	 5	 86,86	 71,90	  26,7	  37,6	  42,6	  43,1	  44,7	  47,2	  47,4	  28,0
s	    21,7995	 6	 85,81	 71,92	  25,8	  37,2	  42,2	  42,7	  44,3	  46,8	  47,3	  27,9
*	    24,9002	 1	154,09	126,69	   3,1	  12,7	  16,5	  17,4	  18,9	  19,8	  19,2	  -0,5
s	    24,9166	 6	 87,22	 78,80	  24,5	  35,9	  42,0	  43,0	  44,6	  46,2	  46,1	  26,5
s	    25,1549	 5	276,04	153,28	  24,4	  35,5	  41,3	  42,1	  43,8	  46,4	  46,2	  26,5
s	    25,3382	 6	283,87	152,72	  23,4	  35,0	  41,0	  41,7	  43,4	  45,9	  46,0	  26,3
s	    26,4016	 6	277,09	158,24	  23,2	  34,7	  40,7	  41,5	  43,2	  45,7	  45,8	  26,0
s	    26,4327	 7	279,42	158,13	  22,2	  34,3	  40,4	  41,2	  42,8	  45,2	  45,6	  25,8
*	    27,3394	 1	159,98	122,03	 -15,5	  -6,0	  -2,2	  -1,3	   0,3	   1,1	   0,4	 -19,5
*	    27,4145	 1	282,10	 46,41	   4,4	  13,4	  17,2	  18,1	  19,7	  20,5	  20,6	   2,4
*	    27,6112	 1	280,87	 52,98	   4,2	  13,3	  17,1	  17,9	  19,5	  20,3	  20,4	   2,2
*	    29,5368	 1	286,99	 34,32	 -20,0	 -10,9	  -7,2	  -6,3	  -4,7	  -3,9	  -3,9	 -22,3
*	    29,1744	 1	284,99	 40,34	 -19,7	 -10,7	  -6,9	  -6,0	  -4,5	  -3,7	  -3,6	 -21,9
s	    29,7381	 6	 87,37	 66,44	  23,9	  34,9	  39,9	  40,4	  42,0	  44,3	  44,1	  23,3
s	    29,7666	 7	 86,49	 66,45	  22,9	  34,4	  39,5	  40,1	  41,6	  43,8	  44,0	  23,1
*	    30,8888	 1	250,93	 59,97	  -9,1	  -0,0	   3,7	   4,6	   6,2	   7,0	   7,0	 -11,5
*	    30,4291	 1	249,20	 54,24	  -8,8	   0,3	   4,1	   4,9	   6,5	   7,3	   7,3	 -11,1
*	    30,2333	 1	247,15	 48,38	  -8,6	   0,4	   4,2	   5,1	   6,6	   7,4	   7,5	 -11,0
s	    30,3119	 1	273,39	 44,65	  30,2	  39,4	  43,1	  43,9	  45,5	  46,5	  45,3	  25,2
*	    40,1309	 1	214,24	 54,77	   5,4	  14,5	  18,2	  19,0	  20,6	  21,5	  20,1	  -0,9
*	    34,1883	 1	229,55	 46,32	   8,8	  18,0	  21,7	  22,5	  24,1	  25,0	  23,8	   3,3
*	    30,8668	 1	256,77	 39,30	  11,0	  20,1	  23,8	  24,7	  26,3	  27,2	  26,1	   5,9
s	    31,1500	 2	274,21	 33,72	  28,3	  37,6	  41,2	  41,7	  43,3	  45,0	  44,2	  23,2
s	    31,3078	 3	279,74	 34,03	  28,5	  38,2	  41,8	  42,3	  44,0	  45,8	  44,1	  23,1
*	    31,8616	 1	231,13	 57,60	   9,6	  18,6	  22,4	  23,3	  24,9	  25,6	  25,6	   7,0
*	    36,2675	 1	219,82	 62,44	   6,8	  15,9	  19,6	  20,5	  22,1	  22,8	  22,7	   3,7
*	    41,6382	 1	212,12	 66,57	   3,9	  12,9	  16,7	  17,5	  19,1	  19,8	  19,5	   0,1
*	    41,8270	 1	204,37	 57,99	   3,8	  12,8	  16,6	  17,4	  19,0	  19,7	  19,4	  -0,0
*	    47,6967	 1	206,72	 69,87	   1,0	  10,0	  13,7	  14,6	  16,1	  16,8	  16,4	  -3,6
*	    47,8633	 1	199,97	 62,65	   0,9	   9,9	  13,7	  14,5	  16,1	  16,7	  16,3	  -3,7
*	    54,2505	 1	202,79	 72,47	  -1,9	   7,2	  10,9	  11,8	  13,3	  13,9	  13,3	  -7,2
*	    54,3986	 1	196,87	 66,27	  -1,9	   7,1	  10,9	  11,7	  13,2	  13,9	  13,3	  -7,3
*	    61,1675	 1	199,83	 74,55	  -4,5	   4,5	   8,3	   9,1	  10,6	  11,2	  10,4	 -10,8
*	    61,3004	 1	194,58	 69,12	  -4,6	   4,5	   8,2	   9,1	  10,6	  11,1	  10,4	 -10,8
*	    68,3560	 1	197,52	 76,21	  -7,0	   2,0	   5,8	   6,6	   8,1	   8,6	   7,7	 -14,1
*	    68,4761	 1	192,83	 71,40	  -7,1	   2,0	   5,7	   6,6	   8,1	   8,6	   7,6	 -14,2
*	    75,7512	 1	195,68	 77,56	  -9,3	  -0,3	   3,4	   4,3	   5,8	   6,2	   5,1	 -17,4
*	    75,8606	 1	191,46	 73,25	  -9,4	  -0,4	   3,4	   4,2	   5,7	   6,2	   5,1	 -17,4
*	    83,3064	 1	194,19	 78,70	 -11,5	  -2,5	   1,2	   2,1	   3,6	   4,0	   2,6	 -20,5
*	    83,4067	 1	190,34	 74,78	 -11,5	  -2,5	   1,2	   2,0	   3,5	   4,0	   2,6	 -20,6
*	    90,9875	 1	192,95	 79,65	 -13,6	  -4,5	  -0,8	   0,0	   1,5	   1,9	   0,3	 -23,5
*	    91,0800	 1	189,42	 76,07	 -13,6	  -4,6	  -0,8	   0,0	   1,5	   1,8	   0,3	 -23,6
*	    98,7692	 1	191,90	 80,46	 -15,5	  -6,5	  -2,7	  -1,9	  -0,4	  -0,1	  -1,9	 -26,4
*	    98,8550	 1	188,64	 77,16	 -15,5	  -6,5	  -2,7	  -1,9	  -0,5	  -0,1	  -1,9	 -26,4
s	    32,0617	 6	274,62	150,34	  19,2	  30,8	  37,7	  38,4	  40,2	  43,5	  43,6	  22,5
s	    32,2018	 3	246,45	 47,09	  29,4	  38,8	  42,5	  43,3	  44,9	  45,8	  43,9	  22,8
s	    32,2163	 7	280,68	149,99	  18,2	  30,3	  37,4	  38,1	  39,8	  43,0	  43,4	  22,3
s	    32,4450	 3	272,54	 62,91	  25,8	  35,8	  40,5	  41,2	  42,9	  44,6	  43,8	  22,7
s	    32,6273	 3	275,06	 26,49	  26,3	  36,4	  41,2	  41,9	  43,6	  45,4	  44,5	  24,2
s	    32,7798	 4	281,68	 26,88	  25,3	  35,9	  40,8	  41,6	  43,2	  44,9	  44,4	  24,0
s	    33,5225	 6	 87,45	 59,94	  21,4	  32,7	  38,6	  39,1	  40,8	  44,1	  44,0	  23,6
s	    33,6720	 7	 84,06	 60,05	  20,4	  32,2	  38,3	  38,7	  40,4	  43,6	  43,9	  23,4
s	    33,8043	 2	273,13	 44,68	  28,8	  38,5	  42,3	  43,1	  44,7	  45,5	  44,6	  24,2
s	    33,9529	 3	277,26	 44,86	  28,5	  38,4	  42,2	  43,0	  44,6	  45,4	  44,5	  24,0
s	    34,1241	 3	272,78	 51,81	  26,5	  36,9	  41,8	  42,8	  44,4	  45,3	  44,4	  24,0
s	    34,2717	 4	276,45	 51,96	  25,5	  36,4	  41,4	  42,5	  44,1	  44,8	  44,3	  23,8
s	    34,5169	 4	272,31	 69,64	  23,7	  34,5	  40,3	  41,4	  43,1	  44,8	  44,0	  23,5
s	    34,5446	 7	274,94	154,01	  20,7	  32,4	  38,5	  39,2	  40,8	  43,1	  42,9	  21,6
s	    34,5702	 8	276,57	153,95	  19,8	  31,9	  38,1	  38,9	  40,4	  42,7	  42,8	  21,5
s	    34,5793	 3	273,81	 34,55	  27,4	  37,3	  41,2	  41,7	  43,3	  44,9	  44,3	  23,8
s	    34,6632	 5	275,37	 69,71	  22,7	  34,0	  40,0	  41,0	  42,7	  44,3	  43,9	  23,3
s	    34,7254	 4	278,83	 34,82	  27,1	  37,3	  41,1	  41,6	  43,2	  44,8	  44,2	  23,7
s	    35,4257	 7	 87,63	 63,75	  20,1	  31,9	  37,9	  38,4	  40,0	  43,3	  43,5	  22,9
s	    35,4509	 8	 86,85	 63,76	  19,1	  31,5	  37,6	  38,1	  39,7	  42,8	  43,4	  22,8
s	    35,7810	 4	272,39	 61,61	  25,0	  35,6	  40,5	  41,3	  42,9	  44,5	  44,0	  23,3
s	    35,8580	 4	277,13	 17,18	  23,9	  34,1	  38,9	  39,3	  41,0	  43,5	  42,9	  21,5
s	    35,9235	 5	275,57	 61,70	  24,0	  35,1	  40,1	  40,9	  42,5	  44,0	  43,8	  23,2
s	    36,1265	 4	274,59	 27,15	  25,9	  36,3	  41,3	  42,4	  43,9	  44,6	  43,9	  23,2
s	    36,2680	 5	280,60	 27,47	  24,9	  35,8	  41,0	  42,0	  43,5	  44,2	  43,7	  23,1
s	    38,4902	 7	273,80	148,35	  18,3	  30,3	  37,2	  37,9	  39,7	  43,0	  42,8	  21,9
s	    38,6250	 8	278,81	148,10	  17,3	  29,8	  36,9	  37,6	  39,3	  42,5	  42,7	  21,8
s	    38,7837	 5	272,02	 78,68	  22,2	  32,9	  38,8	  39,7	  41,4	  43,0	  42,2	  20,5
s	    38,9178	 6	274,70	 78,71	  22,0	  32,8	  38,7	  39,6	  41,3	  42,9	  42,0	  20,4
s	    38,9702	 5	276,07	 19,00	  23,1	  34,0	  39,0	  39,4	  41,1	  43,5	  43,2	  22,3
*	    39,0836	 1	211,83	 54,40	  -5,0	   4,0	   7,8	   8,7	  10,2	  11,0	  10,8	  -8,5
*	    39,4643	 1	208,33	 50,87	  -5,2	   3,8	   7,6	   8,5	  10,0	  10,7	  10,5	  -8,7
s	    39,1038	 6	283,93	 19,44	  22,9	  34,0	  38,9	  39,3	  40,9	  43,4	  43,0	  22,1
s	    39,8400	 5	281,47	  9,80	  23,5	  34,1	  38,8	  39,3	  40,9	  43,5	  42,8	  21,8
s	    40,5312	 7	 87,74	 57,90	  16,4	  28,3	  35,2	  35,6	  37,4	  41,4	  41,6	  19,8
s	    40,6608	 8	 84,74	 57,98	  15,4	  27,9	  34,9	  35,3	  37,0	  41,0	  41,5	  19,6
s	    41,3923	 7	213,77	 16,93	  22,3	  33,4	  38,4	  38,9	  40,4	  42,7	  42,5	  21,3
s	    41,7260	 6	271,92	 76,60	  21,5	  32,8	  38,9	  39,9	  41,5	  43,0	  42,5	  21,3
s	    41,7945	 6	271,88	 83,24	  19,0	  30,7	  37,6	  38,6	  40,3	  42,9	  42,3	  21,1
s	    41,8527	 7	274,48	 76,63	  21,2	  32,8	  38,8	  39,8	  41,4	  42,9	  42,4	  21,2
s	    41,9210	 7	274,38	 83,26	  18,0	  30,2	  37,3	  38,3	  40,0	  42,4	  42,1	  20,9
s	    42,8716	 8	 87,91	 61,11	  18,1	  30,0	  36,0	  36,5	  38,1	  41,2	  41,0	  19,0
s	    43,7691	 6	280,15	 10,28	  24,1	  34,7	  38,5	  38,7	  40,3	  42,7	  42,1	  20,8
s	    43,8912	 7	292,67	 10,95	  23,9	  34,7	  38,5	  38,6	  40,1	  42,6	  42,0	  20,6
s	    44,9521	 6	301,59	  3,37	  20,9	  31,6	  36,3	  36,4	  38,1	  41,4	  40,8	  18,6
s	    45,3391	 8	271,82	 74,40	  19,4	  31,2	  37,3	  38,0	  39,6	  41,9	  41,6	  20,1
s	    45,5484	 8	286,99	 14,09	  19,9	  31,4	  37,3	  38,0	  39,6	  42,1	  41,3	  19,8
s	    45,6958	 7	271,76	 82,55	  19,6	  31,4	  37,4	  38,0	  39,7	  42,1	  41,6	  20,1
s	    45,8138	 8	274,09	 82,56	  19,4	  31,3	  37,3	  37,9	  39,6	  42,1	  41,5	  20,0
s	    46,3681	 8	192,45	 13,10	  20,8	  31,8	  36,7	  36,8	  38,4	  41,6	  40,4	  18,0
s	    46,4500	 8	273,12	146,51	  15,2	  27,4	  34,2	  34,6	  36,3	  40,4	  40,3	  18,0
s	    47,0206	 8	 87,96	 56,45	  15,7	  27,9	  34,9	  35,3	  37,0	  41,1	  41,0	  19,4
s	    47,5895	 7	288,21	  5,41	  20,3	  31,7	  36,6	  36,7	  38,3	  41,5	  41,3	  19,6
s	    47,7037	 8	307,50	  6,46	  19,3	  31,2	  36,2	  36,4	  37,9	  41,0	  41,1	  19,5
s	    48,0324	 7	276,44	 15,10	  19,8	  31,2	  37,1	  37,7	  39,4	  41,9	  41,0	  19,2
s	    48,5092	 7	271,66	 90,74	  18,2	  29,5	  35,3	  35,7	  37,3	  40,6	  40,1	  17,6
s	    50,2138	 8	275,78	 16,25	  18,0	  30,2	  36,4	  37,1	  38,7	  41,0	  40,7	  18,8
s	    50,9973	 8	271,60	 88,46	  17,6	  29,6	  35,6	  36,0	  37,7	  40,8	  40,6	  18,6
s	    51,4202	 8	275,19	 17,79	  15,8	  28,6	  35,8	  36,8	  38,4	  40,7	  40,5	  18,5
s	    52,7040	 8	  1,35	  1,55	  19,4	  30,9	  35,8	  35,9	  37,5	  40,7	  40,3	  18,1
s	    53,4287	 8	271,54	 94,82	  15,8	  28,0	  34,9	  35,5	  37,3	  40,6	  39,9	  17,7
s	    54,0537	 8	 73,90	  5,49	  15,2	  27,1	  34,1	  34,7	  36,3	  39,4	  39,0	  16,0
s	    54,1690	 3	 85,02	134,64	  25,1	  34,8	  38,7	  39,5	  41,0	  41,6	  39,5	  16,5
s	    54,3905	 4	 84,55	139,58	  22,4	  33,1	  38,2	  39,3	  40,8	  41,2	  40,4	  18,1
s	    54,7071	 4	 85,56	127,60	  23,8	  33,8	  37,7	  38,2	  39,7	  41,1	  39,3	  16,3
s	    55,6704	 5	 85,88	122,80	  20,7	  31,7	  36,8	  37,6	  39,1	  40,4	  39,9	  17,5
s	    57,0942	 2	 87,95	134,74	  25,0	  34,6	  38,4	  39,3	  40,8	  41,5	  40,0	  17,4
s	    57,3063	 3	 87,77	139,48	  22,7	  33,1	  38,0	  39,0	  40,6	  41,3	  39,8	  17,3
s	    57,6096	 3	 88,17	127,99	  23,7	  33,6	  37,4	  37,9	  39,5	  40,9	  39,8	  17,2
s	    57,6579	 4	 85,26	134,66	  23,9	  34,2	  38,2	  39,0	  40,5	  40,9	  39,9	  17,3
s	    57,8683	 5	 84,84	139,35	  20,9	  32,2	  37,4	  38,5	  40,0	  40,3	  39,7	  17,1
s	    58,0289	 6	 86,28	115,78	  20,4	  31,0	  36,0	  36,7	  38,2	  39,4	  38,6	  15,2
s	    58,5331	 4	 88,29	123,37	  21,3	  31,9	  36,8	  37,6	  39,2	  40,7	  39,5	  16,9
s	    59,0854	 6	 86,05	123,40	  19,5	  31,1	  36,3	  37,1	  38,6	  39,7	  39,4	  16,7
s	    59,8738	 7	 86,48	111,90	  17,5	  29,1	  35,2	  35,9	  37,4	  39,6	  39,0	  16,2
s	    60,2665	 5	 87,03	152,04	  20,9	  31,7	  36,6	  37,3	  38,9	  40,4	  39,1	  16,3
s	    60,5883	 3	 88,05	134,75	  23,8	  34,0	  37,9	  38,7	  40,2	  40,8	  39,5	  16,7
s	    60,7902	 4	 87,89	139,26	  21,6	  32,4	  37,4	  38,5	  40,0	  40,6	  39,4	  16,5
s	    60,7986	 5	 88,46	116,60	  20,3	  30,8	  35,7	  36,4	  38,0	  39,3	  38,2	  14,6
s	    61,0790	 4	 88,25	128,33	  22,5	  33,0	  36,9	  37,4	  38,9	  40,3	  39,3	  16,5
s	    61,1721	 5	 85,92	128,27	  22,3	  32,9	  36,8	  37,3	  38,8	  40,2	  39,2	  16,3
s	    61,3338	 7	 86,42	116,68	  19,8	  31,0	  36,2	  37,0	  38,4	  39,5	  39,0	  16,1
s	    61,9591	 5	 88,36	123,92	  20,2	  31,3	  36,3	  37,1	  38,6	  40,0	  39,1	  16,1
s	    62,0292	 8	 79,99	161,46	  14,2	  26,9	  34,2	  35,2	  36,7	  38,8	  38,5	  15,6
s	    62,5748	 6	 88,54	112,85	  17,4	  28,9	  34,9	  35,6	  37,2	  39,5	  38,7	  15,6
s	    63,0672	 6	 86,42	158,01	  18,8	  29,7	  34,5	  34,9	  36,5	  38,8	  37,8	  14,0
s	    63,4382	 8	 86,76	106,18	  14,5	  26,6	  32,8	  33,2	  34,7	  37,5	  37,5	  13,7
s	    63,5862	 8	 81,80	157,71	  17,5	  29,5	  34,8	  35,3	  36,7	  38,6	  38,5	  15,4
s	    63,6138	 6	 87,24	151,26	  19,8	  31,1	  36,1	  36,8	  38,3	  39,7	  38,7	  15,6
s	    63,7037	 7	 83,57	151,14	  19,5	  31,0	  36,0	  36,7	  38,2	  39,7	  38,6	  15,5
s	    64,2335	 7	 88,52	117,46	  17,7	  29,0	  34,0	  34,5	  35,9	  37,9	  37,5	  13,6
s	    64,4706	 7	 84,43	146,57	  17,9	  29,5	  34,7	  35,4	  36,8	  37,9	  37,5	  13,5
s	    64,6542	 7	 86,04	160,66	  14,9	  27,1	  34,2	  35,2	  36,8	  39,1	  38,2	  15,0
s	    65,8226	 7	 88,59	113,82	  16,3	  28,3	  34,5	  35,2	  36,7	  38,9	  38,3	  15,0
s	    65,9100	 8	 86,71	113,79	  16,0	  28,3	  34,4	  35,1	  36,6	  38,8	  38,2	  14,9
s	    66,0156	 7	 88,65	107,28	  15,2	  26,9	  32,8	  33,2	  34,8	  37,8	  37,2	  13,2
s	    66,2945	 7	 86,71	157,01	  18,2	  29,8	  34,8	  35,3	  36,8	  38,9	  38,2	  14,9
s	    67,3495	 6	 87,72	146,23	  18,6	  29,7	  34,7	  35,4	  36,9	  38,2	  37,2	  13,0
s	    67,5725	 8	 88,57	118,22	  17,1	  29,1	  34,3	  34,8	  36,2	  38,1	  37,9	  14,5
s	    67,8917	 8	 84,74	146,07	  17,3	  29,5	  34,9	  35,7	  37,1	  38,1	  37,9	  14,4
s	    68,5276	 8	 84,87	165,90	  12,7	  25,1	  32,1	  32,7	  34,3	  37,4	  36,8	  12,5
s	    69,1254	 8	 88,70	108,43	  14,6	  27,0	  33,1	  33,6	  35,1	  38,0	  37,7	  14,1
s	    70,7796	 7	 87,84	145,76	  18,0	  29,8	  35,0	  35,7	  37,2	  38,4	  37,6	  13,8
s	    72,1031	 8	 87,13	155,42	  15,4	  27,1	  33,0	  33,6	  35,2	  37,5	  36,3	  11,6
s	    84,5375	 4	273,44	 44,88	  20,3	  30,6	  34,6	  35,4	  36,8	  37,0	  35,0	   9,3
s	    84,9067	 5	273,76	 40,04	  19,1	  29,6	  33,6	  34,1	  35,5	  36,5	  34,9	   9,1
s	    85,5717	 6	274,02	 36,70	  17,3	  28,5	  33,6	  34,3	  35,8	  36,8	  35,5	  10,4
s	    87,0625	 5	243,39	 48,02	  19,9	  30,5	  34,8	  35,6	  36,9	  36,8	  35,6	  10,4
s	    87,3300	 6	245,15	 52,19	  19,6	  30,4	  34,7	  35,5	  36,8	  36,8	  35,5	  10,3
s	    87,4957	 3	271,43	 44,84	  21,6	  31,4	  35,2	  35,9	  37,4	  37,9	  35,6	  10,3
s	    87,8540	 4	271,56	 40,15	  20,3	  30,4	  34,2	  34,7	  36,1	  37,4	  35,4	  10,2
s	    88,0297	 5	273,32	 44,88	  19,8	  30,5	  34,7	  35,5	  36,8	  37,0	  35,5	  10,2
s	    88,3687	 8	272,67	 60,94	  13,1	  25,0	  31,2	  31,8	  33,3	  35,2	  34,1	   8,1
s	    88,3861	 6	273,61	 40,22	  18,5	  29,5	  33,7	  34,2	  35,6	  36,5	  35,4	  10,1
s	    88,4994	 5	271,66	 36,90	  18,0	  28,8	  33,7	  34,4	  35,9	  37,2	  35,2	   9,9
s	    89,0281	 7	273,86	 36,98	  16,3	  27,9	  33,2	  33,9	  35,3	  36,3	  35,2	   9,8
s	    89,2987	 8	247,85	 59,73	  16,0	  27,7	  33,1	  33,8	  35,2	  36,0	  35,0	   9,6
s	    89,9715	 6	271,84	 32,35	  16,1	  27,0	  31,8	  32,2	  33,7	  35,8	  34,1	   7,9
s	    90,4925	 8	274,26	 32,46	  14,9	  26,8	  32,1	  32,6	  33,9	  35,7	  34,9	   9,4
s	    90,9904	 4	271,38	 44,85	  20,5	  30,9	  34,8	  35,6	  37,0	  37,4	  35,3	   9,7
s	    91,2170	 7	271,12	 60,46	  13,8	  25,4	  31,3	  31,9	  33,4	  35,6	  33,9	   7,6
s	    91,3365	 5	271,50	 40,31	  19,2	  29,9	  33,8	  34,3	  35,7	  36,9	  35,1	   9,5
s	    91,9603	 6	271,60	 37,17	  17,0	  28,3	  33,3	  34,0	  35,5	  36,7	  34,9	   9,3
s	    92,0649	 7	272,06	 27,95	  17,3	  28,3	  33,2	  33,9	  35,4	  36,6	  34,6	   8,9
s	    92,4960	 8	272,79	 53,55	  15,7	  27,3	  32,4	  33,0	  34,5	  35,6	  33,6	   7,2
s	    92,8824	 8	271,07	 63,47	  11,9	  24,4	  31,4	  32,3	  33,9	  36,0	  34,4	   8,7
s	    93,1348	 6	242,86	 43,45	  18,6	  29,4	  33,4	  33,8	  35,2	  36,4	  33,8	   7,3
s	    93,3839	 7	271,76	 32,76	  15,6	  27,2	  32,2	  32,6	  34,1	  36,1	  34,7	   8,9
s	    94,5895	 8	271,09	 59,95	  13,3	  25,5	  31,7	  32,3	  33,8	  35,8	  34,4	   8,5
s	    95,3972	 1	175,47	 94,30	  21,6	  31,1	  34,8	  35,7	  37,1	  37,5	  35,1	   9,1
*	   102,2534	 1	188,59	 77,83	  -4,8	   4,6	   8,4	   9,3	  10,7	  11,0	   8,4	 -18,1
*	    96,5233	 1	179,41	 86,74	  -3,5	   6,0	   9,8	  10,6	  12,0	  12,4	  10,0	 -16,1
*	    95,8679	 1	170,27	 95,87	  -3,4	   6,1	   9,9	  10,7	  12,2	  12,6	  10,1	 -15,9
s	    95,4108	 8	271,96	 28,50	  16,2	  27,8	  32,9	  33,5	  34,9	  36,0	  34,3	   8,4
s	    95,5522	 8	238,21	 35,59	  17,0	  28,2	  32,2	  32,3	  33,7	  35,7	  33,3	   6,6
s	    95,6439	 2	178,34	 97,16	  21,3	  31,0	  34,8	  35,6	  37,0	  37,4	  34,9	   9,0
s	    95,7291	 2	172,40	 91,21	  19,6	  29,1	  32,9	  33,4	  34,8	  36,0	  33,9	   7,2
s	    96,5028	 3	181,44	100,19	  19,3	  29,0	  32,8	  33,2	  34,7	  35,9	  33,7	   6,9
s	    96,5874	 3	169,59	 88,37	  19,8	  29,7	  33,5	  34,0	  35,5	  36,7	  34,5	   8,4
s	    97,7138	 2	175,57	 94,21	  20,4	  30,4	  34,3	  35,2	  36,6	  36,8	  34,7	   8,6
s	    97,8389	 4	184,31	102,92	  19,4	  29,6	  33,4	  33,8	  35,3	  36,5	  34,2	   8,1
s	    97,9553	 3	178,37	 97,01	  20,2	  30,3	  34,3	  35,1	  36,5	  36,8	  34,6	   8,4
s	    98,0387	 3	172,56	 91,18	  19,1	  29,4	  33,3	  33,9	  35,3	  36,4	  34,6	   8,4
s	    98,0894	 4	166,63	 85,38	  17,9	  27,9	  31,7	  31,8	  33,3	  35,3	  33,4	   6,5
s	    98,7962	 4	181,41	 99,97	  18,9	  29,3	  33,2	  33,7	  35,2	  36,2	  34,4	   8,1
s	    98,8791	 4	169,81	 88,40	  18,9	  29,3	  33,2	  33,7	  35,1	  36,2	  34,3	   8,1
s	    99,2545	 8	271,09	 55,98	  14,5	  26,3	  32,2	  33,1	  34,6	  36,0	  33,6	   7,3
s	    99,8360	 5	187,38	105,74	  17,5	  27,8	  31,5	  31,6	  33,1	  35,1	  33,1	   6,0
s	   100,0000	 5	163,93	 82,70	  18,0	  28,4	  32,2	  32,4	  33,8	  35,9	  33,9	   7,5
s	   100,1050	 5	184,22	102,65	  18,5	  29,2	  33,1	  33,6	  35,0	  36,1	  34,1	   7,7
s	   100,3504	 5	166,90	 85,47	  17,5	  28,2	  32,2	  32,4	  33,8	  35,7	  34,1	   7,7
s	   101,1898	 2	  4,30	 94,08	  20,1	  30,1	  34,1	  34,9	  36,3	  36,5	  34,3	   7,9
s	   101,4239	 3	  1,57	 96,79	  19,9	  30,1	  34,0	  34,8	  36,2	  36,5	  34,2	   7,7
s	   101,5048	 3	  7,21	 91,15	  19,6	  29,6	  33,3	  33,8	  35,3	  36,5	  34,2	   7,7
s	   101,6858	 2	194,42	 75,82	  20,9	  30,4	  34,3	  35,1	  36,5	  36,7	  34,2	   7,8
s	   101,9189	 3	197,09	 78,61	  20,6	  30,3	  34,2	  35,0	  36,4	  36,6	  34,1	   7,6
s	   101,9994	 3	191,47	 72,84	  18,8	  28,5	  32,3	  32,8	  34,2	  35,2	  33,1	   5,8
s	   102,0623	 6	187,22	105,42	  17,1	  28,0	  32,0	  32,1	  33,6	  35,5	  33,8	   7,2
s	   102,1827	 6	190,19	108,22	  17,6	  28,2	  32,0	  32,1	  33,6	  35,6	  33,5	   7,0
s	   102,2232	 6	164,26	 82,84	  17,1	  28,0	  32,0	  32,1	  33,5	  35,4	  33,7	   7,2
s	   102,2393	 4	358,64	 99,67	  17,8	  28,1	  32,0	  32,4	  33,8	  34,9	  32,9	   5,6
s	   102,3196	 4	  9,88	 88,45	  19,1	  29,2	  33,0	  33,5	  34,9	  36,1	  33,7	   7,2
s	   102,5840	 6	161,11	 79,94	  16,1	  26,6	  30,3	  30,1	  31,6	  34,4	  32,7	   5,3
s	   102,7307	 4	199,87	 81,62	  18,6	  28,4	  32,2	  32,6	  34,0	  35,1	  32,9	   5,5
s	   102,8107	 4	188,68	 70,14	  19,1	  29,0	  32,9	  33,4	  34,8	  35,9	  33,7	   7,1
s	   102,9350	 3	195,66	 74,70	  19,8	  29,8	  33,8	  34,7	  36,0	  36,1	  34,0	   7,4
s	   103,1655	 4	198,29	 77,48	  19,6	  29,8	  33,8	  34,6	  35,9	  36,1	  33,9	   7,2
s	   103,2452	 4	192,74	 71,74	  18,5	  28,8	  32,9	  33,4	  34,8	  35,6	  33,9	   7,2
s	   103,5078	 3	  4,21	 94,00	  19,0	  29,5	  33,6	  34,4	  35,7	  35,9	  33,9	   7,3
s	   103,5090	 5	355,91	102,27	  18,0	  28,7	  32,6	  33,1	  34,5	  35,6	  33,5	   6,8
s	   103,7371	 4	  1,54	 96,65	  18,8	  29,4	  33,5	  34,3	  35,6	  35,8	  33,8	   7,1
s	   103,7471	 5	 12,70	 85,60	  17,2	  27,5	  31,2	  31,3	  32,8	  34,7	  32,7	   5,2
s	   103,8164	 4	  7,06	 91,12	  18,5	  28,9	  32,9	  33,4	  34,8	  35,8	  33,8	   7,1
s	   103,8766	 3	194,12	 76,09	  19,7	  29,8	  33,8	  34,6	  36,0	  36,0	  33,9	   7,2
s	   103,9687	 5	201,04	 80,48	  18,2	  28,7	  32,8	  33,3	  34,6	  35,5	  33,7	   7,0
s	   103,9950	 5	202,38	 84,39	  18,8	  28,9	  32,8	  33,2	  34,6	  35,7	  33,4	   6,7
s	   104,0478	 5	189,98	 69,06	  18,2	  28,7	  32,7	  33,2	  34,6	  35,5	  33,7	   6,9
s	   104,0744	 4	194,33	 75,90	  18,7	  29,3	  33,4	  34,3	  35,6	  35,6	  33,8	   7,1
s	   104,1052	 4	196,74	 78,83	  19,5	  29,7	  33,7	  34,5	  35,8	  36,0	  33,8	   7,0
s	   104,1842	 4	191,23	 73,17	  18,4	  28,8	  32,8	  33,3	  34,7	  35,6	  33,7	   7,0
s	   104,2322	 5	185,63	 67,34	  17,2	  27,3	  31,1	  31,3	  32,7	  34,5	  32,6	   5,1
s	   104,3027	 5	196,94	 78,64	  18,5	  29,2	  33,4	  34,2	  35,5	  35,5	  33,6	   6,9
s	   104,3641	 7	189,98	107,86	  16,7	  27,8	  31,8	  31,9	  33,3	  35,2	  33,4	   6,7
s	   104,3816	 5	191,44	 72,99	  17,5	  28,3	  32,5	  33,0	  34,3	  35,1	  33,6	   6,9
s	   104,5363	 5	358,66	 99,48	  17,5	  28,4	  32,5	  33,0	  34,3	  35,3	  33,6	   6,8
s	   104,6151	 5	  9,68	 88,48	  18,2	  28,8	  32,7	  33,2	  34,6	  35,7	  33,6	   6,8
s	   104,7578	 7	161,49	 80,13	  15,7	  26,9	  30,8	  30,7	  32,1	  34,8	  33,4	   6,6
s	   104,9019	 5	199,48	 81,78	  18,2	  28,7	  32,7	  33,2	  34,5	  35,4	  33,6	   6,8
s	   104,9804	 5	188,50	 70,53	  18,2	  28,7	  32,7	  33,2	  34,5	  35,4	  33,5	   6,8
s	   105,0980	 6	199,67	 81,59	  17,2	  28,2	  32,4	  32,9	  34,2	  35,0	  33,4	   6,6
s	   105,1764	 6	188,71	 70,35	  17,2	  28,2	  32,3	  32,8	  34,1	  35,0	  33,4	   6,6
s	   105,2066	 7	193,16	110,72	  15,7	  26,3	  30,1	  29,9	  31,3	  34,1	  32,3	   4,7
s	   105,2196	 6	203,51	 83,23	  17,9	  28,6	  32,6	  33,1	  34,4	  35,4	  33,4	   6,6
s	   105,4094	 6	353,00	104,97	  16,1	  26,9	  30,8	  30,9	  32,3	  34,1	  32,4	   4,8
s	   105,4413	 7	158,57	 77,52	  16,1	  27,0	  30,8	  30,6	  32,1	  34,9	  33,0	   6,2
s	   105,4543	 6	186,94	 66,28	  16,9	  27,7	  31,7	  31,9	  33,2	  34,9	  33,4	   6,6
s	   105,5657	 6	 15,27	 83,04	  17,4	  28,0	  31,7	  31,9	  33,3	  35,3	  33,1	   6,3
s	   105,7812	 6	355,99	102,03	  17,1	  28,3	  32,3	  32,8	  34,1	  35,1	  33,4	   6,5
s	   106,0148	 6	 12,45	 85,69	  16,8	  27,7	  31,7	  31,8	  33,2	  35,1	  33,3	   6,4
s	   106,0433	 6	182,77	 64,86	  17,3	  27,8	  31,7	  31,8	  33,2	  35,1	  33,1	   6,2
s	   106,1429	 6	201,95	 84,49	  17,9	  28,5	  32,5	  33,0	  34,3	  35,3	  33,3	   6,4
s	   106,3370	 7	202,13	 84,30	  16,9	  28,1	  32,2	  32,7	  34,0	  34,8	  33,2	   6,3
s	   106,3757	 6	185,51	 67,78	  16,8	  27,6	  31,6	  31,8	  33,2	  34,9	  33,3	   6,4
s	   106,5695	 7	185,73	 67,60	  15,8	  27,1	  31,3	  31,5	  32,8	  34,4	  33,2	   6,2
s	   107,0551	 7	350,98	106,78	  14,3	  25,9	  30,9	  31,3	  32,7	  34,6	  32,9	   5,9
s	   107,0927	 7	206,06	 86,13	  16,5	  27,5	  31,5	  31,7	  33,0	  34,8	  33,1	   6,1
s	   107,1726	 3	346,30	 76,48	  19,5	  29,5	  33,5	  34,3	  35,7	  35,8	  33,5	   6,5
s	   107,2468	 7	184,09	 63,82	  16,5	  27,5	  31,5	  31,7	  33,0	  34,8	  33,1	   6,1
s	   107,3326	 8	192,89	110,34	  15,3	  26,6	  30,6	  30,4	  31,8	  34,5	  33,0	   6,0
s	   107,3949	 4	343,75	 79,14	  19,2	  29,4	  33,5	  34,2	  35,6	  35,7	  33,4	   6,4
s	   107,4718	 4	349,11	 73,65	  19,0	  28,9	  32,8	  33,3	  34,7	  35,7	  33,4	   6,4
s	   107,5631	 8	158,99	 77,75	  15,3	  26,6	  30,5	  30,4	  31,8	  34,5	  32,9	   5,9
s	   107,6455	 7	353,14	104,68	  15,8	  27,2	  31,2	  31,4	  32,8	  34,5	  33,0	   6,0
s	   107,7989	 7	 14,98	 83,17	  16,5	  27,6	  31,5	  31,6	  33,0	  34,9	  33,0	   6,0
s	   108,0296	 7	 17,97	 80,40	  15,4	  26,1	  29,9	  29,6	  31,1	  33,9	  32,0	   4,2
s	   108,1160	 7	207,30	 89,90	  17,0	  27,6	  31,5	  31,6	  33,0	  34,9	  32,8	   5,7
s	   108,1545	 7	182,71	 65,34	  16,5	  27,4	  31,4	  31,6	  32,9	  34,7	  33,0	   5,9
s	   108,1697	 5	341,08	 82,01	  17,2	  27,5	  31,5	  31,9	  33,3	  34,1	  32,2	   4,3
s	   108,1927	 8	204,69	 87,15	  15,5	  27,0	  31,1	  31,3	  32,6	  34,2	  32,9	   5,8
s	   108,2461	 5	351,76	 71,08	  18,4	  28,6	  32,5	  32,9	  34,3	  35,3	  33,0	   5,9
s	   108,3453	 8	182,92	 65,16	  15,5	  26,9	  31,1	  31,3	  32,6	  34,2	  32,9	   5,8
s	   108,3648	 4	345,12	 75,40	  18,4	  29,0	  33,1	  33,9	  35,2	  35,2	  33,3	   6,2
s	   108,4044	 5	 87,26	134,83	  18,2	  28,6	  32,6	  33,3	  34,7	  34,8	  32,1	   4,3
s	   108,4425	 8	195,86	112,88	  15,7	  26,7	  30,5	  30,3	  31,8	  34,6	  32,6	   5,5
s	   108,4975	 7	179,67	 62,35	  15,4	  26,0	  29,8	  29,6	  31,0	  33,6	  31,9	   4,1
s	   108,5261	 6	 87,12	137,55	  15,2	  26,6	  31,9	  32,9	  34,2	  34,2	  32,0	   4,2
s	   108,5849	 5	342,60	 78,05	  18,2	  28,9	  33,1	  33,8	  35,1	  35,1	  33,2	   6,0
s	   108,6610	 5	347,90	 72,59	  17,9	  28,4	  32,4	  32,9	  34,2	  35,1	  33,1	   6,0
s	   108,7005	 6	 87,43	130,95	  16,9	  27,6	  31,6	  32,1	  33,4	  34,3	  32,0	   4,1
s	   108,9747	 8	155,94	 75,08	  14,1	  25,1	  28,8	  28,3	  29,8	  33,3	  31,8	   3,9
s	   109,1680	 7	 86,90	141,41	  13,9	  25,6	  30,8	  31,6	  32,9	  33,7	  31,8	   3,9
s	   109,2608	 8	351,16	106,47	  13,4	  25,5	  30,7	  31,1	  32,5	  34,2	  32,8	   5,6
s	   109,2989	 8	208,34	 88,73	  16,2	  27,3	  31,3	  31,4	  32,8	  34,5	  32,7	   5,6
s	   109,3521	 6	339,96	 80,90	  16,9	  27,9	  32,0	  32,5	  33,8	  34,6	  33,0	   5,8
s	   109,3762	 4	346,57	 76,73	  18,3	  28,9	  33,0	  33,9	  35,2	  35,1	  33,2	   6,0
s	   109,3773	 6	338,67	 84,64	  17,4	  28,1	  32,1	  32,5	  33,9	  34,8	  32,7	   5,5
s	   109,4277	 6	350,53	 70,03	  17,6	  28,3	  32,3	  32,8	  34,1	  35,0	  33,0	   5,8
s	   109,5651	 5	346,37	 76,55	  17,4	  28,4	  32,7	  33,5	  34,8	  34,6	  33,0	   5,9
s	   109,5945	 5	344,07	 79,34	  18,1	  28,8	  33,0	  33,8	  35,1	  35,1	  33,0	   5,8
s	   109,6040	 6	354,66	 68,40	  16,6	  26,9	  30,7	  30,8	  32,2	  34,0	  31,9	   4,0
s	   109,6699	 5	349,32	 73,95	  17,8	  28,3	  32,3	  32,8	  34,2	  35,1	  33,0	   5,8
s	   109,6766	 8	181,00	 61,32	  15,1	  26,3	  30,3	  30,2	  31,6	  34,1	  32,7	   5,5
s	   109,7830	 6	343,88	 79,16	  17,1	  28,4	  32,7	  33,4	  34,7	  34,6	  32,9	   5,7
s	   109,8331	 8	348,14	109,24	  12,3	  24,0	  29,0	  29,1	  30,5	  33,2	  31,7	   3,7
s	   109,8584	 6	349,12	 73,78	  16,8	  27,8	  32,0	  32,5	  33,8	  34,6	  32,9	   5,7
s	   110,1913	 8	206,80	 89,90	  16,1	  27,2	  31,2	  31,4	  32,7	  34,5	  32,7	   5,4
s	   110,2177	 8	 17,63	 80,58	  15,1	  26,4	  30,4	  30,2	  31,6	  34,3	  32,6	   5,4
s	   110,3553	 6	341,44	 82,15	  16,8	  27,8	  32,0	  32,5	  33,8	  34,5	  32,9	   5,6
s	   110,4303	 6	351,93	 71,43	  17,5	  28,2	  32,2	  32,7	  34,0	  34,9	  32,8	   5,6
s	   110,4573	 8	 87,68	124,46	  13,3	  24,8	  29,8	  30,2	  31,6	  33,3	  31,6	   3,6
s	   110,5427	 7	341,25	 81,97	  15,8	  27,3	  31,6	  32,1	  33,4	  34,1	  32,7	   5,4
s	   110,5480	 7	337,59	 83,52	  16,6	  27,8	  31,9	  32,4	  33,7	  34,5	  32,7	   5,4
s	   110,5663	 8	179,67	 62,86	  15,0	  26,3	  30,3	  30,2	  31,5	  34,0	  32,6	   5,3
s	   110,6176	 7	351,72	 71,25	  16,6	  27,7	  31,9	  32,4	  33,6	  34,5	  32,7	   5,4
s	   110,7600	 8	 20,41	 78,07	  15,5	  26,6	  30,4	  30,2	  31,6	  34,4	  32,4	   5,1
s	   110,7725	 7	353,41	 67,37	  16,3	  27,2	  31,2	  31,4	  32,7	  34,5	  32,7	   5,4
s	   110,8359	 6	 66,32	132,34	  16,3	  27,4	  31,8	  32,6	  33,8	  33,5	  31,8	   3,7
s	   110,9938	 8	209,69	 92,60	  15,0	  25,7	  29,6	  29,3	  30,7	  33,4	  31,5	   3,5
s	   111,0516	 7	 64,88	135,72	  16,1	  27,3	  31,7	  32,5	  33,7	  33,5	  31,6	   3,6
s	   111,2175	 8	176,79	 60,18	  15,5	  26,4	  30,3	  30,1	  31,5	  34,1	  32,3	   5,0
s	   111,3361	 7	357,38	 66,02	  16,7	  27,4	  31,2	  31,4	  32,7	  34,6	  32,4	   5,0
s	   111,5415	 7	339,07	 84,73	  16,5	  27,7	  31,8	  32,3	  33,6	  34,4	  32,6	   5,2
s	   111,7271	 8	338,89	 84,55	  15,5	  27,2	  31,5	  32,0	  33,2	  33,9	  32,5	   5,1
s	   111,7642	 7	354,77	 68,79	  16,2	  27,2	  31,2	  31,3	  32,7	  34,4	  32,6	   5,2
s	   111,8976	 6	 87,34	134,83	  17,7	  28,6	  32,8	  33,5	  34,8	  34,8	  32,7	   5,3
s	   111,9494	 8	354,56	 68,62	  15,2	  26,7	  30,8	  31,0	  32,3	  33,9	  32,5	   5,1
s	   112,0159	 7	 87,21	137,48	  14,7	  26,7	  32,0	  33,1	  34,3	  34,3	  32,6	   5,2
s	   112,1854	 7	 87,50	131,06	  16,5	  27,6	  31,8	  32,2	  33,5	  34,3	  32,5	   5,1
s	   112,3408	 8	335,12	 86,29	  15,2	  26,7	  30,8	  31,0	  32,3	  33,9	  32,4	   5,0
s	   112,4883	 8	356,12	 65,00	  15,9	  27,1	  31,1	  31,2	  32,5	  34,3	  32,4	   4,9
s	   112,6398	 8	 87,00	141,23	  13,5	  25,6	  31,0	  31,8	  33,0	  33,7	  32,4	   4,9
s	   112,7047	 8	 87,60	128,44	  13,5	  25,6	  31,0	  31,8	  33,0	  33,7	  32,4	   4,9
s	   112,7565	 8	334,47	 89,30	  13,7	  25,3	  30,4	  30,8	  32,2	  33,9	  32,1	   4,7
s	   113,4566	 3	156,31	111,72	  18,3	  28,3	  32,3	  33,1	  34,5	  34,5	  31,8	   3,5
s	   113,4664	 8	357,43	 66,45	  15,9	  27,0	  31,0	  31,1	  32,5	  34,2	  32,3	   4,8
s	   113,6678	 4	158,77	114,34	  18,0	  28,3	  32,3	  33,0	  34,4	  34,4	  31,7	   3,4
s	   113,6867	 8	  0,32	 63,59	  14,8	  25,6	  29,4	  29,2	  30,5	  33,2	  31,3	   2,9
s	   113,7408	 4	153,76	108,86	  17,0	  27,3	  31,3	  31,9	  33,2	  34,0	  31,7	   3,4
s	   114,2892	 4	 88,88	134,86	  18,5	  28,9	  32,8	  33,5	  34,9	  35,1	  32,4	   4,8
s	   114,3474	 8	 66,60	132,41	  14,9	  27,0	  31,7	  32,5	  33,6	  33,1	  32,2	   4,6
s	   114,4041	 5	161,51	117,09	  16,7	  27,1	  31,0	  31,5	  32,8	  33,6	  31,5	   3,1
s	   114,4052	 5	 88,83	137,45	  16,3	  27,3	  32,3	  33,3	  34,7	  35,0	  32,3	   4,7
s	   114,4767	 5	151,49	106,20	  17,3	  27,7	  31,8	  32,2	  33,6	  34,4	  32,3	   4,7
s	   114,5715	 5	 88,95	131,16	  17,2	  27,9	  31,8	  32,2	  33,6	  34,7	  32,3	   4,6
s	   114,7496	 8	 69,28	125,57	  14,6	  26,3	  30,5	  31,0	  32,2	  32,9	  31,1	   2,7
s	   114,9327	 6	 98,20	134,57	  18,0	  28,6	  32,6	  33,3	  34,6	  34,8	  31,3	   2,9
s	   115,0174	 6	 88,74	141,14	  15,0	  26,3	  31,3	  32,0	  33,4	  34,5	  32,1	   4,4
s	   115,3285	 4	155,20	112,58	  17,9	  28,5	  32,6	  33,4	  34,7	  34,6	  32,5	   4,8
s	   115,4449	 4	156,76	111,36	  17,9	  28,5	  32,6	  33,4	  34,7	  34,6	  32,5	   4,8
s	   115,5366	 5	157,62	115,18	  17,7	  28,4	  32,6	  33,3	  34,6	  34,6	  32,4	   4,7
s	   115,5526	 6	164,14	119,56	  17,0	  27,6	  31,6	  32,1	  33,4	  34,3	  32,1	   4,3
s	   115,6085	 5	152,70	109,75	  16,7	  27,5	  31,6	  32,2	  33,5	  34,2	  32,4	   4,7
s	   115,6527	 5	159,18	113,93	  17,7	  28,4	  32,6	  33,3	  34,6	  34,6	  32,4	   4,7
s	   115,7246	 5	154,25	108,55	  16,7	  27,5	  31,6	  32,2	  33,5	  34,2	  32,4	   4,7
s	   115,7472	 5	156,58	111,51	  16,9	  28,0	  32,3	  33,1	  34,3	  34,2	  32,4	   4,6
s	   115,8800	 6	148,99	103,15	  16,4	  26,8	  30,8	  31,3	  32,6	  33,3	  31,2	   2,7
s	   115,9546	 6	158,99	114,07	  16,7	  27,9	  32,2	  33,0	  34,2	  34,1	  32,3	   4,5
s	   116,0263	 6	154,07	108,70	  15,7	  27,0	  31,3	  31,8	  33,1	  33,7	  32,3	   4,5
s	   116,2478	 7	 89,05	124,96	  13,2	  24,6	  29,5	  29,9	  31,3	  33,1	  31,1	   2,5
s	   116,2622	 6	160,32	117,91	  16,4	  27,4	  31,5	  32,0	  33,3	  34,1	  32,2	   4,4
s	   116,3337	 6	150,47	107,11	  16,4	  27,4	  31,5	  32,0	  33,3	  34,1	  32,2	   4,4
s	   116,3776	 6	161,88	116,64	  16,4	  27,4	  31,5	  32,0	  33,3	  34,1	  32,2	   4,4
s	   116,4491	 6	152,01	105,94	  16,4	  27,4	  31,5	  32,0	  33,3	  34,1	  32,2	   4,4
s	   116,6778	 7	161,68	116,78	  15,4	  26,9	  31,2	  31,7	  32,9	  33,6	  32,1	   4,2
s	   116,7491	 7	151,84	106,09	  15,4	  26,9	  31,2	  31,7	  32,9	  33,6	  32,1	   4,2
s	   116,9109	 7	 68,63	129,07	  15,1	  26,8	  31,0	  31,4	  32,7	  33,6	  31,8	   4,0
s	   117,0008	 4	 21,69	110,11	  17,1	  27,6	  31,8	  32,6	  33,9	  33,8	  31,3	   2,7
s	   117,2061	 5	 19,29	112,63	  16,8	  27,6	  31,7	  32,5	  33,8	  33,7	  31,2	   2,6
s	   117,2758	 7	167,05	122,10	  15,1	  25,9	  29,8	  29,9	  31,3	  32,9	  31,0	   2,3
s	   117,2771	 5	 24,18	107,36	  16,5	  27,0	  31,0	  31,5	  32,9	  33,7	  31,2	   2,6
s	   117,3651	 8	 89,08	122,47	  11,4	  23,6	  29,7	  30,3	  31,8	  33,7	  31,7	   3,8
s	   117,3941	 7	162,91	120,36	  16,1	  27,3	  31,4	  31,9	  33,2	  33,9	  32,0	   4,1
s	   117,4177	 7	147,07	100,75	  15,6	  26,5	  30,5	  30,7	  32,0	  33,7	  31,8	   3,9
s	   117,5086	 7	164,46	119,07	  16,1	  27,3	  31,4	  31,9	  33,1	  33,9	  32,0	   4,1
s	   117,7168	 7	148,02	104,08	  16,1	  27,1	  31,4	  31,9	  33,1	  33,7	  32,0	   4,0
s	   117,7840	 5	 88,91	134,87	  17,5	  28,4	  32,5	  33,2	  34,5	  34,6	  32,2	   4,3
s	   117,8061	 8	164,26	119,20	  15,1	  26,8	  31,1	  31,5	  32,8	  33,4	  31,8	   3,9
s	   117,8310	 7	149,53	102,95	  16,1	  27,1	  31,4	  31,8	  33,1	  33,7	  32,0	   4,0
s	   117,8969	 6	 88,86	137,39	  15,3	  26,8	  32,0	  33,0	  34,3	  34,5	  32,1	   4,1
s	   117,9223	 6	 16,63	115,29	  15,5	  26,4	  30,5	  30,9	  32,2	  32,9	  31,0	   2,3
s	   117,9930	 6	 26,41	104,80	  16,8	  27,5	  31,5	  31,9	  33,2	  34,1	  31,8	   3,9
s	   118,0588	 6	 88,97	131,27	  16,3	  27,4	  31,5	  31,9	  33,2	  34,2	  32,0	   4,1
s	   118,0865	 7	 88,12	131,25	  16,0	  27,2	  31,4	  31,8	  33,1	  33,9	  31,9	   4,0
s	   118,1278	 8	149,37	103,10	  15,1	  26,6	  31,0	  31,5	  32,7	  33,2	  31,8	   3,9
s	   118,4927	 7	 88,78	140,97	  14,0	  25,8	  31,0	  31,7	  33,0	  34,0	  31,9	   3,9
s	   118,5204	 8	 87,76	140,96	  13,8	  25,6	  30,9	  31,6	  32,9	  33,7	  31,8	   3,8
s	   119,0389	 5	 21,29	109,78	  16,7	  27,8	  32,1	  32,9	  34,1	  33,9	  32,1	   4,0
s	   119,0399	 7	 14,10	117,67	  15,7	  26,9	  31,1	  31,5	  32,8	  33,6	  31,6	   3,6
s	   119,0931	 8	165,79	122,88	  14,7	  26,2	  30,3	  30,5	  31,8	  33,3	  31,7	   3,7
s	   119,2061	 8	167,31	121,57	  14,7	  26,2	  30,3	  30,5	  31,8	  33,3	  31,7	   3,7
s	   119,2330	 8	146,15	101,70	  14,7	  26,2	  30,3	  30,5	  31,8	  33,3	  31,7	   3,6
s	   119,2411	 6	 18,93	112,26	  16,5	  27,7	  32,0	  32,8	  34,0	  33,8	  31,9	   3,9
s	   119,2499	 7	 28,72	102,07	  14,9	  25,7	  29,7	  29,8	  31,1	  32,8	  30,8	   2,0
s	   119,3107	 8	169,81	124,33	  15,2	  26,4	  30,4	  30,5	  31,8	  33,5	  31,5	   3,4
s	   119,3110	 6	 23,75	107,08	  16,2	  27,2	  31,3	  31,8	  33,1	  33,8	  31,9	   3,9
s	   119,3200	 6	 21,47	109,93	  15,7	  27,3	  31,7	  32,5	  33,7	  33,4	  31,9	   3,8
s	   119,3459	 8	147,64	100,59	  14,7	  26,2	  30,3	  30,5	  31,8	  33,3	  31,7	   3,6
s	   119,5218	 7	 19,11	112,41	  15,5	  27,2	  31,7	  32,4	  33,6	  33,4	  31,8	   3,7
s	   119,5915	 7	 23,92	107,24	  15,2	  26,7	  31,0	  31,5	  32,7	  33,4	  31,8	   3,7
s	   119,6597	 8	144,94	 98,02	  13,7	  24,7	  28,7	  28,5	  29,8	  32,3	  30,6	   1,8
s	   119,9462	 7	 16,31	114,87	  15,2	  26,7	  31,0	  31,5	  32,7	  33,3	  31,7	   3,6
s	   120,0157	 7	 25,95	104,57	  15,9	  27,1	  31,3	  31,7	  33,0	  33,7	  31,7	   3,6
s	   120,2254	 8	 16,50	115,01	  14,2	  26,2	  30,7	  31,1	  32,3	  32,8	  31,6	   3,5
s	   120,2948	 8	 26,11	104,72	  14,9	  26,6	  30,9	  31,4	  32,6	  33,3	  31,6	   3,4
s	   120,7178	 8	 11,30	120,14	  13,9	  25,2	  29,3	  29,4	  30,6	  32,2	  30,5	   1,6
s	   120,8561	 8	 30,78	 99,56	  15,1	  26,3	  30,3	  30,4	  31,7	  33,4	  31,3	   3,1
s	   121,0468	 8	 13,82	117,22	  14,9	  26,6	  30,9	  31,3	  32,5	  33,2	  31,5	   3,3
s	   121,2535	 8	 28,23	101,88	  14,6	  26,0	  30,2	  30,4	  31,6	  33,2	  31,5	   3,3
s	   124,9580	 8	 89,07	128,27	  13,9	  25,5	  30,6	  31,1	  32,5	  33,6	  30,9	   2,3
s	   129,7766	 4	211,66	 62,16	  17,0	  27,1	  31,2	  32,0	  33,2	  33,0	  30,1	   0,3
s	   129,9635	 5	213,70	 64,62	  16,8	  27,0	  31,1	  31,9	  33,1	  32,9	  29,9	   0,2
s	   130,0281	 5	209,36	 59,54	  15,7	  26,1	  30,2	  30,7	  32,0	  32,5	  29,9	   0,2
s	   130,2330	 4	175,58	 94,24	  16,2	  27,2	  31,4	  32,2	  33,5	  33,3	  31,0	   2,0
s	   130,4193	 5	177,74	 96,40	  16,0	  27,2	  31,4	  32,1	  33,4	  33,3	  30,9	   1,9
s	   130,4837	 5	173,26	 91,91	  15,0	  26,2	  30,4	  31,0	  32,2	  32,9	  30,9	   1,9
s	   130,6156	 6	215,79	 67,28	  15,5	  25,8	  29,9	  30,3	  31,6	  32,2	  29,8	  -0,1
s	   130,6799	 6	207,12	 57,17	  16,0	  26,5	  30,6	  31,1	  32,3	  33,0	  30,5	   1,5
s	   131,0692	 6	180,08	 98,71	  14,7	  26,2	  30,4	  30,8	  32,1	  32,8	  30,7	   1,6
s	   131,1334	 6	171,13	 89,75	  14,7	  26,2	  30,4	  30,8	  32,1	  32,8	  30,7	   1,6
s	   131,5387	 5	211,11	 62,53	  16,7	  27,2	  31,5	  32,3	  33,5	  33,2	  30,8	   1,7
s	   131,6343	 7	217,64	 69,75	  15,7	  26,4	  30,5	  30,9	  32,2	  32,8	  30,3	   1,2
s	   131,7232	 6	213,13	 64,95	  16,4	  27,2	  31,4	  32,2	  33,4	  33,1	  30,7	   1,5
s	   131,7870	 6	208,83	 59,96	  15,4	  26,3	  30,5	  31,0	  32,2	  32,7	  30,7	   1,5
s	   131,8258	 7	204,61	 54,69	  14,1	  24,8	  28,8	  29,0	  30,2	  31,6	  29,5	  -0,4
s	   131,9182	 6	211,27	 62,42	  15,7	  26,8	  31,1	  31,9	  33,1	  32,7	  30,7	   1,5
s	   132,0847	 7	182,26	100,81	  14,4	  26,1	  30,3	  30,7	  31,9	  32,7	  30,5	   1,3
s	   132,1022	 7	213,28	 64,84	  15,4	  26,7	  31,1	  31,8	  33,0	  32,6	  30,5	   1,3
s	   132,1659	 7	209,00	 59,85	  14,4	  25,8	  30,2	  30,7	  31,8	  32,2	  30,5	   1,3
s	   132,3673	 7	215,21	 67,57	  15,1	  26,2	  30,4	  30,9	  32,1	  32,6	  30,5	   1,3
s	   132,3694	 5	330,48	 63,62	  15,9	  26,4	  30,7	  31,5	  32,7	  32,4	  29,7	  -0,3
s	   132,3746	 7	168,70	 87,30	  14,4	  25,9	  30,2	  30,7	  31,9	  32,4	  30,5	   1,3
s	   132,4309	 7	206,62	 57,62	  15,1	  26,2	  30,4	  30,9	  32,1	  32,6	  30,5	   1,3
s	   132,5501	 5	175,65	 94,17	  15,1	  26,6	  31,0	  31,8	  33,0	  32,7	  30,7	   1,5
s	   132,5530	 6	328,45	 66,00	  15,6	  26,4	  30,6	  31,4	  32,6	  32,3	  29,6	  -0,4
s	   132,7333	 6	177,78	 96,30	  14,9	  26,6	  30,9	  31,7	  32,9	  32,7	  30,6	   1,3
s	   132,7447	 8	215,35	 67,46	  14,1	  25,7	  30,1	  30,6	  31,7	  32,1	  30,4	   1,1
s	   132,7967	 6	173,37	 91,88	  13,8	  25,6	  30,0	  30,5	  31,7	  32,2	  30,6	   1,3
s	   132,8080	 8	206,80	 57,52	  14,1	  25,7	  30,1	  30,6	  31,7	  32,1	  30,4	   1,1
s	   133,1665	 8	219,54	 72,38	  13,8	  24,7	  28,7	  28,8	  30,1	  31,5	  29,3	  -0,8
s	   133,1934	 7	326,36	 68,59	  14,3	  25,2	  29,4	  29,8	  31,0	  31,5	  29,4	  -0,7
s	   133,2928	 8	202,19	 52,48	  14,3	  25,3	  29,4	  29,6	  30,8	  32,3	  30,1	   0,8
s	   133,3730	 7	180,08	 98,57	  13,6	  25,6	  29,9	  30,4	  31,6	  32,2	  30,4	   1,1
s	   133,3737	 8	217,04	 70,00	  14,9	  26,1	  30,3	  30,7	  32,0	  32,5	  30,3	   1,0
s	   133,4361	 7	171,27	 89,76	  13,6	  25,6	  29,9	  30,4	  31,6	  32,2	  30,4	   1,1
s	   133,5630	 8	204,15	 55,18	  13,8	  25,1	  29,4	  29,6	  30,8	  32,1	  30,3	   1,0
s	   133,7381	 8	184,75	103,17	  14,1	  25,8	  30,1	  30,5	  31,7	  32,3	  30,3	   0,9
s	   133,7381	 8	166,78	 85,37	  13,1	  25,0	  29,2	  29,3	  30,6	  32,1	  30,3	   0,9
s	   134,1931	 6	330,98	 63,97	  15,5	  26,6	  31,0	  31,8	  33,0	  32,5	  30,4	   1,1
s	   134,1941	 8	324,51	 70,98	  14,6	  25,8	  30,0	  30,5	  31,7	  32,2	  30,0	   0,6
s	   134,3725	 8	182,22	100,64	  13,3	  25,5	  29,8	  30,2	  31,4	  32,0	  30,2	   0,8
s	   134,3744	 7	328,97	 66,32	  15,3	  26,6	  30,9	  31,7	  32,9	  32,5	  30,3	   0,9
s	   134,5542	 7	330,82	 63,86	  14,5	  26,1	  30,7	  31,5	  32,6	  32,0	  30,3	   0,9
s	   134,6578	 8	168,88	 87,34	  13,3	  25,3	  29,7	  30,2	  31,4	  31,8	  30,2	   0,8
s	   134,7350	 8	328,82	 66,21	  14,3	  26,1	  30,6	  31,4	  32,5	  32,0	  30,2	   0,7
s	   135,0069	 8	326,90	 68,86	  14,0	  25,6	  29,9	  30,4	  31,6	  32,0	  30,1	   0,7
s	   135,7708	 6	272,24	 44,91	  16,2	  26,6	  30,7	  31,4	  32,7	  32,5	  29,3	  -1,0
s	   136,0264	 5	  4,25	 94,08	  14,9	  26,4	  30,8	  31,6	  32,8	  32,5	  30,4	   0,8
s	   136,2054	 6	  2,17	 96,15	  14,7	  26,4	  30,7	  31,5	  32,7	  32,4	  30,3	   0,7
s	   136,2673	 6	  6,47	 91,83	  13,6	  25,4	  29,8	  30,3	  31,5	  32,0	  30,2	   0,7
s	   136,7834	 7	330,92	 59,93	  14,9	  26,1	  30,2	  30,6	  31,9	  32,5	  30,1	   0,5
s	   136,8301	 7	359,92	 98,37	  13,4	  25,4	  29,7	  30,2	  31,4	  31,9	  30,1	   0,5
s	   136,8918	 7	  8,52	 89,76	  14,1	  25,8	  30,0	  30,4	  31,6	  32,3	  30,1	   0,4
s	   137,4057	 8	333,05	 57,67	  14,6	  26,0	  30,1	  30,5	  31,8	  32,4	  29,9	   0,2
s	   137,8065	 8	357,83	100,39	  13,1	  25,3	  29,6	  30,0	  31,2	  31,8	  29,9	   0,2
s	   138,0853	 8	 10,86	 87,40	  13,8	  25,5	  29,8	  30,2	  31,4	  32,0	  29,9	   0,1
s	   138,3445	 6	  4,18	 94,01	  13,8	  25,8	  30,3	  31,1	  32,3	  31,9	  30,0	   0,3
s	   138,5208	 7	  2,13	 96,06	  13,6	  25,8	  30,2	  31,0	  32,2	  31,8	  29,9	   0,2
s	   138,5817	 7	  6,37	 91,81	  12,5	  24,8	  29,3	  29,8	  31,0	  31,4	  29,9	   0,1
s	   139,1358	 8	359,92	 98,24	  12,3	  24,8	  29,2	  29,7	  30,9	  31,3	  29,8	  -0,1
s	   139,1966	 8	  8,39	 89,77	  13,0	  25,2	  29,5	  29,9	  31,1	  31,7	  29,7	  -0,1
s	   139,2647	 7	272,19	 44,91	  15,8	  26,7	  30,9	  31,6	  32,8	  32,5	  29,9	   0,0
s	   139,4625	 8	272,42	 39,65	  11,8	  23,6	  28,8	  29,5	  30,8	  31,4	  28,7	  -1,9
s	   142,5239	 8	272,27	 41,88	  14,3	  25,7	  29,8	  30,2	  31,4	  32,1	  29,4	  -0,7
s	   144,6953	 5	270,91	 44,90	  16,4	  26,9	  30,8	  31,5	  32,8	  32,9	  29,3	  -1,0
s	   144,9228	 6	270,96	 41,91	  15,1	  25,9	  29,8	  30,2	  31,6	  32,4	  29,2	  -1,1
s	   145,2733	 8	246,93	 47,27	  13,7	  25,0	  29,5	  30,2	  31,3	  30,7	  28,2	  -3,0
s	   145,2826	 7	270,83	 49,96	  12,9	  24,4	  29,4	  30,0	  31,4	  32,2	  29,1	  -1,3
s	   147,7155	 7	254,12	 43,02	  14,8	  25,6	  29,6	  30,0	  31,3	  32,0	  28,8	  -1,8
s	   148,1038	 6	142,68	121,10	  14,7	  25,8	  30,2	  31,0	  32,1	  31,6	  29,2	  -1,5
s	   148,1903	 6	270,89	 44,90	  15,5	  26,5	  30,6	  31,2	  32,5	  32,4	  29,1	  -1,5
s	   148,2692	 7	144,51	123,33	  14,5	  25,8	  30,1	  30,9	  32,0	  31,5	  29,0	  -1,6
s	   148,3265	 7	140,81	118,67	  13,5	  24,8	  29,2	  29,7	  30,9	  31,1	  29,0	  -1,6
s	   148,4129	 7	270,93	 41,98	  14,2	  25,5	  29,6	  30,0	  31,2	  32,0	  29,0	  -1,6
s	   148,7648	 8	270,82	 49,85	  12,0	  24,0	  29,1	  29,7	  31,0	  31,8	  28,9	  -1,8
s	   148,8470	 8	146,57	125,69	  13,2	  24,8	  29,1	  29,6	  30,8	  31,0	  28,9	  -1,8
s	   148,9040	 8	139,16	116,41	  13,2	  24,8	  29,1	  29,6	  30,7	  31,0	  28,9	  -1,8
s	   151,3227	 6	140,60	122,28	  14,6	  25,7	  30,0	  30,8	  31,9	  31,4	  28,9	  -2,1
s	   151,4849	 7	142,36	124,50	  14,3	  25,6	  30,0	  30,7	  31,9	  31,3	  28,7	  -2,2
s	   151,5410	 7	138,79	119,87	  13,3	  24,7	  29,0	  29,6	  30,7	  30,9	  28,7	  -2,2
s	   151,7038	 7	140,75	122,20	  13,6	  25,2	  29,7	  30,5	  31,6	  30,9	  28,7	  -2,2
s	   151,8657	 8	142,51	124,41	  13,3	  25,1	  29,6	  30,4	  31,5	  30,8	  28,6	  -2,4
s	   151,9217	 8	138,95	119,80	  12,3	  24,2	  28,7	  29,2	  30,3	  30,4	  28,6	  -2,4
s	   152,0514	 8	144,35	126,84	  13,1	  24,6	  29,0	  29,4	  30,6	  30,8	  28,6	  -2,4
s	   152,1073	 8	137,20	117,63	  13,1	  24,6	  29,0	  29,4	  30,6	  30,8	  28,6	  -2,4
s	   152,6179	 6	 37,12	120,99	  13,8	  24,8	  29,2	  30,0	  31,1	  30,6	  27,7	  -4,1
s	   152,7788	 7	 35,35	123,16	  13,5	  24,8	  29,2	  29,9	  31,0	  30,5	  27,6	  -4,2
s	   152,8345	 7	 38,95	118,63	  13,2	  24,3	  28,5	  29,0	  30,1	  30,5	  27,6	  -4,2
s	   153,3409	 8	 33,34	125,45	  12,2	  23,8	  28,2	  28,6	  29,7	  30,0	  27,4	  -4,4
s	   153,3963	 8	 40,56	116,43	  13,0	  24,2	  28,4	  28,8	  30,0	  30,4	  27,4	  -4,4
s	   154,2193	 7	 36,56	120,66	  13,4	  25,0	  29,6	  30,3	  31,4	  30,7	  28,5	  -2,7
s	   154,3787	 8	 34,80	122,80	  13,2	  25,0	  29,5	  30,2	  31,3	  30,7	  28,4	  -2,8
s	   154,4338	 8	 38,37	118,33	  12,9	  24,5	  28,8	  29,3	  30,4	  30,7	  28,4	  -2,8
s	   155,1863	 7	 37,92	121,45	  13,4	  25,0	  29,5	  30,3	  31,4	  30,7	  28,4	  -2,8
s	   155,3448	 8	 36,18	123,59	  13,2	  24,9	  29,5	  30,2	  31,3	  30,6	  28,3	  -3,0
s	   155,3996	 8	 39,70	119,12	  12,9	  24,4	  28,8	  29,3	  30,4	  30,6	  28,3	  -3,0
s	   155,5789	 8	 37,77	121,37	  12,4	  24,5	  29,2	  30,0	  31,0	  30,2	  28,3	  -3,0
s	   162,5589	 7	 88,11	134,89	  13,0	  24,3	  28,6	  29,4	  30,5	  29,9	  26,7	  -5,9
s	   162,6428	 8	 88,04	136,76	  10,8	  22,7	  28,2	  29,2	  30,3	  29,7	  26,6	  -6,1
s	   166,0532	 8	 88,15	134,89	  13,4	  24,8	  29,2	  29,9	  31,0	  30,4	  27,4	  -4,9
s	   167,6105	 6	166,06	106,75	  12,5	  23,9	  29,1	  30,1	  31,3	  30,9	  27,4	  -4,9
s	   168,8131	 8	 88,25	132,31	  12,0	  23,8	  28,0	  28,3	  29,5	  30,0	  26,9	  -5,6
s	   168,9223	 7	165,26	107,44	  11,5	  23,3	  28,7	  29,7	  30,9	  30,4	  27,2	  -5,3
s	   169,1177	 7	223,12	 55,54	  13,4	  24,6	  29,0	  29,8	  30,9	  30,0	  27,2	  -5,3
s	   169,2639	 8	224,58	 57,60	  13,2	  24,5	  29,0	  29,7	  30,8	  30,0	  27,1	  -5,4
s	   169,7781	 7	166,24	106,54	  11,4	  23,3	  28,7	  29,6	  30,8	  30,3	  27,2	  -5,4
s	   169,9901	 8	166,11	106,66	  10,4	  22,8	  28,3	  29,3	  30,4	  29,9	  27,0	  -5,5
s	   170,0773	 6	224,31	 54,96	  13,6	  24,2	  28,5	  29,3	  30,4	  29,7	  26,2	  -7,1
s	   170,2227	 7	225,75	 57,02	  13,4	  24,2	  28,5	  29,2	  30,3	  29,6	  26,1	  -7,3
s	   170,7310	 8	227,22	 59,26	  12,1	  23,2	  27,5	  28,0	  29,1	  29,2	  25,9	  -7,5
s	   171,4906	 6	 89,23	134,91	  14,1	  25,1	  29,1	  29,8	  31,0	  30,8	  26,9	  -5,8
s	   171,5704	 7	 89,20	136,69	  11,8	  23,5	  28,7	  29,5	  30,8	  30,6	  26,8	  -5,9
s	   171,6849	 7	 89,26	132,36	  12,8	  24,1	  28,1	  28,5	  29,7	  30,3	  26,8	  -6,0
s	   172,0362	 8	 89,28	130,58	  10,6	  22,5	  27,7	  28,3	  29,5	  30,2	  26,6	  -6,1
s	   172,9212	 7	224,98	 54,64	  14,2	  24,8	  29,1	  29,8	  30,8	  30,1	  26,8	  -6,0
s	   173,0369	 7	 13,49	106,24	  11,3	  23,1	  28,5	  29,5	  30,7	  30,1	  26,9	  -6,0
s	   173,0644	 8	226,39	 56,68	  14,0	  24,8	  29,0	  29,7	  30,8	  30,0	  26,7	  -6,1
s	   173,2578	 8	224,83	 54,71	  13,2	  24,3	  28,7	  29,5	  30,5	  29,6	  26,7	  -6,2
s	   173,5503	 7	317,21	 55,71	  13,4	  24,0	  28,3	  29,1	  30,1	  29,3	  25,7	  -7,9
s	   173,6930	 8	315,78	 57,72	  13,2	  24,0	  28,2	  29,0	  30,0	  29,3	  25,6	  -8,0
s	   173,9046	 8	148,81	117,26	  11,5	  23,6	  28,2	  29,0	  30,0	  29,1	  26,7	  -6,2
s	   174,9723	 8	317,80	 56,00	  13,1	  24,2	  28,7	  29,4	  30,4	  29,5	  26,5	  -6,5
s	   174,9857	 7	 89,24	134,91	  13,2	  24,7	  28,9	  29,5	  30,7	  30,4	  26,7	  -6,3
s	   175,0640	 8	 89,22	136,66	  10,9	  23,1	  28,4	  29,3	  30,5	  30,2	  26,6	  -6,4
s	   175,1763	 8	 89,27	132,41	  11,9	  23,7	  27,9	  28,3	  29,4	  29,9	  26,6	  -6,4
s	   175,2142	 8	 13,32	106,05	  10,2	  22,6	  28,1	  29,1	  30,2	  29,6	  26,6	  -6,4
s	   175,5940	 8	223,99	 52,22	  11,9	  23,4	  27,8	  28,2	  29,3	  29,4	  26,6	  -6,5
s	   176,1579	 8	318,22	 53,30	  11,9	  23,1	  27,3	  27,7	  28,8	  29,1	  25,5	  -8,4
s	   177,2552	 5	165,22	104,19	  13,5	  24,5	  28,8	  29,6	  30,7	  30,1	  26,8	  -6,5
s	   177,4435	 6	163,49	102,38	  13,0	  24,0	  28,1	  28,5	  29,7	  30,1	  26,6	  -6,6
s	   177,8842	 7	168,63	107,64	  11,3	  22,6	  26,8	  27,2	  28,3	  28,5	  25,5	  -8,6
s	   177,9325	 7	161,91	100,70	  12,5	  23,7	  27,8	  28,2	  29,4	  29,7	  26,2	  -7,0
s	   178,5005	 6	164,48	104,86	  12,5	  24,0	  28,4	  29,2	  30,3	  29,6	  26,5	  -6,8
s	   178,6502	 8	170,30	109,26	  12,3	  23,6	  27,7	  28,1	  29,3	  29,7	  26,1	  -7,3
s	   178,6876	 7	162,76	103,06	  12,0	  23,5	  27,7	  28,2	  29,3	  29,5	  26,4	  -6,9
s	   178,8693	 8	160,13	 98,76	  11,0	  22,4	  26,7	  27,1	  28,1	  28,2	  25,3	  -8,9
s	   179,1254	 8	167,87	108,30	  11,0	  23,0	  27,4	  27,8	  28,9	  29,0	  26,3	  -7,1
s	   179,1734	 8	161,19	101,38	  11,7	  23,4	  27,7	  28,1	  29,2	  29,5	  26,3	  -7,1
s	   179,6425	 7	165,28	104,14	  11,5	  23,5	  28,1	  28,8	  29,9	  29,1	  26,3	  -7,1
s	   179,8286	 8	163,57	102,35	  10,9	  23,0	  27,4	  27,8	  28,9	  29,0	  26,2	  -7,2
s	   182,7265	 6	 14,33	103,78	  12,3	  23,8	  28,2	  29,0	  30,1	  29,3	  26,2	  -7,5
s	   182,9096	 7	 16,01	102,03	  11,8	  23,3	  27,5	  28,0	  29,1	  29,3	  26,1	  -7,7
s	   183,3379	 8	 11,02	107,13	  10,0	  21,9	  26,2	  26,6	  27,7	  27,8	  24,9	  -9,6
s	   183,3849	 8	 17,55	100,40	  12,0	  23,4	  27,5	  27,9	  29,0	  29,4	  25,7	  -8,1
s	   183,9370	 7	 15,05	104,44	  11,3	  23,3	  27,9	  28,6	  29,7	  28,8	  26,0	  -7,8
s	   184,1190	 8	 16,72	102,69	  10,8	  22,8	  27,2	  27,6	  28,7	  28,8	  25,9	  -8,0
s	   184,9207	 7	 14,16	103,63	  11,2	  23,3	  27,8	  28,6	  29,6	  28,8	  25,9	  -8,0
s	   185,1018	 8	 15,82	101,89	  10,7	  22,7	  27,1	  27,6	  28,6	  28,7	  25,8	  -8,1
s	   185,1165	 8	 14,28	103,74	  10,2	  22,8	  27,5	  28,3	  29,2	  28,3	  25,8	  -8,1
s	   192,3980	 7	130,82	127,03	  11,6	  22,8	  27,2	  28,0	  29,0	  28,0	  24,3	 -11,0
s	   192,5276	 8	132,08	128,90	  11,4	  22,7	  27,2	  27,9	  28,9	  28,0	  24,2	 -11,2
s	   195,3562	 4	179,14	 93,71	  12,4	  23,2	  28,2	  29,2	  30,4	  30,1	  25,4	  -9,4
s	   196,6351	 6	173,01	 87,56	   9,1	  20,3	  25,3	  25,6	  26,9	  28,1	  24,1	 -11,6
s	   196,7101	 5	166,70	102,84	  13,6	  24,1	  28,2	  28,9	  30,0	  29,3	  25,1	  -9,8
s	   196,7802	 6	167,82	103,98	  11,4	  22,5	  27,7	  28,7	  29,8	  29,2	  25,0	  -9,9
s	   196,8809	 6	165,13	101,21	  13,1	  23,5	  27,5	  27,9	  29,0	  29,3	  25,0	 -10,0
s	   197,2806	 7	169,79	105,95	  11,3	  22,1	  26,2	  26,5	  27,6	  27,8	  23,8	 -11,9
s	   197,3244	 7	163,69	 99,70	  11,7	  22,8	  26,9	  27,3	  28,5	  28,7	  24,7	 -10,3
s	   197,6813	 5	179,15	 93,66	  11,4	  22,7	  27,8	  28,7	  30,0	  29,5	  25,1	  -9,9
s	   197,9758	 8	171,30	107,43	  12,3	  23,2	  27,1	  27,4	  28,5	  28,9	  24,5	 -10,6
s	   198,0728	 8	258,22	 45,53	  11,7	  23,1	  27,5	  28,1	  29,2	  28,4	  24,5	 -10,5
s	   198,1747	 8	162,06	 97,95	  10,1	  21,5	  25,8	  26,2	  27,2	  27,2	  23,7	 -12,1
s	   198,6790	 5	189,00	 83,88	  12,1	  22,9	  28,0	  28,9	  30,2	  29,7	  25,0	 -10,1
s	   198,8217	 8	185,29	 99,74	   9,1	  20,8	  25,8	  26,1	  27,4	  28,7	  24,5	 -10,7
s	   198,9223	 6	166,85	102,70	  12,5	  23,5	  27,8	  28,5	  29,5	  28,8	  24,8	 -10,3
s	   198,9460	 7	173,09	 87,59	   8,8	  20,7	  25,8	  26,2	  27,4	  28,6	  24,8	 -10,3
s	   199,0913	 7	165,30	101,09	  12,0	  23,0	  27,1	  27,5	  28,5	  28,7	  24,7	 -10,4
s	   199,1050	 7	166,74	102,81	  11,5	  23,1	  27,4	  28,2	  29,1	  28,3	  24,7	 -10,4
s	   199,2739	 8	165,19	101,20	  11,0	  22,5	  26,7	  27,2	  28,2	  28,2	  24,6	 -10,6
s	   199,3551	 6	189,67	 83,22	  11,1	  22,4	  27,6	  28,6	  29,8	  29,2	  24,9	 -10,3
s	   199,4868	 8	169,91	105,78	  11,0	  22,5	  26,7	  27,2	  28,2	  28,2	  24,6	 -10,6
s	   199,5302	 8	163,87	 99,59	  10,8	  22,5	  26,8	  27,2	  28,2	  28,4	  24,6	 -10,6
s	   199,9378	 7	182,91	 77,81	   8,8	  20,0	  25,0	  25,4	  26,6	  27,7	  23,7	 -12,3
s	   200,6099	 8	183,59	 77,17	   8,5	  20,4	  25,6	  26,0	  27,2	  28,2	  24,6	 -10,7
s	   200,9678	 6	188,90	 83,94	  11,0	  22,4	  27,6	  28,5	  29,7	  29,1	  24,8	 -10,6
s	   201,0754	 7	189,01	 83,83	  10,0	  21,9	  27,3	  28,2	  29,3	  28,6	  24,6	 -10,7
s	   201,1692	 5	  0,83	 93,60	  11,2	  22,5	  27,7	  28,6	  29,8	  29,4	  24,9	 -10,5
s	   201,8979	 7	270,66	 44,92	  12,5	  23,7	  27,7	  28,3	  29,5	  29,1	  24,3	 -11,1
s	   202,0646	 8	270,69	 42,74	  11,2	  22,7	  26,7	  27,0	  28,2	  28,6	  24,2	 -11,2
s	   202,2131	 8	182,88	 77,95	   8,5	  20,4	  25,6	  26,0	  27,1	  28,1	  24,4	 -11,0
s	   202,4133	 7	  6,80	 87,63	   8,7	  20,0	  25,0	  25,2	  26,5	  27,8	  23,5	 -12,7
s	   203,4945	 6	  0,82	 93,57	  10,2	  22,0	  27,2	  28,2	  29,4	  28,8	  24,6	 -11,0
s	   204,4026	 6	351,24	 84,04	  10,9	  22,2	  27,4	  28,4	  29,5	  28,9	  24,5	 -11,1
s	   204,7253	 8	  6,72	 87,66	   8,4	  20,4	  25,5	  25,9	  27,1	  28,2	  24,3	 -11,4
s	   205,0609	 7	350,59	 83,40	   9,9	  21,7	  27,1	  28,0	  29,2	  28,4	  24,3	 -11,4
s	   205,3930	 8	270,65	 44,93	  11,6	  23,3	  27,5	  28,1	  29,2	  28,7	  24,2	 -11,5
s	   205,6282	 8	357,17	 78,14	   8,3	  19,7	  24,7	  25,0	  26,2	  27,3	  23,2	 -13,3
s	   205,6983	 3	177,77	 92,12	  13,5	  23,9	  28,0	  28,7	  29,9	  29,3	  24,7	 -11,0
s	   205,7656	 4	178,84	 93,18	  11,3	  22,4	  27,5	  28,5	  29,7	  29,2	  24,6	 -11,1
s	   205,8621	 4	176,26	 90,60	  12,2	  23,0	  27,0	  27,5	  28,6	  28,9	  24,6	 -11,2
s	   206,2453	 5	180,71	 95,04	  12,7	  23,3	  27,2	  27,6	  28,8	  29,2	  24,5	 -11,3
s	   206,2873	 5	174,85	 89,19	  12,5	  23,1	  27,0	  27,4	  28,6	  29,0	  24,2	 -11,6
s	   206,6936	 7	351,33	 84,10	   9,8	  21,7	  27,0	  28,0	  29,1	  28,4	  24,2	 -11,6
s	   206,7984	 8	351,23	 84,00	   8,8	  21,2	  26,7	  27,6	  28,7	  27,9	  24,1	 -11,8
s	   206,8396	 6	173,69	 88,02	   8,0	  19,5	  24,6	  24,9	  26,1	  27,2	  23,3	 -13,3
s	   206,9120	 6	182,12	 96,43	  11,5	  22,6	  26,6	  27,0	  28,2	  28,5	  24,1	 -11,8
s	   207,9198	 7	183,64	 97,92	  10,4	  21,3	  25,2	  25,2	  26,4	  27,6	  23,1	 -13,6
s	   208,0032	 7	171,96	 86,29	  10,2	  21,6	  25,6	  25,7	  26,9	  28,0	  23,9	 -12,1
s	   208,0251	 4	177,80	 92,09	  12,4	  23,4	  27,6	  28,3	  29,4	  28,8	  24,4	 -11,5
s	   208,0917	 5	178,85	 93,15	  10,2	  21,8	  27,1	  28,1	  29,2	  28,6	  24,3	 -11,6
s	   208,1872	 5	176,30	 90,59	  11,2	  22,4	  26,6	  27,1	  28,2	  28,3	  24,3	 -11,7
s	   208,5663	 6	180,70	 94,99	  11,7	  22,8	  26,8	  27,2	  28,3	  28,6	  24,2	 -11,8
s	   208,6079	 6	174,91	 89,20	  11,7	  22,8	  26,8	  27,2	  28,3	  28,6	  24,2	 -11,8
s	   208,8021	 8	184,70	 98,95	   8,0	  20,0	  25,1	  25,5	  26,7	  27,8	  23,7	 -12,3
s	   208,8654	 4	187,19	 82,76	  13,1	  23,6	  27,7	  28,5	  29,6	  28,9	  24,4	 -11,7
s	   208,9317	 5	188,23	 83,82	  10,9	  22,1	  27,3	  28,3	  29,4	  28,7	  24,3	 -11,8
s	   209,0268	 5	185,69	 81,26	  11,9	  22,7	  26,8	  27,2	  28,4	  28,4	  24,3	 -11,8
s	   209,1544	 7	173,76	 88,04	   7,7	  19,9	  25,1	  25,5	  26,7	  27,6	  24,0	 -12,0
s	   209,2261	 7	182,10	 96,37	  10,7	  22,3	  26,5	  26,8	  28,0	  28,1	  24,0	 -12,0
s	   209,3286	 8	170,47	 84,82	   8,4	  19,9	  23,9	  23,6	  24,8	  26,7	  22,9	 -14,0
s	   209,4046	 6	190,06	 85,67	  12,4	  23,0	  27,0	  27,4	  28,5	  28,8	  24,1	 -12,0
s	   209,4460	 6	184,28	 79,87	  12,1	  22,8	  26,7	  27,1	  28,3	  28,6	  23,9	 -12,2
s	   209,9903	 7	183,12	 78,72	   7,6	  19,2	  24,3	  24,7	  25,9	  26,7	  22,9	 -14,0
s	   210,0618	 7	191,42	 87,07	  11,1	  22,3	  26,4	  26,8	  27,9	  28,1	  23,7	 -12,4
s	   210,2234	 8	183,60	 97,84	  10,1	  21,7	  25,7	  25,8	  26,9	  28,1	  23,8	 -12,3
s	   210,3059	 8	172,04	 86,33	   9,4	  21,3	  25,4	  25,5	  26,7	  27,6	  23,8	 -12,3
s	   211,1376	 8	181,36	 77,03	   9,9	  21,3	  25,4	  25,5	  26,6	  27,6	  23,5	 -12,7
s	   211,1592	 5	187,11	 82,84	  12,1	  23,1	  27,3	  28,1	  29,2	  28,3	  24,1	 -12,1
s	   211,2248	 6	188,15	 83,88	   9,8	  21,5	  26,9	  27,9	  29,0	  28,2	  24,0	 -12,3
s	   211,2619	 6	187,22	 82,73	  11,1	  22,6	  27,0	  27,8	  28,8	  27,9	  24,0	 -12,3
s	   211,3189	 6	185,63	 81,35	  10,8	  22,1	  26,4	  26,8	  27,9	  27,9	  24,0	 -12,3
s	   211,3275	 7	188,25	 83,78	   8,9	  21,1	  26,6	  27,5	  28,6	  27,7	  23,9	 -12,4
s	   211,4216	 7	185,73	 81,24	   9,8	  21,7	  26,0	  26,5	  27,5	  27,4	  23,9	 -12,4
s	   211,5155	 4	  2,17	 92,06	  12,3	  23,3	  27,4	  28,2	  29,3	  28,6	  24,2	 -12,1
s	   211,6750	 5	  3,65	 90,58	  11,0	  22,3	  26,4	  26,9	  28,0	  28,1	  24,1	 -12,2
s	   211,6928	 7	189,95	 85,72	  11,3	  22,5	  26,6	  27,0	  28,1	  28,2	  23,8	 -12,4
s	   211,7338	 7	184,24	 79,97	  11,3	  22,5	  26,6	  27,0	  28,1	  28,2	  23,8	 -12,5
s	   211,7953	 8	190,06	 85,61	  10,3	  22,0	  26,3	  26,6	  27,7	  27,8	  23,7	 -12,6
s	   211,8363	 8	184,35	 79,87	  10,3	  22,0	  26,3	  26,6	  27,7	  27,8	  23,7	 -12,6
s	   212,0483	 6	359,31	 94,91	  11,5	  22,6	  26,7	  27,0	  28,2	  28,5	  23,9	 -12,4
s	   212,0892	 6	  5,01	 89,21	  12,0	  22,8	  26,7	  27,0	  28,2	  28,6	  23,7	 -12,6
s	   212,2726	 8	183,08	 78,84	   7,3	  19,6	  24,9	  25,3	  26,4	  27,2	  23,7	 -12,7
s	   212,3433	 8	191,30	 87,10	  10,3	  22,0	  26,2	  26,6	  27,7	  27,7	  23,7	 -12,7
s	   212,6272	 7	  6,15	 88,08	   7,5	  19,2	  24,3	  24,6	  25,8	  26,8	  22,7	 -14,4
s	   212,6978	 7	357,94	 96,27	  10,3	  21,9	  26,1	  26,5	  27,6	  27,7	  23,5	 -12,8
s	   213,6798	 8	356,46	 97,72	   8,5	  20,2	  24,3	  24,4	  25,5	  26,4	  22,5	 -14,7
s	   213,7610	 8	  7,84	 86,39	  10,5	  21,7	  25,6	  25,6	  26,8	  28,1	  23,3	 -13,1
s	   213,8425	 5	  2,15	 92,04	  11,2	  22,7	  27,0	  27,8	  28,8	  28,0	  23,9	 -12,6
s	   213,8800	 7	198,46	 74,92	  10,3	  21,7	  27,0	  27,9	  29,0	  28,2	  23,7	 -12,8
s	   214,0004	 6	  3,61	 90,57	  10,0	  21,7	  26,0	  26,5	  27,6	  27,5	  23,8	 -12,7
s	   214,3698	 7	359,32	 94,86	  10,5	  22,1	  26,2	  26,6	  27,7	  27,9	  23,6	 -12,9
s	   214,4104	 7	  4,96	 89,22	  11,2	  22,5	  26,5	  26,9	  28,0	  28,3	  23,6	 -12,9
s	   214,6013	 5	353,00	 82,95	  11,9	  23,0	  27,2	  28,0	  29,0	  28,2	  23,8	 -12,7
s	   214,7586	 6	354,46	 81,48	  10,7	  22,0	  26,2	  26,7	  27,8	  27,7	  23,7	 -12,8
s	   214,9428	 8	  6,08	 88,09	   7,2	  19,6	  24,8	  25,2	  26,4	  27,3	  23,5	 -13,1
s	   215,0126	 8	357,96	 96,20	   9,5	  21,6	  25,9	  26,3	  27,3	  27,4	  23,5	 -13,1
s	   215,1268	 7	350,20	 85,78	  11,2	  22,3	  26,4	  26,8	  27,9	  28,0	  23,6	 -13,0
s	   215,1672	 7	355,83	 80,12	  11,7	  22,5	  26,5	  26,8	  28,0	  28,2	  23,3	 -13,3
s	   215,6979	 8	356,97	 79,01	   7,2	  18,9	  24,1	  24,4	  25,5	  26,4	  22,4	 -15,0
s	   215,7675	 8	348,87	 87,15	  10,0	  21,6	  25,9	  26,2	  27,3	  27,3	  23,2	 -13,5
s	   216,2022	 8	233,18	 51,24	  10,5	  21,6	  26,1	  26,9	  27,8	  26,5	  22,4	 -15,1
s	   216,8969	 6	353,07	 83,02	  10,9	  22,4	  26,8	  27,5	  28,6	  27,6	  23,6	 -13,2
s	   216,9970	 7	352,97	 82,92	   9,9	  21,9	  26,5	  27,2	  28,2	  27,1	  23,4	 -13,3
s	   217,0526	 7	354,52	 81,56	   9,6	  21,4	  25,8	  26,3	  27,3	  27,1	  23,4	 -13,3
s	   217,1527	 8	354,41	 81,46	   8,6	  21,0	  25,5	  26,0	  26,9	  26,7	  23,3	 -13,5
s	   217,4171	 8	350,30	 85,83	  10,1	  21,8	  26,0	  26,4	  27,5	  27,5	  23,3	 -13,5
s	   217,4571	 8	355,87	 80,22	  10,9	  22,2	  26,3	  26,6	  27,7	  27,9	  23,3	 -13,5
s	   220,8899	 7	 11,94	101,59	   9,8	  21,8	  26,3	  27,1	  28,0	  26,9	  23,2	 -13,9
s	   221,9250	 8	 13,87	100,63	   8,5	  20,9	  25,4	  25,8	  26,8	  26,7	  23,0	 -14,2
s	   224,5424	 6	196,83	 73,75	  11,3	  22,4	  26,7	  27,5	  28,5	  27,4	  23,0	 -14,4
s	   224,6932	 7	195,43	 72,30	  10,1	  21,4	  25,8	  26,2	  27,2	  27,0	  22,9	 -14,6
s	   225,0459	 8	199,48	 76,57	  10,6	  21,8	  26,0	  26,3	  27,4	  27,3	  22,7	 -14,7
s	   225,0846	 8	194,11	 70,97	  10,4	  21,5	  25,7	  26,1	  27,2	  27,1	  22,5	 -15,0
s	   226,6855	 7	196,66	 73,90	  10,3	  21,9	  26,3	  27,1	  28,0	  26,9	  22,7	 -14,9
s	   226,8349	 8	195,27	 72,47	   9,0	  20,9	  25,4	  25,8	  26,8	  26,4	  22,6	 -15,0
s	   226,9138	 8	196,76	 73,82	   9,3	  21,4	  26,0	  26,8	  27,7	  26,4	  22,6	 -15,0
s	   228,6939	 8	 89,41	134,93	  10,5	  22,2	  26,3	  26,9	  28,0	  27,4	  22,2	 -15,6
s	   230,7267	 8	178,68	 93,75	   7,2	  20,0	  25,5	  26,5	  27,5	  26,6	  22,3	 -15,6
s	   231,0795	 7	168,69	101,00	  10,3	  21,8	  26,2	  26,9	  27,8	  26,7	  22,3	 -15,7
s	   231,2262	 8	167,34	 99,61	   9,1	  20,9	  25,2	  25,7	  26,6	  26,3	  22,2	 -15,8
s	   233,3872	 8	188,30	 84,17	   7,8	  20,2	  25,7	  26,6	  27,6	  26,6	  22,1	 -16,1
s	   236,3359	 7	158,61	109,95	   9,2	  20,8	  25,2	  26,0	  26,9	  25,7	  21,0	 -18,2
s	   236,3949	 8	159,54	110,94	   7,0	  19,2	  24,8	  25,7	  26,7	  25,5	  20,9	 -18,3
s	   236,4795	 8	157,30	108,53	   7,9	  19,8	  24,3	  24,7	  25,7	  25,2	  20,9	 -18,4
s	   238,0451	 8	158,05	110,41	   8,9	  21,0	  25,6	  26,3	  27,2	  25,9	  21,8	 -16,8
s	   243,6123	 7	186,76	 83,19	   8,9	  21,0	  25,5	  26,2	  27,1	  25,9	  21,5	 -17,6
s	   243,7518	 8	185,47	 81,89	   8,4	  20,4	  24,8	  25,2	  26,2	  25,9	  21,4	 -17,7
s	   249,3582	 8	353,39	 83,34	   7,8	  20,3	  25,0	  25,7	  26,6	  25,2	  21,0	 -18,6
s	   273,3631	 8	177,80	 92,11	   6,3	  19,3	  24,0	  24,7	  25,5	  24,0	  19,4	 -22,4
#END
