#HEADER
CATT-Acoustic v8.0b    Copyright © CATT 1988-2003

 Project                : Aula Optica 

 GEOMETRICAL INFORMATION
 Src id and loc     [m] :   A0           0,400        0,600        1,300
 Rec id and loc     [m] :   02           3,000        1,600        1,200

 02        8,1191

 VARIABLE SOURCE DATA
 Directivity
   Type (library)       :  OMNI.SD0
   Dir. Index (DI) [dB] :       0,0      0,0      0,0      0,0      0,0      0,0      0,0      0,0
 Level
   On axis 1m      [dB] :      54,1     63,1     66,8     67,7     69,4     70,6     70,6     54,2
   Total power     [dB] :      65,0     74,0     77,7     78,6     80,3     81,5     81,5     65,1
   Auxiliary delay [ms] :       0,0

 VARIABLE AIR DATA
 Temperature       [°C] :      20
 Relative humidity  [%] :      50
 Density        [kg/m³] :       1,2
 Sound speed      [m/s] :     343
 Impedance      [Ns/m³] :     412
 Diss. coeff. [0.001/m] :      0,10     0,30     0,63     1,07     2,28     6,83    24,23    83,90      (estimated)

#DATAFIELDS
 TYPE DELAY ORDER AZIMUTH ELEVATION SPL125 SPL250 SPL500 SPL1K SPL2K SPL4K SPL8K SPL16K
#DATA
d	     0,0000	 0	166,39	 88,33	  45,2	  54,2	  57,9	  58,8	  60,5	  61,6	  61,4	  44,3
s	     1,8055	 1	185,59	 88,16	  42,3	  51,8	  55,6	  56,5	  58,1	  59,2	  59,3	  42,0
*	    18,3051	 1	297,12	 75,32	   8,3	  17,8	  21,7	  22,5	  24,2	  25,1	  24,7	   6,0
*	     3,1739	 1	202,06	 66,85	  29,8	  39,3	  43,1	  44,0	  45,6	  46,7	  46,7	  29,3
s	     2,2077	 1	161,76	 88,89	  41,9	  51,4	  55,3	  56,2	  57,8	  58,8	  58,9	  41,6
*	    41,3499	 1	 76,67	 93,32	  -8,4	   1,1	   4,9	   5,8	   7,3	   8,1	   7,2	 -13,6
*	    21,0876	 1	 92,30	 94,50	   5,3	  14,8	  18,6	  19,5	  21,1	  22,0	  21,6	   2,6
*	     4,7612	 1	139,97	 95,83	  28,5	  38,0	  41,9	  42,8	  44,4	  45,4	  45,4	  27,9
*	    33,9108	 1	 80,91	 83,01	 -15,8	  -6,6	  -2,9	  -2,1	  -0,5	   0,5	   3,3	 -15,1
*	    33,5574	 1	 80,88	 88,14	 -15,6	  -6,4	  -2,7	  -1,9	  -0,3	   0,7	   3,5	 -14,9
*	    30,4633	 1	 83,33	 82,28	 -13,5	  -4,4	  -0,7	   0,1	   1,8	   2,7	   5,7	 -12,5
*	    30,0782	 1	 83,31	 87,85	 -13,3	  -4,1	  -0,4	   0,4	   2,0	   3,0	   5,9	 -12,2
*	    27,0630	 1	 86,21	 81,42	 -11,1	  -2,0	   1,7	   2,5	   4,2	   5,2	   8,2	  -9,6
*	    26,6405	 1	 86,19	 87,50	 -10,8	  -1,7	   2,0	   2,9	   4,5	   5,5	   8,5	  -9,3
*	    23,7244	 1	 89,67	 80,43	  -8,6	   0,6	   4,3	   5,1	   6,8	   7,8	  10,9	  -6,6
*	    23,2573	 1	 89,67	 87,10	  -8,2	   1,0	   4,7	   5,5	   7,2	   8,2	  11,3	  -6,2
*	    20,4674	 1	 93,89	 79,28	  -5,7	   3,4	   7,1	   8,0	   9,6	  10,7	  13,8	  -3,4
*	    19,9466	 1	 93,90	 86,61	  -5,3	   3,9	   7,6	   8,4	  10,1	  11,1	  14,3	  -2,9
*	    17,3202	 1	 99,05	 77,96	  -2,7	   6,5	  10,2	  11,0	  12,7	  13,7	  17,0	   0,0
*	    16,7340	 1	 99,09	 86,05	  -2,1	   7,1	  10,8	  11,6	  13,3	  14,3	  17,6	   0,7
*	    14,3222	 1	105,41	 76,48	   0,6	   9,8	  13,5	  14,3	  16,0	  17,1	  20,4	   3,7
*	    13,6555	 1	105,48	 85,40	   1,4	  10,6	  14,3	  15,1	  16,8	  17,9	  21,2	   4,6
*	    11,5289	 1	113,22	 74,90	   4,1	  13,3	  17,0	  17,9	  19,5	  20,6	  24,0	   7,6
*	    10,7611	 1	113,33	 84,69	   5,2	  14,4	  18,1	  18,9	  20,6	  21,7	  25,1	   8,7
*	     9,0154	 1	122,64	 73,38	   7,9	  17,1	  20,8	  21,7	  23,3	  24,4	  27,9	  11,7
*	     8,1166	 1	122,81	 83,96	   9,4	  18,6	  22,3	  23,1	  24,8	  25,9	  29,4	  13,3
*	     6,8842	 1	133,54	 72,18	  12,0	  21,1	  24,8	  25,7	  27,3	  28,5	  32,0	  16,0
*	     5,8029	 1	133,77	 83,32	  14,2	  23,4	  27,0	  27,9	  29,6	  30,7	  34,3	  18,3
s	     2,3869	 2	164,81	 88,84	  40,8	  50,8	  54,8	  55,7	  57,3	  58,2	  58,6	  41,3
*	     2,6668	 1	138,34	119,37	   8,6	  18,3	  23,0	  24,2	  25,9	  27,0	  26,8	   9,4
s	     2,7831	 1	167,88	132,27	  42,0	  51,1	  54,8	  55,7	  57,4	  58,5	  58,2	  40,8
*	    80,2323	 1	339,96	 94,43	 -20,8	 -11,6	  -8,0	  -7,2	  -5,6	  -5,0	  -7,3	 -31,6
*	    76,8858	 1	327,95	 94,33	 -19,8	 -10,6	  -6,9	  -6,1	  -4,6	  -3,9	  -6,2	 -30,2
*	    71,9871	 1	356,75	 95,47	 -18,2	  -9,0	  -5,4	  -4,6	  -3,0	  -2,3	  -4,5	 -28,0
*	    64,4900	 1	344,16	 95,77	 -15,6	  -6,4	  -2,8	  -2,0	  -0,4	   0,4	  -1,6	 -24,5
*	    60,3766	 1	329,15	 95,78	 -14,1	  -4,9	  -1,2	  -0,4	   1,1	   1,9	   0,1	 -22,4
*	    58,5601	 1	  5,73	 96,97	 -13,4	  -4,2	  -0,5	   0,3	   1,9	   2,6	   0,8	 -21,5
*	    49,3057	 1	351,06	 97,89	  -9,4	  -0,2	   3,4	   4,3	   5,9	   6,7	   5,2	 -16,3
*	    43,9933	 1	331,26	 98,31	  -6,8	   2,3	   6,0	   6,8	   8,5	   9,3	   7,9	 -13,1
*	    47,0086	 1	 19,39	 98,91	  -8,4	   0,8	   4,5	   5,3	   6,9	   7,8	   6,3	 -15,0
*	    35,3017	 1	  3,80	101,42	  -1,9	   7,2	  10,9	  11,7	  13,4	  14,3	  13,1	  -7,1
*	    27,9132	 1	335,94	103,73	   3,1	  12,3	  16,0	  16,8	  18,5	  19,5	  18,5	  -1,1
*	    38,7737	 1	 39,33	100,79	  -4,2	   5,0	   8,7	   9,5	  11,1	  12,0	  10,8	  -9,8
*	    24,1958	 1	 29,73	106,58	   5,9	  15,1	  18,7	  19,6	  21,2	  22,2	  21,3	   2,1
*	    12,9748	 1	353,96	121,06	  18,3	  27,4	  31,1	  32,0	  33,6	  34,7	  34,1	  15,8
s	     3,5935	 1	164,82	 44,25	  39,8	  48,9	  52,5	  53,1	  54,8	  56,7	  56,7	  38,5
*	    93,1387	 1	327,12	 83,75	 -21,2	 -11,3	  -7,5	  -6,8	  -5,2	  -3,9	  -6,2	 -29,9
*	    95,3335	 1	337,13	 84,11	 -21,7	 -11,9	  -8,0	  -7,3	  -5,8	  -4,5	  -6,8	 -30,7
*	    76,7126	 1	327,48	 82,62	 -16,5	  -6,7	  -2,8	  -2,1	  -0,5	   0,9	  -1,0	 -23,2
*	    79,3190	 1	339,56	 83,10	 -17,3	  -7,5	  -3,6	  -2,9	  -1,3	   0,1	  -1,9	 -24,3
*	    84,8608	 1	350,50	 83,82	 -18,9	  -9,1	  -5,2	  -4,5	  -3,0	  -1,6	  -3,7	 -26,6
*	    60,3368	 1	328,05	 80,86	 -10,9	  -1,0	   2,8	   3,6	   5,2	   6,7	   5,3	 -15,5
*	    63,5404	 1	343,24	 81,63	 -12,1	  -2,2	   1,6	   2,4	   4,0	   5,5	   4,0	 -17,1
*	    70,2179	 1	356,27	 82,75	 -14,4	  -4,6	  -0,7	   0,0	   1,6	   3,1	   1,4	 -20,3
*	    44,0596	 1	329,05	 77,83	  -3,7	   6,2	  10,0	  10,8	  12,4	  14,1	  13,0	  -6,3
*	    48,2024	 1	349,36	 79,28	  -5,7	   4,2	   8,0	   8,8	  10,4	  12,0	  10,9	  -8,8
*	    56,5106	 1	  4,93	 81,30	  -9,4	   0,5	   4,4	   5,1	   6,7	   8,3	   6,9	 -13,5
*	    28,0241	 1	331,27	 71,37	   6,2	  16,1	  19,9	  20,7	  22,3	  24,1	  23,5	   5,6
*	    33,8203	 1	  1,06	 75,23	   2,2	  12,0	  15,9	  16,7	  18,3	  20,0	  19,3	   0,8
*	    44,5027	 1	 18,51	 79,44	  -4,0	   5,9	   9,8	  10,5	  12,1	  13,8	  12,8	  -6,6
*	    12,9216	 1	340,34	 50,46	  21,3	  31,2	  35,1	  35,8	  37,5	  39,3	  39,2	  22,6
*	    21,9513	 1	 27,16	 68,87	  11,0	  20,9	  24,8	  25,6	  27,2	  29,0	  28,6	  11,2
*	    35,6595	 1	 39,26	 77,78	   0,8	  10,7	  14,6	  15,3	  17,0	  18,6	  17,9	  -0,7
*	     4,7548	 1	121,32	 38,23	  32,8	  42,7	  46,6	  47,4	  49,0	  50,9	  51,0	  35,1
*	    16,6771	 1	 73,14	 67,96	  15,6	  25,5	  29,4	  30,1	  31,8	  33,6	  33,3	  16,4
*	    32,0676	 1	 65,17	 77,87	   2,9	  12,8	  16,7	  17,4	  19,1	  20,8	  20,1	   1,8
s	     4,1869	 2	186,83	126,10	  40,2	  49,9	  53,7	  54,5	  56,2	  57,2	  57,2	  39,7
s	     4,5134	 2	162,90	125,69	  39,9	  49,6	  53,5	  54,3	  55,9	  57,0	  57,0	  39,4
s	     4,6603	 3	165,95	125,15	  38,9	  49,1	  53,0	  53,9	  55,5	  56,4	  56,7	  39,2
*	     5,4547	 1	175,04	 58,90	  22,4	  31,4	  35,2	  36,1	  37,7	  38,7	  39,5	  23,6
*	     4,8852	 1	185,20	 51,81	  22,4	  31,4	  35,2	  36,1	  37,7	  38,7	  39,5	  23,7
*	     5,2795	 1	202,66	 43,84	  21,3	  30,3	  34,1	  35,0	  36,6	  37,6	  38,4	  22,5
*	     6,5583	 1	230,50	 38,82	  19,3	  28,3	  32,1	  33,0	  34,6	  35,6	  36,3	  20,3
*	     8,7029	 1	260,66	 41,34	  16,1	  25,2	  28,9	  29,8	  31,5	  32,4	  33,1	  16,9
*	    11,5649	 1	281,24	 48,60	  12,2	  21,2	  25,0	  25,9	  27,5	  28,4	  29,0	  12,6
*	    14,9120	 1	293,19	 55,80	   8,0	  17,0	  20,8	  21,7	  23,3	  24,2	  24,7	   8,0
*	    18,5556	 1	300,41	 61,52	   4,0	  13,1	  16,9	  17,7	  19,3	  20,2	  20,7	   3,6
s	     5,2191	 2	160,55	 51,23	  38,4	  48,2	  52,1	  52,7	  54,3	  56,1	  56,5	  38,9
s	     5,2952	 2	184,17	 47,55	  39,4	  49,0	  52,9	  53,8	  55,4	  56,2	  56,4	  38,8
s	     5,3583	 3	163,60	 51,63	  37,4	  47,7	  51,7	  52,3	  53,9	  55,6	  56,3	  38,7
*	     5,5218	 1	147,80	109,98	  13,7	  23,4	  28,1	  29,3	  31,0	  32,1	  31,8	  14,2
*	     6,8206	 1	164,76	 63,81	   2,5	  12,0	  15,8	  16,7	  18,3	  19,3	  19,3	   1,5
*	     6,8563	 1	175,23	 63,10	   8,2	  17,7	  21,6	  22,5	  24,1	  25,1	  25,1	   7,3
s	     9,3207	 2	169,49	152,61	  36,1	  45,4	  49,0	  49,5	  51,2	  53,1	  53,0	  34,2
s	     9,8384	 2	163,37	 27,29	  36,4	  45,8	  49,5	  50,1	  51,7	  53,7	  53,5	  35,5
*	     9,9983	 1	104,28	108,12	  12,9	  22,6	  27,4	  28,5	  30,2	  31,3	  30,9	  12,9
*	    20,3522	 1	 84,45	102,49	   1,2	  10,8	  15,6	  16,7	  18,4	  19,5	  18,8	  -0,2
*	    31,6136	 1	 75,53	 99,33	  -7,5	   2,2	   6,9	   8,0	   9,7	  10,7	   9,7	 -10,3
s	    10,3140	 4	209,44	112,48	  33,5	  44,3	  49,4	  50,5	  52,1	  53,1	  53,2	  35,2
s	    10,4515	 3	164,14	146,71	  35,3	  45,3	  49,1	  49,7	  51,3	  53,1	  53,3	  35,2
s	    10,5518	 4	167,18	146,17	  34,3	  44,8	  48,8	  49,3	  50,9	  52,6	  53,1	  35,1
s	    10,7236	 3	183,02	 31,65	  35,0	  44,9	  48,8	  49,3	  51,0	  52,8	  52,9	  34,8
s	    10,9385	 3	159,44	 33,34	  35,1	  45,1	  48,9	  49,5	  51,1	  52,9	  53,0	  34,9
s	    11,0362	 4	162,49	 33,70	  34,1	  44,6	  48,6	  49,1	  50,7	  52,4	  52,9	  34,8
s	    13,5311	 4	200,56	 39,33	  32,6	  43,0	  48,0	  49,1	  50,7	  51,6	  51,5	  33,2
s	    14,4520	 5	193,32	 42,25	  31,5	  42,4	  47,6	  48,6	  50,2	  51,0	  51,2	  32,8
s	    16,2799	 3	171,01	160,89	  33,5	  43,1	  46,8	  47,3	  49,0	  50,9	  50,5	  31,9
s	    17,1006	 4	165,31	156,30	  32,5	  42,6	  46,4	  46,9	  48,6	  50,4	  50,3	  31,6
s	    17,1745	 5	168,34	155,85	  31,5	  42,1	  46,1	  46,6	  48,2	  49,9	  50,1	  31,5
s	    17,3816	 3	161,84	 19,00	  31,6	  41,1	  44,8	  45,0	  46,6	  49,3	  49,3	  29,8
s	    17,4746	 4	189,46	156,98	  33,1	  43,0	  47,0	  47,7	  49,3	  50,2	  49,9	  31,2
s	    18,1679	 4	158,26	 23,68	  31,1	  41,3	  45,1	  45,4	  47,0	  49,6	  49,9	  31,1
s	    18,5524	 4	181,58	 21,73	  31,2	  41,2	  45,2	  45,7	  47,3	  48,9	  48,7	  29,2
*	    18,9567	 1	296,68	108,22	   9,4	  18,9	  22,8	  23,7	  25,3	  26,2	  25,8	   7,0
*	    22,0078	 1	308,23	106,28	 -13,7	  -4,2	  -0,4	   0,5	   2,1	   3,0	   2,5	 -16,6
s	    24,0857	 4	172,66	165,70	  29,3	  39,1	  42,7	  42,9	  44,5	  47,1	  46,9	  26,9
s	    24,6497	 4	160,44	 14,80	  29,7	  39,6	  43,3	  43,5	  45,1	  47,8	  47,5	  28,2
s	    24,7118	 5	166,58	162,12	  28,9	  39,3	  43,2	  43,4	  45,0	  47,5	  47,6	  28,3
s	    25,1431	 5	190,76	162,42	  29,1	  39,3	  43,2	  43,7	  45,2	  46,9	  46,4	  26,3
s	    25,2653	 5	157,19	 18,58	  28,8	  39,2	  43,0	  43,2	  44,8	  47,4	  47,4	  28,1
s	    25,3212	 6	169,70	162,06	  28,8	  39,5	  43,6	  44,1	  45,6	  47,1	  47,3	  27,9
s	    25,3212	 6	160,22	 18,79	  27,8	  38,7	  42,7	  42,9	  44,5	  46,9	  47,3	  27,9
s	    25,6996	 5	180,34	 16,97	  29,5	  39,6	  43,6	  44,1	  45,6	  47,2	  47,1	  27,7
s	    25,7209	 6	302,64	 59,25	  27,0	  38,4	  43,7	  44,8	  46,3	  46,9	  47,2	  27,8
s	    28,3781	 7	211,48	151,54	  26,9	  38,0	  43,2	  44,3	  45,8	  46,4	  46,3	  26,7
s	    31,4604	 5	174,20	168,44	  27,8	  37,9	  41,6	  41,8	  43,4	  46,0	  45,5	  25,6
s	    31,9715	 6	167,78	165,51	  26,7	  37,3	  41,1	  41,3	  42,9	  45,5	  45,3	  25,3
s	    32,0181	 7	170,78	165,18	  26,0	  37,1	  41,1	  41,2	  42,8	  45,2	  45,4	  25,4
s	    32,4344	 6	191,96	165,59	  27,7	  38,0	  41,9	  42,4	  43,9	  45,5	  45,1	  25,1
s	    32,6014	 5	158,97	 11,98	  26,0	  36,0	  39,7	  39,6	  41,2	  44,6	  44,4	  23,6
s	    33,0984	 6	156,05	 15,09	  24,9	  35,5	  39,2	  39,1	  40,7	  44,0	  44,2	  23,4
s	    33,7073	 7	158,99	 15,05	  25,6	  36,6	  40,7	  40,9	  42,4	  44,6	  45,0	  24,8
s	    34,1311	 6	178,90	 13,52	  26,8	  37,0	  41,0	  41,5	  43,0	  44,4	  43,9	  23,0
s	    34,5994	 3	154,03	 90,32	  27,6	  38,2	  42,3	  43,1	  44,6	  45,2	  45,2	  25,0
s	    35,2146	 4	154,29	100,38	  27,3	  38,0	  42,1	  42,9	  44,4	  45,1	  44,9	  24,7
s	    35,5422	 4	153,74	 78,78	  27,2	  37,8	  42,0	  42,9	  44,3	  44,8	  44,8	  24,6
s	    37,5035	 5	153,50	 70,16	  25,4	  36,3	  40,4	  41,0	  42,5	  43,9	  44,0	  23,6
s	    39,4721	 6	175,86	170,43	  24,4	  34,6	  38,3	  38,1	  39,7	  43,1	  42,7	  21,3
s	    39,8980	 7	169,08	168,00	  23,4	  34,1	  37,9	  37,7	  39,3	  42,6	  42,5	  21,1
s	    40,0462	 6	157,62	 10,20	  24,8	  35,2	  38,9	  38,8	  40,4	  43,8	  43,4	  22,7
s	    40,4671	 7	155,01	 12,87	  23,8	  34,7	  38,5	  38,4	  40,0	  43,2	  43,2	  22,5
s	    40,5055	 8	172,15	167,85	  24,1	  35,2	  39,3	  39,5	  40,9	  43,2	  43,3	  22,6
s	    40,5055	 8	158,02	 12,99	  22,8	  34,2	  38,2	  38,1	  39,6	  42,8	  43,1	  22,3
s	    40,6805	 6	154,86	119,61	  25,6	  36,5	  40,7	  41,5	  42,9	  43,4	  43,2	  22,5
s	    40,9536	 7	177,75	 11,61	  24,7	  35,4	  39,3	  39,5	  41,0	  43,3	  43,1	  22,3
s	    40,9536	 7	193,33	168,07	  25,3	  35,7	  39,7	  40,1	  41,6	  43,0	  42,3	  20,8
*	    41,0177	 1	 74,87	 92,01	  -0,5	   8,5	  12,3	  13,2	  14,7	  15,5	  15,3	  -3,8
*	    41,1665	 1	 74,84	 95,89	  -0,6	   8,4	  12,2	  13,1	  14,6	  15,4	  15,2	  -3,9
s	    41,2543	 6	153,20	 60,63	  23,9	  35,0	  39,2	  39,7	  41,1	  42,4	  42,3	  20,8
*	    41,9441	 1	 48,28	 94,74	   7,4	  16,4	  20,2	  21,1	  22,6	  23,4	  23,2	   4,0
*	    44,6714	 1	 38,06	 94,41	   6,1	  15,1	  18,9	  19,7	  21,3	  22,0	  21,7	   2,4
*	    48,5325	 1	 28,85	 93,97	   4,2	  13,3	  17,0	  17,9	  19,4	  20,1	  19,8	   0,0
*	    48,7042	 1	 29,09	 84,41	   4,2	  13,2	  16,9	  17,8	  19,4	  20,0	  19,7	  -0,1
*	    53,3192	 1	 20,91	 93,52	   2,1	  11,2	  14,9	  15,8	  17,3	  18,0	  17,5	  -2,7
*	    53,4775	 1	 21,14	 84,69	   2,1	  11,1	  14,8	  15,7	  17,2	  17,9	  17,4	  -2,8
*	    58,8333	 1	 14,24	 93,08	  -0,1	   8,9	  12,7	  13,5	  15,0	  15,7	  15,0	  -5,6
*	    58,9783	 1	 14,46	 85,02	  -0,2	   8,8	  12,6	  13,4	  15,0	  15,6	  15,0	  -5,7
*	    64,9083	 1	  8,69	 92,69	  -2,4	   6,6	  10,4	  11,2	  12,7	  13,3	  12,5	  -8,6
*	    65,0409	 1	  8,89	 85,35	  -2,5	   6,6	  10,3	  11,2	  12,7	  13,3	  12,5	  -8,7
*	    71,4136	 1	  4,08	 92,34	  -4,7	   4,4	   8,1	   9,0	  10,5	  11,0	  10,1	 -11,7
*	    71,5350	 1	  4,26	 85,65	  -4,7	   4,3	   8,1	   8,9	  10,4	  11,0	  10,0	 -11,8
*	    78,2501	 1	  0,24	 92,05	  -6,8	   2,2	   6,0	   6,8	   8,3	   8,8	   7,7	 -14,7
*	    78,3616	 1	  0,42	 85,92	  -6,9	   2,2	   5,9	   6,8	   8,3	   8,7	   7,6	 -14,8
*	    85,3440	 1	357,03	 91,78	  -8,9	   0,1	   3,9	   4,7	   6,2	   6,6	   5,3	 -17,7
*	    85,4468	 1	357,19	 86,16	  -8,9	   0,1	   3,8	   4,7	   6,2	   6,6	   5,3	 -17,7
*	    92,6401	 1	354,31	 91,56	 -10,9	  -1,8	   1,9	   2,7	   4,2	   4,6	   3,1	 -20,6
*	    92,7352	 1	354,45	 86,38	 -10,9	  -1,9	   1,9	   2,7	   4,2	   4,6	   3,1	 -20,6
*	   100,0968	 1	351,99	 91,37	 -12,7	  -3,7	   0,0	   0,8	   2,3	   2,6	   1,0	 -23,4
*	   100,1852	 1	352,12	 86,57	 -12,8	  -3,7	  -0,0	   0,8	   2,3	   2,6	   0,9	 -23,4
*	    43,0443	 1	 75,11	 84,52	 -21,3	 -12,3	  -8,5	  -7,6	  -6,1	  -5,4	  -5,6	 -24,8
*	    42,7787	 1	 75,08	 88,25	 -21,2	 -12,1	  -8,4	  -7,5	  -5,9	  -5,2	  -5,4	 -24,6
s	    43,2406	 1	 63,88	 91,14	  28,5	  37,6	  41,3	  42,1	  43,8	  44,6	  43,3	  22,3
*	    48,4113	 1	 36,61	 87,07	   4,7	  13,9	  17,6	  18,4	  20,0	  20,8	  19,3	  -2,1
*	    44,6430	 1	 49,98	 87,15	   6,5	  15,6	  19,3	  20,1	  21,7	  22,6	  21,2	   0,1
*	    43,3381	 1	 63,95	 87,39	   7,1	  16,2	  19,9	  20,7	  22,3	  23,2	  21,8	   0,9
s	    43,6355	 2	 66,43	 91,17	  28,2	  37,5	  41,2	  42,0	  43,6	  44,5	  42,3	  20,5
s	    43,9297	 2	 64,00	 82,12	  26,6	  35,9	  39,5	  40,0	  41,6	  43,3	  42,2	  20,4
s	    44,3195	 3	 66,54	 82,22	  26,8	  36,5	  40,1	  40,6	  42,2	  44,0	  42,0	  20,2
s	    45,1044	 7	155,14	127,32	  23,1	  34,3	  38,5	  39,0	  40,4	  41,7	  41,4	  19,5
s	    45,1549	 3	 64,07	 76,05	  24,7	  34,8	  39,6	  40,4	  42,0	  43,7	  42,6	  21,5
s	    45,4539	 7	152,95	 53,61	  23,5	  34,7	  38,9	  39,4	  40,8	  42,1	  42,1	  21,0
s	    45,5096	 3	 63,66	108,19	  26,1	  35,6	  39,2	  39,6	  41,2	  43,0	  41,8	  19,9
s	    45,5357	 4	 66,61	 76,19	  23,9	  34,5	  39,4	  40,2	  41,8	  43,4	  42,7	  21,5
s	    45,8880	 4	 66,24	108,10	  26,4	  36,2	  39,8	  40,3	  41,9	  43,6	  41,6	  19,6
s	    46,7000	 2	 63,34	 91,15	  27,2	  36,9	  40,7	  41,5	  43,0	  43,8	  42,7	  21,4
s	    46,7835	 3	 63,95	 91,16	  26,2	  36,4	  40,3	  41,2	  42,7	  43,4	  42,6	  21,3
s	    46,9494	 7	177,42	171,76	  23,5	  34,0	  37,7	  37,5	  39,1	  42,5	  41,9	  20,6
*	    47,2017	 1	 36,10	 85,86	  -9,9	  -0,9	   2,9	   3,8	   5,3	   6,0	   5,7	 -13,9
*	    47,5400	 1	 36,19	 82,16	 -10,1	  -1,0	   2,7	   3,6	   5,1	   5,8	   5,5	 -14,1
s	    47,3179	 8	170,29	169,66	  22,4	  33,5	  37,3	  37,1	  38,7	  42,0	  41,7	  20,3
s	    47,3461	 3	 63,45	 82,69	  25,8	  35,8	  39,6	  40,1	  41,7	  43,3	  42,4	  21,1
s	    47,4227	 4	 63,58	113,84	  24,1	  34,4	  39,2	  39,9	  41,5	  43,3	  42,1	  20,7
s	    47,4287	 4	 64,05	 82,71	  24,9	  35,3	  39,3	  39,8	  41,3	  42,8	  42,3	  21,0
s	    47,7881	 5	 66,16	113,71	  23,3	  34,1	  39,0	  39,8	  41,4	  43,0	  42,1	  20,8
s	    48,1020	 7	156,20	  8,82	  21,7	  32,2	  35,8	  35,4	  37,0	  41,1	  40,8	  18,7
s	    48,3910	 8	194,50	169,60	  24,3	  34,9	  38,9	  39,3	  40,8	  42,2	  41,5	  20,0
s	    48,4630	 8	153,91	 11,13	  20,7	  31,7	  35,5	  35,0	  36,6	  40,6	  40,7	  18,5
s	    48,4974	 4	 63,53	 76,98	  23,4	  34,1	  39,0	  39,7	  41,3	  42,9	  42,1	  20,7
s	    48,5783	 5	 64,12	 77,00	  22,5	  33,6	  38,6	  39,4	  41,0	  42,4	  42,0	  20,5
s	    48,6451	 4	 64,21	 66,25	  24,4	  34,1	  37,7	  37,9	  39,5	  42,0	  41,1	  18,9
s	    48,8314	 4	 63,13	107,18	  25,4	  35,5	  39,3	  39,8	  41,4	  43,0	  42,1	  20,6
s	    48,9118	 5	 63,74	107,16	  24,4	  35,0	  39,0	  39,5	  41,0	  42,5	  41,9	  20,5
s	    49,0027	 5	 66,73	 66,45	  24,6	  34,7	  38,4	  38,5	  40,1	  42,7	  40,9	  18,6
s	    49,5383	 8	176,31	  9,88	  22,6	  33,3	  37,3	  37,5	  38,9	  41,1	  40,5	  18,2
s	    49,6484	 7	 67,99	107,01	  21,8	  33,2	  38,3	  39,1	  40,6	  42,0	  41,6	  20,0
s	    49,9408	 8	155,41	133,32	  22,6	  34,0	  38,2	  38,6	  40,0	  41,3	  41,2	  19,6
s	    50,6364	 5	 63,05	112,55	  22,9	  33,7	  38,6	  39,3	  40,9	  42,5	  41,6	  20,0
s	    50,7143	 6	 63,66	112,52	  21,9	  33,2	  38,3	  39,0	  40,5	  42,1	  41,5	  19,9
s	    51,0106	 5	 63,46	121,16	  21,8	  32,2	  36,9	  37,3	  38,9	  41,4	  40,5	  18,1
s	    51,1384	 8	152,66	 46,86	  21,9	  33,2	  37,4	  37,9	  39,3	  40,4	  40,2	  17,7
s	    51,3014	 5	 64,29	 61,27	  22,3	  32,8	  37,6	  38,1	  39,7	  42,2	  41,3	  19,6
s	    51,3540	 6	 66,06	121,01	  22,0	  32,8	  37,6	  38,0	  39,6	  42,1	  40,3	  17,9
s	    51,6431	 6	 66,80	 61,49	  21,3	  32,3	  37,2	  37,7	  39,3	  41,7	  41,1	  19,4
s	    52,4748	 2	228,21	 88,51	  26,1	  35,8	  39,6	  40,4	  41,9	  42,7	  41,4	  19,6
s	    52,8099	 3	226,04	 88,56	  25,8	  35,7	  39,5	  40,2	  41,8	  42,6	  40,4	  17,8
s	    53,0600	 3	228,07	 80,85	  24,7	  34,7	  38,5	  39,0	  40,6	  42,1	  41,2	  19,3
s	    53,3118	 4	 62,44	 98,25	  24,3	  34,5	  39,2	  40,2	  41,8	  42,7	  41,0	  19,1
s	    53,3919	 4	225,89	 80,94	  24,5	  34,6	  38,4	  38,9	  40,5	  42,0	  40,2	  17,6
s	    53,6423	 5	 64,61	 98,24	  23,5	  34,2	  39,1	  40,0	  41,6	  42,5	  41,1	  19,2
s	    54,0391	 6	 62,94	119,58	  21,2	  32,2	  37,1	  37,6	  39,2	  41,5	  40,9	  19,0
s	    54,1056	 4	227,96	 75,64	  22,4	  33,0	  37,9	  38,7	  40,3	  41,8	  40,9	  18,9
s	    54,1127	 7	 63,55	119,55	  20,2	  31,8	  36,8	  37,3	  38,8	  41,1	  40,8	  18,8
s	    54,4096	 4	228,49	103,08	  23,8	  33,8	  37,5	  38,0	  39,5	  41,1	  40,0	  17,3
s	    54,4320	 5	225,78	 75,75	  21,6	  32,7	  37,8	  38,5	  40,1	  41,5	  40,9	  19,0
s	    54,7344	 5	226,33	103,04	  24,1	  34,4	  38,2	  38,6	  40,2	  41,8	  39,8	  17,1
s	    55,0273	 8	179,10	172,82	  20,5	  31,2	  34,8	  34,3	  35,9	  40,0	  39,5	  16,7
s	    55,1065	 6	 63,35	127,13	  21,5	  32,3	  37,0	  37,4	  39,1	  41,6	  40,5	  18,4
s	    55,4277	 7	 65,96	126,96	  20,5	  31,8	  36,7	  37,1	  38,6	  41,1	  40,3	  18,2
s	    55,6051	 8	154,90	  7,86	  20,9	  31,8	  35,4	  35,0	  36,6	  40,7	  40,2	  18,1
s	    55,7930	 6	 64,40	 54,94	  19,9	  30,6	  35,3	  35,4	  37,0	  40,3	  39,6	  16,7
s	    55,9441	 3	228,60	 88,52	  24,9	  35,0	  39,0	  39,8	  41,3	  41,9	  40,9	  18,8
s	    56,0155	 4	228,09	 88,53	  23,9	  34,6	  38,7	  39,5	  40,9	  41,5	  40,8	  18,7
s	    56,1108	 7	 66,90	 55,18	  19,6	  30,5	  35,2	  35,2	  36,9	  40,2	  39,4	  16,5
s	    56,2522	 5	228,60	108,51	  22,9	  33,5	  38,4	  39,5	  41,0	  41,6	  40,4	  18,3
s	    56,5678	 6	226,44	108,45	  22,1	  33,2	  38,3	  39,3	  40,8	  41,4	  40,4	  18,3
s	    57,4887	 5	228,37	 76,32	  21,2	  32,3	  37,4	  38,1	  39,7	  41,1	  40,4	  18,2
s	    57,4947	 6	 62,82	 69,82	  20,7	  31,3	  36,0	  36,3	  37,9	  40,4	  39,3	  16,3
s	    57,5585	 6	227,85	 76,35	  20,2	  31,9	  37,0	  37,8	  39,3	  40,6	  40,3	  18,0
s	    57,7771	 5	228,87	102,33	  23,1	  33,8	  37,7	  38,2	  39,7	  41,2	  40,4	  18,1
s	    57,8043	 7	 64,96	 69,96	  20,9	  31,9	  36,6	  37,0	  38,6	  41,1	  39,1	  16,1
s	    57,8466	 6	228,35	102,32	  22,2	  33,3	  37,4	  37,9	  39,3	  40,7	  40,2	  18,0
s	    58,6048	 7	 63,84	 56,70	  19,3	  30,6	  35,5	  35,7	  37,3	  40,4	  40,0	  17,7
s	    58,6734	 8	 64,43	 56,75	  18,3	  30,2	  35,2	  35,4	  36,9	  40,0	  39,9	  17,5
s	    58,9434	 7	225,52	 64,14	  17,3	  29,4	  35,5	  36,2	  37,8	  40,0	  39,7	  17,3
s	    59,0057	 7	 62,81	126,70	  22,3	  33,0	  36,8	  37,0	  38,5	  40,9	  39,9	  17,6
s	    59,0740	 8	 63,43	126,66	  21,3	  32,6	  36,5	  36,6	  38,1	  40,4	  39,8	  17,4
s	    59,4427	 6	227,68	 62,54	  20,2	  31,3	  36,2	  36,6	  38,2	  40,5	  39,7	  17,3
s	    59,5281	 6	228,97	107,51	  21,7	  32,8	  37,9	  38,9	  40,4	  40,9	  40,0	  17,5
s	    59,5958	 7	228,46	107,50	  20,7	  32,3	  37,6	  38,6	  40,0	  40,5	  39,8	  17,4
s	    60,1851	 7	 63,24	132,70	  19,1	  29,9	  34,6	  34,7	  36,3	  39,6	  38,7	  15,5
s	    60,3532	 6	228,20	 68,11	  21,6	  32,5	  36,4	  36,6	  38,1	  40,3	  39,8	  17,3
s	    60,4200	 7	227,68	 68,14	  20,6	  32,0	  36,1	  36,3	  37,8	  39,9	  39,7	  17,2
s	    60,4825	 8	 65,85	132,51	  18,8	  29,9	  34,6	  34,6	  36,2	  39,5	  38,6	  15,3
s	    60,7049	 6	228,88	 81,23	  22,5	  33,2	  37,3	  37,8	  39,2	  40,5	  39,8	  17,2
s	    60,7715	 7	228,40	 81,25	  21,6	  32,8	  36,9	  37,4	  38,8	  40,0	  39,6	  17,1
s	    62,3266	 7	229,09	113,35	  19,1	  30,7	  35,7	  36,2	  37,7	  39,9	  39,4	  16,7
s	    62,3916	 8	228,58	113,34	  18,1	  30,2	  35,4	  35,8	  37,3	  39,5	  39,3	  16,6
s	    62,5131	 5	229,32	 94,69	  22,1	  32,8	  37,7	  38,6	  40,2	  41,0	  39,3	  16,7
s	    62,8124	 7	228,87	120,10	  19,5	  30,8	  35,7	  36,1	  37,7	  40,0	  39,1	  16,4
s	    62,8229	 8	 62,73	130,85	  18,5	  30,1	  35,0	  35,1	  36,7	  39,8	  39,2	  16,5
s	    63,0989	 8	226,72	120,01	  18,5	  30,3	  35,4	  35,7	  37,3	  39,5	  38,9	  16,2
s	    63,2024	 7	 63,35	 97,31	  19,8	  31,3	  37,3	  38,5	  40,1	  40,9	  39,3	  16,5
s	    63,5681	 8	 63,94	 51,34	  19,5	  30,8	  35,8	  36,2	  37,7	  39,9	  39,1	  16,3
s	    63,7364	 7	227,52	 56,28	  18,9	  29,9	  34,8	  35,2	  36,7	  38,9	  38,1	  14,6
s	    64,0192	 8	225,32	 56,47	  18,7	  29,8	  34,7	  35,1	  36,6	  38,8	  38,0	  14,4
s	    64,1190	 8	 62,41	 66,19	  16,7	  28,9	  35,0	  35,7	  37,3	  39,5	  39,0	  16,2
s	    65,9713	 6	229,61	 94,40	  20,9	  32,1	  37,2	  38,1	  39,7	  40,3	  38,9	  15,9
s	    66,0331	 7	229,16	 94,41	  20,0	  31,7	  36,9	  37,8	  39,3	  39,8	  38,8	  15,8
s	    66,2366	 8	 64,61	 45,15	  17,1	  28,2	  32,9	  32,7	  34,3	  38,3	  37,6	  13,9
s	    66,6852	 8	227,95	 57,70	  18,3	  30,0	  35,1	  35,5	  37,0	  39,1	  38,6	  15,5
s	    67,3743	 8	229,01	125,40	  17,2	  28,6	  33,5	  33,5	  35,1	  38,2	  37,5	  13,6
s	    69,4747	 8	229,15	 70,61	  18,0	  29,8	  34,8	  35,2	  36,7	  39,0	  38,2	  14,9
s	    72,1463	 7	230,06	 93,96	  18,5	  30,1	  36,1	  37,2	  38,8	  39,6	  37,7	  14,1
s	    88,7694	 7	316,31	 93,19	  16,1	  28,5	  34,0	  35,0	  36,3	  36,5	  35,7	  10,6
s	    92,6445	 1	323,77	 88,87	  22,1	  31,6	  35,4	  36,2	  37,7	  38,1	  35,8	  10,5
*	   103,4564	 1	351,19	 87,00	  -4,7	   4,7	   8,5	   9,4	  10,8	  11,2	   8,6	 -17,7
*	    95,5046	 1	338,17	 86,41	  -2,8	   6,7	  10,5	  11,3	  12,8	  13,2	  10,8	 -14,8
*	    92,7545	 1	323,68	 85,99	  -2,1	   7,4	  11,2	  12,0	  13,5	  13,9	  11,6	 -13,8
s	    92,9068	 2	323,67	 93,17	  21,6	  31,3	  35,1	  35,9	  37,3	  37,8	  35,5	  10,1
s	    92,9975	 2	323,87	 84,25	  20,1	  29,7	  33,4	  33,9	  35,4	  36,6	  34,7	   8,5
s	    93,8197	 3	323,56	 97,75	  19,8	  29,6	  33,3	  33,8	  35,2	  36,5	  34,5	   8,2
s	    93,9096	 3	323,97	 80,01	  20,3	  30,2	  34,0	  34,5	  36,0	  37,3	  35,2	   9,8
s	    94,9737	 2	323,80	 88,88	  20,9	  30,9	  34,9	  35,7	  37,1	  37,4	  35,5	   9,9
s	    95,2301	 3	323,71	 93,08	  20,7	  30,9	  34,8	  35,6	  37,0	  37,4	  35,3	   9,7
s	    95,2380	 4	323,46	101,90	  20,0	  30,1	  33,9	  34,3	  35,8	  37,1	  35,0	   9,4
s	    95,3187	 3	323,91	 84,36	  19,7	  29,9	  33,9	  34,4	  35,8	  36,9	  35,3	   9,7
s	    95,5036	 4	324,08	 75,55	  18,4	  28,5	  32,2	  32,4	  33,8	  35,9	  34,1	   7,8
s	    96,1226	 4	323,60	 97,55	  19,4	  29,8	  33,8	  34,3	  35,7	  36,8	  35,1	   9,4
s	    96,2105	 4	324,00	 80,21	  19,4	  29,8	  33,8	  34,3	  35,7	  36,8	  35,1	   9,4
s	    97,3210	 4	 60,79	 91,26	  20,8	  30,7	  34,6	  35,3	  36,7	  37,1	  33,9	   7,4
s	    97,3538	 5	323,36	106,22	  18,0	  28,3	  32,0	  32,1	  33,6	  35,6	  33,8	   7,3
s	    97,5100	 5	323,51	101,62	  19,0	  29,7	  33,6	  34,1	  35,5	  36,7	  34,8	   9,0
s	    97,5274	 5	324,18	 71,55	  18,5	  28,9	  32,7	  32,9	  34,4	  36,4	  34,6	   8,8
s	    97,7699	 5	324,11	 75,85	  18,0	  28,7	  32,7	  32,9	  34,3	  36,2	  34,8	   9,0
s	    98,2666	 6	 60,89	 83,77	  16,8	  27,9	  33,0	  33,8	  35,2	  36,2	  34,6	   8,8
s	    99,4201	 7	 60,63	102,76	  16,4	  27,8	  32,9	  33,6	  35,0	  36,1	  34,4	   8,4
s	    99,5811	 6	323,41	105,86	  17,6	  28,5	  32,5	  32,6	  34,1	  36,0	  34,5	   8,5
s	    99,7512	 6	324,21	 71,93	  17,6	  28,5	  32,4	  32,6	  34,0	  36,0	  34,4	   8,5
s	    99,8342	 6	323,26	110,06	  18,1	  28,7	  32,5	  32,6	  34,1	  36,2	  34,2	   8,2
s	   100,1493	 3	 59,41	 91,25	  20,8	  30,6	  34,4	  35,2	  36,6	  37,1	  34,5	   8,5
s	   100,2577	 6	324,29	 67,44	  16,5	  27,1	  30,8	  30,6	  32,1	  34,9	  33,4	   6,6
s	   100,4779	 4	 59,47	 86,94	  19,5	  29,6	  33,4	  33,9	  35,4	  36,6	  34,3	   8,3
s	   100,6652	 5	 60,70	 86,96	  19,3	  29,6	  33,4	  33,8	  35,3	  36,5	  33,4	   6,6
s	   101,0703	 5	 59,52	 83,95	  17,3	  28,1	  32,9	  33,6	  35,1	  36,4	  34,2	   8,1
s	   102,0114	 7	323,31	109,63	  17,2	  28,3	  32,2	  32,4	  33,8	  35,7	  34,1	   7,9
s	   102,1946	 6	 59,25	102,45	  17,0	  27,9	  32,8	  33,4	  34,9	  36,3	  33,9	   7,7
s	   102,4266	 7	324,31	 67,89	  16,1	  27,3	  31,3	  31,2	  32,6	  35,3	  34,0	   7,8
s	   103,0218	 7	323,16	113,99	  16,1	  26,8	  30,5	  30,3	  31,8	  34,6	  32,9	   5,9
s	   103,2688	 7	324,39	 63,82	  16,6	  27,4	  31,2	  31,1	  32,5	  35,4	  33,7	   7,4
s	   103,3556	 2	350,79	 89,59	  20,3	  29,8	  33,7	  34,5	  35,9	  36,1	  33,4	   6,4
s	   103,5928	 3	350,68	 93,48	  20,5	  30,2	  34,1	  34,9	  36,3	  36,6	  34,1	   7,8
s	   103,6362	 4	 59,29	 91,25	  19,8	  30,1	  34,1	  34,8	  36,2	  36,6	  34,2	   7,9
s	   103,6748	 3	350,91	 85,41	  19,0	  28,6	  32,4	  32,9	  34,3	  35,3	  33,3	   6,2
s	   103,8182	 5	 60,48	 91,27	  19,6	  30,1	  34,0	  34,7	  36,1	  36,5	  34,1	   7,7
s	   103,8979	 8	 60,84	 76,93	  12,6	  24,9	  31,0	  31,6	  33,1	  35,1	  33,5	   7,1
s	   103,9546	 5	 59,35	 87,08	  18,5	  29,2	  33,1	  33,5	  34,9	  36,1	  34,1	   7,7
s	   104,0439	 7	 59,18	106,54	  15,0	  26,1	  31,0	  31,3	  32,8	  34,8	  32,8	   5,7
s	   104,1361	 6	 60,53	 87,10	  18,3	  29,1	  33,0	  33,4	  34,8	  36,0	  33,9	   7,6
s	   104,1975	 7	 59,64	 75,97	  15,5	  26,8	  31,7	  32,0	  33,5	  35,6	  33,6	   7,2
s	   104,2253	 8	 60,42	106,53	  15,3	  26,7	  31,6	  31,9	  33,4	  35,6	  32,7	   5,5
s	   104,4191	 4	350,56	 97,62	  18,7	  28,5	  32,3	  32,8	  34,2	  35,2	  33,1	   5,9
s	   104,5005	 4	351,02	 81,56	  19,2	  29,2	  33,1	  33,6	  35,0	  36,0	  33,9	   7,5
s	   104,5288	 6	 59,39	 84,18	  16,3	  27,6	  32,6	  33,3	  34,7	  35,9	  33,9	   7,5
s	   104,7094	 7	 60,57	 84,21	  15,3	  27,1	  32,2	  32,9	  34,3	  35,4	  33,8	   7,3
s	   104,7782	 6	 59,16	 99,55	  19,3	  29,8	  33,9	  34,5	  35,9	  36,1	  33,9	   7,4
s	   104,8975	 3	352,39	 89,64	  19,9	  30,0	  34,0	  34,8	  36,2	  36,3	  34,2	   7,7
s	   104,9584	 7	 60,36	 99,56	  19,0	  29,8	  33,8	  34,4	  35,8	  36,1	  33,7	   7,3
s	   105,1315	 4	352,28	 93,47	  19,7	  29,9	  33,9	  34,7	  36,1	  36,2	  34,1	   7,6
s	   105,1377	 8	323,21	113,49	  15,7	  27,1	  31,0	  30,9	  32,3	  35,0	  33,6	   7,1
s	   105,2124	 4	352,51	 85,51	  18,6	  29,0	  33,0	  33,5	  34,9	  35,8	  34,0	   7,6
s	   105,3802	 8	324,41	 64,32	  15,7	  27,1	  31,0	  30,8	  32,2	  35,0	  33,6	   7,1
s	   105,4654	 3	350,29	 89,58	  19,9	  29,9	  33,9	  34,8	  36,1	  36,2	  34,1	   7,6
s	   105,4686	 7	 59,14	 99,50	  18,5	  29,0	  32,9	  33,2	  34,6	  35,8	  33,4	   6,9
s	   105,5669	 6	 66,66	 91,35	  18,5	  29,4	  33,5	  34,3	  35,6	  35,7	  33,8	   7,3
s	   105,6188	 7	 59,13	102,11	  16,0	  27,4	  32,5	  33,1	  34,5	  35,7	  33,7	   7,1
s	   105,6477	 8	 60,33	 99,51	  18,2	  28,9	  32,8	  33,1	  34,5	  35,7	  32,5	   5,2
s	   105,6982	 4	350,18	 93,39	  19,6	  29,9	  33,9	  34,7	  36,0	  36,2	  34,0	   7,5
s	   105,7053	 5	350,45	101,40	  18,9	  29,1	  32,9	  33,4	  34,8	  35,9	  33,6	   7,1
s	   105,7116	 4	350,55	 89,59	  18,9	  29,4	  33,6	  34,4	  35,7	  35,7	  34,0	   7,5
s	   105,7786	 4	350,40	 85,47	  18,6	  28,9	  32,9	  33,5	  34,8	  35,7	  34,0	   7,4
s	   105,7977	 8	 60,32	102,11	  15,0	  27,0	  32,1	  32,8	  34,2	  35,3	  33,5	   7,0
s	   105,9439	 5	350,44	 93,39	  18,7	  29,4	  33,5	  34,3	  35,6	  35,7	  33,8	   7,3
s	   105,9466	 5	351,13	 77,51	  17,3	  27,4	  31,3	  31,4	  32,8	  34,6	  32,8	   5,5
s	   105,9466	 5	352,17	 97,56	  18,4	  28,9	  32,9	  33,4	  34,7	  35,7	  33,8	   7,3
s	   106,0242	 5	350,67	 85,49	  17,6	  28,4	  32,6	  33,1	  34,5	  35,3	  33,8	   7,3
s	   106,0269	 5	352,61	 81,72	  18,4	  28,9	  32,9	  33,4	  34,7	  35,7	  33,8	   7,3
s	   106,4231	 8	323,06	117,42	  16,1	  27,2	  30,9	  30,8	  32,2	  35,1	  33,2	   6,6
s	   106,5092	 5	350,06	 97,46	  18,3	  28,8	  32,8	  33,3	  34,7	  35,6	  33,8	   7,2
s	   106,5892	 5	350,51	 81,70	  18,3	  28,8	  32,8	  33,3	  34,7	  35,6	  33,8	   7,2
s	   106,6037	 5	230,44	 88,60	  19,1	  29,5	  33,5	  34,3	  35,6	  35,8	  32,7	   5,4
s	   106,7312	 6	230,49	 91,45	  16,4	  27,8	  33,0	  34,0	  35,4	  35,5	  33,7	   7,0
s	   106,7532	 6	350,33	 97,45	  17,3	  28,3	  32,5	  33,0	  34,3	  35,1	  33,6	   7,0
s	   106,8330	 6	350,77	 81,73	  17,3	  28,3	  32,5	  33,0	  34,3	  35,1	  33,6	   7,0
s	   106,9817	 8	324,49	 60,14	  14,5	  25,5	  29,2	  28,8	  30,2	  33,8	  32,4	   5,0
s	   107,2158	 6	352,06	101,29	  18,1	  28,7	  32,7	  33,2	  34,6	  35,5	  33,6	   6,9
s	   107,4134	 8	 59,06	106,09	  14,6	  26,3	  31,3	  31,7	  33,2	  35,1	  33,4	   6,7
s	   107,4539	 6	352,73	 77,72	  17,0	  27,8	  31,8	  32,0	  33,4	  35,1	  33,6	   6,9
s	   107,5625	 8	 59,50	 76,43	  14,6	  26,3	  31,3	  31,7	  33,1	  35,1	  33,3	   6,6
s	   107,6299	 6	350,34	105,35	  17,0	  27,3	  31,1	  31,2	  32,6	  34,5	  32,5	   5,1
s	   107,7723	 6	349,96	101,17	  18,0	  28,7	  32,7	  33,2	  34,5	  35,5	  33,5	   6,8
s	   107,7882	 6	351,24	 73,85	  17,5	  27,9	  31,8	  32,0	  33,4	  35,2	  33,3	   6,6
s	   108,0093	 6	350,62	 77,71	  17,0	  27,7	  31,8	  32,0	  33,3	  35,0	  33,5	   6,8
s	   108,0136	 7	350,22	101,16	  17,0	  28,2	  32,4	  32,8	  34,1	  35,0	  33,4	   6,7
s	   108,2501	 7	350,89	 77,75	  16,0	  27,3	  31,4	  31,6	  32,9	  34,6	  33,4	   6,6
s	   108,9223	 8	 59,03	 99,26	  17,5	  28,5	  32,5	  32,9	  34,2	  35,3	  33,2	   6,4
s	   109,1156	 7	351,94	105,20	  16,7	  27,6	  31,6	  31,8	  33,2	  34,9	  33,3	   6,4
s	   109,2718	 7	352,84	 74,10	  16,6	  27,6	  31,6	  31,8	  33,1	  34,9	  33,3	   6,4
s	   109,4488	 4	231,70	 88,58	  19,1	  29,5	  33,4	  34,1	  35,5	  35,8	  33,3	   6,5
s	   109,5732	 5	231,75	 91,36	  16,9	  27,9	  32,9	  33,9	  35,3	  35,7	  33,2	   6,3
s	   109,6632	 7	349,84	105,06	  16,6	  27,6	  31,6	  31,8	  33,1	  34,9	  33,2	   6,3
s	   109,8186	 7	350,73	 74,12	  16,6	  27,6	  31,6	  31,7	  33,1	  34,8	  33,2	   6,3
s	   109,8946	 7	350,23	108,89	  17,1	  27,7	  31,6	  31,7	  33,1	  35,0	  33,0	   6,1
s	   109,9006	 8	350,11	105,04	  15,6	  27,1	  31,3	  31,4	  32,7	  34,4	  33,1	   6,2
s	   110,0558	 8	350,99	 74,15	  15,6	  27,1	  31,2	  31,4	  32,7	  34,4	  33,1	   6,1
s	   110,0863	 6	230,59	 88,60	  18,1	  29,0	  33,2	  33,9	  35,2	  35,3	  33,3	   6,4
s	   110,1144	 2	146,83	 90,75	  19,8	  29,7	  33,7	  34,5	  35,9	  36,1	  33,7	   6,8
s	   110,2100	 7	230,64	 91,37	  15,1	  27,0	  32,4	  33,5	  34,8	  34,7	  33,2	   6,2
s	   110,2821	 7	351,36	 70,05	  15,5	  26,1	  29,9	  29,8	  31,1	  33,8	  32,1	   4,4
s	   110,3380	 3	146,91	 94,41	  19,5	  29,7	  33,6	  34,4	  35,8	  36,0	  33,6	   6,6
s	   110,4153	 3	146,73	 86,80	  18,5	  28,7	  32,7	  33,2	  34,6	  35,6	  33,6	   6,6
s	   110,4576	 6	231,84	 96,20	  17,6	  28,4	  32,3	  32,7	  34,1	  35,2	  33,0	   6,1
s	   110,6292	 7	230,71	 96,21	  17,3	  28,3	  32,3	  32,6	  34,0	  35,2	  32,1	   4,4
s	   110,9305	 8	230,47	 81,92	  13,8	  26,0	  31,4	  32,1	  33,4	  34,2	  33,0	   6,0
s	   111,1175	 4	147,01	 98,33	  17,5	  27,7	  31,6	  32,0	  33,4	  34,5	  32,4	   4,6
s	   111,1944	 4	146,65	 83,18	  18,0	  28,4	  32,3	  32,8	  34,2	  35,3	  33,1	   6,1
s	   111,3390	 8	 59,28	 79,72	  13,5	  25,1	  30,1	  30,4	  31,8	  33,8	  31,9	   4,1
s	   111,3521	 8	351,83	108,70	  16,3	  27,4	  31,4	  31,5	  32,9	  34,7	  32,9	   5,9
s	   111,7349	 8	352,95	 70,35	  15,2	  26,4	  30,5	  30,4	  31,7	  34,2	  32,9	   5,8
s	   111,8894	 8	349,74	108,55	  16,2	  27,4	  31,4	  31,5	  32,9	  34,6	  32,9	   5,8
s	   112,2706	 8	350,85	 70,38	  15,2	  26,4	  30,4	  30,3	  31,7	  34,2	  32,8	   5,7
s	   112,3323	 5	147,10	101,90	  17,7	  28,3	  32,2	  32,7	  34,1	  35,1	  32,9	   5,8
s	   112,4438	 3	146,80	 90,75	  18,6	  29,1	  33,2	  34,0	  35,3	  35,4	  33,4	   6,2
s	   112,5603	 5	146,55	 79,34	  16,1	  26,7	  30,5	  30,7	  32,1	  33,9	  32,1	   4,2
s	   112,6631	 4	146,88	 94,35	  18,4	  29,1	  33,1	  33,9	  35,2	  35,4	  33,2	   6,1
s	   112,7390	 4	146,71	 86,88	  17,3	  28,1	  32,2	  32,7	  34,1	  35,0	  33,2	   6,1
s	   112,8173	 8	350,11	112,55	  15,1	  25,9	  29,7	  29,5	  30,9	  33,5	  31,7	   3,8
s	   112,9370	 5	231,81	 88,58	  18,1	  29,0	  33,1	  33,8	  35,1	  35,3	  33,1	   5,9
s	   113,0444	 8	351,47	 66,68	  15,6	  26,5	  30,4	  30,3	  31,6	  34,3	  32,5	   5,3
s	   113,0449	 8	231,95	102,72	  13,4	  25,0	  30,0	  30,3	  31,7	  33,6	  31,7	   3,8
s	   113,0578	 6	231,85	 91,28	  15,9	  27,4	  32,6	  33,6	  34,9	  35,1	  33,0	   5,8
s	   113,1871	 8	231,45	 74,46	  13,9	  25,7	  30,7	  31,0	  32,5	  34,4	  32,5	   5,3
s	   113,4277	 5	146,98	 98,19	  17,1	  28,0	  32,1	  32,6	  33,9	  34,9	  33,0	   5,8
s	   113,5031	 5	146,62	 83,32	  17,1	  28,0	  32,1	  32,6	  33,9	  34,9	  33,0	   5,8
s	   113,7615	 7	231,69	 82,05	  14,6	  26,4	  31,6	  32,3	  33,6	  34,6	  32,8	   5,5
s	   114,3024	 6	146,47	 75,86	  16,3	  27,2	  31,1	  31,3	  32,7	  34,5	  32,6	   5,3
s	   114,6197	 6	147,06	101,69	  16,8	  27,9	  32,0	  32,4	  33,8	  34,7	  32,8	   5,5
s	   114,7697	 8	231,98	 98,63	  14,3	  26,3	  31,5	  32,1	  33,5	  34,5	  32,6	   5,2
s	   114,8434	 6	146,53	 79,56	  15,7	  27,0	  31,0	  31,2	  32,6	  34,3	  32,8	   5,4
s	   116,0116	 7	147,27	108,62	  13,9	  25,5	  30,5	  30,9	  32,4	  34,2	  32,3	   4,9
s	   116,5536	 7	146,45	 76,14	  15,4	  26,8	  30,9	  31,0	  32,4	  34,1	  32,5	   5,0
s	   116,6663	 7	146,37	 72,25	  14,3	  25,4	  29,2	  29,1	  30,4	  33,1	  31,4	   3,2
s	   118,2323	 8	147,23	108,30	  13,0	  25,1	  30,3	  30,7	  32,1	  33,8	  32,2	   4,5
s	   118,7336	 8	147,36	112,13	  12,0	  23,7	  28,6	  28,7	  30,1	  32,7	  31,1	   2,7
s	   118,8756	 8	146,35	 72,58	  14,0	  25,7	  29,7	  29,6	  30,9	  33,5	  32,1	   4,4
s	   119,2902	 8	146,29	 69,02	  14,5	  25,8	  29,7	  29,6	  31,0	  33,6	  31,8	   4,1
s	   119,3661	 3	123,41	 91,23	  18,9	  28,9	  32,9	  33,7	  35,1	  35,1	  32,6	   4,9
s	   119,5735	 4	123,46	 94,63	  18,6	  28,8	  32,9	  33,6	  35,0	  35,0	  32,5	   4,7
s	   119,6453	 4	123,35	 87,57	  18,4	  28,3	  32,2	  32,7	  34,1	  35,0	  32,5	   4,7
s	   120,2970	 5	123,52	 98,26	  16,6	  26,9	  30,9	  31,3	  32,6	  33,5	  31,3	   2,7
s	   120,3683	 5	123,30	 84,20	  17,8	  28,0	  31,9	  32,3	  33,7	  34,7	  32,1	   4,2
s	   120,7165	 4	121,97	 91,25	  17,8	  28,4	  32,5	  33,3	  34,6	  34,5	  32,4	   4,5
s	   120,9218	 5	122,02	 94,61	  17,6	  28,3	  32,5	  33,2	  34,5	  34,4	  32,2	   4,4
s	   120,9928	 5	121,91	 87,63	  17,3	  27,8	  31,8	  32,3	  33,6	  34,4	  32,2	   4,3
s	   121,5294	 4	123,80	 91,22	  17,8	  28,3	  32,5	  33,3	  34,5	  34,4	  32,3	   4,3
s	   121,5718	 4	171,52	 90,11	  17,0	  27,6	  31,7	  32,5	  33,8	  33,7	  31,3	   2,6
s	   121,6377	 6	123,24	 80,62	  16,0	  26,3	  30,1	  30,2	  31,6	  33,3	  31,0	   2,3
s	   121,6377	 6	122,07	 98,21	  16,3	  27,3	  31,4	  31,9	  33,2	  33,9	  32,1	   4,1
s	   121,7083	 6	121,86	 84,29	  17,0	  27,7	  31,7	  32,1	  33,5	  34,3	  32,0	   4,1
s	   121,7334	 5	123,85	 94,57	  17,5	  28,2	  32,4	  33,2	  34,4	  34,4	  32,2	   4,2
s	   121,7452	 5	123,56	 91,23	  16,8	  27,8	  32,1	  32,9	  34,2	  34,0	  32,2	   4,2
s	   121,7757	 5	171,62	 93,45	  16,8	  27,5	  31,6	  32,4	  33,7	  33,6	  31,1	   2,4
s	   121,8039	 5	123,74	 87,62	  17,2	  27,7	  31,7	  32,2	  33,6	  34,4	  32,1	   4,2
s	   121,8463	 5	171,42	 86,51	  15,7	  26,6	  30,7	  31,2	  32,5	  33,2	  31,1	   2,4
s	   121,9488	 6	123,61	 94,56	  16,5	  27,8	  32,1	  32,8	  34,1	  33,9	  32,0	   4,0
s	   122,0192	 6	123,50	 87,63	  16,3	  27,3	  31,4	  31,9	  33,2	  33,9	  32,0	   4,0
s	   122,4449	 6	123,91	 98,14	  16,2	  27,2	  31,4	  31,9	  33,1	  33,9	  32,0	   4,0
s	   122,4870	 6	171,72	 97,03	  15,5	  26,3	  30,4	  30,8	  32,1	  32,8	  30,9	   2,2
s	   122,5150	 6	123,69	 84,31	  17,0	  27,6	  31,6	  32,1	  33,4	  34,3	  32,0	   3,9
s	   122,5571	 6	171,33	 83,20	  16,0	  27,0	  31,1	  31,6	  32,9	  33,6	  31,7	   3,7
s	   122,6591	 7	123,67	 98,13	  15,2	  26,8	  31,0	  31,5	  32,8	  33,4	  31,8	   3,8
s	   122,6898	 7	123,62	104,30	  13,0	  24,2	  29,3	  29,7	  31,0	  32,7	  30,8	   2,0
s	   122,7292	 7	123,45	 84,32	  16,0	  27,2	  31,3	  31,8	  33,0	  33,8	  31,8	   3,8
s	   122,9647	 7	121,81	 80,75	  15,7	  26,6	  30,6	  30,8	  32,1	  33,8	  31,8	   3,7
s	   123,1479	 5	172,89	 90,07	  16,7	  27,7	  32,0	  32,8	  34,1	  33,9	  32,0	   3,9
s	   123,2595	 7	123,19	 77,37	  16,2	  26,8	  30,7	  30,8	  32,2	  33,9	  31,5	   3,5
s	   123,3494	 6	172,99	 93,37	  16,4	  27,7	  32,0	  32,7	  34,0	  33,8	  31,9	   3,8
s	   123,5970	 7	171,81	100,30	  15,7	  26,9	  31,0	  31,5	  32,7	  33,5	  31,5	   3,4
s	   123,6680	 5	171,08	 90,13	  16,6	  27,7	  32,0	  32,8	  34,0	  33,8	  32,0	   3,8
s	   123,7638	 7	123,63	 80,79	  15,6	  26,6	  30,6	  30,8	  32,1	  33,7	  31,7	   3,6
s	   123,8055	 7	171,23	 79,68	  14,1	  25,3	  29,3	  29,5	  30,8	  32,3	  30,7	   1,8
s	   123,8687	 6	171,17	 93,41	  16,4	  27,6	  31,9	  32,7	  33,9	  33,8	  31,8	   3,7
s	   123,9214	 6	171,31	 90,12	  15,7	  27,2	  31,7	  32,5	  33,7	  33,3	  31,8	   3,7
s	   123,9381	 6	170,98	 86,59	  15,4	  26,7	  31,0	  31,5	  32,8	  33,3	  31,8	   3,7
s	   123,9759	 8	123,39	 80,81	  14,7	  26,1	  30,3	  30,4	  31,7	  33,3	  31,6	   3,4
s	   124,0063	 8	122,17	104,19	  12,7	  24,6	  29,8	  30,3	  31,6	  33,1	  31,6	   3,4
s	   124,0522	 7	173,09	 96,91	  15,1	  26,7	  31,0	  31,4	  32,7	  33,3	  31,7	   3,5
s	   124,1215	 7	172,70	 83,25	  15,1	  26,7	  31,0	  31,4	  32,7	  33,3	  31,7	   3,5
s	   124,1217	 7	171,40	 93,40	  15,4	  27,2	  31,6	  32,4	  33,6	  33,3	  31,7	   3,5
s	   124,1910	 7	171,21	 86,59	  14,4	  26,2	  30,7	  31,2	  32,4	  32,9	  31,7	   3,5
s	   124,5688	 7	171,27	 96,93	  15,1	  26,6	  30,9	  31,4	  32,6	  33,3	  31,6	   3,4
s	   124,5703	 8	121,76	 77,54	  15,4	  26,5	  30,5	  30,6	  31,9	  33,6	  31,5	   3,3
s	   124,5916	 8	123,67	107,49	  13,1	  24,7	  29,8	  30,2	  31,6	  33,3	  31,3	   3,1
s	   124,6378	 7	170,89	 83,32	  15,1	  26,6	  30,9	  31,4	  32,6	  33,3	  31,6	   3,4
s	   124,7991	 8	124,00	104,09	  12,6	  24,6	  29,8	  30,2	  31,6	  33,1	  31,5	   3,3
s	   124,8205	 8	171,50	 96,91	  14,1	  26,2	  30,6	  31,1	  32,3	  32,8	  31,5	   3,3
s	   124,8894	 8	171,11	 83,33	  14,1	  26,1	  30,6	  31,1	  32,3	  32,8	  31,5	   3,3
s	   125,1491	 8	173,18	100,14	  14,9	  26,5	  30,8	  31,3	  32,5	  33,2	  31,5	   3,2
s	   125,2636	 8	171,91	103,75	  13,8	  25,1	  29,2	  29,3	  30,6	  32,1	  30,4	   1,4
s	   125,3552	 8	172,60	 79,77	  13,8	  25,6	  29,9	  30,1	  31,3	  32,7	  31,5	   3,2
s	   125,3598	 8	123,58	 77,59	  15,3	  26,4	  30,4	  30,6	  31,9	  33,6	  31,5	   3,2
s	   125,4010	 8	171,13	 76,49	  14,3	  25,8	  29,9	  30,1	  31,4	  32,9	  31,2	   2,9
s	   125,4650	 8	123,13	 73,98	  14,3	  25,0	  28,8	  28,6	  30,0	  32,5	  30,4	   1,4
s	   125,6614	 8	171,36	100,15	  14,8	  26,5	  30,8	  31,2	  32,5	  33,1	  31,4	   3,1
s	   125,8668	 8	170,79	 79,86	  13,8	  25,6	  29,9	  30,1	  31,3	  32,7	  31,4	   3,1
s	   131,1207	 8	300,71	 98,12	  13,0	  24,8	  30,1	  30,7	  32,1	  32,8	  30,6	   1,9
s	   135,1899	 4	 10,75	 90,19	  16,9	  27,0	  31,1	  31,9	  33,1	  32,9	  29,9	  -0,0
s	   135,3745	 5	 10,67	 93,21	  16,7	  26,9	  31,0	  31,8	  33,0	  32,8	  29,8	  -0,2
s	   135,4383	 5	 10,84	 86,93	  15,6	  26,0	  30,1	  30,6	  31,9	  32,4	  29,8	  -0,2
s	   136,0186	 6	 10,58	 96,45	  15,4	  25,9	  30,0	  30,5	  31,7	  32,3	  29,6	  -0,4
s	   136,0822	 6	 10,93	 83,93	  15,9	  26,4	  30,5	  31,0	  32,2	  32,8	  30,4	   1,1
s	   136,8370	 5	 10,10	 90,17	  16,6	  27,1	  31,4	  32,2	  33,4	  33,1	  30,7	   1,4
s	   137,0195	 6	 10,01	 93,16	  16,3	  27,1	  31,3	  32,1	  33,3	  33,0	  30,5	   1,2
s	   137,0827	 6	 10,19	 86,95	  15,3	  26,2	  30,4	  30,9	  32,1	  32,6	  30,5	   1,2
s	   137,2144	 7	 11,02	 80,73	  14,0	  24,7	  28,7	  28,9	  30,1	  31,5	  29,4	  -0,7
s	   137,2473	 6	 10,26	 90,17	  15,6	  26,7	  31,0	  31,8	  33,0	  32,6	  30,5	   1,2
s	   137,4293	 7	 10,18	 93,16	  15,3	  26,6	  31,0	  31,7	  32,9	  32,5	  30,4	   1,0
s	   137,4922	 7	 10,35	 86,97	  14,3	  25,7	  30,1	  30,6	  31,7	  32,1	  30,4	   1,0
s	   137,6564	 7	  9,92	 96,36	  15,0	  26,1	  30,3	  30,8	  32,0	  32,5	  30,4	   1,0
s	   137,6969	 5	 11,72	 90,22	  16,5	  27,1	  31,3	  32,1	  33,3	  33,0	  30,6	   1,2
s	   137,7193	 7	 10,27	 83,98	  15,0	  26,1	  30,3	  30,8	  32,0	  32,5	  30,3	   1,0
s	   137,8784	 6	 11,63	 93,19	  16,3	  27,0	  31,3	  32,0	  33,2	  32,9	  30,4	   1,1
s	   137,9411	 6	 11,81	 87,02	  15,2	  26,1	  30,3	  30,9	  32,1	  32,5	  30,4	   1,0
s	   138,0644	 8	 10,09	 96,35	  14,0	  25,6	  30,0	  30,5	  31,6	  32,0	  30,2	   0,8
s	   138,0999	 6	 11,55	 90,21	  15,5	  26,6	  31,0	  31,8	  33,0	  32,5	  30,4	   1,0
s	   138,1271	 8	 10,43	 84,00	  14,0	  25,6	  30,0	  30,5	  31,6	  32,0	  30,2	   0,8
s	   138,2809	 7	 11,47	 93,18	  15,3	  26,6	  30,9	  31,7	  32,9	  32,5	  30,3	   0,9
s	   138,3434	 7	 11,64	 87,02	  14,3	  25,6	  30,0	  30,5	  31,7	  32,0	  30,3	   0,9
s	   138,5115	 7	 11,55	 96,37	  15,0	  26,0	  30,3	  30,7	  32,0	  32,4	  30,3	   0,8
s	   138,5393	 8	 10,40	102,57	  13,7	  24,6	  28,6	  28,7	  29,9	  31,4	  29,1	  -1,1
s	   138,5740	 7	 11,89	 84,06	  15,0	  26,0	  30,3	  30,7	  31,9	  32,4	  30,3	   0,8
s	   138,6642	 8	 11,10	 77,82	  14,2	  25,2	  29,3	  29,5	  30,7	  32,1	  29,9	   0,5
s	   138,8079	 5	302,56	 88,52	  15,7	  26,7	  31,0	  31,8	  33,0	  32,7	  30,5	   1,0
s	   138,8389	 8	 10,36	 80,82	  13,7	  25,0	  29,3	  29,5	  30,7	  32,0	  30,1	   0,7
s	   138,9123	 8	 11,38	 96,35	  14,0	  25,6	  29,9	  30,4	  31,6	  31,9	  30,1	   0,6
s	   138,9746	 8	 11,72	 84,08	  14,0	  25,5	  29,9	  30,4	  31,6	  31,9	  30,1	   0,6
s	   138,9879	 6	302,51	 91,47	  15,5	  26,7	  31,0	  31,7	  32,9	  32,7	  30,3	   0,8
s	   139,0502	 6	302,60	 85,34	  15,2	  26,2	  30,3	  30,8	  32,1	  32,7	  30,3	   0,8
s	   139,4332	 7	302,47	 93,91	  11,4	  23,3	  28,6	  29,3	  30,5	  31,0	  29,2	  -1,1
s	   139,5010	 8	 11,46	 99,29	  14,7	  25,9	  30,2	  30,6	  31,8	  32,3	  30,1	   0,5
s	   139,6784	 7	302,65	 82,41	  14,7	  25,9	  30,0	  30,4	  31,7	  32,3	  29,9	   0,4
s	   139,6871	 8	 11,98	 80,92	  13,7	  25,0	  29,2	  29,4	  30,6	  31,9	  30,0	   0,5
s	   140,2009	 6	301,31	 88,50	  14,6	  26,2	  30,6	  31,4	  32,6	  32,2	  30,2	   0,6
s	   140,3793	 7	301,27	 91,42	  14,4	  26,2	  30,6	  31,3	  32,5	  32,1	  30,1	   0,5
s	   140,7832	 8	302,70	 79,29	  12,1	  23,7	  28,0	  28,1	  29,3	  30,6	  28,9	  -1,5
s	   140,8204	 8	301,23	 93,84	  11,1	  23,7	  29,2	  29,9	  31,1	  31,5	  29,9	   0,3
s	   140,9577	 6	302,90	 88,52	  14,6	  26,2	  30,6	  31,4	  32,5	  32,1	  30,1	   0,5
s	   141,0633	 8	301,40	 82,45	  13,9	  25,6	  29,8	  30,3	  31,5	  32,0	  29,9	   0,2
s	   141,1351	 7	302,86	 91,43	  14,4	  26,1	  30,5	  31,3	  32,4	  32,1	  30,0	   0,3
s	   141,1817	 7	302,70	 88,52	  13,6	  25,7	  30,3	  31,1	  32,2	  31,6	  30,0	   0,3
s	   141,1965	 7	302,95	 85,39	  14,1	  25,6	  29,9	  30,4	  31,6	  32,1	  30,0	   0,3
s	   141,3589	 8	302,65	 91,42	  13,4	  25,6	  30,2	  31,0	  32,1	  31,6	  29,9	   0,2
s	   141,4130	 6	278,98	 88,28	  15,3	  26,4	  30,8	  31,6	  32,7	  32,3	  30,1	   0,4
s	   141,4202	 8	302,74	 85,39	  13,1	  25,1	  29,6	  30,0	  31,2	  31,6	  29,9	   0,2
s	   141,5740	 8	302,82	 93,84	  11,1	  23,6	  29,1	  29,9	  31,1	  31,5	  29,9	   0,2
s	   141,5899	 7	278,96	 91,18	  15,1	  26,4	  30,7	  31,5	  32,6	  32,2	  30,0	   0,3
s	   141,6511	 7	278,99	 85,16	  14,1	  25,4	  29,8	  30,3	  31,5	  31,8	  30,0	   0,2
s	   141,8157	 8	303,00	 82,50	  13,8	  25,5	  29,8	  30,2	  31,4	  32,0	  29,8	   0,1
s	   142,2074	 8	278,95	 94,29	  13,8	  25,4	  29,7	  30,2	  31,4	  31,7	  29,8	   0,0
s	   142,2684	 8	279,00	 82,28	  13,8	  25,4	  29,7	  30,2	  31,4	  31,7	  29,8	   0,0
s	   142,2764	 7	193,12	 89,52	  14,3	  25,9	  30,4	  31,2	  32,3	  31,8	  29,9	   0,1
s	   142,4523	 8	193,20	 92,40	  14,1	  25,9	  30,4	  31,1	  32,2	  31,7	  29,8	  -0,0
s	   144,5725	 6	276,68	 88,28	  15,1	  26,2	  30,6	  31,4	  32,6	  32,1	  29,8	  -0,2
s	   144,7457	 7	276,67	 91,12	  14,9	  26,2	  30,6	  31,3	  32,5	  32,0	  29,7	  -0,3
s	   144,9574	 7	276,85	 88,28	  14,2	  25,8	  30,3	  31,1	  32,2	  31,6	  29,7	  -0,4
s	   145,1302	 8	276,84	 91,11	  13,9	  25,7	  30,2	  31,0	  32,1	  31,5	  29,5	  -0,5
s	   145,3506	 8	276,66	 94,16	  13,6	  25,2	  29,6	  30,0	  31,2	  31,5	  29,5	  -0,5
s	   148,3495	 6	104,47	 91,47	  14,9	  26,0	  30,4	  31,2	  32,3	  31,8	  29,5	  -0,9
s	   148,5186	 7	104,49	 94,24	  14,7	  26,0	  30,3	  31,1	  32,2	  31,8	  29,3	  -1,0
s	   148,5771	 7	104,45	 88,48	  14,4	  25,5	  29,7	  30,2	  31,3	  31,8	  29,3	  -1,0
s	   148,8441	 7	  7,61	 90,11	  13,9	  25,5	  30,0	  30,8	  31,9	  31,3	  29,3	  -1,1
s	   149,0126	 8	  7,53	 92,87	  13,7	  25,5	  30,0	  30,7	  31,8	  31,3	  29,2	  -1,2
s	   149,0709	 8	  7,69	 87,14	  12,7	  24,6	  29,1	  29,6	  30,7	  30,9	  29,2	  -1,2
s	   149,1089	 8	104,51	 97,21	  13,4	  25,0	  29,3	  29,8	  30,9	  31,3	  29,2	  -1,2
s	   149,1672	 8	104,43	 85,73	  14,2	  25,4	  29,6	  30,0	  31,2	  31,7	  29,2	  -1,2
s	   149,7403	 6	105,19	 91,46	  14,9	  25,9	  30,3	  31,1	  32,2	  31,7	  29,3	  -1,1
s	   149,9079	 7	105,21	 94,21	  14,6	  25,9	  30,3	  31,0	  32,2	  31,7	  29,2	  -1,3
s	   149,9658	 7	105,17	 88,51	  14,3	  25,4	  29,6	  30,1	  31,3	  31,7	  29,2	  -1,3
s	   150,1171	 7	105,03	 91,46	  13,9	  25,5	  30,0	  30,8	  31,9	  31,2	  29,2	  -1,3
s	   150,2843	 8	105,05	 94,21	  13,6	  25,4	  29,9	  30,7	  31,8	  31,2	  29,1	  -1,4
s	   150,3421	 8	105,00	 88,51	  13,3	  24,9	  29,3	  29,7	  30,9	  31,2	  29,1	  -1,4
s	   150,4930	 8	105,23	 97,15	  13,3	  24,9	  29,3	  29,7	  30,9	  31,2	  29,0	  -1,5
s	   150,5508	 8	105,15	 85,77	  14,1	  25,3	  29,5	  30,0	  31,1	  31,6	  29,0	  -1,5
s	   151,3387	 6	 58,96	 91,29	  16,0	  26,4	  30,5	  31,2	  32,5	  32,2	  28,2	  -3,2
s	   152,0839	 8	 58,88	 96,92	  14,5	  25,4	  29,5	  29,9	  31,1	  31,7	  27,9	  -3,5
s	   153,3197	 7	 45,74	 91,06	  14,9	  25,9	  30,1	  30,8	  32,0	  31,6	  27,9	  -3,6
s	   153,4835	 8	 45,69	 93,75	  14,2	  25,6	  30,0	  30,7	  31,9	  31,4	  28,8	  -2,0
s	   154,2095	 6	188,67	 89,65	  13,9	  25,0	  29,3	  30,1	  31,2	  30,7	  27,9	  -3,7
s	   154,2368	 5	 58,07	 91,28	  16,1	  26,5	  30,5	  31,2	  32,4	  32,3	  28,8	  -2,0
s	   154,3724	 7	188,75	 92,32	  13,6	  24,9	  29,3	  30,0	  31,1	  30,6	  27,8	  -3,8
s	   154,5813	 7	 58,94	 88,42	  14,6	  25,4	  29,4	  29,8	  31,1	  31,8	  27,8	  -3,9
s	   154,8273	 7	 58,88	 91,29	  15,1	  26,0	  30,3	  31,0	  32,1	  31,8	  28,8	  -2,1
s	   154,9416	 8	188,83	 95,19	  12,4	  23,9	  28,3	  28,7	  29,9	  30,1	  27,6	  -4,0
s	   154,9688	 7	 57,99	 96,81	  14,6	  25,4	  29,4	  29,8	  31,1	  31,7	  28,5	  -2,4
s	   154,9774	 8	 58,96	 86,41	  11,8	  23,7	  28,9	  29,6	  30,8	  31,4	  28,6	  -2,3
s	   154,9978	 8	188,52	 84,12	  12,3	  23,9	  28,3	  28,7	  29,9	  30,1	  27,6	  -4,1
s	   155,6078	 8	 57,96	 98,80	  12,3	  23,8	  28,9	  29,5	  30,8	  31,6	  28,4	  -2,6
s	   155,9139	 7	188,11	 89,67	  13,5	  25,1	  29,7	  30,5	  31,5	  30,9	  28,7	  -2,3
s	   156,0752	 8	188,19	 92,31	  13,3	  25,1	  29,6	  30,4	  31,4	  30,8	  28,5	  -2,5
s	   156,3096	 8	188,26	 89,66	  12,6	  24,7	  29,3	  30,1	  31,1	  30,4	  28,5	  -2,5
s	   156,6248	 7	189,56	 89,63	  13,5	  25,1	  29,6	  30,4	  31,5	  30,8	  28,6	  -2,5
s	   156,7854	 8	189,63	 92,26	  13,3	  25,1	  29,6	  30,3	  31,4	  30,8	  28,5	  -2,6
s	   157,4781	 6	 58,07	 88,46	  14,7	  25,5	  29,4	  29,7	  31,0	  31,9	  28,4	  -2,7
s	   157,7283	 6	 58,02	 91,28	  15,2	  26,1	  30,2	  30,9	  32,1	  31,9	  28,6	  -2,5
s	   158,4449	 8	 57,93	 96,70	  13,7	  25,0	  29,1	  29,5	  30,7	  31,3	  28,3	  -2,9
s	   159,5080	 8	 46,14	 88,28	  13,4	  24,8	  28,9	  29,2	  30,5	  31,2	  27,2	  -4,9
s	   160,9653	 7	 58,01	 88,52	  13,8	  25,1	  29,1	  29,5	  30,7	  31,4	  28,2	  -3,2
s	   161,0856	 8	 58,80	 88,53	  13,5	  25,0	  29,0	  29,4	  30,6	  31,4	  28,1	  -3,4
s	   162,1609	 7	243,76	 88,44	  13,7	  25,0	  29,4	  30,1	  31,2	  30,7	  27,9	  -3,7
s	   162,3163	 8	243,79	 90,99	  13,5	  24,9	  29,3	  30,0	  31,1	  30,6	  27,8	  -3,8
s	   162,3793	 6	  2,13	 89,96	  14,4	  24,9	  29,1	  29,9	  31,0	  30,5	  27,1	  -5,2
s	   162,5345	 7	  2,06	 92,50	  14,1	  24,9	  29,1	  29,8	  30,9	  30,4	  27,0	  -5,3
s	   162,5882	 7	  2,21	 87,23	  12,2	  23,5	  27,9	  28,4	  29,5	  29,7	  27,1	  -5,3
s	   163,0765	 8	  1,98	 95,23	  12,9	  23,9	  28,1	  28,5	  29,6	  29,9	  26,8	  -5,6
s	   163,1300	 8	  2,28	 84,69	  13,4	  24,4	  28,6	  29,0	  30,1	  30,4	  27,6	  -4,0
s	   163,5478	 6	232,87	 88,61	  14,6	  25,5	  29,7	  30,4	  31,6	  31,3	  27,9	  -3,8
s	   163,6330	 7	232,90	 90,51	  12,4	  24,0	  29,2	  30,1	  31,4	  31,1	  27,8	  -3,9
s	   163,6664	 7	232,09	 88,62	  14,4	  25,5	  29,6	  30,3	  31,5	  31,2	  27,0	  -5,5
s	   163,7515	 8	232,12	 90,52	  11,7	  23,7	  29,1	  30,0	  31,2	  30,9	  27,9	  -3,8
s	   164,2402	 8	232,96	 93,84	  13,1	  24,5	  28,6	  29,0	  30,2	  30,7	  27,6	  -4,1
s	   164,4919	 7	  3,06	 89,99	  13,1	  24,7	  29,2	  30,0	  31,1	  30,3	  27,9	  -3,8
s	   164,6452	 8	  2,99	 92,50	  12,9	  24,7	  29,2	  29,9	  31,0	  30,3	  27,8	  -4,0
s	   164,6982	 8	  3,14	 87,29	  11,8	  23,7	  28,2	  28,7	  29,8	  29,9	  27,8	  -4,0
s	   165,6198	 8	243,59	 88,45	  12,8	  24,6	  29,1	  29,8	  30,9	  30,2	  27,7	  -4,1
s	   165,8617	 8	185,16	 89,76	  11,3	  23,4	  28,1	  28,9	  29,9	  29,1	  26,7	  -6,0
s	   167,0397	 7	232,92	 88,61	  13,7	  25,1	  29,4	  30,1	  31,2	  30,8	  27,7	  -4,3
s	   167,1464	 8	232,83	 84,07	  11,0	  23,0	  28,1	  28,7	  30,0	  30,7	  27,3	  -4,7
s	   167,1559	 8	232,16	 88,62	  13,5	  25,1	  29,3	  30,0	  31,1	  30,8	  27,6	  -4,4
s	   178,1620	 7	 22,67	 90,54	  14,1	  24,7	  29,0	  29,8	  30,8	  30,0	  26,7	  -6,3
s	   178,3040	 8	 22,61	 92,86	  13,9	  24,7	  28,9	  29,7	  30,7	  30,0	  26,6	  -6,4
s	   178,3532	 8	 22,74	 88,03	  11,9	  23,3	  27,8	  28,3	  29,3	  29,3	  26,6	  -6,4
s	   178,4776	 8	 22,52	 90,53	  13,1	  24,3	  28,7	  29,4	  30,4	  29,5	  26,6	  -6,4
s	   178,9457	 7	 21,97	 90,52	  14,1	  24,7	  29,0	  29,7	  30,7	  30,0	  26,6	  -6,4
s	   179,0871	 8	 21,91	 92,84	  13,8	  24,6	  28,9	  29,6	  30,6	  29,9	  26,5	  -6,5
s	   180,5695	 8	181,54	 89,87	  10,6	  22,7	  27,4	  28,1	  29,1	  28,2	  25,4	  -8,5
s	   185,5703	 7	266,74	 88,29	  12,1	  23,2	  27,7	  28,4	  29,5	  28,6	  25,1	  -9,3
s	   185,7069	 8	266,74	 90,53	  11,9	  23,2	  27,6	  28,3	  29,4	  28,5	  25,0	  -9,4
s	   187,6978	 7	 92,54	 91,54	  12,9	  23,5	  27,8	  28,6	  29,6	  28,7	  24,9	  -9,7
s	   187,8329	 8	 92,54	 93,75	  12,7	  23,5	  27,8	  28,5	  29,5	  28,7	  24,8	  -9,8
s	   189,1131	 8	 93,08	 91,54	  12,6	  23,8	  28,2	  28,9	  29,9	  28,9	  25,7	  -8,3
s	   190,3010	 8	 92,01	 89,19	  11,4	  22,6	  26,8	  27,2	  28,3	  28,5	  24,6	 -10,2
s	   190,4957	 8	 91,93	 91,54	  12,6	  23,7	  28,1	  28,9	  29,8	  28,9	  25,6	  -8,5
s	   191,4454	 8	323,58	 88,95	   9,4	  22,4	  27,2	  27,9	  28,9	  28,0	  25,6	  -8,6
s	   192,4449	 6	355,96	 89,80	  12,0	  23,1	  27,4	  28,2	  29,3	  28,5	  24,7	 -10,3
s	   192,5768	 7	355,90	 91,96	  11,8	  23,0	  27,4	  28,1	  29,2	  28,4	  24,6	 -10,4
s	   192,6225	 7	356,03	 87,47	  10,8	  22,1	  26,5	  27,0	  28,0	  28,0	  24,6	 -10,5
s	   193,0379	 8	355,83	 94,28	  10,5	  22,1	  26,4	  26,9	  27,9	  27,9	  24,4	 -10,6
s	   193,0834	 8	356,09	 85,32	  11,0	  22,6	  26,9	  27,4	  28,4	  28,4	  25,2	  -9,1
s	   194,2439	 7	356,81	 89,83	  11,7	  23,3	  27,8	  28,6	  29,6	  28,7	  25,5	  -8,9
s	   194,3746	 8	356,75	 91,97	  11,5	  23,3	  27,8	  28,5	  29,5	  28,6	  25,3	  -9,1
s	   194,4199	 8	356,88	 87,52	  10,5	  22,3	  26,8	  27,3	  28,3	  28,2	  25,3	  -9,1
s	   194,4551	 7	355,63	 89,79	  11,7	  23,3	  27,8	  28,6	  29,6	  28,6	  25,4	  -9,0
s	   194,5857	 8	355,57	 91,93	  11,5	  23,2	  27,7	  28,5	  29,5	  28,6	  25,3	  -9,1
s	   194,6309	 8	355,69	 87,49	  10,5	  22,3	  26,8	  27,3	  28,3	  28,2	  25,3	  -9,1
s	   194,7488	 8	355,77	 89,80	  10,7	  22,8	  27,5	  28,2	  29,2	  28,2	  25,3	  -9,1
s	   195,2068	 8	199,85	 89,37	  10,7	  22,3	  26,9	  27,7	  28,7	  27,6	  24,2	 -11,0
s	   200,8228	 6	309,52	 90,74	  11,2	  22,5	  27,7	  28,7	  29,9	  29,3	  25,1	  -9,9
s	   202,0906	 8	309,67	 82,14	   7,9	  19,6	  24,8	  25,1	  26,3	  27,3	  23,7	 -12,2
s	   203,0637	 7	309,69	 90,72	  10,1	  22,0	  27,3	  28,3	  29,4	  28,7	  24,8	 -10,4
s	   203,2220	 8	309,54	 90,72	   9,1	  21,5	  27,0	  28,0	  29,0	  28,3	  24,6	 -10,6
s	   203,2464	 3	324,63	 88,98	  13,7	  24,2	  28,2	  29,0	  30,2	  29,6	  25,2	 -10,0
s	   203,2552	 4	324,47	 88,98	  12,8	  23,7	  27,9	  28,7	  29,8	  29,2	  25,1	 -10,1
s	   203,3716	 4	324,58	 91,03	  13,5	  24,1	  28,2	  28,9	  30,1	  29,6	  25,1	 -10,1
s	   203,3804	 5	324,43	 91,03	  12,5	  23,7	  27,9	  28,6	  29,7	  29,1	  25,0	 -10,3
s	   203,4149	 4	324,68	 86,77	  12,5	  23,2	  27,2	  27,7	  28,9	  29,2	  25,1	 -10,1
s	   203,4237	 5	324,52	 86,77	  11,5	  22,8	  26,9	  27,4	  28,5	  28,7	  25,0	 -10,3
s	   203,8092	 5	324,53	 93,23	  12,2	  23,2	  27,2	  27,6	  28,8	  29,1	  24,9	 -10,3
s	   203,8179	 6	324,37	 93,23	  11,3	  22,7	  26,9	  27,3	  28,4	  28,6	  24,8	 -10,4
s	   203,8524	 5	324,73	 84,73	  12,0	  22,9	  26,9	  27,4	  28,6	  28,9	  24,7	 -10,6
s	   203,8612	 6	324,57	 84,72	  11,3	  22,7	  26,9	  27,3	  28,4	  28,6	  24,8	 -10,4
s	   204,4950	 6	324,48	 95,27	  11,7	  22,9	  26,9	  27,3	  28,4	  28,8	  24,5	 -10,8
s	   204,5037	 7	324,33	 95,27	  11,0	  22,6	  26,8	  27,2	  28,3	  28,6	  24,7	 -10,7
s	   204,6242	 6	324,78	 82,54	  10,2	  21,2	  25,2	  25,3	  26,5	  27,6	  23,7	 -12,4
s	   205,5315	 7	324,43	 97,44	   9,9	  21,2	  25,1	  25,2	  26,4	  27,5	  23,6	 -12,6
s	   205,5763	 4	324,64	 88,98	  12,7	  23,6	  27,8	  28,6	  29,7	  29,1	  24,9	 -10,5
s	   205,6172	 7	324,83	 80,52	  10,4	  21,8	  25,9	  26,0	  27,1	  28,3	  24,3	 -11,1
s	   205,6260	 8	324,27	 97,59	  10,7	  22,4	  26,7	  27,0	  28,1	  28,2	  24,5	 -11,0
s	   205,6260	 8	324,67	 80,52	   9,7	  21,6	  25,8	  25,9	  27,0	  28,1	  24,5	 -11,0
s	   205,7001	 5	324,59	 91,01	  12,4	  23,6	  27,8	  28,5	  29,6	  29,0	  24,8	 -10,6
s	   205,7430	 5	324,69	 86,80	  11,4	  22,7	  26,8	  27,3	  28,4	  28,6	  24,8	 -10,6
s	   206,1330	 6	324,54	 93,19	  11,2	  22,6	  26,8	  27,2	  28,3	  28,5	  24,6	 -10,8
s	   206,1757	 6	324,74	 84,77	  11,2	  22,6	  26,8	  27,2	  28,3	  28,5	  24,6	 -10,8
s	   206,7668	 8	324,39	 99,44	  10,2	  21,7	  25,8	  25,8	  27,0	  28,2	  24,1	 -11,4
s	   206,8114	 7	324,50	 95,20	  10,9	  22,5	  26,7	  27,1	  28,2	  28,5	  24,5	 -11,0
s	   206,9392	 7	324,79	 82,61	   9,9	  21,6	  25,8	  25,9	  27,0	  28,0	  24,5	 -11,1
s	   206,9799	 8	324,88	 78,37	   8,6	  20,1	  24,1	  23,9	  25,0	  27,0	  23,3	 -13,0
s	   207,8368	 8	324,44	 97,35	   9,6	  21,5	  25,7	  25,8	  26,9	  27,9	  24,3	 -11,3
s	   207,9216	 8	324,84	 80,61	   9,6	  21,5	  25,7	  25,8	  26,9	  27,9	  24,3	 -11,3
s	   208,4627	 8	 58,02	 91,30	  10,9	  22,3	  26,7	  27,3	  28,4	  27,5	  23,2	 -13,2
s	   208,5602	 5	339,04	 87,18	  12,8	  23,2	  27,2	  27,6	  28,8	  29,1	  24,6	 -11,1
s	   208,9874	 6	339,10	 85,19	  12,3	  22,9	  26,9	  27,3	  28,5	  28,8	  24,2	 -11,5
s	   209,3546	 5	339,05	 89,34	  12,3	  23,3	  27,6	  28,3	  29,4	  28,6	  24,5	 -11,2
s	   209,6771	 7	338,82	 95,63	  13,1	  23,7	  27,7	  28,3	  29,5	  28,9	  24,0	 -11,7
s	   209,9016	 7	338,94	 93,48	  10,8	  22,3	  26,5	  27,0	  28,0	  28,1	  24,2	 -11,6
s	   210,2518	 6	339,88	 87,22	  11,0	  22,4	  26,6	  27,0	  28,2	  28,3	  24,3	 -11,5
s	   210,2533	 7	339,82	 91,35	  10,6	  22,0	  27,3	  28,2	  29,3	  28,5	  24,2	 -11,6
s	   210,4959	 8	339,21	 83,56	   7,5	  19,8	  25,1	  25,5	  26,7	  27,5	  24,1	 -11,8
s	   210,6756	 7	339,93	 85,24	  10,8	  22,4	  26,5	  26,9	  28,0	  28,3	  24,2	 -11,7
s	   210,7277	 8	175,97	 90,04	   9,3	  21,4	  26,0	  26,8	  27,7	  26,6	  23,0	 -13,6
s	   210,8010	 5	310,30	 88,68	  12,2	  23,3	  27,5	  28,3	  29,3	  28,5	  24,4	 -11,5
s	   210,8243	 6	338,90	 87,20	  11,7	  22,7	  26,8	  27,2	  28,4	  28,5	  24,3	 -11,6
s	   210,8678	 6	310,28	 90,18	  10,0	  21,7	  27,0	  28,0	  29,2	  28,4	  24,3	 -11,6
s	   210,9602	 7	339,05	 87,21	  10,7	  22,2	  26,5	  26,9	  28,0	  28,0	  24,2	 -11,7
s	   211,2470	 7	338,95	 85,23	  11,5	  22,6	  26,7	  27,1	  28,3	  28,4	  24,1	 -11,8
s	   211,2982	 8	339,66	 95,46	  10,5	  22,3	  26,5	  26,8	  27,9	  28,2	  24,0	 -11,9
s	   211,3826	 8	339,10	 85,23	  10,5	  22,2	  26,4	  26,8	  27,9	  28,0	  24,0	 -11,9
s	   211,3862	 7	310,38	 84,58	  11,2	  22,4	  26,5	  26,9	  28,0	  28,2	  23,9	 -12,0
s	   211,3960	 7	 57,38	 91,29	  12,3	  23,3	  27,4	  28,1	  29,2	  28,6	  23,9	 -12,0
s	   211,7384	 6	309,42	 88,67	  11,2	  22,8	  27,2	  27,9	  28,9	  28,0	  24,2	 -11,7
s	   211,9297	 8	338,68	 95,57	  12,3	  23,4	  27,6	  28,2	  29,3	  28,5	  24,0	 -12,0
s	   212,3210	 8	309,50	 84,58	   9,7	  21,7	  26,1	  26,5	  27,6	  27,5	  24,0	 -12,1
s	   212,5092	 8	339,67	 91,33	   9,5	  21,4	  26,8	  27,8	  28,9	  28,0	  23,9	 -12,1
s	   213,0513	 6	310,46	 88,69	  11,2	  22,7	  27,1	  27,9	  28,9	  28,0	  24,1	 -12,0
s	   213,1175	 7	310,43	 90,17	   8,9	  21,2	  26,6	  27,6	  28,7	  27,8	  24,0	 -12,1
s	   213,1313	 8	308,60	 92,73	   9,7	  21,8	  26,1	  26,5	  27,6	  27,7	  23,9	 -12,2
s	   213,2024	 7	310,32	 88,68	  10,2	  22,2	  26,8	  27,5	  28,5	  27,5	  24,0	 -12,1
s	   213,2124	 7	310,50	 86,58	   9,9	  21,7	  26,1	  26,6	  27,6	  27,5	  24,0	 -12,1
s	   213,2685	 8	310,29	 90,16	   8,0	  20,7	  26,3	  27,3	  28,3	  27,3	  23,9	 -12,2
s	   213,5892	 8	310,39	 92,75	  10,4	  22,1	  26,3	  26,7	  27,8	  27,8	  23,9	 -12,3
s	   213,6306	 8	310,54	 84,62	  10,4	  22,1	  26,3	  26,7	  27,8	  27,8	  23,9	 -12,3
s	   214,5835	 8	 57,38	 89,20	  10,9	  22,4	  26,4	  26,7	  27,8	  28,2	  23,5	 -12,7
s	   214,8892	 8	 57,34	 91,29	  11,4	  23,0	  27,2	  27,8	  28,9	  28,2	  23,8	 -12,5
s	   216,2721	 7	132,24	 93,06	   9,6	  21,4	  26,8	  27,7	  28,8	  28,1	  23,8	 -12,6
s	   220,7113	 8	233,50	 88,62	  10,9	  22,5	  26,7	  27,4	  28,4	  27,7	  23,1	 -13,7
s	   220,7210	 4	146,15	 90,83	  12,1	  23,0	  27,2	  27,9	  29,0	  28,3	  23,8	 -13,0
s	   220,8366	 5	146,19	 92,73	  11,8	  23,0	  27,1	  27,9	  29,0	  28,3	  23,6	 -13,1
s	   220,8766	 5	146,10	 88,79	  10,8	  22,1	  26,2	  26,7	  27,8	  27,8	  23,6	 -13,1
s	   220,9304	 6	338,23	 89,32	  12,4	  23,1	  27,3	  28,0	  29,0	  28,2	  23,5	 -13,2
s	   221,0459	 7	338,18	 91,22	  12,1	  23,0	  27,2	  27,9	  29,0	  28,1	  23,4	 -13,4
s	   221,2409	 6	146,24	 94,76	  10,6	  22,0	  26,2	  26,6	  27,7	  27,8	  23,5	 -13,3
s	   221,2808	 6	146,05	 86,90	  10,3	  21,8	  25,9	  26,4	  27,5	  27,5	  23,3	 -13,5
s	   221,4498	 8	338,13	 93,25	  10,9	  22,1	  26,3	  26,6	  27,7	  27,7	  23,3	 -13,6
s	   221,8747	 7	146,28	 96,65	  10,1	  21,7	  25,9	  26,2	  27,3	  27,5	  23,1	 -13,7
s	   221,9942	 7	146,01	 84,88	   8,5	  20,1	  24,2	  24,3	  25,4	  26,3	  22,3	 -15,3
s	   222,8333	 8	146,33	 98,66	   8,3	  20,0	  24,1	  24,2	  25,3	  26,2	  22,1	 -15,6
s	   222,9126	 8	145,96	 83,01	   8,8	  20,7	  24,9	  24,9	  26,0	  27,0	  22,9	 -14,0
s	   223,0509	 5	146,14	 90,83	  11,0	  22,5	  26,8	  27,5	  28,6	  27,7	  23,5	 -13,5
s	   223,0590	 6	146,28	 90,83	  10,0	  22,0	  26,5	  27,2	  28,2	  27,3	  23,4	 -13,6
s	   223,1654	 6	146,18	 92,71	  10,8	  22,4	  26,7	  27,4	  28,5	  27,7	  23,4	 -13,6
s	   223,1735	 7	146,33	 92,71	   9,8	  22,0	  26,4	  27,1	  28,1	  27,2	  23,3	 -13,7
s	   223,2050	 6	146,09	 88,81	   9,7	  21,5	  25,8	  26,3	  27,3	  27,3	  23,4	 -13,6
s	   223,2131	 7	146,24	 88,81	   8,8	  21,1	  25,5	  26,0	  27,0	  26,8	  23,3	 -13,7
s	   223,3317	 8	338,24	 89,33	  10,3	  22,1	  26,6	  27,3	  28,2	  27,1	  23,1	 -13,9
s	   223,5656	 7	146,23	 94,73	   9,5	  21,5	  25,8	  26,2	  27,2	  27,2	  23,2	 -13,8
s	   223,5737	 8	146,38	 94,72	   8,5	  21,0	  25,4	  25,9	  26,9	  26,8	  23,1	 -13,9
s	   223,6052	 7	146,05	 86,94	   9,5	  21,5	  25,8	  26,2	  27,2	  27,2	  23,2	 -13,8
s	   223,6132	 8	146,19	 86,94	   8,5	  21,0	  25,4	  25,9	  26,9	  26,8	  23,1	 -13,9
s	   224,1931	 8	146,27	 96,59	   9,3	  21,4	  25,7	  26,1	  27,1	  27,1	  23,1	 -14,0
s	   224,3114	 8	146,00	 84,94	   8,2	  20,5	  24,8	  24,9	  26,0	  26,7	  23,1	 -14,0
s	   224,9557	 6	351,35	 89,68	  10,7	  21,8	  26,1	  26,9	  27,9	  26,8	  22,2	 -15,7
s	   225,0535	 8	 29,81	 90,74	  10,3	  21,4	  25,9	  26,7	  27,6	  26,3	  22,0	 -15,9
s	   225,0693	 7	351,30	 91,54	  10,5	  21,7	  26,1	  26,8	  27,8	  26,8	  22,1	 -15,8
s	   225,1086	 7	351,41	 87,68	   9,5	  20,8	  25,1	  25,6	  26,6	  26,4	  22,1	 -15,8
s	   225,2779	 6	350,52	 89,66	  10,7	  21,8	  26,1	  26,8	  27,8	  26,8	  22,2	 -15,7
s	   225,3912	 7	350,47	 91,52	  10,5	  21,7	  26,1	  26,8	  27,8	  26,8	  22,1	 -15,9
s	   225,4305	 7	350,58	 87,66	   9,4	  20,8	  25,1	  25,6	  26,6	  26,3	  22,1	 -15,9
s	   225,4662	 8	351,24	 93,54	   9,2	  20,7	  25,1	  25,5	  26,5	  26,3	  21,9	 -16,0
s	   225,5055	 8	351,46	 85,82	   9,7	  21,3	  25,6	  26,0	  27,0	  26,8	  22,7	 -14,4
s	   225,6353	 5	133,63	 91,11	  11,7	  22,7	  26,9	  27,7	  28,7	  27,8	  23,3	 -13,9
s	   225,7877	 8	350,41	 93,51	   9,2	  20,7	  25,1	  25,5	  26,5	  26,3	  21,9	 -16,0
s	   225,8268	 8	350,63	 85,81	   9,7	  21,2	  25,6	  26,0	  27,0	  26,8	  22,7	 -14,5
s	   226,1443	 7	133,70	 94,95	  10,2	  21,6	  25,9	  26,3	  27,4	  27,3	  23,0	 -14,2
s	   226,3745	 6	132,79	 91,12	  10,7	  22,2	  26,6	  27,3	  28,3	  27,3	  23,1	 -14,1
s	   226,5056	 7	352,12	 89,71	  10,4	  22,0	  26,5	  27,2	  28,2	  27,0	  23,0	 -14,3
s	   226,5264	 7	132,75	 89,13	  10,1	  21,6	  25,9	  26,3	  27,3	  27,3	  23,0	 -14,3
s	   226,6184	 8	352,07	 91,55	  10,2	  22,0	  26,4	  27,1	  28,1	  27,0	  22,9	 -14,4
s	   226,6574	 8	352,17	 87,72	   9,2	  21,0	  25,5	  26,0	  26,9	  26,6	  22,9	 -14,4
s	   226,8557	 7	161,12	 90,46	  10,4	  22,1	  26,5	  27,2	  28,2	  27,3	  23,0	 -14,3
s	   226,8819	 8	132,86	 94,96	   9,9	  21,6	  25,8	  26,2	  27,2	  27,2	  22,9	 -14,4
s	   226,9209	 8	132,72	 87,29	  10,7	  22,0	  26,1	  26,4	  27,5	  27,6	  22,9	 -14,4
s	   226,9683	 8	161,17	 92,30	  10,2	  22,1	  26,5	  27,1	  28,1	  27,2	  22,9	 -14,5
s	   227,0534	 7	351,10	 89,68	  10,4	  22,0	  26,5	  27,2	  28,2	  27,0	  23,0	 -14,4
s	   227,1659	 8	351,05	 91,52	  10,2	  21,9	  26,4	  27,1	  28,1	  27,0	  22,9	 -14,5
s	   227,2048	 8	351,16	 87,69	   9,2	  21,0	  25,5	  26,0	  26,9	  26,6	  22,8	 -14,5
s	   227,3065	 8	351,23	 89,68	   9,4	  21,5	  26,1	  26,9	  27,8	  26,5	  22,8	 -14,5
s	   227,7165	 6	159,42	 90,50	  10,6	  22,1	  26,5	  27,3	  28,3	  27,3	  23,0	 -14,4
s	   227,8287	 7	159,47	 92,34	  10,4	  22,1	  26,5	  27,2	  28,2	  27,2	  22,9	 -14,5
s	   227,9167	 6	133,74	 91,10	  10,6	  22,1	  26,5	  27,3	  28,3	  27,2	  23,0	 -14,4
s	   228,0288	 7	133,78	 92,94	  10,4	  22,1	  26,5	  27,2	  28,2	  27,2	  22,9	 -14,5
s	   228,0353	 7	133,60	 91,11	   9,6	  21,7	  26,2	  26,9	  27,9	  26,8	  22,9	 -14,5
s	   228,2598	 8	159,32	 86,69	   8,9	  20,9	  25,3	  25,7	  26,7	  26,5	  22,5	 -14,9
s	   228,4208	 8	133,82	 94,92	   9,1	  21,1	  25,5	  25,9	  26,9	  26,7	  22,8	 -14,7
s	   228,5869	 7	160,24	 90,48	   9,6	  21,6	  26,2	  26,9	  27,9	  26,8	  22,9	 -14,6
s	   228,6186	 7	160,08	 88,51	   9,3	  21,3	  25,6	  26,0	  27,0	  27,0	  22,9	 -14,6
s	   228,6987	 8	160,29	 92,31	   9,4	  21,6	  26,1	  26,8	  27,8	  26,7	  22,7	 -14,7
s	   228,9710	 8	160,24	 94,28	   9,1	  21,2	  25,5	  25,9	  26,9	  26,9	  22,7	 -14,8
s	   229,9780	 7	159,29	 90,51	   9,6	  21,6	  26,1	  26,9	  27,8	  26,7	  22,8	 -14,8
s	   230,1184	 8	159,42	 90,50	   8,6	  21,1	  25,8	  26,5	  27,4	  26,2	  22,6	 -15,0
s	   230,8716	 8	159,94	 88,53	   8,3	  20,7	  25,2	  25,6	  26,6	  26,4	  22,6	 -15,1
s	   242,3843	 7	121,40	 91,32	   9,9	  21,4	  25,9	  26,6	  27,6	  26,3	  21,9	 -16,8
s	   242,4207	 7	337,17	 87,44	   9,6	  21,1	  25,3	  25,7	  26,7	  26,5	  21,9	 -16,8
s	   242,5265	 8	121,38	 89,46	   9,4	  20,9	  25,2	  25,6	  26,6	  26,3	  21,7	 -17,0
s	   242,7902	 8	337,22	 85,71	   9,3	  21,0	  25,2	  25,6	  26,6	  26,5	  21,7	 -17,0
s	   243,1812	 8	171,69	 90,17	   8,1	  20,2	  24,8	  25,5	  26,4	  25,1	  20,7	 -18,8
s	   243,8269	 8	120,68	 91,33	   8,8	  20,9	  25,5	  26,3	  27,1	  25,8	  21,7	 -17,2
s	   244,5145	 8	121,62	 91,32	   8,8	  20,9	  25,5	  26,2	  27,1	  25,8	  21,6	 -17,3
s	   244,7016	 8	337,06	 87,45	   8,5	  20,5	  24,9	  25,3	  26,3	  26,0	  21,6	 -17,3
s	   258,1736	 8	347,92	 89,60	   8,4	  20,4	  25,0	  25,8	  26,6	  25,2	  20,7	 -19,4
s	   261,4773	 8	157,64	 90,56	   7,5	  20,0	  24,7	  25,4	  26,3	  24,8	  20,4	 -20,0
s	   279,6086	 7	313,98	 88,77	   7,9	  19,9	  24,4	  25,1	  26,0	  24,5	  19,3	 -22,7
s	   279,7006	 8	313,95	 90,28	   7,7	  19,9	  24,4	  25,1	  25,9	  24,5	  19,2	 -22,8
s	   280,3225	 8	313,30	 88,76	   6,9	  19,5	  24,1	  24,8	  25,6	  24,1	  19,2	 -22,9
s	   281,8928	 8	314,07	 88,77	   6,9	  19,4	  24,0	  24,8	  25,6	  24,0	  19,1	 -23,1
s	   291,7488	 8	345,29	 89,53	   7,3	  19,4	  24,0	  24,7	  25,5	  23,8	  18,4	 -24,7
#END
