#HEADER
CATT-Acoustic v8.0b    Copyright © CATT 1988-2003

 Project                : Aula Optica 

 GEOMETRICAL INFORMATION
 Src id and loc     [m] :   A0           0,400        0,600        1,300
 Rec id and loc     [m] :   16           3,000        7,600        1,200

 16       21,7518

 VARIABLE SOURCE DATA
 Directivity
   Type (library)       :  OMNI.SD0
   Dir. Index (DI) [dB] :       0,0      0,0      0,0      0,0      0,0      0,0      0,0      0,0
 Level
   On axis 1m      [dB] :      54,1     63,1     66,8     67,7     69,4     70,6     70,6     54,2
   Total power     [dB] :      65,0     74,0     77,7     78,6     80,3     81,5     81,5     65,1
   Auxiliary delay [ms] :       0,0

 VARIABLE AIR DATA
 Temperature       [°C] :      20
 Relative humidity  [%] :      50
 Density        [kg/m³] :       1,2
 Sound speed      [m/s] :     343
 Impedance      [Ns/m³] :     412
 Diss. coeff. [0.001/m] :      0,10     0,30     0,63     1,07     2,28     6,83    24,23    83,90      (estimated)

#DATAFIELDS
 TYPE DELAY ORDER AZIMUTH ELEVATION SPL125 SPL250 SPL500 SPL1K SPL2K SPL4K SPL8K SPL16K
#DATA
d	     0,0000	 0	102,45	 90,75	  36,6	  45,6	  49,3	  50,2	  51,9	  52,9	  52,4	  34,0
s	     0,6626	 1	102,54	105,50	  33,7	  43,4	  48,1	  49,3	  51,0	  52,0	  51,5	  33,1
*	     1,0703	 1	 94,04	102,33	   7,5	  17,1	  21,9	  23,0	  24,7	  25,8	  25,2	   6,8
*	     2,2159	 1	 74,61	107,88	   6,4	  16,1	  20,9	  22,0	  23,7	  24,8	  24,2	   5,6
*	     5,9926	 1	 30,91	112,37	   5,5	  15,2	  20,0	  21,1	  22,8	  23,8	  23,1	   4,3
s	     0,9167	 1	 96,92	 90,81	  35,1	  44,6	  48,4	  49,3	  50,9	  51,9	  51,6	  33,2
*	    13,7064	 1	  3,17	 94,26	   2,9	  12,4	  16,3	  17,1	  18,7	  19,6	  19,0	  -0,5
*	     3,4164	 1	 66,51	 95,41	   9,5	  19,0	  22,9	  23,7	  25,4	  26,3	  26,0	   7,3
*	     1,1153	 1	 95,11	 93,78	  18,7	  28,2	  32,0	  32,9	  34,5	  35,4	  35,2	  16,8
*	     9,0259	 1	 27,58	 71,44	  -5,4	   3,7	   7,4	   8,2	   9,9	  10,9	  14,0	  -3,4
*	     8,4305	 1	 27,30	 82,75	  -4,7	   4,4	   8,1	   9,0	  10,6	  11,7	  14,8	  -2,6
*	     7,2136	 1	 39,55	 71,73	  -4,3	   4,9	   8,6	   9,4	  11,0	  12,1	  15,2	  -2,0
*	     6,6036	 1	 39,30	 83,03	  -3,6	   5,6	   9,3	  10,1	  11,8	  12,8	  16,0	  -1,2
*	     5,7623	 1	 50,96	 72,71	  -3,5	   5,6	   9,3	  10,2	  11,8	  12,9	  16,1	  -1,1
*	     5,1515	 1	 50,77	 83,57	  -2,8	   6,3	  10,0	  10,9	  12,5	  13,6	  16,8	  -0,3
*	     4,6357	 1	 61,07	 74,12	  -3,0	   6,1	   9,8	  10,7	  12,3	  13,4	  16,6	  -0,4
*	     4,0316	 1	 60,93	 84,28	  -2,4	   6,8	  10,5	  11,3	  13,0	  14,1	  17,3	   0,3
*	     3,7780	 1	 69,59	 75,70	  -2,6	   6,5	  10,2	  11,1	  12,7	  13,8	  17,1	   0,1
*	     3,1799	 1	 69,50	 85,01	  -2,0	   7,2	  10,9	  11,7	  13,4	  14,4	  17,7	   0,8
*	     3,1330	 1	 76,55	 77,24	  -2,1	   7,0	  10,7	  11,6	  13,2	  14,3	  17,6	   0,7
*	     2,5328	 1	 76,50	 85,70	  -1,5	   7,7	  11,4	  12,2	  13,9	  14,9	  18,2	   1,4
*	     2,6559	 1	 82,22	 78,65	  -1,4	   7,8	  11,5	  12,3	  13,9	  15,0	  18,3	   1,4
*	     2,0390	 1	 82,19	 86,30	  -0,7	   8,4	  12,1	  13,0	  14,6	  15,7	  19,0	   2,2
*	     2,3175	 1	 86,82	 79,87	  -0,3	   8,8	  12,5	  13,4	  15,0	  16,1	  19,4	   2,5
*	     1,6612	 1	 86,81	 86,82	   0,5	   9,6	  13,3	  14,2	  15,8	  16,9	  20,2	   3,4
*	     2,1084	 1	 90,59	 80,93	   1,2	  10,4	  14,1	  14,9	  16,6	  17,6	  20,9	   4,1
*	     1,3767	 1	 90,59	 87,26	   2,3	  11,5	  15,2	  16,0	  17,7	  18,8	  22,1	   5,3
*	     2,0497	 1	 93,71	 81,84	   3,4	  12,5	  16,2	  17,1	  18,7	  19,8	  23,1	   6,3
*	     1,1794	 1	 93,72	 87,63	   5,1	  14,3	  18,0	  18,8	  20,5	  21,6	  24,9	   8,2
s	     1,5533	 2	 96,97	104,98	  32,6	  42,8	  47,7	  48,8	  50,5	  51,5	  51,3	  32,8
s	     1,5807	 1	102,33	 70,29	  33,8	  42,9	  46,5	  47,1	  48,7	  50,6	  50,3	  31,1
*	    82,2136	 1	193,51	 84,57	 -21,9	 -12,1	  -8,2	  -7,5	  -6,0	  -4,7	  -7,0	 -31,0
*	    81,4052	 1	203,02	 84,10	 -21,7	 -11,8	  -8,0	  -7,2	  -5,7	  -4,4	  -6,8	 -30,6
*	    83,1473	 1	213,10	 83,79	 -22,0	 -12,2	  -8,3	  -7,6	  -6,1	  -4,8	  -7,2	 -31,2
*	    66,3230	 1	189,74	 83,73	 -17,6	  -7,7	  -3,9	  -3,1	  -1,6	  -0,2	  -2,1	 -24,7
*	    65,3305	 1	200,95	 83,06	 -17,2	  -7,3	  -3,5	  -2,8	  -1,2	   0,2	  -1,7	 -24,2
*	    67,3158	 1	213,16	 82,64	 -17,7	  -7,8	  -4,0	  -3,2	  -1,7	  -0,3	  -2,3	 -24,9
*	    50,7280	 1	184,29	 82,58	 -12,5	  -2,6	   1,2	   2,0	   3,5	   5,0	   3,5	 -17,6
*	    49,4625	 1	197,82	 81,51	 -11,9	  -2,0	   1,8	   2,6	   4,1	   5,7	   4,2	 -16,9
*	    51,7496	 1	213,26	 80,86	 -12,5	  -2,6	   1,2	   2,0	   3,5	   5,0	   3,5	 -17,8
*	    35,6689	 1	175,93	 80,95	  -6,4	   3,4	   7,3	   8,0	   9,6	  11,2	  10,1	  -9,7
*	    33,9807	 1	192,52	 78,98	  -5,4	   4,5	   8,4	   9,1	  10,7	  12,3	  11,2	  -8,4
*	    36,6234	 1	213,43	 77,80	  -6,1	   3,7	   7,6	   8,4	  10,0	  11,5	  10,4	  -9,5
*	    21,6741	 1	162,36	 78,76	   0,8	  10,7	  14,6	  15,3	  16,9	  18,6	  17,9	  -0,7
*	    19,3447	 1	181,97	 74,36	   2,8	  12,7	  16,6	  17,3	  19,0	  20,7	  20,0	   1,6
*	    22,2986	 1	213,80	 71,21	   2,2	  12,1	  15,9	  16,7	  18,3	  20,0	  19,2	   0,6
*	     9,9198	 1	140,48	 76,59	   9,2	  19,1	  23,0	  23,7	  25,4	  27,1	  26,7	   9,2
*	     7,0514	 1	155,67	 65,96	  12,5	  22,4	  26,3	  27,1	  28,7	  30,5	  30,1	  12,8
*	     9,7917	 1	215,38	 49,37	  14,2	  24,1	  27,9	  28,7	  30,4	  32,1	  31,7	  14,2
*	     2,7075	 1	112,13	 76,58	  18,0	  27,9	  31,7	  32,5	  34,2	  36,0	  35,7	  18,8
*	     1,6697	 1	101,85	 64,27	  17,4	  27,2	  31,1	  31,9	  33,6	  35,4	  35,1	  18,3
*	     5,1715	 1	 28,51	 35,48	  19,2	  29,1	  33,0	  33,7	  35,4	  37,2	  36,9	  19,8
s	     2,4376	 2	 96,86	 71,10	  33,3	  43,1	  46,9	  47,5	  49,1	  50,8	  50,9	  32,3
s	     3,3058	 1	105,24	 90,83	  34,2	  43,7	  47,5	  48,4	  50,0	  51,0	  50,7	  32,0
*	    18,4876	 1	143,93	 85,38	   3,8	  13,3	  17,1	  18,0	  19,6	  20,4	  19,7	  -0,2
*	     6,0009	 1	115,07	 85,53	  19,3	  28,8	  32,7	  33,5	  35,1	  36,1	  35,7	  16,8
s	     3,4880	 2	103,98	 90,85	  33,2	  43,2	  47,2	  48,1	  49,6	  50,4	  50,5	  31,8
s	     3,8832	 2	105,33	103,70	  31,8	  42,0	  46,9	  48,0	  49,7	  50,6	  50,3	  31,7
s	     4,0612	 3	104,06	103,62	  30,8	  41,5	  46,5	  47,6	  49,2	  50,1	  50,2	  31,5
s	     4,1989	 2	102,24	 58,46	  31,2	  41,1	  45,9	  46,7	  48,4	  50,3	  50,0	  31,3
s	     4,6896	 2	105,11	 72,87	  32,5	  42,3	  46,1	  46,7	  48,3	  50,0	  50,0	  31,3
s	     4,8623	 3	103,86	 73,00	  31,5	  41,8	  45,7	  46,3	  47,9	  49,5	  49,9	  31,1
s	     4,9196	 2	102,70	126,88	  32,4	  41,7	  45,3	  45,8	  47,5	  49,3	  48,9	  29,4
s	     4,9720	 3	 96,81	 59,56	  30,2	  40,6	  45,6	  46,4	  48,0	  49,8	  49,8	  31,1
s	     5,6724	 3	 97,05	125,80	  32,0	  41,9	  45,7	  46,3	  47,9	  49,7	  49,6	  30,7
*	    68,7090	 1	214,42	 94,25	 -21,3	 -12,1	  -8,4	  -7,6	  -6,1	  -5,5	  -7,9	 -32,3
*	    65,9851	 1	202,20	 94,48	 -20,6	 -11,4	  -7,8	  -7,0	  -5,4	  -4,8	  -7,1	 -31,3
*	    66,2796	 1	190,73	 94,53	 -20,7	 -11,6	  -7,9	  -7,1	  -5,6	  -4,9	  -7,3	 -31,5
*	    53,1203	 1	215,35	 95,61	 -16,1	  -7,0	  -3,3	  -2,5	  -1,0	  -0,2	  -2,2	 -25,3
*	    49,9427	 1	199,85	 95,87	 -15,2	  -6,1	  -2,4	  -1,6	  -0,0	   0,7	  -1,2	 -24,0
*	    50,3777	 1	185,83	 95,75	 -15,5	  -6,4	  -2,7	  -1,9	  -0,3	   0,4	  -1,5	 -24,3
*	    38,0247	 1	216,97	 97,97	  -9,9	  -0,7	   2,9	   3,8	   5,4	   6,2	   4,6	 -17,1
*	    34,2681	 1	195,83	 98,21	  -8,6	   0,5	   4,2	   5,0	   6,6	   7,5	   6,0	 -15,4
*	    34,9576	 1	178,11	 97,57	  -9,3	  -0,1	   3,6	   4,4	   6,0	   6,8	   5,3	 -16,1
*	    23,7959	 1	220,50	103,00	  -1,7	   7,4	  11,1	  11,9	  13,6	  14,5	  13,2	  -7,2
*	    19,3719	 1	187,53	102,81	  -0,1	   9,0	  12,7	  13,5	  15,2	  16,1	  15,0	  -5,1
*	    20,5436	 1	164,99	100,31	  -1,7	   7,5	  11,2	  12,0	  13,6	  14,6	  13,4	  -6,7
*	    11,4002	 1	233,80	119,31	  10,1	  19,3	  23,0	  23,8	  25,5	  26,5	  25,6	   6,2
*	     6,6243	 1	163,51	113,51	  10,7	  19,8	  23,5	  24,4	  26,0	  27,1	  26,3	   7,3
*	     8,4595	 1	142,03	103,68	   7,1	  16,3	  20,0	  20,8	  22,5	  23,5	  22,7	   3,6
*	     6,9125	 1	103,20	 80,28	  -2,8	   6,7	  10,5	  11,4	  13,0	  13,9	  13,5	  -5,4
s	     7,6779	 3	105,50	123,13	  31,3	  41,3	  45,1	  45,7	  47,3	  49,0	  48,9	  29,9
s	     7,8332	 4	104,21	122,96	  30,3	  40,8	  44,8	  45,3	  46,9	  48,5	  48,7	  29,7
s	     9,2402	 3	102,81	136,94	  29,4	  39,5	  44,3	  45,1	  46,8	  48,6	  48,2	  29,0
s	     9,4066	 3	102,12	 45,79	  27,8	  37,9	  42,6	  43,1	  44,8	  47,4	  47,3	  27,4
s	     9,4739	 1	316,89	 88,40	  32,3	  41,3	  45,1	  46,0	  47,6	  48,4	  47,5	  27,6
*	    11,5130	 1	273,57	102,27	  18,5	  27,5	  31,3	  32,2	  33,8	  34,6	  34,9	  17,2
*	    16,1727	 1	248,31	 97,83	  12,5	  21,6	  25,3	  26,2	  27,8	  28,6	  28,7	  10,7
*	    22,1004	 1	236,83	 95,22	   7,0	  16,0	  19,8	  20,6	  22,2	  23,0	  23,0	   4,4
*	    22,3922	 1	236,54	 75,79	   6,7	  15,7	  19,5	  20,4	  22,0	  22,7	  22,7	   4,1
*	    28,6662	 1	230,77	 93,74	   2,3	  11,4	  15,1	  16,0	  17,6	  18,3	  18,1	  -1,1
*	    28,8972	 1	230,51	 78,96	   2,2	  11,2	  15,0	  15,8	  17,4	  18,1	  17,9	  -1,3
*	    35,6333	 1	227,09	 92,82	  -1,6	   7,4	  11,1	  12,0	  13,6	  14,2	  13,9	  -5,9
*	    35,8247	 1	226,87	 80,96	  -1,8	   7,3	  11,0	  11,9	  13,5	  14,1	  13,8	  -6,1
*	    42,8816	 1	224,65	 92,20	  -5,1	   3,9	   7,7	   8,5	  10,1	  10,7	  10,2	 -10,3
*	    43,0452	 1	224,46	 82,32	  -5,2	   3,8	   7,6	   8,5	  10,0	  10,6	  10,1	 -10,4
*	    50,3376	 1	222,91	 91,75	  -8,2	   0,8	   4,6	   5,5	   7,0	   7,6	   6,8	 -14,3
*	    50,4804	 1	222,74	 83,31	  -8,2	   0,8	   4,5	   5,4	   6,9	   7,5	   6,7	 -14,4
*	    57,9514	 1	221,62	 91,42	 -10,9	  -1,9	   1,8	   2,7	   4,2	   4,7	   3,8	 -18,0
*	    58,0782	 1	221,47	 84,04	 -11,0	  -2,0	   1,8	   2,6	   4,1	   4,7	   3,7	 -18,1
*	    65,6879	 1	220,62	 91,17	 -13,5	  -4,4	  -0,7	   0,1	   1,6	   2,1	   1,0	 -21,5
*	    65,8020	 1	220,49	 84,63	 -13,5	  -4,5	  -0,7	   0,1	   1,6	   2,1	   0,9	 -21,6
*	    73,5214	 1	219,81	 90,95	 -15,8	  -6,8	  -3,0	  -2,2	  -0,7	  -0,3	  -1,6	 -24,8
*	    73,6250	 1	219,69	 85,08	 -15,8	  -6,8	  -3,0	  -2,2	  -0,7	  -0,3	  -1,7	 -24,8
*	    81,4326	 1	219,17	 90,80	 -17,9	  -8,9	  -5,2	  -4,3	  -2,9	  -2,5	  -4,0	 -27,9
*	    81,5275	 1	219,06	 85,46	 -17,9	  -8,9	  -5,2	  -4,4	  -2,9	  -2,5	  -4,1	 -28,0
s	     9,8904	 4	 97,11	135,79	  28,5	  39,1	  44,0	  44,8	  46,5	  48,2	  48,1	  28,9
s	     9,9390	 2	316,68	 98,78	  30,5	  40,2	  45,0	  46,1	  47,8	  48,7	  48,0	  28,8
s	    10,0534	 4	 96,74	 46,99	  27,4	  38,2	  43,1	  43,6	  45,3	  47,8	  48,0	  28,8
s	    11,7980	 4	104,89	 49,82	  27,0	  37,7	  42,6	  43,2	  44,8	  47,3	  47,5	  28,1
s	    11,9343	 5	103,66	 50,03	  26,0	  37,2	  42,3	  42,8	  44,4	  46,8	  47,3	  28,0
s	    12,2669	 4	105,63	134,06	  29,9	  40,0	  43,8	  44,3	  45,9	  47,7	  47,4	  27,9
s	    12,4013	 5	104,33	133,86	  28,9	  39,5	  43,5	  44,0	  45,5	  47,2	  47,2	  27,8
s	    12,8750	 2	315,48	 88,43	  31,2	  40,7	  44,6	  45,5	  47,1	  47,8	  47,4	  27,9
*	    12,9470	 1	  0,82	 91,15	   5,1	  14,1	  17,9	  18,8	  20,4	  21,2	  21,4	   3,6
*	    13,1982	 1	  0,55	100,91	   4,8	  13,9	  17,6	  18,5	  20,1	  20,9	  21,1	   3,3
s	    13,0070	 3	316,42	 88,45	  30,2	  40,2	  44,3	  45,2	  46,7	  47,3	  47,3	  27,8
s	    13,0111	 2	319,40	 88,51	  31,7	  41,0	  44,7	  45,5	  47,1	  48,2	  46,3	  26,1
*	    19,9889	 1	251,05	 79,17	  10,4	  19,6	  23,3	  24,1	  25,7	  26,7	  25,6	   5,4
*	    13,9713	 1	283,33	 74,43	  16,8	  25,9	  29,6	  30,5	  32,1	  33,1	  32,1	  12,5
*	    13,0253	 1	332,15	 76,18	  16,5	  25,7	  29,4	  30,2	  31,9	  32,9	  31,9	  12,4
s	    13,0802	 3	316,32	115,24	  29,9	  39,2	  42,9	  43,4	  45,0	  46,7	  46,2	  26,0
s	    13,2950	 3	315,30	 97,80	  28,9	  39,1	  44,1	  45,2	  46,8	  47,5	  47,2	  27,7
s	    13,4255	 4	316,23	 97,79	  27,9	  38,6	  43,7	  44,8	  46,4	  47,0	  47,0	  27,5
s	    13,4295	 3	319,21	 97,85	  28,8	  39,2	  44,1	  45,2	  46,8	  47,7	  47,1	  27,6
s	    13,4477	 2	315,92	 75,03	  30,0	  39,3	  42,9	  43,4	  45,0	  46,8	  46,2	  25,9
s	    14,0214	 3	319,68	 75,33	  30,2	  39,8	  43,5	  44,0	  45,6	  47,4	  45,9	  25,6
*	    15,1031	 1	358,54	 73,18	 -10,1	  -1,1	   2,7	   3,6	   5,1	   6,0	   6,1	 -11,8
*	    14,6350	 1	358,29	 81,88	  -9,6	  -0,6	   3,2	   4,1	   5,6	   6,5	   6,6	 -11,3
s	    14,7399	 4	102,92	144,93	  26,2	  36,5	  41,2	  41,6	  43,3	  45,9	  45,6	  25,2
s	    15,2352	 3	316,11	 66,42	  27,9	  38,0	  42,8	  43,5	  45,2	  47,0	  46,4	  26,7
s	    15,2937	 5	 97,18	143,82	  25,9	  36,8	  41,7	  42,2	  43,8	  46,3	  46,4	  26,7
s	    15,7817	 4	319,87	 66,84	  27,0	  37,6	  42,6	  43,3	  45,0	  46,7	  46,4	  26,6
s	    15,9592	 4	316,12	123,04	  27,5	  37,6	  42,5	  43,3	  44,9	  46,6	  46,1	  26,3
s	    16,1591	 4	314,98	112,94	  28,9	  38,9	  42,8	  43,4	  44,9	  46,5	  46,3	  26,5
s	    16,2798	 5	315,91	112,87	  27,9	  38,4	  42,5	  43,0	  44,5	  46,0	  46,1	  26,4
s	    16,2835	 4	318,87	112,93	  29,4	  39,2	  42,9	  43,4	  45,0	  46,8	  45,2	  24,7
s	    16,6448	 5	110,22	 68,32	  23,8	  35,5	  41,6	  42,7	  44,3	  45,9	  46,0	  26,2
s	    16,7639	 6	109,31	 68,40	  22,9	  35,0	  41,3	  42,3	  43,9	  45,4	  45,9	  26,1
s	    16,7729	 3	314,71	 76,23	  29,0	  39,0	  42,8	  43,3	  44,9	  46,6	  46,2	  26,4
s	    16,8916	 4	315,58	 76,28	  28,0	  38,5	  42,4	  43,0	  44,5	  46,1	  46,1	  26,2
s	    18,4127	 4	314,88	 68,26	  26,4	  37,0	  42,0	  42,7	  44,4	  46,1	  45,7	  25,7
s	    18,5266	 5	315,75	 68,34	  25,4	  36,6	  41,6	  42,4	  44,0	  45,6	  45,6	  25,6
s	    18,6927	 5	104,74	 39,78	  27,1	  37,5	  41,3	  41,6	  43,2	  45,7	  45,5	  25,5
s	    18,8058	 6	103,52	 39,99	  26,1	  37,0	  41,0	  41,2	  42,8	  45,2	  45,4	  25,4
s	    18,9365	 5	318,68	120,29	  26,1	  36,9	  41,8	  42,5	  44,2	  45,9	  45,5	  25,4
*	    18,9444	 1	144,24	 99,28	  -1,5	   8,0	  11,8	  12,7	  14,3	  15,1	  14,4	  -5,6
*	    19,0827	 1	247,81	 76,17	   1,6	  10,6	  14,4	  15,3	  16,8	  17,6	  17,7	  -0,6
*	    19,6887	 1	247,72	 67,71	   0,9	  10,0	  13,7	  14,6	  16,2	  17,0	  17,0	  -1,4
s	    19,2264	 8	 97,60	 69,93	  19,1	  32,4	  40,0	  41,3	  42,8	  44,2	  45,1	  25,0
s	    19,3794	 4	316,40	 55,10	  26,2	  36,2	  41,0	  41,7	  43,4	  45,0	  44,4	  23,6
s	    19,8715	 5	320,18	 55,63	  26,4	  36,7	  41,6	  42,3	  44,0	  45,6	  44,2	  23,3
*	    20,2752	 1	150,12	 99,32	 -14,9	  -5,4	  -1,5	  -0,7	   0,9	   1,7	   1,0	 -19,2
s	    21,0594	 5	103,05	150,98	  25,1	  35,7	  40,5	  40,9	  42,6	  45,2	  44,7	  24,5
s	    21,0681	 5	315,83	132,11	  24,6	  34,9	  39,7	  40,1	  41,8	  44,2	  43,9	  22,9
s	    21,5324	 6	 97,24	149,96	  24,1	  35,2	  40,1	  40,5	  42,1	  44,6	  44,5	  24,2
s	    21,7999	 7	104,76	 49,83	  19,0	  31,6	  38,9	  39,9	  41,5	  43,9	  44,3	  24,0
s	    22,0669	 5	101,90	 31,28	  23,4	  33,9	  38,6	  38,8	  40,4	  43,8	  43,7	  22,6
s	    22,2587	 5	315,13	 57,55	  25,4	  36,1	  41,1	  41,9	  43,4	  45,0	  44,7	  24,3
s	    22,3627	 6	316,01	 57,65	  24,4	  35,6	  40,7	  41,5	  43,1	  44,5	  44,5	  24,2
s	    22,5292	 6	 96,62	 32,33	  22,3	  33,3	  38,2	  38,4	  40,0	  43,2	  43,5	  22,4
s	    22,6041	 6	108,62	 47,46	  21,9	  33,4	  39,4	  40,2	  41,8	  44,3	  44,2	  23,9
s	    22,8301	 6	105,87	147,30	  24,0	  35,1	  40,0	  40,5	  42,1	  44,6	  44,4	  24,0
s	    22,9327	 7	104,55	147,12	  23,1	  34,7	  39,7	  40,2	  41,7	  44,1	  44,3	  23,9
s	    23,6081	 6	314,55	129,14	  23,9	  34,8	  39,8	  40,3	  41,9	  44,2	  44,2	  23,8
s	    23,7090	 7	315,48	129,05	  22,9	  34,4	  39,5	  40,0	  41,5	  43,8	  44,1	  23,7
s	    23,7121	 6	318,41	129,11	  24,4	  35,1	  39,9	  40,3	  42,0	  44,6	  43,2	  22,0
s	    24,2861	 6	104,64	 34,47	  23,8	  34,7	  39,7	  40,2	  41,8	  44,1	  44,1	  23,6
s	    24,3855	 7	103,43	 34,67	  22,8	  34,2	  39,4	  39,9	  41,4	  43,6	  43,9	  23,4
s	    25,8229	 7	313,89	 60,11	  23,3	  34,4	  39,4	  39,8	  41,4	  43,7	  43,6	  23,0
s	    25,8594	 6	315,60	137,94	  22,0	  33,1	  39,0	  39,8	  41,4	  43,9	  43,5	  22,9
s	    25,9191	 8	314,68	 60,19	  22,3	  33,9	  39,1	  39,5	  41,0	  43,3	  43,5	  22,9
s	    27,0036	 7	 97,30	153,84	  19,3	  31,0	  36,9	  37,3	  39,0	  42,2	  42,3	  20,8
s	    27,8273	 6	315,41	 48,20	  26,1	  36,5	  40,4	  40,9	  42,4	  43,9	  43,3	  22,5
s	    27,9196	 7	316,29	 48,31	  25,2	  36,0	  40,1	  40,5	  42,0	  43,5	  43,2	  22,4
s	    28,2507	 7	318,19	134,93	  20,6	  32,3	  38,3	  39,0	  40,7	  43,2	  42,9	  22,0
s	    28,2560	 6	103,19	155,73	  22,0	  32,7	  37,4	  37,5	  39,2	  42,5	  42,2	  20,6
s	    28,4002	 7	312,01	114,97	  21,1	  32,9	  39,2	  40,2	  41,7	  43,2	  43,1	  22,2
s	    28,4915	 8	312,73	114,93	  20,1	  32,5	  38,8	  39,8	  41,4	  42,7	  42,9	  22,1
s	    28,7812	 6	101,79	 27,01	  22,4	  33,3	  38,1	  38,2	  39,9	  43,2	  42,9	  22,0
s	    28,8315	 7	314,32	135,70	  22,7	  33,9	  38,8	  39,3	  40,9	  43,2	  43,0	  22,1
s	    28,9220	 8	315,24	135,61	  21,7	  33,4	  38,5	  39,0	  40,5	  42,7	  42,9	  21,9
s	    29,1825	 7	 96,57	 27,97	  21,4	  32,8	  37,7	  37,8	  39,5	  42,7	  42,7	  21,7
s	    29,3821	 6	316,91	 40,86	  21,8	  32,5	  37,2	  37,3	  39,0	  42,3	  42,0	  20,2
s	    29,7788	 7	320,71	 41,42	  21,5	  32,4	  37,1	  37,2	  38,8	  42,2	  41,8	  20,0
s	    30,2898	 7	104,53	 30,28	  21,4	  32,8	  37,7	  37,9	  39,5	  42,7	  42,7	  21,7
s	    30,3778	 8	103,33	 30,47	  20,5	  32,3	  37,4	  37,6	  39,1	  42,3	  42,6	  21,5
s	    31,1086	 7	106,04	153,20	  22,3	  33,5	  38,5	  38,9	  40,5	  42,8	  42,5	  21,4
s	    31,7256	 7	315,59	 43,56	  21,2	  32,6	  37,5	  37,7	  39,3	  42,5	  42,4	  21,2
s	    31,8112	 8	316,47	 43,67	  20,2	  32,1	  37,2	  37,3	  38,9	  42,0	  42,3	  21,1
s	    33,0449	 7	315,28	144,18	  21,0	  31,7	  36,5	  36,6	  38,2	  41,4	  41,1	  19,1
s	    33,2169	 8	312,43	129,70	  17,5	  29,8	  37,0	  38,0	  39,6	  41,9	  41,8	  20,5
s	    33,3820	 8	107,54	 34,56	  19,5	  31,3	  37,4	  38,1	  39,7	  42,0	  41,7	  20,4
s	    33,6711	 8	317,96	140,13	  18,7	  30,2	  36,0	  36,3	  38,0	  41,4	  40,9	  18,8
s	    33,8201	 8	 97,37	157,47	  18,4	  30,5	  36,5	  36,9	  38,5	  41,7	  41,6	  20,3
s	    34,5252	 7	101,70	 24,25	  17,7	  29,2	  35,0	  35,1	  36,8	  40,9	  40,8	  18,7
s	    34,8859	 8	 96,52	 25,13	  16,7	  28,7	  34,6	  34,7	  36,4	  40,4	  40,6	  18,5
s	    35,1706	 7	103,32	159,05	  21,2	  32,2	  37,0	  37,1	  38,7	  42,1	  41,5	  20,0
s	    35,2410	 8	317,16	 35,77	  19,4	  30,4	  35,2	  35,0	  36,6	  40,6	  40,6	  18,4
s	    35,5147	 8	314,05	141,69	  21,4	  32,6	  37,7	  38,1	  39,6	  41,8	  41,6	  20,1
s	    36,5140	 8	106,15	156,03	  20,0	  31,5	  36,5	  36,6	  38,2	  41,4	  41,1	  19,6
s	    38,0965	 8	104,40	 26,25	  20,0	  31,4	  36,4	  36,6	  38,1	  41,2	  41,1	  19,4
s	    38,8205	 8	318,82	 29,99	  16,9	  28,4	  34,3	  34,4	  36,0	  39,9	  39,9	  17,4
s	    41,0307	 8	103,43	161,24	  16,6	  28,2	  34,0	  34,1	  35,7	  39,8	  39,5	  16,8
s	    56,2116	 2	117,26	 91,17	  23,9	  33,6	  37,4	  38,2	  39,7	  40,3	  38,6	  15,2
s	    56,3991	 3	117,31	 95,36	  21,6	  32,0	  36,9	  37,9	  39,5	  40,1	  38,4	  15,1
s	    56,4723	 3	115,56	 91,19	  23,6	  33,5	  37,3	  38,0	  39,6	  40,2	  37,6	  13,5
s	    56,6592	 4	115,61	 95,36	  20,9	  31,7	  36,8	  37,8	  39,3	  39,9	  38,5	  15,1
s	    56,6673	 3	117,19	 85,20	  22,6	  32,5	  36,3	  36,9	  38,4	  39,8	  38,4	  15,0
s	    56,9265	 4	115,49	 85,24	  22,3	  32,5	  36,3	  36,7	  38,3	  39,7	  37,4	  13,3
s	    57,4858	 4	117,13	 81,09	  20,3	  30,9	  35,8	  36,5	  38,1	  39,5	  38,1	  14,7
s	    57,7247	 4	117,40	102,58	  21,7	  31,7	  35,4	  35,9	  37,4	  38,8	  37,3	  13,1
s	    57,7423	 5	115,44	 81,14	  19,5	  30,6	  35,7	  36,4	  37,9	  39,3	  38,2	  14,8
s	    57,9805	 5	115,70	102,56	  22,0	  32,3	  36,1	  36,5	  38,1	  39,5	  37,2	  12,9
s	    59,0280	 5	117,46	106,55	  19,9	  30,7	  35,6	  36,3	  37,8	  39,3	  37,8	  14,2
s	    59,2796	 6	115,75	106,53	  19,1	  30,4	  35,5	  36,2	  37,7	  39,1	  37,9	  14,3
s	    59,3407	 5	117,06	 75,41	  18,3	  29,0	  33,9	  34,3	  35,9	  38,1	  37,0	  12,6
s	    59,5914	 6	115,37	 75,48	  18,6	  29,7	  34,5	  35,0	  36,5	  38,8	  36,8	  12,4
s	    59,6264	 5	105,29	 91,29	  22,1	  32,5	  36,5	  37,3	  38,7	  39,1	  36,9	  12,5
s	    59,6910	 3	117,50	 91,17	  22,8	  33,0	  36,9	  37,7	  39,2	  39,7	  38,2	  14,5
s	    59,7472	 4	117,09	 91,18	  21,8	  32,5	  36,6	  37,4	  38,8	  39,2	  38,1	  14,4
s	    59,8060	 6	105,32	 95,31	  19,4	  30,8	  36,0	  37,1	  38,5	  38,8	  37,8	  14,2
s	    59,8705	 4	117,55	 95,18	  20,5	  31,4	  36,4	  37,5	  39,0	  39,5	  38,0	  14,4
s	    59,9266	 5	117,14	 95,19	  19,6	  30,9	  36,1	  37,1	  38,6	  39,0	  37,9	  14,3
s	    60,1273	 4	117,43	 85,46	  21,5	  31,9	  35,9	  36,4	  37,9	  39,1	  38,0	  14,3
s	    60,1833	 5	117,02	 85,47	  20,5	  31,5	  35,6	  36,1	  37,5	  38,7	  37,9	  14,2
s	    60,8479	 7	105,22	 81,63	  18,7	  30,1	  35,2	  35,9	  37,4	  38,6	  37,6	  13,8
s	    60,9115	 5	117,38	 81,52	  19,2	  30,3	  35,3	  36,1	  37,6	  38,9	  37,8	  14,0
s	    60,9669	 6	116,97	 81,53	  18,2	  29,8	  35,0	  35,8	  37,2	  38,4	  37,7	  13,9
s	    61,1406	 5	117,64	102,11	  21,1	  31,8	  35,7	  36,2	  37,7	  39,0	  37,7	  14,0
s	    61,1959	 6	117,23	102,11	  20,2	  31,3	  35,4	  35,9	  37,3	  38,5	  37,6	  13,9
s	    61,5371	 7	115,32	 71,32	  16,4	  28,3	  34,5	  35,5	  37,0	  38,2	  37,2	  13,4
s	    61,9526	 6	116,99	 70,04	  19,4	  30,2	  35,2	  35,9	  37,4	  38,7	  37,3	  13,4
s	    62,2874	 8	141,73	 80,86	  16,9	  28,9	  34,4	  35,2	  36,5	  37,3	  37,3	  13,4
s	    62,3910	 6	117,69	105,93	  18,8	  30,1	  35,1	  35,9	  37,4	  38,7	  37,5	  13,6
s	    62,4454	 7	117,28	105,93	  17,8	  29,6	  34,8	  35,5	  37,0	  38,2	  37,3	  13,5
s	    62,6913	 6	117,31	 76,06	  17,7	  29,1	  34,2	  34,7	  36,2	  38,2	  37,4	  13,5
s	    62,7455	 7	116,90	 76,07	  16,8	  28,7	  33,9	  34,3	  35,8	  37,8	  37,3	  13,4
s	    63,7114	 7	117,59	115,56	  15,9	  27,7	  33,7	  34,3	  35,9	  38,2	  36,9	  12,9
s	    63,9493	 8	115,87	115,51	  14,9	  27,2	  33,3	  34,0	  35,5	  37,7	  36,8	  12,8
s	    65,0002	 7	117,24	 71,23	  17,3	  28,9	  33,9	  34,3	  35,8	  37,9	  37,0	  12,9
s	    65,4500	 7	117,78	112,32	  19,2	  30,3	  34,3	  34,4	  35,9	  38,0	  36,9	  12,8
s	    65,5025	 8	117,37	112,31	  18,3	  29,9	  34,0	  34,1	  35,5	  37,5	  36,8	  12,7
s	    66,0732	 3	307,79	 88,58	  22,6	  32,3	  36,2	  37,0	  38,5	  38,9	  37,1	  12,8
s	    66,2396	 4	307,73	 92,30	  20,4	  30,8	  35,8	  36,8	  38,3	  38,7	  36,9	  12,7
s	    66,3047	 4	309,30	 88,61	  22,4	  32,3	  36,2	  36,9	  38,4	  38,8	  36,1	  11,1
s	    66,4707	 5	309,24	 92,32	  19,6	  30,5	  35,6	  36,7	  38,1	  38,5	  37,0	  12,8
s	    66,4779	 4	307,88	 83,28	  21,3	  31,3	  35,2	  35,7	  37,2	  38,4	  36,9	  12,6
s	    66,7084	 5	309,39	 83,32	  21,1	  31,3	  35,2	  35,6	  37,1	  38,3	  36,0	  10,9
s	    67,4191	 5	307,62	 98,74	  20,5	  30,5	  34,3	  34,8	  36,2	  37,5	  35,9	  10,8
s	    67,6471	 6	309,12	 98,74	  20,8	  31,1	  35,0	  35,4	  36,9	  38,2	  35,7	  10,6
s	    68,1363	 8	117,17	 66,34	  15,7	  27,6	  32,6	  32,8	  34,3	  37,1	  36,5	  12,1
s	    68,2812	 8	117,68	121,39	  15,7	  27,1	  31,9	  32,0	  33,5	  36,5	  35,4	  10,2
s	    68,5739	 8	116,85	 61,05	  16,2	  27,7	  32,6	  32,7	  34,3	  37,3	  36,2	  11,7
s	    68,5826	 6	307,56	102,31	  18,7	  29,5	  34,5	  35,2	  36,7	  38,0	  36,4	  12,0
s	    68,8077	 7	309,06	102,30	  17,9	  29,3	  34,4	  35,1	  36,6	  37,7	  36,5	  12,0
s	    69,5559	 4	307,60	 88,59	  21,6	  31,8	  35,8	  36,6	  38,0	  38,3	  36,7	  12,2
s	    69,6940	 6	 95,76	 86,24	  19,3	  30,3	  34,5	  35,0	  36,4	  37,4	  36,5	  11,9
s	    69,7160	 5	307,54	 92,16	  19,3	  30,2	  35,3	  36,4	  37,8	  38,1	  36,6	  12,0
s	    69,9453	 5	307,68	 83,48	  20,3	  30,8	  34,8	  35,3	  36,7	  37,8	  36,6	  12,0
s	    69,9593	 7	 95,43	 86,26	  19,1	  30,3	  34,4	  34,9	  36,3	  37,3	  36,3	  11,8
s	    70,1873	 5	307,77	 79,91	  18,8	  29,6	  34,4	  35,1	  36,7	  38,1	  36,3	  11,7
s	    70,3092	 7	 95,80	100,02	  17,0	  28,7	  34,0	  34,7	  36,1	  37,1	  36,3	  11,7
s	    70,4085	 6	309,23	 79,96	  18,0	  29,3	  34,3	  35,0	  36,5	  37,8	  36,4	  11,8
s	    70,5727	 8	 95,47	100,00	  16,1	  28,2	  33,7	  34,4	  35,7	  36,7	  36,1	  11,5
s	    70,8318	 7	307,47	107,22	  16,7	  27,7	  32,6	  33,0	  34,4	  36,5	  35,2	   9,8
s	    70,8512	 6	307,44	 98,36	  20,0	  30,6	  34,7	  35,1	  36,5	  37,7	  36,3	  11,7
s	    71,0515	 8	308,97	107,20	  17,0	  28,3	  33,3	  33,6	  35,1	  37,2	  35,1	   9,6
s	    71,2745	 8	118,14	110,94	  16,5	  27,7	  32,5	  32,8	  34,4	  36,6	  35,0	   9,6
s	    71,7907	 6	307,85	 74,97	  16,9	  27,8	  32,6	  33,0	  34,5	  36,6	  35,2	   9,7
s	    71,9721	 7	307,38	101,81	  17,6	  29,0	  34,1	  34,8	  36,2	  37,4	  36,1	  11,3
s	    72,0081	 7	309,32	 75,03	  17,1	  28,4	  33,3	  33,6	  35,2	  37,4	  35,0	   9,5
s	    72,7938	 8	307,41	110,50	  14,8	  26,6	  32,7	  33,3	  34,9	  36,9	  35,6	  10,8
s	    72,9264	 6	287,66	 83,40	  19,0	  30,0	  34,2	  34,7	  36,1	  37,0	  36,1	  11,2
s	    73,0804	 7	287,31	 83,41	  18,0	  29,6	  33,9	  34,4	  35,7	  36,6	  35,9	  11,1
s	    73,6307	 6	307,59	 80,23	  17,7	  29,0	  34,0	  34,7	  36,2	  37,5	  36,0	  11,1
s	    73,8040	 7	287,54	 97,82	  18,7	  29,9	  34,1	  34,5	  35,9	  36,9	  35,8	  10,9
s	    73,8802	 7	307,93	 70,56	  16,9	  28,2	  33,1	  33,5	  35,0	  37,2	  35,6	  10,7
s	    73,9566	 8	287,20	 97,80	  17,7	  29,4	  33,7	  34,2	  35,5	  36,4	  35,7	  10,8
s	    74,8907	 8	287,51	101,16	  16,4	  28,3	  33,5	  34,2	  35,6	  36,6	  35,6	  10,6
s	    75,1772	 7	307,67	 75,46	  16,3	  27,9	  32,9	  33,4	  34,8	  36,9	  35,7	  10,6
s	    77,3727	 8	307,75	 70,87	  16,9	  28,5	  33,6	  34,2	  35,7	  36,8	  35,3	  10,1
s	    77,4688	 8	308,04	 65,06	  16,9	  27,7	  31,5	  31,2	  32,7	  35,7	  34,2	   8,3
s	    81,0125	 1	201,37	 89,27	  21,9	  31,4	  35,2	  36,0	  37,5	  37,9	  35,6	  10,1
*	    84,9735	 1	218,82	 85,99	  -3,5	   6,0	   9,8	  10,6	  12,1	  12,5	  10,1	 -15,8
*	    81,2314	 1	204,20	 86,34	  -2,6	   6,9	  10,6	  11,5	  12,9	  13,4	  11,0	 -14,5
*	    82,8003	 1	190,61	 86,88	  -3,1	   6,4	  10,2	  11,0	  12,5	  12,9	  10,5	 -15,2
s	    81,2698	 2	201,48	 93,49	  21,5	  31,1	  34,9	  35,7	  37,2	  37,6	  35,2	   9,7
s	    81,3587	 2	201,26	 84,74	  19,9	  29,5	  33,2	  33,7	  35,2	  36,4	  34,4	   8,1
s	    81,7627	 2	199,48	 89,32	  20,9	  30,9	  34,8	  35,7	  37,1	  37,4	  35,4	   9,8
s	    82,0181	 3	199,58	 93,50	  20,7	  30,8	  34,8	  35,6	  37,0	  37,3	  35,3	   9,6
s	    82,1064	 3	199,36	 84,82	  19,6	  29,9	  33,8	  34,4	  35,8	  36,9	  35,3	   9,6
s	    82,1652	 3	201,59	 97,97	  19,6	  29,4	  33,1	  33,6	  35,1	  36,3	  34,2	   7,8
s	    82,2533	 3	201,15	 80,58	  20,1	  30,1	  33,9	  34,4	  35,8	  37,1	  35,0	   9,3
s	    82,9071	 4	199,70	 97,96	  19,3	  29,8	  33,7	  34,2	  35,7	  36,8	  35,0	   9,3
s	    82,9946	 4	199,25	 80,69	  19,3	  29,8	  33,7	  34,2	  35,6	  36,8	  35,0	   9,3
s	    83,2974	 2	201,63	 89,27	  20,8	  30,8	  34,7	  35,5	  37,0	  37,3	  35,2	   9,5
s	    83,4120	 3	201,31	 89,28	  19,8	  30,3	  34,4	  35,2	  36,6	  36,8	  35,1	   9,3
s	    83,4262	 2	229,55	 88,66	  21,5	  31,0	  34,9	  35,8	  37,2	  37,4	  35,2	   9,4
s	    83,5490	 3	201,73	 93,39	  20,5	  30,7	  34,6	  35,4	  36,8	  37,2	  35,1	   9,3
s	    83,5568	 4	201,70	102,05	  19,8	  29,9	  33,7	  34,2	  35,6	  36,9	  34,7	   9,0
s	    83,6360	 3	201,51	 84,83	  19,5	  29,8	  33,7	  34,3	  35,7	  36,8	  35,1	   9,3
s	    83,6634	 4	201,42	 93,40	  19,6	  30,2	  34,3	  35,1	  36,5	  36,7	  35,0	   9,2
s	    83,6776	 3	229,63	 92,78	  21,0	  30,7	  34,6	  35,4	  36,8	  37,1	  34,8	   9,0
s	    83,7503	 4	201,20	 84,84	  18,5	  29,3	  33,4	  33,9	  35,3	  36,3	  34,9	   9,2
s	    83,7644	 3	229,48	 84,23	  19,5	  29,1	  33,0	  33,4	  34,9	  35,9	  34,0	   7,5
s	    83,8175	 4	201,04	 76,20	  18,2	  28,3	  32,0	  32,2	  33,7	  35,7	  33,9	   7,4
s	    84,2890	 5	199,81	102,01	  19,0	  29,6	  33,6	  34,0	  35,4	  36,6	  34,8	   8,9
s	    84,4252	 4	201,84	 97,78	  19,2	  29,7	  33,6	  34,1	  35,5	  36,6	  34,9	   9,0
s	    84,4856	 3	231,36	 88,63	  20,5	  30,5	  34,5	  35,3	  36,7	  36,9	  35,0	   9,1
s	    84,5115	 4	201,41	 80,76	  19,2	  29,7	  33,6	  34,1	  35,5	  36,6	  34,9	   9,0
s	    84,5386	 5	201,53	 97,78	  18,2	  29,2	  33,3	  33,8	  35,1	  36,2	  34,7	   8,9
s	    84,5479	 5	199,14	 76,34	  18,0	  28,7	  32,6	  32,8	  34,3	  36,2	  34,7	   8,9
s	    84,5526	 4	229,70	 97,17	  19,2	  29,0	  32,8	  33,3	  34,7	  35,8	  33,8	   7,2
s	    84,6248	 5	201,10	 80,78	  18,2	  29,2	  33,3	  33,8	  35,1	  36,2	  34,7	   8,9
s	    84,6388	 4	229,40	 80,16	  19,7	  29,7	  33,6	  34,1	  35,5	  36,6	  34,6	   8,7
s	    84,7345	 4	231,43	 92,71	  20,2	  30,4	  34,5	  35,2	  36,6	  36,8	  34,8	   9,0
s	    84,8205	 4	231,29	 84,24	  19,2	  29,5	  33,5	  34,1	  35,4	  36,4	  34,8	   8,9
s	    85,6009	 5	231,50	 97,05	  18,9	  29,4	  33,4	  33,9	  35,3	  36,3	  34,6	   8,7
s	    85,6341	 5	201,81	106,30	  17,9	  28,1	  31,8	  32,0	  33,4	  35,5	  33,6	   6,9
s	    85,6597	 3	229,20	 88,67	  20,4	  30,4	  34,4	  35,3	  36,6	  36,8	  34,8	   8,9
s	    85,6862	 5	231,22	 80,21	  18,9	  29,4	  33,4	  33,9	  35,3	  36,3	  34,6	   8,6
s	    85,7876	 5	201,95	101,78	  18,9	  29,5	  33,4	  33,9	  35,3	  36,5	  34,6	   8,6
s	    85,8046	 5	200,93	 72,27	  18,4	  28,8	  32,6	  32,7	  34,2	  36,2	  34,4	   8,4
s	    85,8254	 4	229,49	 88,66	  19,4	  29,9	  34,1	  34,9	  36,2	  36,3	  34,7	   8,7
s	    85,8995	 6	201,63	101,77	  17,9	  29,0	  33,1	  33,6	  34,9	  36,0	  34,5	   8,5
s	    85,9058	 4	229,27	 92,70	  20,1	  30,3	  34,4	  35,1	  36,5	  36,7	  34,7	   8,7
s	    85,9134	 5	229,78	101,16	  19,4	  29,5	  33,4	  33,9	  35,3	  36,4	  34,3	   8,4
s	    85,9909	 4	229,12	 84,33	  19,1	  29,4	  33,4	  34,0	  35,3	  36,3	  34,7	   8,7
s	    86,0429	 5	201,30	 76,47	  17,8	  28,6	  32,5	  32,7	  34,1	  36,0	  34,6	   8,6
s	    86,0712	 5	229,56	 92,69	  19,1	  29,9	  34,0	  34,8	  36,1	  36,2	  34,6	   8,6
s	    86,1546	 6	200,99	 76,49	  16,9	  28,1	  32,2	  32,4	  33,8	  35,6	  34,4	   8,4
s	    86,1561	 5	229,42	 84,33	  18,1	  28,9	  33,1	  33,6	  35,0	  35,8	  34,6	   8,6
s	    86,5216	 6	199,93	106,53	  18,6	  29,3	  33,3	  33,8	  35,1	  36,1	  34,4	   8,4
s	    86,5216	 6	199,03	 72,44	  17,6	  28,5	  32,4	  32,6	  34,0	  36,0	  34,4	   8,4
s	    86,7630	 5	229,34	 97,00	  18,8	  29,3	  33,3	  33,8	  35,2	  36,2	  34,5	   8,4
s	    86,8474	 5	229,05	 80,34	  18,8	  29,3	  33,3	  33,8	  35,2	  36,2	  34,5	   8,4
s	    86,9270	 6	229,64	 96,98	  17,8	  28,8	  33,0	  33,5	  34,8	  35,7	  34,4	   8,3
s	    86,9486	 6	231,57	101,01	  18,6	  29,2	  33,3	  33,7	  35,1	  36,1	  34,4	   8,3
s	    87,0113	 6	229,35	 80,35	  17,8	  28,8	  33,0	  33,5	  34,8	  35,7	  34,3	   8,3
s	    87,2012	 6	231,14	 75,97	  17,5	  28,3	  32,3	  32,5	  33,9	  35,7	  34,3	   8,2
s	    87,8226	 6	202,06	105,95	  17,5	  28,4	  32,3	  32,5	  33,9	  35,8	  34,3	   8,1
s	    87,9325	 7	201,75	105,94	  16,5	  27,9	  32,0	  32,2	  33,5	  35,4	  34,1	   8,0
s	    87,9461	 6	229,85	105,32	  17,5	  27,7	  31,6	  31,7	  33,1	  35,0	  33,2	   6,3
s	    87,9897	 6	201,19	 72,62	  17,5	  28,4	  32,3	  32,5	  33,9	  35,8	  34,2	   8,1
s	    88,0714	 6	201,92	110,08	  18,0	  28,5	  32,3	  32,5	  33,9	  36,0	  34,0	   7,8
s	    88,0964	 6	229,42	100,91	  18,5	  29,1	  33,2	  33,6	  35,0	  36,0	  34,2	   8,0
s	    88,0994	 7	200,88	 72,64	  16,5	  27,9	  32,0	  32,2	  33,5	  35,4	  34,1	   7,9
s	    88,1130	 6	229,25	 72,02	  18,0	  28,4	  32,3	  32,5	  33,9	  35,8	  34,0	   7,8
s	    88,2584	 7	229,71	100,89	  17,5	  28,7	  32,8	  33,3	  34,6	  35,5	  34,1	   7,9
s	    88,4877	 6	200,81	 68,22	  16,4	  26,9	  30,6	  30,5	  31,9	  34,7	  33,1	   6,2
s	    88,5080	 7	229,27	 76,16	  16,4	  27,7	  31,9	  32,1	  33,4	  35,1	  34,1	   7,9
s	    88,7736	 7	200,03	109,99	  17,2	  28,3	  32,2	  32,3	  33,7	  35,7	  34,0	   7,8
s	    88,9623	 7	231,65	105,13	  17,2	  28,1	  32,1	  32,3	  33,7	  35,5	  34,0	   7,8
s	    89,2959	 7	231,07	 71,86	  18,2	  28,9	  33,0	  33,4	  34,8	  35,6	  34,0	   7,7
s	    89,3982	 7	198,91	 68,13	  17,1	  28,1	  32,1	  32,3	  33,6	  35,4	  34,0	   7,7
s	    90,0894	 7	229,49	105,00	  17,1	  28,0	  32,0	  32,2	  33,6	  35,4	  33,9	   7,5
s	    90,2122	 7	202,16	109,66	  17,1	  28,1	  32,1	  32,2	  33,6	  35,6	  33,9	   7,5
s	    90,2486	 8	229,79	104,97	  16,1	  27,6	  31,7	  31,9	  33,2	  34,9	  33,8	   7,4
s	    90,2531	 7	228,90	 72,36	  17,1	  28,0	  32,0	  32,2	  33,6	  35,4	  33,9	   7,5
s	    90,3198	 8	201,85	109,65	  16,1	  27,7	  31,8	  31,9	  33,2	  35,1	  33,7	   7,4
s	    90,3331	 7	229,93	109,03	  17,6	  28,2	  32,1	  32,2	  33,6	  35,5	  33,6	   7,2
s	    90,4121	 8	229,20	 72,38	  16,1	  27,5	  31,7	  31,9	  33,2	  34,9	  33,7	   7,4
s	    90,6206	 7	201,08	 68,63	  16,0	  27,2	  31,1	  31,0	  32,4	  35,1	  33,8	   7,4
s	    90,7278	 8	200,77	 68,66	  15,0	  26,7	  30,8	  30,7	  32,0	  34,7	  33,7	   7,3
s	    90,7411	 7	229,17	 68,05	  16,0	  26,5	  30,4	  30,2	  31,6	  34,3	  32,8	   5,6
s	    91,2062	 7	202,03	113,95	  16,0	  26,6	  30,4	  30,2	  31,6	  34,5	  32,7	   5,5
s	    91,3278	 8	231,71	108,82	  16,8	  27,9	  31,9	  32,0	  33,4	  35,2	  33,6	   7,2
s	    91,4493	 7	200,71	 64,65	  16,4	  27,3	  31,1	  30,9	  32,4	  35,2	  33,5	   7,0
s	    92,1307	 8	200,15	114,11	  16,7	  27,8	  31,8	  32,0	  33,3	  35,1	  33,5	   7,0
s	    92,1307	 8	198,81	 64,85	  15,7	  27,0	  31,0	  30,8	  32,2	  35,0	  33,5	   7,0
s	    92,4316	 8	229,56	108,65	  16,7	  27,8	  31,8	  31,9	  33,3	  35,1	  33,5	   6,9
s	    92,8321	 8	228,82	 68,45	  15,6	  26,8	  30,9	  30,8	  32,1	  34,7	  33,5	   6,9
s	    93,2887	 8	202,27	113,48	  15,6	  26,9	  30,9	  30,7	  32,1	  34,9	  33,4	   6,8
s	    93,4064	 8	230,00	112,84	  15,6	  26,3	  30,1	  29,9	  31,3	  34,0	  32,4	   5,0
s	    93,5274	 8	200,97	 65,12	  15,6	  26,9	  30,9	  30,7	  32,1	  34,8	  33,4	   6,7
s	    93,6448	 8	229,10	 64,53	  16,1	  27,0	  30,8	  30,7	  32,1	  34,8	  33,1	   6,5
s	    94,5544	 8	202,14	117,35	  16,0	  27,0	  30,8	  30,6	  32,1	  34,9	  33,0	   6,3
s	    95,1045	 8	200,59	 61,01	  14,4	  25,4	  29,1	  28,6	  30,1	  33,7	  32,2	   4,6
s	    98,1914	 2	 42,61	 90,91	  19,6	  29,6	  33,5	  34,4	  35,8	  35,9	  33,5	   6,5
s	    98,4118	 3	 42,54	 94,52	  19,4	  29,6	  33,5	  34,3	  35,6	  35,9	  33,4	   6,3
s	    98,4881	 3	 42,69	 87,02	  19,1	  29,0	  32,8	  33,3	  34,8	  35,9	  33,4	   6,3
s	    98,8347	 3	 44,24	 90,95	  18,6	  29,1	  33,2	  34,0	  35,3	  35,4	  33,4	   6,2
s	    99,0540	 4	 44,17	 94,54	  18,4	  29,1	  33,1	  33,9	  35,2	  35,4	  33,2	   6,1
s	    99,1298	 4	 44,32	 87,08	  18,1	  28,5	  32,5	  33,0	  34,3	  35,4	  33,2	   6,1
s	    99,1804	 4	 42,46	 98,38	  17,3	  27,6	  31,5	  31,9	  33,3	  34,3	  32,2	   4,3
s	    99,2561	 4	 42,76	 83,45	  18,6	  28,7	  32,5	  32,9	  34,4	  35,5	  33,0	   5,8
s	    99,8185	 5	 44,10	 98,38	  17,1	  28,0	  32,1	  32,6	  33,9	  34,9	  33,0	   5,8
s	    99,8938	 5	 44,39	 83,52	  17,8	  28,4	  32,4	  32,8	  34,2	  35,3	  33,0	   5,8
s	   100,2657	 3	 18,45	 90,35	  19,3	  29,3	  33,3	  34,1	  35,5	  35,5	  33,2	   5,9
s	   100,4824	 4	 18,36	 93,91	  19,0	  29,2	  33,2	  34,0	  35,4	  35,4	  33,1	   5,8
s	   100,4882	 3	 42,42	 90,91	  18,5	  29,0	  33,1	  33,9	  35,2	  35,3	  33,2	   5,9
s	   100,5867	 4	 42,69	 90,92	  17,5	  28,5	  32,7	  33,6	  34,8	  34,8	  33,1	   5,8
s	   100,6031	 5	 42,83	 79,66	  16,7	  27,0	  30,7	  30,8	  32,2	  34,2	  31,9	   3,9
s	   100,7046	 4	 42,35	 94,46	  18,3	  28,9	  33,0	  33,8	  35,1	  35,2	  33,0	   5,7
s	   100,7794	 4	 42,50	 87,10	  18,0	  28,4	  32,3	  32,8	  34,2	  35,2	  33,0	   5,7
s	   100,8029	 5	 42,62	 94,46	  17,3	  28,5	  32,7	  33,5	  34,7	  34,8	  32,9	   5,6
s	   100,8776	 5	 42,77	 87,10	  17,0	  28,0	  32,0	  32,5	  33,9	  34,8	  32,9	   5,6
s	   101,1800	 4	 16,87	 90,31	  18,2	  28,8	  32,9	  33,7	  35,0	  35,0	  33,0	   5,7
s	   101,2338	 6	 44,46	 79,75	  16,5	  27,4	  31,3	  31,5	  32,9	  34,7	  32,8	   5,4
s	   101,2380	 5	 18,26	 97,70	  17,0	  27,3	  31,3	  31,7	  33,0	  33,9	  31,8	   3,7
s	   101,3951	 5	 16,78	 93,84	  18,0	  28,7	  32,9	  33,6	  34,9	  34,9	  32,9	   5,5
s	   101,4588	 5	 42,27	 98,24	  17,0	  27,9	  32,0	  32,5	  33,8	  34,7	  32,8	   5,5
s	   101,5331	 5	 42,57	 83,58	  17,7	  28,3	  32,2	  32,7	  34,1	  35,1	  32,8	   5,5
s	   101,5565	 6	 42,54	 98,24	  16,0	  27,4	  31,7	  32,1	  33,4	  34,3	  32,7	   5,4
s	   101,6308	 6	 42,84	 83,59	  16,7	  27,9	  31,9	  32,4	  33,7	  34,7	  32,7	   5,3
s	   101,7183	 6	 42,32	104,78	  13,7	  24,9	  29,9	  30,3	  31,7	  33,5	  31,7	   3,5
s	   102,1452	 6	 16,68	 97,61	  16,7	  27,7	  31,8	  32,3	  33,6	  34,4	  32,7	   5,2
s	   102,3217	 6	 42,91	 76,23	  16,9	  27,5	  31,3	  31,4	  32,8	  34,8	  32,4	   5,0
s	   102,3343	 5	 15,62	 86,51	  16,9	  27,8	  31,9	  32,4	  33,7	  34,7	  32,8	   5,3
s	   102,4160	 6	 18,17	101,17	  17,2	  27,8	  31,9	  32,3	  33,6	  34,6	  32,4	   5,0
s	   102,5242	 4	 18,72	 90,36	  18,1	  28,7	  32,8	  33,6	  34,9	  34,9	  32,8	   5,4
s	   102,6675	 5	 18,46	 90,36	  17,1	  28,2	  32,5	  33,3	  34,6	  34,4	  32,7	   5,3
s	   102,7370	 5	 18,63	 93,85	  17,9	  28,6	  32,8	  33,5	  34,8	  34,8	  32,7	   5,2
s	   102,8555	 6	 42,65	 79,86	  16,4	  27,3	  31,2	  31,3	  32,7	  34,6	  32,6	   5,1
s	   102,8800	 6	 18,37	 93,84	  16,9	  28,1	  32,4	  33,2	  34,5	  34,3	  32,6	   5,1
s	   102,9437	 7	 44,53	 76,34	  16,1	  27,2	  31,1	  31,3	  32,6	  34,5	  32,5	   5,0
s	   102,9522	 7	 42,91	 79,88	  15,4	  26,8	  30,9	  31,0	  32,4	  34,1	  32,5	   5,0
s	   103,0787	 6	 15,72	 83,04	  16,6	  27,8	  31,8	  32,3	  33,6	  34,5	  32,6	   5,1
s	   103,3147	 7	 16,59	101,05	  16,4	  27,6	  31,7	  32,2	  33,5	  34,3	  32,4	   4,9
s	   103,4790	 6	 18,53	 97,58	  16,6	  27,6	  31,7	  32,2	  33,5	  34,3	  32,5	   5,0
s	   103,6212	 7	 18,27	 97,56	  15,6	  27,1	  31,4	  31,9	  33,2	  33,8	  32,4	   4,8
s	   103,7313	 7	 42,25	108,14	  13,8	  25,4	  30,4	  30,8	  32,3	  34,1	  32,2	   4,6
s	   103,9142	 4	176,10	 89,97	  18,0	  28,6	  32,7	  33,5	  34,8	  34,8	  32,7	   5,1
s	   103,9507	 7	 42,14	104,52	  13,3	  25,2	  30,4	  30,8	  32,2	  33,9	  32,4	   4,8
s	   104,0465	 8	 42,41	104,52	  12,3	  24,8	  30,1	  30,5	  31,8	  33,4	  32,2	   4,7
s	   104,1247	 5	176,19	 93,42	  17,8	  28,5	  32,7	  33,4	  34,7	  34,7	  32,6	   5,0
s	   104,1827	 7	 18,07	104,81	  15,3	  26,1	  30,0	  30,1	  31,5	  33,2	  31,3	   3,0
s	   104,1975	 5	176,00	 86,26	  16,8	  27,6	  31,7	  32,3	  33,6	  34,3	  32,6	   5,0
s	   104,3464	 8	 43,90	108,08	  13,1	  25,1	  30,3	  30,7	  32,1	  33,8	  32,2	   4,6
s	   104,4978	 7	 15,82	 79,11	  16,3	  27,5	  31,6	  32,1	  33,4	  34,2	  32,3	   4,7
s	   104,5435	 7	 42,72	 76,49	  16,0	  27,1	  31,0	  31,1	  32,5	  34,4	  32,3	   4,7
s	   104,6361	 7	 18,44	100,98	  16,3	  27,5	  31,6	  32,1	  33,4	  34,2	  32,3	   4,6
s	   104,6388	 8	 42,98	 76,51	  15,0	  26,6	  30,7	  30,8	  32,2	  33,9	  32,2	   4,5
s	   104,6547	 7	 42,98	 72,65	  15,0	  25,7	  29,4	  29,2	  30,6	  33,4	  31,3	   2,9
s	   104,7770	 8	 18,18	100,97	  15,3	  27,0	  31,3	  31,7	  33,0	  33,7	  32,2	   4,5
s	   104,8586	 6	176,29	 97,11	  16,5	  27,5	  31,6	  32,1	  33,4	  34,2	  32,4	   4,7
s	   105,0688	 8	 16,49	104,67	  15,0	  26,5	  30,6	  30,8	  32,1	  33,7	  32,1	   4,5
s	   105,4495	 8	 44,61	 72,53	  15,7	  26,9	  30,9	  31,0	  32,3	  34,0	  32,1	   4,4
s	   105,9286	 8	 42,07	107,83	  13,0	  25,0	  30,2	  30,6	  32,0	  33,7	  32,0	   4,3
s	   106,0032	 7	176,39	100,48	  16,2	  27,4	  31,5	  32,0	  33,3	  34,0	  32,2	   4,4
s	   106,1986	 8	 15,91	 75,78	  16,0	  27,3	  31,5	  31,9	  33,2	  34,0	  32,0	   4,2
s	   106,2182	 7	175,81	 79,22	  15,2	  26,4	  30,6	  30,8	  32,1	  33,6	  32,1	   4,3
s	   106,2672	 8	 17,98	108,10	  15,4	  26,6	  30,6	  30,7	  32,0	  33,7	  31,8	   4,0
s	   106,3653	 8	 42,17	111,62	  11,9	  23,6	  28,5	  28,6	  30,0	  32,7	  31,0	   2,4
s	   106,3722	 8	 18,34	104,57	  14,9	  26,4	  30,5	  30,7	  32,0	  33,6	  32,0	   4,2
s	   106,8362	 8	 42,79	 72,97	  14,6	  26,0	  29,9	  29,7	  31,1	  33,8	  32,0	   4,1
s	   107,2456	 8	 43,05	 69,46	  15,1	  26,1	  29,9	  29,7	  31,1	  33,9	  31,7	   3,8
s	   107,7209	 8	176,49	104,03	  14,8	  26,3	  30,4	  30,6	  31,9	  33,5	  31,9	   3,9
s	   107,8479	 4	251,82	 88,40	  17,8	  27,8	  31,9	  32,8	  34,0	  33,9	  31,3	   2,6
s	   107,8624	 8	175,71	 75,93	  14,8	  26,3	  30,4	  30,6	  31,9	  33,4	  31,8	   3,9
s	   108,0520	 5	251,85	 91,74	  17,5	  27,8	  31,9	  32,6	  33,9	  33,8	  31,1	   2,4
s	   108,1226	 5	251,79	 84,80	  16,5	  26,8	  30,9	  31,5	  32,8	  33,4	  31,1	   2,4
s	   108,7638	 6	251,88	 95,32	  16,2	  26,6	  30,6	  31,1	  32,4	  33,0	  30,9	   2,2
s	   109,6670	 5	251,18	 88,40	  17,4	  28,0	  32,2	  33,1	  34,3	  34,0	  32,0	   3,9
s	   109,8683	 6	251,21	 91,70	  17,2	  27,9	  32,2	  33,0	  34,2	  34,0	  31,9	   3,8
s	   109,8745	 7	251,91	 98,59	  16,4	  27,2	  31,3	  31,7	  33,0	  33,7	  31,5	   3,4
s	   109,9379	 6	251,15	 84,85	  16,2	  27,0	  31,3	  31,8	  33,0	  33,6	  31,9	   3,7
s	   110,0294	 6	251,38	 88,40	  16,4	  27,5	  31,9	  32,7	  33,9	  33,6	  31,8	   3,7
s	   110,2301	 7	251,41	 91,69	  16,2	  27,5	  31,8	  32,6	  33,8	  33,5	  31,7	   3,6
s	   110,2995	 7	251,35	 84,86	  15,2	  26,5	  30,9	  31,5	  32,6	  33,1	  31,7	   3,6
s	   110,3904	 5	118,54	 91,24	  17,9	  28,3	  32,3	  33,0	  34,3	  34,4	  30,9	   2,0
s	   110,5011	 6	118,57	 93,71	  15,1	  26,5	  31,8	  32,8	  34,1	  34,0	  31,8	   3,6
s	   110,5703	 7	251,24	 95,23	  15,9	  26,9	  31,2	  31,7	  32,9	  33,5	  31,7	   3,5
s	   110,9301	 8	251,44	 95,21	  14,9	  26,4	  30,8	  31,3	  32,5	  33,0	  31,5	   3,3
s	   111,5423	 8	251,94	102,05	  14,6	  25,4	  29,4	  29,5	  30,8	  32,3	  30,4	   1,4
s	   111,6660	 8	251,27	 98,46	  15,6	  26,8	  31,1	  31,5	  32,7	  33,3	  31,5	   3,2
s	   112,0714	 8	118,66	100,46	  13,6	  25,4	  30,7	  31,3	  32,7	  33,4	  31,4	   3,1
s	   113,2606	 4	119,62	 91,23	  17,9	  28,3	  32,2	  32,9	  34,3	  34,4	  31,5	   3,1
s	   113,3689	 5	119,65	 93,65	  15,7	  26,7	  31,7	  32,7	  34,1	  34,3	  31,4	   3,0
s	   113,5243	 5	119,57	 87,77	  16,7	  27,3	  31,2	  31,6	  33,0	  34,0	  31,4	   2,9
s	   113,6747	 6	118,59	 87,79	  16,4	  27,2	  31,1	  31,5	  32,9	  33,9	  30,4	   1,2
s	   113,8761	 6	118,65	 91,24	  16,9	  27,8	  32,0	  32,7	  34,0	  33,9	  31,5	   3,0
s	   113,9839	 7	118,68	 93,65	  13,9	  25,8	  31,2	  32,2	  33,5	  33,3	  31,3	   2,9
s	   114,1400	 6	119,71	 97,87	  16,4	  27,2	  31,1	  31,5	  32,9	  33,9	  31,2	   2,7
s	   114,2897	 7	118,72	 97,88	  16,2	  27,1	  31,1	  31,4	  32,8	  33,8	  30,3	   1,0
s	   114,9062	 7	119,74	100,25	  14,1	  25,6	  30,6	  31,2	  32,6	  33,7	  31,0	   2,4
s	   115,0914	 7	119,50	 81,97	  12,6	  24,0	  28,9	  29,3	  30,7	  32,4	  30,2	   0,9
s	   115,2401	 8	118,51	 81,99	  12,8	  24,6	  29,6	  30,0	  31,4	  33,2	  30,1	   0,7
s	   115,7212	 4	202,81	 89,28	  16,5	  27,5	  31,7	  32,5	  33,8	  33,7	  31,5	   2,9
s	   115,9136	 5	202,89	 92,43	  16,3	  27,5	  31,7	  32,4	  33,7	  33,6	  31,4	   2,7
s	   115,9802	 5	202,73	 85,88	  15,2	  26,5	  30,7	  31,3	  32,5	  33,2	  31,4	   2,7
s	   116,5281	 8	119,45	 78,87	  12,8	  24,5	  29,5	  29,9	  31,3	  33,1	  30,7	   2,0
s	   116,5850	 6	202,98	 95,80	  15,0	  26,4	  30,6	  31,1	  32,4	  33,1	  31,2	   2,5
s	   116,7504	 5	119,70	 91,23	  17,0	  27,8	  31,9	  32,6	  33,9	  34,0	  31,3	   2,6
s	   116,8561	 6	119,73	 93,59	  14,7	  26,3	  31,4	  32,4	  33,7	  33,8	  31,2	   2,4
s	   117,0075	 6	119,66	 87,86	  15,7	  26,8	  30,9	  31,3	  32,6	  33,5	  31,1	   2,4
s	   117,1541	 7	118,70	 87,88	  15,5	  26,8	  30,8	  31,2	  32,5	  33,4	  31,0	   2,3
s	   117,6078	 7	119,79	 97,71	  15,4	  26,7	  30,8	  31,2	  32,5	  33,4	  31,0	   2,2
s	   117,6334	 7	203,05	 98,90	  14,7	  26,3	  30,5	  31,0	  32,2	  33,0	  31,0	   2,2
s	   117,7538	 8	118,82	 97,71	  15,2	  26,7	  30,8	  31,1	  32,4	  33,3	  30,9	   2,0
s	   117,8304	 7	202,56	 79,43	  13,6	  25,4	  29,6	  29,8	  31,1	  32,6	  31,0	   2,1
s	   118,0001	 4	 65,07	 91,29	  16,4	  26,9	  31,0	  31,9	  33,1	  32,9	  30,2	   0,6
s	   118,1894	 5	 65,03	 94,39	  16,1	  26,8	  31,0	  31,8	  33,0	  32,9	  30,1	   0,5
s	   118,2548	 5	 65,11	 87,95	  15,8	  26,3	  30,3	  30,8	  32,1	  32,9	  30,1	   0,5
s	   118,3551	 8	119,82	100,03	  13,2	  25,1	  30,3	  30,9	  32,3	  33,2	  30,8	   1,9
s	   118,5357	 8	119,58	 82,20	  12,1	  24,2	  29,4	  29,8	  31,1	  32,8	  30,8	   1,9
s	   118,8498	 6	 64,99	 97,71	  14,8	  25,7	  29,8	  30,2	  31,4	  32,1	  29,9	   0,3
s	   119,3393	 8	203,15	102,40	  14,4	  26,0	  30,3	  30,8	  32,0	  32,6	  30,7	   1,7
s	   119,3393	 8	202,48	 76,40	  13,3	  25,3	  29,5	  29,6	  30,9	  32,4	  30,7	   1,7
s	   119,8958	 5	 66,26	 91,30	  16,0	  27,1	  31,4	  32,2	  33,4	  33,1	  31,0	   2,0
s	   119,9763	 5	 64,57	 91,28	  16,0	  27,1	  31,4	  32,2	  33,4	  33,1	  31,0	   2,0
s	   120,0754	 7	 65,18	 81,59	  14,3	  25,0	  29,0	  29,1	  30,4	  32,0	  29,7	  -0,1
s	   120,0826	 6	 66,23	 94,36	  15,8	  27,0	  31,3	  32,1	  33,3	  33,0	  30,8	   1,8
s	   120,1472	 6	 66,30	 88,01	  15,5	  26,5	  30,6	  31,1	  32,4	  33,0	  30,8	   1,8
s	   120,1629	 6	 64,53	 94,34	  15,8	  27,0	  31,3	  32,1	  33,3	  33,0	  30,8	   1,8
s	   120,2275	 6	 64,60	 87,99	  15,5	  26,5	  30,6	  31,1	  32,4	  33,0	  30,8	   1,8
s	   120,2677	 6	306,84	 88,64	  17,0	  27,5	  31,6	  32,3	  33,5	  33,4	  29,8	   0,0
s	   120,2837	 6	 64,76	 91,29	  15,0	  26,6	  31,0	  31,8	  33,0	  32,6	  30,8	   1,8
s	   120,3707	 7	306,80	 90,94	  14,3	  25,7	  31,1	  32,1	  33,3	  33,1	  30,7	   1,7
s	   120,4699	 7	 64,73	 94,34	  14,8	  26,5	  31,0	  31,7	  32,9	  32,6	  30,7	   1,6
s	   120,4742	 8	104,52	 88,10	  14,1	  25,9	  30,1	  30,5	  31,7	  32,5	  29,6	  -0,3
s	   120,5343	 7	 64,80	 88,00	  14,5	  26,0	  30,3	  30,8	  32,0	  32,6	  30,7	   1,6
s	   120,7343	 7	 66,19	 97,64	  14,5	  26,0	  30,3	  30,8	  32,0	  32,5	  30,7	   1,6
s	   120,8142	 7	 64,49	 97,62	  14,5	  26,0	  30,3	  30,8	  32,0	  32,5	  30,7	   1,6
s	   120,8652	 7	 66,34	 84,74	  16,3	  27,2	  31,4	  32,2	  33,4	  33,1	  30,7	   1,6
s	   121,0386	 8	 64,93	103,25	  11,2	  23,0	  28,2	  28,6	  29,9	  31,3	  29,5	  -0,4
s	   121,1198	 8	 64,69	 97,61	  13,5	  25,5	  30,0	  30,4	  31,6	  32,1	  30,5	   1,4
s	   121,5607	 8	 65,21	 78,61	  14,5	  25,6	  29,6	  29,7	  31,0	  32,6	  30,2	   1,1
s	   121,9438	 8	 66,37	 81,74	  13,9	  25,4	  29,5	  29,7	  30,9	  32,4	  30,4	   1,3
s	   122,0231	 8	 64,68	 81,72	  13,9	  25,4	  29,5	  29,7	  30,9	  32,4	  30,4	   1,2
s	   123,1492	 5	305,84	 88,63	  17,1	  27,5	  31,5	  32,2	  33,5	  33,5	  30,4	   1,1
s	   123,2090	 5	355,71	 89,77	  17,5	  27,2	  31,1	  31,9	  33,1	  33,0	  29,6	  -0,5
s	   123,2502	 6	305,80	 90,88	  14,9	  25,9	  31,0	  32,0	  33,3	  33,3	  30,3	   1,0
s	   123,3914	 6	355,62	 92,76	  17,3	  27,2	  31,1	  31,8	  33,0	  32,9	  29,4	  -0,6
s	   123,3949	 6	305,89	 85,41	  15,8	  26,5	  30,5	  30,9	  32,2	  33,0	  30,3	   1,0
s	   123,4546	 6	355,79	 86,55	  15,3	  25,8	  29,9	  30,4	  31,7	  32,2	  29,5	  -0,6
s	   123,5351	 7	306,81	 85,42	  15,6	  26,4	  30,4	  30,8	  32,1	  32,9	  29,4	  -0,7
s	   123,7546	 7	306,74	 88,64	  16,1	  27,0	  31,3	  32,0	  33,2	  32,9	  30,4	   1,0
s	   123,8551	 8	306,71	 90,89	  13,1	  25,1	  30,5	  31,5	  32,7	  32,4	  30,3	   0,9
s	   123,9689	 7	305,74	 94,82	  15,6	  26,4	  30,4	  30,8	  32,1	  32,9	  30,1	   0,8
s	   124,0283	 7	355,54	 95,96	  16,0	  26,0	  29,8	  30,2	  31,4	  32,2	  29,3	  -0,9
s	   124,1086	 8	306,66	 94,83	  15,3	  26,3	  30,4	  30,7	  32,0	  32,8	  29,2	  -0,9
s	   124,6838	 8	305,70	 97,04	  13,3	  24,8	  29,9	  30,5	  31,9	  32,7	  29,9	   0,5
s	   125,0236	 8	355,46	 98,90	  16,2	  26,6	  30,5	  30,9	  32,1	  32,8	  29,8	   0,4
s	   125,0735	 6	356,25	 89,78	  17,2	  27,4	  31,5	  32,2	  33,4	  33,2	  30,3	   0,8
s	   125,2537	 7	356,17	 92,74	  16,9	  27,3	  31,4	  32,1	  33,3	  33,1	  30,2	   0,7
s	   125,3160	 7	356,34	 86,61	  15,0	  26,0	  30,2	  30,7	  31,9	  32,4	  30,2	   0,7
s	   125,4214	 7	356,07	 89,78	  16,2	  26,9	  31,1	  31,9	  33,0	  32,7	  30,2	   0,7
s	   125,6011	 8	355,99	 92,73	  15,9	  26,9	  31,1	  31,8	  32,9	  32,6	  30,0	   0,5
s	   125,6633	 8	356,16	 86,61	  14,0	  25,5	  29,9	  30,4	  31,5	  31,9	  30,1	   0,6
s	   125,8269	 8	356,10	 83,66	  14,7	  25,9	  30,2	  30,6	  31,8	  32,3	  30,1	   0,5
s	   125,8825	 8	356,09	 95,90	  15,6	  26,3	  30,4	  30,8	  32,0	  32,6	  30,0	   0,5
s	   126,6398	 6	305,77	 88,63	  16,1	  27,0	  31,2	  31,9	  33,1	  33,0	  30,2	   0,6
s	   126,7383	 7	305,73	 90,83	  13,9	  25,5	  30,7	  31,7	  33,0	  32,8	  30,1	   0,5
s	   126,8797	 7	305,82	 85,48	  14,9	  26,0	  30,2	  30,6	  31,9	  32,5	  30,1	   0,5
s	   127,0166	 8	306,71	 85,50	  14,6	  26,0	  30,1	  30,5	  31,8	  32,5	  30,0	   0,3
s	   127,3434	 8	356,82	 83,74	  15,5	  26,3	  30,3	  30,7	  31,9	  32,5	  29,9	   0,2
s	   127,4403	 8	305,67	 94,68	  14,6	  26,0	  30,1	  30,5	  31,8	  32,4	  29,9	   0,2
s	   129,4360	 8	319,06	 88,87	  14,0	  25,8	  30,3	  31,1	  32,2	  31,7	  29,7	  -0,1
s	   132,9614	 5	 41,70	 90,93	  14,5	  26,0	  30,4	  31,1	  32,3	  32,0	  29,7	  -0,4
s	   133,1324	 6	 41,64	 93,73	  14,3	  26,0	  30,3	  31,1	  32,2	  32,0	  29,6	  -0,6
s	   133,1915	 6	 41,76	 87,91	  14,0	  25,4	  29,6	  30,1	  31,3	  32,0	  29,6	  -0,6
s	   133,7294	 7	 41,58	 96,73	  13,0	  25,0	  29,3	  29,8	  31,0	  31,5	  29,4	  -0,8
s	   133,7883	 7	 41,82	 85,12	  13,7	  25,4	  29,6	  30,0	  31,2	  31,9	  29,4	  -0,8
s	   134,1284	 6	 20,54	 87,44	  14,7	  25,7	  29,8	  30,3	  31,5	  32,1	  29,5	  -0,8
s	   134,6629	 8	 41,53	 99,49	  12,7	  24,9	  29,2	  29,6	  30,8	  31,4	  29,2	  -1,1
s	   134,7216	 7	 20,61	 84,67	  14,2	  25,4	  29,5	  29,9	  31,2	  31,8	  29,1	  -1,2
s	   134,8385	 8	 41,88	 82,15	  12,4	  24,3	  28,5	  28,7	  29,9	  31,3	  29,2	  -1,1
s	   134,9128	 7	 19,29	 87,42	  13,7	  25,2	  29,5	  29,9	  31,1	  31,6	  29,3	  -1,0
s	   135,5030	 8	 19,36	 84,67	  13,4	  25,1	  29,4	  29,8	  31,0	  31,5	  29,2	  -1,2
s	   135,8561	 8	 20,69	 81,51	  13,4	  24,4	  28,6	  29,0	  30,2	  30,6	  28,1	  -3,1
s	   136,4020	 7	 20,72	 87,49	  13,6	  25,1	  29,4	  29,8	  31,0	  31,5	  29,2	  -1,3
s	   136,5258	 8	 20,51	 87,48	  12,6	  24,6	  29,1	  29,5	  30,7	  31,0	  29,1	  -1,4
s	   136,9867	 8	 20,79	 84,76	  13,3	  25,0	  29,3	  29,7	  30,9	  31,4	  29,0	  -1,5
s	   139,5571	 8	245,79	 82,88	  14,4	  25,3	  29,4	  29,8	  31,0	  31,6	  28,6	  -2,2
s	   141,7079	 5	160,87	 90,41	  15,7	  25,8	  29,8	  30,6	  31,7	  31,4	  27,8	  -3,9
s	   141,8698	 6	160,94	 93,06	  15,5	  25,7	  29,7	  30,5	  31,6	  31,3	  27,7	  -4,0
s	   141,9258	 6	160,80	 87,55	  13,5	  24,4	  28,6	  29,1	  30,3	  30,6	  27,8	  -3,9
s	   142,4350	 7	161,01	 95,90	  14,2	  24,7	  28,7	  29,2	  30,3	  30,8	  27,6	  -4,2
s	   142,4908	 7	160,73	 84,91	  14,2	  24,7	  28,7	  29,2	  30,3	  30,8	  27,6	  -4,2
s	   143,1539	 6	161,51	 90,39	  15,4	  26,0	  30,2	  30,9	  32,0	  31,6	  28,6	  -2,4
s	   143,3143	 7	161,58	 93,02	  15,2	  25,9	  30,1	  30,8	  31,9	  31,5	  28,5	  -2,6
s	   143,3193	 8	161,08	 98,52	  14,4	  25,1	  29,2	  29,6	  30,7	  31,2	  28,2	  -2,9
s	   143,3699	 7	161,44	 87,56	  13,2	  24,6	  28,9	  29,5	  30,6	  30,8	  28,6	  -2,5
s	   143,8746	 8	161,65	 95,84	  13,9	  24,9	  29,1	  29,6	  30,7	  31,0	  28,3	  -2,8
s	   143,9300	 8	161,37	 84,95	  13,9	  24,9	  29,1	  29,6	  30,6	  31,0	  28,3	  -2,8
s	   144,4747	 6	160,13	 90,43	  15,3	  25,9	  30,1	  30,9	  32,0	  31,5	  28,5	  -2,7
s	   144,6339	 7	160,19	 93,04	  15,1	  25,9	  30,0	  30,8	  31,9	  31,4	  28,4	  -2,8
s	   144,6889	 7	160,06	 87,62	  13,1	  24,5	  28,9	  29,4	  30,5	  30,7	  28,5	  -2,8
s	   144,8283	 7	160,29	 90,42	  14,3	  25,4	  29,8	  30,5	  31,6	  31,0	  28,4	  -2,8
s	   144,9872	 8	160,35	 93,03	  14,1	  25,4	  29,7	  30,4	  31,5	  30,9	  28,3	  -3,0
s	   145,0421	 8	160,22	 87,62	  12,2	  24,0	  28,5	  29,1	  30,1	  30,2	  28,3	  -2,9
s	   145,1897	 8	160,27	 95,83	  13,8	  24,9	  29,0	  29,5	  30,6	  30,9	  28,2	  -3,0
s	   145,2446	 8	159,99	 85,02	  13,8	  24,9	  29,0	  29,5	  30,6	  30,9	  28,2	  -3,0
s	   149,6163	 6	266,83	 88,35	  15,1	  25,2	  29,3	  30,1	  31,2	  30,6	  27,0	  -5,4
s	   149,7707	 7	266,83	 90,88	  14,8	  25,1	  29,2	  30,0	  31,1	  30,5	  26,9	  -5,5
s	   149,8241	 7	266,83	 85,63	  12,9	  23,8	  28,1	  28,6	  29,7	  29,8	  27,0	  -5,4
s	   150,3100	 8	266,84	 93,60	  13,6	  24,1	  28,2	  28,7	  29,8	  30,1	  26,8	  -5,7
s	   150,3633	 8	266,82	 83,11	  13,6	  24,1	  28,2	  28,7	  29,8	  30,0	  26,8	  -5,7
s	   152,4563	 7	267,51	 88,35	  14,7	  25,3	  29,6	  30,4	  31,4	  30,7	  27,7	  -4,2
s	   152,6081	 8	267,51	 90,84	  14,5	  25,3	  29,5	  30,3	  31,3	  30,7	  27,6	  -4,3
s	   152,6607	 8	267,50	 85,67	  12,5	  23,9	  28,4	  28,9	  29,9	  30,0	  27,7	  -4,3
s	   152,7937	 8	267,35	 88,35	  13,7	  24,8	  29,2	  30,0	  31,0	  30,2	  27,6	  -4,4
s	   153,0193	 6	 80,27	 91,43	  13,2	  24,3	  28,7	  29,5	  30,6	  29,9	  26,8	  -5,9
s	   153,1707	 7	 80,26	 93,92	  13,0	  24,3	  28,6	  29,4	  30,5	  29,9	  26,7	  -6,0
s	   153,2230	 7	 80,28	 88,76	  12,7	  23,7	  28,0	  28,4	  29,6	  29,9	  26,7	  -6,0
s	   153,6995	 8	 80,25	 96,58	  11,7	  23,3	  27,6	  28,1	  29,2	  29,4	  26,5	  -6,2
s	   153,7517	 8	 80,29	 86,29	  12,5	  23,7	  27,9	  28,3	  29,5	  29,8	  26,5	  -6,2
s	   155,6097	 7	 81,03	 91,44	  12,9	  24,5	  29,0	  29,8	  30,8	  30,1	  27,5	  -4,7
s	   155,7589	 8	 81,02	 93,88	  12,6	  24,4	  28,9	  29,7	  30,7	  30,0	  27,4	  -4,8
s	   155,8105	 8	 81,05	 88,81	  12,4	  23,9	  28,3	  28,7	  29,8	  30,0	  27,4	  -4,8
s	   155,9985	 8	 80,89	 91,44	  11,9	  24,0	  28,6	  29,4	  30,4	  29,6	  27,4	  -4,8
s	   164,2544	 8	343,23	 89,46	  13,2	  24,4	  28,7	  29,5	  30,5	  29,8	  26,6	  -6,3
s	   167,4834	 7	119,84	 91,26	  13,0	  24,4	  28,7	  29,4	  30,5	  30,0	  26,5	  -6,7
s	   167,5607	 8	119,86	 92,99	  10,8	  22,9	  28,2	  29,2	  30,3	  29,9	  26,4	  -6,8
s	   167,6716	 8	119,80	 88,79	  11,8	  23,5	  27,7	  28,1	  29,3	  29,5	  26,4	  -6,9
s	   170,4026	 6	120,58	 91,25	  13,7	  24,7	  28,7	  29,3	  30,6	  30,3	  26,2	  -7,3
s	   170,4787	 7	120,60	 92,95	  11,4	  23,1	  28,2	  29,1	  30,4	  30,1	  26,0	  -7,5
s	   170,5879	 7	120,54	 88,82	  12,4	  23,7	  27,7	  28,1	  29,3	  29,8	  26,0	  -7,5
s	   170,9230	 8	120,52	 87,12	  10,2	  22,1	  27,2	  27,8	  29,1	  29,7	  25,9	  -7,7
s	   170,9739	 8	119,89	 91,26	  12,7	  24,2	  28,5	  29,1	  30,3	  29,8	  26,1	  -7,4
s	   171,0215	 8	120,64	 95,93	  12,2	  23,6	  27,7	  28,0	  29,2	  29,8	  25,9	  -7,7
s	   173,8951	 7	120,62	 91,25	  12,8	  24,3	  28,5	  29,1	  30,3	  29,9	  26,0	  -7,8
s	   173,9699	 8	120,64	 92,92	  10,5	  22,7	  28,0	  28,9	  30,1	  29,7	  25,9	  -7,9
s	   174,0771	 8	120,59	 88,86	  11,5	  23,3	  27,5	  27,8	  29,0	  29,4	  25,9	  -8,0
s	   177,3736	 8	305,69	 88,66	  12,4	  23,8	  28,2	  28,9	  29,9	  29,2	  25,6	  -8,5
s	   180,2711	 4	207,07	 91,36	  12,6	  23,5	  28,4	  29,4	  30,7	  30,4	  25,8	  -8,6
s	   180,2984	 7	304,99	 88,65	  13,0	  24,0	  28,2	  28,8	  30,0	  29,5	  25,2	  -9,1
s	   180,3708	 8	304,96	 90,26	  10,8	  22,5	  27,7	  28,6	  29,8	  29,3	  25,1	  -9,2
s	   180,4747	 8	305,02	 86,33	  11,7	  23,1	  27,2	  27,5	  28,7	  29,0	  25,1	  -9,3
s	   181,5095	 5	221,44	 91,03	  12,4	  23,2	  28,3	  29,2	  30,5	  30,1	  25,6	  -8,9
s	   181,5821	 6	206,86	 82,47	   9,3	  20,5	  25,5	  25,8	  27,1	  28,4	  24,5	 -10,8
s	   182,5880	 5	207,14	 91,33	  11,6	  22,9	  28,0	  29,0	  30,2	  29,8	  25,5	  -9,1
s	   183,7912	 8	304,95	 88,65	  12,1	  23,7	  27,9	  28,6	  29,7	  29,1	  25,1	  -9,6
s	   183,8124	 6	221,34	 91,00	  11,3	  22,7	  27,9	  28,8	  30,0	  29,5	  25,3	  -9,4
s	   183,8228	 8	207,29	100,15	   9,3	  21,0	  26,0	  26,3	  27,6	  29,0	  24,9	  -9,8
s	   183,8842	 7	206,93	 82,54	   9,0	  20,9	  26,0	  26,4	  27,7	  28,8	  25,2	  -9,5
s	   183,8990	 7	221,50	 91,00	  10,3	  22,2	  27,6	  28,5	  29,7	  29,0	  25,2	  -9,5
s	   187,0628	 7	151,67	 90,66	  11,4	  22,6	  27,0	  27,8	  28,8	  27,8	  23,9	 -11,8
s	   187,1895	 8	151,72	 92,73	  11,2	  22,5	  27,0	  27,7	  28,7	  27,7	  23,8	 -11,9
s	   187,5390	 8	279,95	 88,39	  11,2	  22,4	  26,9	  27,7	  28,6	  27,5	  23,8	 -12,0
s	   188,1966	 8	152,23	 90,64	  11,2	  22,8	  27,4	  28,1	  29,1	  28,0	  24,8	 -10,3
s	   189,8897	 8	151,23	 88,46	  10,6	  22,1	  26,5	  26,9	  27,9	  27,9	  24,4	 -10,8
s	   190,1312	 8	151,22	 90,67	  11,1	  22,7	  27,3	  28,1	  29,0	  27,9	  24,6	 -10,6
s	   190,5747	 3	207,31	 89,21	  13,7	  24,2	  28,2	  28,9	  30,1	  29,6	  25,1	 -10,2
s	   190,6436	 4	207,34	 90,75	  11,5	  22,6	  27,7	  28,7	  29,9	  29,4	  25,0	 -10,3
s	   190,7425	 4	207,25	 87,01	  12,4	  23,2	  27,2	  27,7	  28,9	  29,1	  25,0	 -10,3
s	   191,1350	 5	207,41	 93,44	  12,9	  23,5	  27,4	  27,8	  29,0	  29,5	  24,9	 -10,5
s	   191,1780	 5	207,21	 84,97	  12,7	  23,3	  27,2	  27,6	  28,8	  29,2	  24,6	 -10,7
s	   191,7435	 6	207,16	 83,29	   8,2	  19,7	  24,8	  25,1	  26,4	  27,4	  23,7	 -12,5
s	   191,7534	 4	220,97	 88,90	  13,4	  23,9	  28,0	  28,8	  29,9	  29,3	  24,9	 -10,5
s	   191,8177	 6	207,46	 95,47	  11,7	  22,8	  26,8	  27,2	  28,4	  28,7	  24,5	 -10,9
s	   191,8219	 5	221,00	 90,43	  11,2	  22,4	  27,6	  28,6	  29,8	  29,1	  24,8	 -10,6
s	   191,9202	 5	220,93	 86,72	  12,2	  23,0	  27,1	  27,5	  28,7	  28,8	  24,8	 -10,6
s	   192,1303	 8	 54,21	 93,21	   9,9	  21,8	  27,1	  28,1	  29,1	  28,4	  24,4	 -11,0
s	   192,3105	 6	221,06	 93,12	  12,7	  23,3	  27,3	  27,7	  28,8	  29,1	  24,7	 -10,8
s	   192,3533	 6	220,89	 84,69	  12,4	  23,1	  27,0	  27,4	  28,6	  28,9	  24,4	 -11,0
s	   192,8285	 7	192,36	 91,61	  10,0	  21,8	  27,2	  28,1	  29,3	  28,5	  24,5	 -11,0
s	   192,8497	 7	207,51	 97,64	  10,6	  21,5	  25,4	  25,4	  26,6	  27,9	  23,5	 -12,8
s	   192,8942	 4	207,37	 89,21	  12,6	  23,6	  27,8	  28,5	  29,7	  29,0	  24,8	 -10,7
s	   192,9158	 7	220,85	 83,02	   7,9	  19,5	  24,6	  25,0	  26,2	  27,1	  23,5	 -12,8
s	   192,9350	 7	207,10	 80,79	  10,4	  21,8	  25,8	  25,9	  27,1	  28,2	  24,3	 -11,2
s	   192,9624	 5	207,40	 90,73	  10,4	  22,1	  27,3	  28,3	  29,5	  28,9	  24,7	 -10,8
s	   192,9896	 7	221,10	 95,13	  11,4	  22,6	  26,7	  27,1	  28,2	  28,4	  24,3	 -11,2
s	   193,0602	 5	207,32	 87,03	  11,4	  22,6	  26,8	  27,3	  28,4	  28,5	  24,7	 -10,8
s	   193,4485	 6	207,47	 93,40	  11,9	  23,0	  27,0	  27,4	  28,6	  28,9	  24,6	 -11,0
s	   193,4910	 6	207,27	 85,02	  11,9	  23,0	  27,0	  27,4	  28,6	  28,9	  24,6	 -11,0
s	   193,7528	 8	207,55	 99,14	   8,2	  20,2	  25,3	  25,7	  26,9	  28,0	  24,1	 -11,5
s	   194,0158	 8	221,15	 97,28	  10,4	  21,3	  25,2	  25,2	  26,4	  27,5	  23,3	 -13,1
s	   194,0602	 5	220,89	 88,91	  12,3	  23,4	  27,6	  28,4	  29,5	  28,7	  24,6	 -11,0
s	   194,1008	 8	220,80	 80,53	  10,1	  21,6	  25,7	  25,8	  26,9	  27,9	  24,1	 -11,5
s	   194,1239	 7	207,52	 95,40	  11,6	  22,9	  26,9	  27,3	  28,4	  28,8	  24,4	 -11,2
s	   194,1280	 6	220,92	 90,42	  10,1	  21,8	  27,2	  28,2	  29,3	  28,5	  24,5	 -11,1
s	   194,1427	 6	221,04	 88,90	  11,4	  22,9	  27,3	  28,1	  29,1	  28,2	  24,5	 -11,1
s	   194,2105	 7	221,07	 90,42	   9,2	  21,4	  26,9	  27,8	  28,9	  28,1	  24,4	 -11,2
s	   194,2253	 6	220,84	 86,74	  11,1	  22,4	  26,7	  27,1	  28,2	  28,2	  24,5	 -11,1
s	   194,2917	 8	207,05	 78,65	   9,3	  20,5	  24,3	  24,1	  25,3	  27,3	  23,3	 -13,1
s	   194,3077	 7	220,99	 86,74	  10,1	  21,9	  26,3	  26,8	  27,8	  27,8	  24,4	 -11,2
s	   194,6114	 7	220,97	 93,07	  11,6	  22,8	  26,9	  27,3	  28,4	  28,6	  24,4	 -11,3
s	   194,6537	 7	220,80	 84,74	  11,6	  22,8	  26,9	  27,3	  28,4	  28,6	  24,4	 -11,3
s	   194,6938	 8	221,12	 93,07	  10,6	  22,3	  26,5	  26,9	  28,0	  28,1	  24,3	 -11,4
s	   194,7361	 8	220,95	 84,74	  10,6	  22,3	  26,5	  26,9	  28,0	  28,1	  24,3	 -11,4
s	   194,8099	 7	192,72	 91,59	  10,8	  22,2	  27,3	  28,3	  29,4	  28,7	  24,3	 -11,4
s	   195,1448	 8	207,57	 97,55	  10,3	  21,9	  25,9	  26,0	  27,2	  28,3	  24,2	 -11,5
s	   195,2293	 8	207,16	 80,87	   9,6	  21,5	  25,6	  25,8	  26,9	  27,9	  24,2	 -11,5
s	   195,2832	 8	221,01	 95,07	  11,4	  22,7	  26,8	  27,1	  28,3	  28,5	  24,2	 -11,5
s	   195,7902	 8	275,25	 88,38	  10,9	  22,0	  26,6	  27,3	  28,3	  27,0	  23,1	 -13,4
s	   196,2675	 7	235,66	 90,63	  10,6	  22,0	  27,3	  28,2	  29,3	  28,6	  24,2	 -11,6
s	   197,6453	 8	236,50	 90,61	   9,5	  21,5	  26,9	  27,8	  28,9	  28,0	  24,0	 -11,9
s	   197,6546	 5	 38,11	 92,86	  11,0	  22,3	  27,4	  28,3	  29,5	  29,0	  24,4	 -11,6
s	   198,4161	 8	235,42	 90,62	   9,5	  21,4	  26,9	  27,8	  28,9	  28,0	  24,0	 -12,0
s	   198,7954	 6	 24,88	 92,55	  10,7	  22,1	  27,3	  28,2	  29,4	  28,7	  24,2	 -11,9
s	   198,8623	 7	 38,29	 84,67	   8,4	  19,8	  24,7	  25,0	  26,2	  27,4	  23,0	 -13,8
s	   199,9735	 6	 38,06	 92,84	   9,9	  21,7	  27,0	  27,9	  29,1	  28,5	  24,1	 -12,1
s	   201,1024	 7	 24,96	 92,53	   9,6	  21,5	  26,8	  27,8	  28,9	  28,1	  23,9	 -12,3
s	   201,1687	 8	 38,23	 84,73	   8,1	  20,2	  25,3	  25,6	  26,8	  27,9	  23,8	 -12,5
s	   207,1683	 7	235,42	 88,65	  10,6	  22,2	  26,7	  27,5	  28,4	  27,3	  23,4	 -13,3
s	   207,2322	 8	235,44	 90,08	   8,4	  20,7	  26,2	  27,2	  28,2	  27,2	  23,3	 -13,5
s	   207,3239	 8	235,38	 86,61	   9,4	  21,2	  25,7	  26,2	  27,2	  26,8	  23,3	 -13,5
s	   207,9763	 4	 37,91	 90,88	  12,0	  23,0	  27,2	  27,9	  29,0	  28,3	  23,7	 -13,1
s	   208,1313	 5	 37,96	 88,85	  11,5	  22,4	  26,5	  26,9	  28,0	  28,2	  23,6	 -13,3
s	   208,4942	 6	 37,83	 94,80	  11,3	  22,4	  26,4	  26,8	  27,9	  28,2	  23,4	 -13,4
s	   208,5340	 6	 38,00	 86,97	  11,8	  22,6	  26,4	  26,8	  28,0	  28,3	  23,2	 -13,7
s	   209,0570	 7	 38,03	 85,41	   7,3	  19,0	  24,0	  24,3	  25,5	  26,5	  22,3	 -15,4
s	   209,0661	 5	 25,28	 90,59	  11,8	  22,8	  27,0	  27,8	  28,8	  27,9	  23,5	 -13,4
s	   209,0802	 7	 51,64	 93,03	   9,3	  21,2	  26,5	  27,5	  28,6	  27,7	  23,3	 -13,6
s	   209,1256	 7	 37,79	 96,67	  10,8	  22,1	  26,1	  26,4	  27,6	  27,8	  23,0	 -13,9
s	   209,2204	 6	 25,33	 88,57	  10,5	  21,8	  26,1	  26,5	  27,6	  27,5	  23,4	 -13,6
s	   209,5815	 7	 25,19	 94,49	  11,0	  22,2	  26,3	  26,6	  27,7	  27,8	  23,3	 -13,7
s	   209,6211	 7	 25,38	 86,69	  10,8	  21,9	  26,0	  26,4	  27,5	  27,6	  23,0	 -14,0
s	   210,0805	 8	 37,74	 98,68	   8,3	  20,0	  24,1	  24,1	  25,2	  26,1	  22,1	 -15,7
s	   210,1417	 8	 25,41	 85,14	   6,3	  18,3	  23,6	  24,0	  25,1	  25,8	  22,1	 -15,7
s	   210,1595	 8	 38,08	 83,09	  10,3	  21,5	  25,4	  25,4	  26,6	  27,8	  22,9	 -14,2
s	   210,2100	 8	 25,14	 96,35	  10,5	  21,9	  26,0	  26,3	  27,4	  27,5	  22,9	 -14,2
s	   210,2328	 8	 52,46	 93,03	   8,3	  20,7	  26,2	  27,1	  28,2	  27,2	  23,1	 -13,9
s	   210,2973	 5	 37,86	 90,88	  11,0	  22,5	  26,8	  27,5	  28,6	  27,7	  23,4	 -13,6
s	   210,4508	 6	 37,90	 88,87	  10,5	  21,9	  26,1	  26,5	  27,6	  27,7	  23,3	 -13,8
s	   210,8100	 7	 37,78	 94,76	  10,2	  21,8	  26,0	  26,4	  27,5	  27,6	  23,2	 -13,9
s	   210,8494	 7	 37,94	 87,00	  11,0	  22,3	  26,3	  26,6	  27,7	  28,0	  23,2	 -13,9
s	   211,2854	 8	 51,46	 93,01	   8,3	  20,7	  26,1	  27,1	  28,1	  27,2	  23,0	 -14,1
s	   211,3672	 8	 37,98	 85,46	   7,0	  19,3	  24,6	  25,0	  26,1	  27,0	  23,0	 -14,1
s	   211,3763	 6	 25,36	 90,59	  10,7	  22,2	  26,6	  27,4	  28,4	  27,4	  23,2	 -13,9
s	   211,4352	 8	 37,74	 96,61	  10,0	  21,8	  25,9	  26,3	  27,4	  27,5	  23,0	 -14,1
s	   211,5291	 7	 25,41	 88,59	   9,5	  21,3	  25,7	  26,1	  27,1	  26,9	  23,1	 -14,0
s	   211,8866	 8	 25,26	 94,45	  10,0	  21,6	  25,9	  26,2	  27,3	  27,3	  23,0	 -14,2
s	   211,9258	 8	 25,45	 86,74	  10,0	  21,6	  25,9	  26,2	  27,3	  27,3	  23,0	 -14,2
s	   215,0886	 7	207,07	 91,06	   8,4	  20,7	  26,1	  27,0	  28,1	  27,3	  22,8	 -14,6
s	   216,2913	 8	221,02	 90,73	   8,1	  20,5	  25,9	  26,9	  27,9	  27,0	  22,6	 -14,9
s	   216,9359	 8	180,22	 91,74	   9,0	  20,4	  25,6	  26,6	  27,6	  26,6	  21,5	 -16,9
s	   217,4059	 8	207,13	 91,04	   7,3	  20,1	  25,7	  26,6	  27,6	  26,7	  22,6	 -15,1
s	   220,0181	 7	 51,66	 91,15	   9,4	  21,5	  26,0	  26,7	  27,7	  26,5	  22,5	 -15,4
s	   220,1654	 8	 51,69	 89,22	   8,9	  20,9	  25,3	  25,7	  26,7	  26,5	  22,4	 -15,6
s	   220,2974	 8	194,88	 89,53	   9,4	  21,4	  25,9	  26,6	  27,5	  26,3	  22,3	 -15,6
s	   223,3733	 8	 11,95	 88,35	   8,8	  20,8	  25,2	  25,6	  26,6	  26,3	  22,1	 -16,1
s	   223,6719	 6	207,23	 89,22	   9,5	  21,5	  25,9	  26,7	  27,7	  26,6	  22,3	 -15,9
s	   223,8171	 7	207,19	 87,32	   9,0	  20,9	  25,2	  25,7	  26,7	  26,6	  22,2	 -16,0
s	   224,1568	 8	207,32	 92,89	   8,0	  20,5	  24,9	  25,3	  26,3	  26,1	  22,1	 -16,2
s	   224,1940	 8	207,15	 85,56	   8,8	  20,9	  25,2	  25,6	  26,6	  26,5	  22,1	 -16,2
s	   226,5639	 7	220,64	 88,92	   9,2	  21,2	  25,8	  26,5	  27,4	  26,2	  22,0	 -16,5
s	   226,7074	 8	220,60	 87,04	   8,7	  20,7	  25,0	  25,5	  26,4	  26,2	  21,9	 -16,6
s	   227,5736	 8	121,10	 91,26	  10,2	  21,9	  26,0	  26,6	  27,6	  26,9	  21,6	 -17,0
s	   227,7307	 7	207,32	 89,22	   8,4	  20,9	  25,5	  26,2	  27,1	  26,0	  21,9	 -16,7
s	   227,8735	 8	207,28	 87,35	   7,9	  20,3	  24,8	  25,2	  26,2	  25,9	  21,8	 -16,8
s	   228,8727	 8	220,56	 88,92	   8,1	  20,7	  25,4	  26,1	  27,0	  25,7	  21,7	 -17,0
s	   230,7350	 8	 38,21	 92,61	   6,8	  19,7	  25,2	  26,1	  27,1	  26,1	  21,6	 -17,2
s	   231,0111	 8	246,09	 88,51	   8,8	  20,4	  25,0	  25,7	  26,6	  25,2	  20,6	 -19,1
s	   233,7462	 8	 49,79	 91,12	   8,0	  20,5	  25,2	  25,9	  26,8	  25,4	  21,4	 -17,7
s	   241,0706	 7	 38,03	 90,89	   7,9	  20,4	  25,0	  25,7	  26,6	  25,4	  21,0	 -18,8
s	   241,1263	 8	 38,01	 92,14	   5,7	  18,9	  24,6	  25,5	  26,5	  25,2	  20,9	 -18,9
s	   241,2062	 8	 38,07	 89,12	   8,2	  20,3	  24,6	  24,9	  25,9	  25,8	  20,9	 -18,9
s	   243,3912	 8	 37,99	 90,89	   6,9	  19,9	  24,6	  25,3	  26,2	  24,8	  20,7	 -19,3
s	   243,8882	 8	 25,51	 90,61	   7,6	  20,2	  24,8	  25,6	  26,4	  25,0	  20,7	 -19,3
s	   271,2422	 7	198,08	 89,46	   7,7	  19,8	  24,3	  25,0	  25,8	  24,3	  19,0	 -23,5
s	   273,4963	 8	198,19	 89,46	   6,7	  19,2	  23,9	  24,6	  25,4	  23,8	  18,7	 -24,0
#END
