#HEADER
CATT-Acoustic v8.0b    Copyright © CATT 1988-2003

 Project                : Aula Optica 

 GEOMETRICAL INFORMATION
 Src id and loc     [m] :   A0           0,400        0,600        1,300
 Rec id and loc     [m] :   03           5,750        1,600        1,200

 03       15,8555

 VARIABLE SOURCE DATA
 Directivity
   Type (library)       :  OMNI.SD0
   Dir. Index (DI) [dB] :       0,0      0,0      0,0      0,0      0,0      0,0      0,0      0,0
 Level
   On axis 1m      [dB] :      54,1     63,1     66,8     67,7     69,4     70,6     70,6     54,2
   Total power     [dB] :      65,0     74,0     77,7     78,6     80,3     81,5     81,5     65,1
   Auxiliary delay [ms] :       0,0

 VARIABLE AIR DATA
 Temperature       [°C] :      20
 Relative humidity  [%] :      50
 Density        [kg/m³] :       1,2
 Sound speed      [m/s] :     343
 Impedance      [Ns/m³] :     412
 Diss. coeff. [0.001/m] :      0,10     0,30     0,63     1,07     2,28     6,83    24,23    83,90      (estimated)

#DATAFIELDS
 TYPE DELAY ORDER AZIMUTH ELEVATION SPL125 SPL250 SPL500 SPL1K SPL2K SPL4K SPL8K SPL16K
#DATA
d	     0,0000	 0	131,98	 89,71	  39,4	  48,4	  52,1	  53,0	  54,6	  55,7	  55,3	  37,5
s	     0,9961	 1	143,75	 89,62	  37,7	  47,2	  51,0	  51,9	  53,5	  54,5	  54,4	  36,5
*	     5,7558	 1	218,12	 63,29	  16,8	  26,3	  30,2	  31,1	  32,7	  33,6	  33,4	  15,1
*	     1,6092	 1	144,20	 79,72	  20,5	  30,0	  33,9	  34,8	  36,4	  37,4	  37,3	  19,3
s	     1,5897	 1	132,32	115,43	  37,9	  47,0	  50,7	  51,6	  53,2	  54,4	  53,9	  35,9
*	    71,6989	 1	332,18	 95,06	 -20,2	 -11,1	  -7,4	  -6,6	  -5,1	  -4,4	  -6,8	 -31,0
*	    64,8477	 1	319,61	 95,50	 -18,0	  -8,9	  -5,2	  -4,4	  -2,8	  -2,1	  -4,3	 -27,9
*	    61,1918	 1	304,70	 95,70	 -16,8	  -7,6	  -3,9	  -3,1	  -1,6	  -0,8	  -2,9	 -26,2
*	    57,7590	 1	340,99	 96,45	 -15,6	  -6,4	  -2,8	  -2,0	  -0,4	   0,3	  -1,6	 -24,6
*	    49,3712	 1	326,27	 97,50	 -12,2	  -3,1	   0,6	   1,4	   3,0	   3,8	   2,1	 -20,1
*	    44,7276	 1	306,62	 98,14	 -10,1	  -1,0	   2,7	   3,5	   5,1	   5,9	   4,3	 -17,5
*	    45,3603	 1	354,44	 98,27	 -10,7	  -1,5	   2,1	   3,0	   4,5	   5,4	   3,7	 -18,1
*	    34,8096	 1	338,57	100,87	  -5,2	   3,9	   7,6	   8,4	  10,1	  11,0	   9,6	 -11,3
*	    28,4728	 1	310,82	103,33	  -1,2	   8,0	  11,7	  12,5	  14,1	  15,1	  13,9	  -6,5
*	    35,7103	 1	 14,25	100,09	  -6,3	   2,9	   6,6	   7,4	   9,0	   9,9	   8,5	 -12,5
*	    22,5250	 1	  3,89	105,94	   2,4	  11,6	  15,2	  16,1	  17,7	  18,7	  17,6	  -2,2
*	    13,0184	 1	326,60	119,88	  12,4	  21,6	  25,3	  26,1	  27,8	  28,8	  28,0	   9,0
*	    30,4304	 1	 38,44	100,70	  -3,8	   5,4	   9,1	   9,9	  11,5	  12,4	  11,2	  -9,4
*	    15,6388	 1	 44,88	107,60	   6,8	  15,9	  19,6	  20,4	  22,1	  23,1	  22,2	   3,0
*	     3,9044	 1	 77,70	131,26	  21,1	  30,3	  34,0	  34,9	  36,5	  37,6	  37,0	  18,9
s	     2,1073	 1	131,63	 62,72	  36,1	  45,2	  48,8	  49,4	  51,0	  52,9	  52,8	  34,0
*	    77,4382	 1	303,36	 82,68	 -18,7	  -8,9	  -5,0	  -4,3	  -2,8	  -1,4	  -3,5	 -26,5
*	    79,8219	 1	315,38	 83,00	 -19,4	  -9,6	  -5,7	  -5,0	  -3,5	  -2,1	  -4,2	 -27,5
*	    84,9653	 1	326,28	 83,55	 -20,8	 -11,0	  -7,1	  -6,4	  -4,9	  -3,6	  -5,8	 -29,5
*	    61,0368	 1	303,90	 80,94	 -13,5	  -3,7	   0,2	   0,9	   2,5	   4,0	   2,3	 -19,2
*	    63,9272	 1	318,99	 81,49	 -14,5	  -4,7	  -0,8	  -0,1	   1,5	   2,9	   1,2	 -20,6
*	    70,0687	 1	331,96	 82,42	 -16,6	  -6,7	  -2,9	  -2,1	  -0,6	   0,8	  -1,0	 -23,4
*	    44,7128	 1	304,84	 77,95	  -7,0	   2,9	   6,8	   7,5	   9,1	  10,7	   9,5	 -10,6
*	    48,3856	 1	324,97	 79,09	  -8,6	   1,3	   5,1	   5,9	   7,4	   9,0	   7,7	 -12,7
*	    55,9496	 1	340,50	 80,88	 -11,7	  -1,9	   2,0	   2,7	   4,3	   5,8	   4,3	 -16,8
*	    28,5756	 1	306,90	 71,63	   1,9	  11,8	  15,6	  16,4	  18,0	  19,7	  18,9	   0,3
*	    33,6031	 1	336,38	 74,96	  -1,3	   8,5	  12,4	  13,2	  14,8	  16,4	  15,5	  -3,6
*	    43,2346	 1	353,89	 78,90	  -6,5	   3,3	   7,2	   7,9	   9,5	  11,1	   9,9	 -10,0
*	    13,1701	 1	315,04	 51,56	  15,2	  25,1	  29,0	  29,7	  31,4	  33,2	  32,8	  15,5
*	    20,8241	 1	  1,84	 68,39	   7,0	  16,8	  20,7	  21,5	  23,1	  24,9	  24,3	   6,3
*	    33,1326	 1	 14,46	 77,05	  -1,7	   8,2	  12,0	  12,8	  14,4	  16,1	  15,2	  -3,9
*	     3,5609	 1	 96,40	 35,87	  24,8	  34,7	  38,5	  39,3	  41,0	  42,8	  42,7	  26,3
*	    13,3324	 1	 47,83	 67,02	  12,1	  21,9	  25,8	  26,6	  28,2	  30,0	  29,6	  12,3
*	    27,3932	 1	 40,39	 77,03	   1,2	  11,1	  14,9	  15,7	  17,3	  19,0	  18,2	  -0,3
*	     3,4864	 1	114,62	 69,44	  22,6	  32,5	  36,4	  37,2	  38,8	  40,7	  40,5	  24,1
*	    13,2429	 1	 80,57	 74,33	  11,3	  21,2	  25,0	  25,8	  27,5	  29,3	  28,8	  11,6
*	    27,1444	 1	 63,25	 79,13	   1,1	  11,0	  14,8	  15,6	  17,2	  18,9	  18,1	  -0,4
s	     2,2952	 1	130,63	 89,86	  37,0	  46,5	  50,4	  51,2	  52,9	  53,8	  53,7	  35,7
*	    37,5331	 1	 68,14	 92,46	  -7,6	   1,9	   5,7	   6,6	   8,2	   8,9	   7,9	 -13,3
*	    19,1869	 1	 86,60	 93,08	   3,7	  13,2	  17,1	  17,9	  19,5	  20,4	  19,8	   0,3
*	     5,0004	 1	118,52	 93,40	  23,0	  32,5	  36,3	  37,2	  38,8	  39,8	  39,6	  21,3
*	    30,6524	 1	 73,81	 83,94	 -15,5	  -6,4	  -2,7	  -1,9	  -0,2	   0,7	   3,4	 -15,4
*	    30,3339	 1	 73,79	 88,16	 -15,3	  -6,2	  -2,5	  -1,7	  -0,1	   0,9	   3,6	 -15,2
*	    27,5138	 1	 76,84	 83,55	 -13,7	  -4,5	  -0,8	   0,0	   1,6	   2,6	   5,4	 -13,2
*	    27,1716	 1	 76,82	 88,01	 -13,5	  -4,3	  -0,6	   0,2	   1,8	   2,8	   5,6	 -12,9
*	    24,4533	 1	 80,21	 83,15	 -11,7	  -2,5	   1,2	   2,0	   3,6	   4,6	   7,4	 -10,8
*	    24,0837	 1	 80,20	 87,85	 -11,5	  -2,3	   1,4	   2,2	   3,9	   4,8	   7,7	 -10,5
*	    21,4850	 1	 83,97	 82,74	  -9,6	  -0,4	   3,2	   4,1	   5,7	   6,7	   9,6	  -8,4
*	    21,0837	 1	 83,96	 87,69	  -9,3	  -0,2	   3,5	   4,4	   6,0	   7,0	   9,9	  -8,0
*	    18,6260	 1	 88,14	 82,31	  -7,4	   1,8	   5,5	   6,3	   7,9	   8,9	  12,0	  -5,8
*	    18,1871	 1	 88,14	 87,51	  -7,0	   2,1	   5,8	   6,6	   8,3	   9,3	  12,3	  -5,4
*	    15,8961	 1	 92,76	 81,88	  -5,0	   4,1	   7,8	   8,7	  10,3	  11,3	  14,4	  -3,1
*	    15,4119	 1	 92,77	 87,34	  -4,6	   4,6	   8,3	   9,1	  10,7	  11,8	  14,9	  -2,6
*	    13,3189	 1	 97,82	 81,47	  -2,5	   6,7	  10,4	  11,2	  12,9	  13,9	  17,1	  -0,2
*	    12,7778	 1	 97,84	 87,17	  -1,9	   7,3	  11,0	  11,8	  13,4	  14,5	  17,7	   0,4
*	    10,9224	 1	103,31	 81,11	   0,3	   9,5	  13,2	  14,0	  15,7	  16,8	  20,0	   2,9
*	    10,3066	 1	103,33	 87,00	   1,1	  10,3	  14,0	  14,8	  16,4	  17,5	  20,7	   3,7
*	     8,7431	 1	109,16	 80,81	   3,5	  12,6	  16,3	  17,2	  18,8	  19,9	  23,2	   6,3
*	     8,0217	 1	109,19	 86,87	   4,6	  13,7	  17,4	  18,3	  19,9	  21,0	  24,3	   7,5
*	     6,8369	 1	115,27	 80,59	   7,0	  16,2	  19,9	  20,7	  22,4	  23,5	  26,8	  10,1
*	     5,9522	 1	115,32	 86,76	   8,8	  18,0	  21,7	  22,5	  24,2	  25,3	  28,6	  12,0
s	     2,3977	 2	132,44	 89,85	  36,0	  46,0	  50,0	  50,9	  52,5	  53,3	  53,6	  35,5
s	     2,4997	 2	144,12	113,98	  36,7	  46,4	  50,2	  51,1	  52,7	  53,7	  53,5	  35,5
*	     2,5223	 1	118,62	102,27	  -2,8	   6,8	  11,6	  12,7	  14,4	  15,5	  15,1	  -2,9
*	     4,5702	 1	136,16	 73,60	  15,0	  24,0	  27,8	  28,7	  30,3	  31,2	  31,8	  15,3
*	     3,4896	 1	138,52	 71,10	  14,5	  23,5	  27,3	  28,2	  29,8	  30,7	  31,3	  14,9
*	     3,0454	 1	141,73	 67,84	  13,3	  22,3	  26,1	  27,0	  28,6	  29,6	  30,2	  13,8
*	     2,9909	 1	146,33	 63,55	  12,5	  21,5	  25,3	  26,2	  27,8	  28,7	  29,4	  13,0
*	     3,2434	 1	153,34	 57,83	  12,1	  21,2	  25,0	  25,8	  27,5	  28,4	  29,0	  12,6
*	     3,8416	 1	164,84	 50,53	  12,1	  21,2	  24,9	  25,8	  27,5	  28,4	  29,0	  12,6
*	     4,9227	 1	184,48	 42,93	  11,9	  21,0	  24,8	  25,6	  27,3	  28,2	  28,8	  12,2
*	     6,6685	 1	213,70	 39,49	  10,8	  19,8	  23,6	  24,5	  26,1	  27,0	  27,6	  10,9
s	     3,2604	 2	143,32	 62,42	  36,3	  45,9	  49,8	  50,7	  52,3	  53,1	  53,1	  35,0
s	     3,6992	 2	130,92	112,64	  36,1	  45,8	  49,7	  50,5	  52,1	  53,1	  52,9	  34,8
s	     3,7944	 3	132,73	112,51	  35,1	  45,3	  49,3	  50,1	  51,7	  52,6	  52,8	  34,6
s	     4,1623	 2	130,34	 65,82	  34,9	  44,7	  48,5	  49,1	  50,8	  52,5	  52,7	  34,5
s	     4,2553	 3	132,13	 65,93	  33,9	  44,2	  48,2	  48,8	  50,4	  52,0	  52,5	  34,3
*	     5,5548	 1	122,50	101,11	   5,8	  15,4	  20,2	  21,3	  23,0	  24,1	  23,6	   5,3
*	     6,0471	 1	137,55	 74,96	   4,6	  14,1	  17,9	  18,8	  20,4	  21,4	  21,1	   2,8
s	     6,2719	 2	132,68	135,00	  34,0	  43,3	  47,0	  47,5	  49,1	  51,0	  50,7	  31,6
*	     6,3527	 1	132,05	 75,48	  -4,4	   5,1	   8,9	   9,8	  11,4	  12,3	  12,1	  -6,3
s	     6,6822	 2	131,31	 45,47	  34,4	  43,8	  47,5	  48,1	  49,8	  51,6	  51,3	  32,9
*	     6,6937	 1	219,11	126,00	   5,2	  14,7	  18,6	  19,4	  21,0	  22,0	  21,8	   3,4
s	     7,3937	 3	142,98	 47,06	  33,2	  43,1	  47,0	  47,5	  49,1	  50,9	  50,9	  32,5
s	     7,9704	 3	131,22	131,16	  33,2	  43,1	  47,0	  47,5	  49,1	  50,9	  50,9	  32,4
s	     8,0486	 4	133,05	130,98	  32,2	  42,7	  46,6	  47,2	  48,8	  50,4	  50,8	  32,3
*	     8,0737	 1	250,35	129,45	  -3,8	   5,7	   9,6	  10,4	  12,1	  13,0	  12,7	  -5,8
s	     8,3519	 3	130,06	 49,35	  33,0	  43,0	  46,8	  47,4	  49,0	  50,8	  50,8	  32,2
s	     8,4289	 4	131,85	 49,49	  32,0	  42,5	  46,5	  47,1	  48,6	  50,3	  50,6	  32,1
*	     9,0444	 1	100,02	100,35	   5,6	  15,3	  20,1	  21,2	  22,9	  23,9	  23,3	   4,7
*	    17,8079	 1	 82,56	 98,86	  -3,0	   6,6	  11,4	  12,5	  14,2	  15,2	  14,4	  -5,0
*	    27,8841	 1	 70,77	 97,38	 -10,0	  -0,3	   4,4	   5,5	   7,2	   8,1	   7,0	 -13,3
s	     9,7220	 4	157,38	 49,92	  31,1	  41,5	  46,5	  47,6	  49,2	  50,1	  49,9	  31,2
s	    11,2048	 5	153,73	 52,60	  29,9	  40,8	  46,0	  47,0	  48,6	  49,4	  49,5	  30,7
s	    12,0871	 3	133,02	146,19	  32,3	  41,9	  45,6	  46,1	  47,8	  49,7	  49,2	  30,3
s	    13,0540	 3	130,97	 34,03	  30,5	  40,0	  43,7	  43,9	  45,5	  48,2	  48,0	  28,3
s	    13,1361	 4	144,94	145,07	  32,0	  41,9	  45,9	  46,7	  48,2	  49,1	  48,7	  29,7
s	    13,4504	 4	131,51	142,51	  31,2	  41,3	  45,1	  45,6	  47,2	  49,0	  48,8	  29,8
s	    13,5140	 5	133,34	142,33	  30,2	  40,8	  44,8	  45,3	  46,9	  48,5	  48,7	  29,7
s	    14,0919	 4	142,56	 34,85	  30,2	  40,2	  44,1	  44,7	  46,3	  47,9	  47,6	  27,8
s	    14,3738	 4	129,77	 37,68	  29,9	  40,1	  43,9	  44,2	  45,8	  48,3	  48,5	  29,4
s	    19,1105	 4	133,39	153,80	  28,6	  38,3	  42,0	  42,1	  43,8	  46,4	  46,1	  25,8
s	    19,6307	 4	130,65	 27,31	  29,0	  38,9	  42,6	  42,8	  44,4	  47,1	  46,7	  27,1
s	    20,0868	 5	145,36	152,64	  28,4	  38,6	  42,5	  43,0	  44,6	  46,2	  45,7	  25,3
s	    20,2094	 5	131,82	150,56	  28,1	  38,5	  42,3	  42,6	  44,2	  46,7	  46,7	  27,1
s	    20,6024	 5	142,20	 28,15	  28,8	  39,0	  42,9	  43,4	  44,9	  46,6	  46,3	  26,7
s	    20,7139	 5	129,50	 30,54	  28,0	  38,4	  42,2	  42,5	  44,0	  46,6	  46,5	  26,9
s	    20,7649	 6	133,69	150,86	  28,0	  38,7	  42,8	  43,3	  44,8	  46,3	  46,4	  26,7
s	    20,7649	 6	131,27	 30,66	  27,0	  37,9	  41,9	  42,1	  43,7	  46,1	  46,4	  26,7
s	    26,0015	 5	133,74	158,50	  27,3	  37,4	  41,1	  41,3	  42,9	  45,5	  44,9	  24,8
s	    26,9237	 6	132,12	155,67	  26,4	  37,0	  40,8	  41,0	  42,6	  45,1	  44,8	  24,6
s	    26,9237	 6	145,75	157,40	  27,2	  37,5	  41,5	  41,9	  43,5	  45,1	  44,6	  24,4
s	    26,9673	 7	133,97	155,52	  25,4	  36,5	  40,5	  40,7	  42,2	  44,6	  44,7	  24,5
s	    27,0821	 5	130,32	 22,44	  25,6	  35,6	  39,2	  39,1	  40,7	  44,1	  43,9	  22,9
s	    27,9816	 6	129,21	 25,25	  25,2	  35,9	  39,7	  39,6	  41,2	  44,5	  44,6	  24,3
s	    28,5354	 6	141,79	 22,93	  26,4	  36,6	  40,6	  41,1	  42,6	  44,0	  43,4	  22,3
s	    28,5545	 7	130,95	 25,03	  25,1	  36,1	  40,1	  40,4	  41,8	  44,1	  44,3	  24,0
s	    33,6460	 6	134,12	162,07	  24,1	  34,3	  37,9	  37,8	  39,4	  42,7	  42,3	  20,7
s	    34,1982	 6	130,01	 19,24	  24,5	  34,9	  38,6	  38,4	  40,1	  43,4	  43,0	  22,1
s	    34,3911	 1	 49,47	 90,45	  28,2	  37,2	  41,0	  41,8	  43,4	  44,1	  42,7	  21,1
*	    34,6405	 1	 44,50	 94,18	   7,2	  16,2	  20,0	  20,8	  22,4	  23,1	  22,9	   3,7
*	    35,9040	 1	 34,01	 94,13	   6,6	  15,7	  19,4	  20,3	  21,9	  22,6	  22,4	   3,1
*	    38,3961	 1	 23,33	 93,93	   5,5	  14,6	  18,3	  19,2	  20,8	  21,5	  21,2	   1,7
*	    38,5801	 1	 23,51	 83,35	   5,5	  14,5	  18,2	  19,1	  20,7	  21,4	  21,1	   1,5
*	    42,0062	 1	 13,19	 93,62	   4,0	  13,0	  16,7	  17,6	  19,2	  19,8	  19,5	  -0,4
*	    42,1808	 1	 13,37	 83,46	   3,9	  12,9	  16,7	  17,5	  19,1	  19,7	  19,4	  -0,5
*	    46,5715	 1	  4,10	 93,24	   2,0	  11,0	  14,8	  15,7	  17,2	  17,8	  17,4	  -2,9
*	    46,7341	 1	  4,27	 83,74	   1,9	  11,0	  14,7	  15,6	  17,1	  17,8	  17,3	  -3,0
*	    51,9109	 1	356,28	 92,84	  -0,1	   8,9	  12,7	  13,5	  15,0	  15,7	  15,0	  -5,7
*	    52,0607	 1	356,43	 84,09	  -0,2	   8,8	  12,6	  13,4	  15,0	  15,6	  15,0	  -5,8
*	    57,8566	 1	349,72	 92,48	  -2,3	   6,7	  10,4	  11,3	  12,8	  13,4	  12,6	  -8,7
*	    57,9939	 1	349,86	 84,48	  -2,4	   6,6	  10,4	  11,2	  12,8	  13,3	  12,5	  -8,7
*	    64,2694	 1	344,26	 92,14	  -4,6	   4,5	   8,2	   9,1	  10,6	  11,1	  10,1	 -11,7
*	    64,3951	 1	344,38	 84,86	  -4,6	   4,4	   8,2	   9,0	  10,5	  11,0	  10,1	 -11,7
*	    71,0409	 1	339,72	 91,86	  -6,7	   2,3	   6,1	   6,9	   8,4	   8,9	   7,7	 -14,7
*	    71,1561	 1	339,84	 85,21	  -6,8	   2,3	   6,0	   6,9	   8,4	   8,8	   7,7	 -14,7
*	    78,0891	 1	335,95	 91,60	  -8,8	   0,2	   4,0	   4,8	   6,3	   6,7	   5,4	 -17,6
*	    78,1951	 1	336,05	 85,53	  -8,8	   0,2	   3,9	   4,8	   6,3	   6,7	   5,4	 -17,7
*	    85,3530	 1	332,78	 91,39	 -10,8	  -1,8	   2,0	   2,8	   4,3	   4,7	   3,2	 -20,5
*	    85,4510	 1	332,87	 85,81	 -10,8	  -1,8	   2,0	   2,8	   4,3	   4,6	   3,1	 -20,6
s	    34,4282	 7	132,44	159,61	  23,7	  34,6	  38,4	  38,3	  39,9	  43,2	  43,0	  22,2
s	    34,7963	 3	128,67	 90,47	  26,2	  36,7	  40,8	  41,6	  43,1	  43,7	  43,4	  22,5
s	    34,9151	 2	 49,37	 99,03	  28,4	  37,6	  41,3	  42,2	  43,7	  44,5	  43,3	  22,3
s	    34,9719	 7	128,95	 21,71	  23,6	  34,5	  38,3	  38,2	  39,8	  43,1	  42,9	  22,0
s	    35,0086	 8	134,32	159,72	  23,7	  34,9	  38,9	  39,1	  40,5	  42,8	  42,8	  21,9
s	    35,0086	 8	130,70	 21,80	  22,7	  34,1	  38,0	  37,9	  39,4	  42,6	  42,8	  21,9
s	    35,0719	 7	141,47	 19,95	  24,4	  35,1	  39,0	  39,1	  40,7	  43,0	  42,7	  21,7
s	    35,0719	 7	146,20	161,27	  24,9	  35,3	  39,3	  39,8	  41,3	  42,7	  41,9	  20,2
s	    35,1618	 2	 51,96	 90,48	  27,8	  37,4	  41,3	  42,1	  43,6	  44,3	  43,4	  22,5
s	    35,3162	 4	128,77	 98,98	  25,8	  36,5	  40,6	  41,5	  42,9	  43,5	  43,2	  22,2
s	    35,5940	 4	128,56	 80,70	  25,8	  36,4	  40,6	  41,4	  42,8	  43,3	  43,1	  22,2
s	    35,6780	 3	 51,87	 98,93	  27,5	  37,2	  41,1	  41,9	  43,5	  44,1	  43,2	  22,2
s	    36,7082	 3	 49,26	107,86	  26,3	  35,6	  39,3	  39,8	  41,4	  42,9	  42,0	  20,2
*	    37,0081	 1	 66,80	 91,32	  -2,4	   6,6	  10,4	  11,3	  12,8	  13,5	  13,3	  -6,1
*	    37,1479	 1	 66,77	 94,68	  -2,5	   6,6	  10,3	  11,2	  12,7	  13,4	  13,2	  -6,2
s	    37,1085	 4	128,36	 90,49	  24,8	  35,8	  40,1	  40,9	  42,4	  42,8	  42,8	  21,7
s	    37,2685	 5	128,48	 73,25	  24,0	  35,0	  39,1	  39,7	  41,1	  42,5	  42,5	  21,3
s	    37,4455	 4	 51,76	107,65	  26,0	  36,0	  39,9	  40,4	  41,9	  43,4	  42,8	  21,6
*	    39,3185	 1	 31,04	 86,42	   5,4	  14,6	  18,3	  19,1	  20,7	  21,6	  20,1	  -1,2
*	    37,4662	 1	 44,86	 86,73	   6,2	  15,3	  19,0	  19,8	  21,4	  22,3	  20,9	  -0,3
*	    37,9888	 1	 57,27	 87,16	   5,9	  15,0	  18,7	  19,5	  21,1	  22,0	  20,5	  -0,7
s	    37,6060	 5	128,45	 98,64	  24,5	  35,7	  39,9	  40,8	  42,2	  42,7	  42,6	  21,5
s	    37,7249	 2	 48,31	 90,46	  27,4	  36,9	  40,8	  41,7	  43,2	  43,8	  42,9	  21,8
s	    37,8719	 5	128,25	 81,13	  24,5	  35,5	  39,9	  40,7	  42,1	  42,4	  42,6	  21,4
s	    37,8972	 3	 48,91	 90,47	  26,4	  36,4	  40,5	  41,4	  42,8	  43,3	  42,8	  21,6
s	    37,9456	 2	 48,56	 81,74	  26,3	  35,6	  39,2	  39,7	  41,3	  43,0	  41,9	  19,9
s	    38,2166	 3	 48,22	 98,51	  27,1	  36,8	  40,7	  41,5	  43,0	  43,7	  42,7	  21,5
s	    38,3874	 4	 48,81	 98,49	  26,1	  36,3	  40,4	  41,2	  42,6	  43,2	  42,6	  21,4
s	    38,6661	 3	 50,93	 81,89	  26,0	  35,9	  39,8	  40,3	  41,8	  43,4	  42,6	  21,4
*	    38,9988	 1	 66,51	 84,81	 -20,2	 -11,1	  -7,4	  -6,5	  -5,0	  -4,3	  -4,6	 -24,1
*	    38,7521	 1	 66,49	 88,06	 -20,0	 -11,0	  -7,3	  -6,4	  -4,8	  -4,1	  -4,4	 -24,0
s	    39,1317	 3	 48,64	 75,85	  24,4	  34,5	  39,3	  40,1	  41,7	  43,4	  42,3	  21,0
s	    39,4775	 6	128,17	 73,98	  22,9	  34,4	  38,7	  39,2	  40,6	  41,9	  42,1	  20,8
s	    39,8369	 4	 51,00	 76,07	  23,6	  34,2	  39,1	  39,9	  41,5	  43,1	  42,3	  20,9
s	    39,9036	 4	 49,79	 65,09	  24,5	  34,1	  37,8	  38,0	  39,6	  41,9	  41,3	  19,1
s	    39,9036	 4	 48,11	106,84	  25,6	  35,6	  39,5	  40,0	  41,5	  42,9	  42,3	  20,9
s	    40,0207	 6	128,98	115,78	  24,4	  35,3	  39,5	  40,3	  41,7	  42,2	  41,8	  20,4
s	    40,0692	 5	 48,71	106,80	  24,6	  35,1	  39,1	  39,7	  41,1	  42,5	  42,1	  20,8
s	    40,5225	 6	128,37	 64,76	  22,8	  33,8	  38,0	  38,5	  39,9	  41,2	  40,9	  18,7
s	    40,5992	 5	 52,26	 65,46	  24,2	  34,5	  38,4	  38,6	  40,2	  42,4	  42,0	  20,6
s	    40,8720	 7	134,48	164,52	  23,2	  33,7	  37,4	  37,3	  38,9	  42,2	  41,5	  20,1
s	    41,2573	 3	 47,52	 82,25	  25,6	  35,5	  39,3	  39,9	  41,4	  43,0	  42,1	  20,7
s	    41,3316	 4	 48,18	112,47	  23,9	  34,2	  38,9	  39,6	  41,3	  43,0	  41,8	  20,3
s	    41,4190	 4	 48,08	 82,28	  24,6	  35,1	  39,0	  39,5	  41,0	  42,5	  42,0	  20,5
s	    41,5559	 8	132,74	162,34	  22,4	  33,4	  37,2	  37,1	  38,6	  41,9	  41,5	  20,0
s	    41,9916	 7	129,69	 16,68	  21,5	  32,0	  35,6	  35,1	  36,7	  40,8	  40,5	  18,2
s	    42,0100	 5	 50,57	112,23	  23,0	  33,8	  38,7	  39,5	  41,1	  42,7	  41,8	  20,2
s	    42,1249	 7	128,65	114,82	  23,3	  34,8	  39,1	  39,9	  41,2	  41,6	  41,5	  20,0
s	    42,2725	 8	146,60	163,74	  24,1	  34,7	  38,7	  39,1	  40,5	  41,9	  41,2	  19,6
s	    42,3760	 4	 47,59	 76,69	  23,2	  33,8	  38,7	  39,5	  41,1	  42,7	  41,8	  20,2
s	    42,5346	 5	 48,15	 76,74	  22,2	  33,3	  38,4	  39,2	  40,7	  42,2	  41,7	  20,1
s	    42,6056	 5	 49,86	 60,04	  22,4	  32,9	  37,7	  38,2	  39,8	  42,1	  41,4	  19,8
s	    42,6087	 7	128,06	 65,75	  22,2	  33,8	  38,1	  38,6	  40,0	  41,1	  41,4	  19,8
s	    42,6623	 8	128,67	 18,86	  21,2	  32,3	  36,1	  35,7	  37,3	  41,3	  41,3	  19,7
s	    42,9256	 5	 48,62	 66,49	  23,9	  34,1	  38,0	  38,3	  39,8	  42,0	  41,6	  20,0
s	    43,0827	 6	 49,21	 66,56	  22,9	  33,7	  37,7	  38,0	  39,4	  41,5	  41,5	  19,8
s	    43,2694	 6	 52,33	 60,45	  21,6	  32,5	  37,5	  38,0	  39,6	  41,8	  41,4	  19,8
s	    43,3226	 2	196,13	 89,43	  25,8	  35,3	  39,2	  40,1	  41,6	  42,1	  40,8	  18,4
s	    43,3885	 8	141,06	 17,15	  22,4	  33,1	  37,0	  37,2	  38,7	  40,8	  40,2	  17,7
s	    43,7682	 3	196,26	 96,73	  25,5	  35,2	  39,1	  39,9	  41,4	  42,0	  40,6	  18,2
s	    43,9231	 7	129,08	122,88	  22,1	  33,3	  37,4	  37,9	  39,3	  40,6	  40,2	  17,7
s	    44,2345	 7	128,27	 58,26	  22,5	  33,7	  37,9	  38,4	  39,8	  41,1	  40,9	  19,2
s	    44,4577	 5	 47,15	111,28	  22,7	  33,5	  38,4	  39,1	  40,7	  42,3	  41,3	  19,6
s	    44,6108	 6	 47,72	111,23	  21,7	  33,0	  38,0	  38,8	  40,3	  41,8	  41,2	  19,4
s	    45,8945	 8	128,75	121,75	  21,5	  33,3	  37,6	  38,1	  39,4	  40,6	  40,7	  18,8
s	    46,1960	 8	127,97	 59,41	  21,5	  33,2	  37,5	  38,0	  39,4	  40,5	  40,7	  18,8
s	    46,4693	 6	 48,97	127,05	  21,6	  32,3	  37,1	  37,6	  39,1	  41,5	  40,6	  18,7
s	    46,7012	 3	196,97	 89,43	  25,1	  35,1	  39,2	  40,0	  41,5	  41,9	  41,1	  19,2
s	    46,8211	 3	196,74	 81,96	  24,5	  34,5	  38,3	  38,8	  40,4	  41,9	  40,9	  18,9
s	    46,8489	 4	196,46	 89,44	  24,1	  34,6	  38,8	  39,7	  41,1	  41,4	  41,0	  19,0
s	    46,8752	 3	194,81	 89,47	  25,6	  35,4	  39,2	  40,0	  41,5	  42,3	  40,1	  17,4
s	    47,0923	 7	 51,49	126,67	  20,8	  31,9	  36,9	  37,4	  38,9	  41,2	  40,6	  18,6
s	    47,1229	 4	197,09	 96,34	  24,8	  35,0	  39,1	  39,9	  41,3	  41,8	  41,0	  19,0
s	    47,2696	 5	196,58	 96,33	  23,8	  34,5	  38,7	  39,5	  40,9	  41,3	  40,8	  18,8
s	    47,2958	 4	194,93	 96,36	  24,8	  35,1	  39,1	  39,8	  41,3	  42,0	  40,9	  18,9
s	    47,4407	 4	194,68	 82,07	  24,2	  34,4	  38,2	  38,7	  40,2	  41,8	  39,9	  17,1
s	    48,0696	 5	195,73	 67,50	  22,4	  32,5	  36,3	  36,5	  38,0	  40,2	  39,7	  16,8
s	    48,1392	 4	197,12	103,66	  23,6	  33,6	  37,3	  37,8	  39,3	  40,9	  39,8	  16,9
s	    48,2670	 8	129,18	128,62	  21,7	  33,1	  37,3	  37,7	  39,1	  40,4	  40,1	  18,0
s	    48,4519	 5	194,59	 77,02	  21,4	  32,5	  37,5	  38,3	  39,8	  41,3	  40,6	  18,5
s	    48,6567	 6	 47,03	119,64	  22,8	  33,4	  37,2	  37,4	  38,9	  41,3	  40,5	  18,3
s	    48,7429	 8	134,87	166,54	  20,3	  31,0	  34,6	  34,1	  35,7	  39,8	  39,2	  16,3
s	    48,7461	 5	195,06	103,56	  23,8	  34,1	  37,9	  38,4	  39,9	  41,5	  39,5	  16,6
s	    48,7999	 7	 47,60	119,58	  21,8	  32,9	  36,9	  37,1	  38,5	  40,8	  40,3	  18,2
s	    49,3077	 8	129,39	 14,86	  20,7	  31,6	  35,2	  34,8	  36,4	  40,5	  39,9	  17,7
s	    49,3533	 8	128,16	 51,77	  21,1	  32,3	  36,6	  37,1	  38,4	  39,5	  39,1	  16,2
s	    49,9407	 5	197,22	108,98	  22,7	  33,3	  38,3	  39,3	  40,8	  41,4	  40,1	  17,9
s	    50,0860	 7	 51,28	 55,57	  19,4	  30,7	  35,7	  35,8	  37,4	  40,5	  40,1	  17,9
s	    50,2616	 7	 47,81	126,63	  22,4	  33,0	  36,9	  37,1	  38,6	  40,8	  40,1	  17,8
s	    50,4013	 8	 48,41	126,55	  21,4	  32,5	  36,6	  36,8	  38,2	  40,3	  40,0	  17,7
s	    50,5312	 6	195,15	108,84	  21,9	  33,0	  38,1	  39,1	  40,6	  41,1	  40,2	  17,9
s	    50,9454	 6	 48,97	 53,47	  22,5	  32,5	  36,2	  36,3	  37,8	  40,1	  39,1	  16,0
s	    51,0270	 6	196,65	117,48	  21,8	  32,1	  35,9	  36,0	  37,5	  39,7	  39,1	  15,9
s	    51,1509	 5	197,43	 77,49	  21,0	  32,1	  37,2	  37,9	  39,5	  40,9	  40,2	  17,8
s	    51,2095	 6	196,60	 68,57	  21,7	  32,5	  36,6	  36,8	  38,3	  40,3	  40,1	  17,7
s	    51,2888	 6	196,93	 77,53	  20,0	  31,7	  36,8	  37,6	  39,1	  40,4	  40,0	  17,7
s	    51,3472	 7	196,08	 68,63	  20,8	  32,1	  36,2	  36,5	  37,9	  39,8	  39,9	  17,5
s	    51,3718	 6	194,43	 68,66	  22,2	  32,8	  36,6	  36,8	  38,3	  40,7	  39,0	  15,9
s	    51,4333	 5	197,87	102,95	  23,0	  33,6	  37,6	  38,0	  39,5	  41,0	  40,1	  17,7
s	    51,5694	 6	197,40	 75,95	  21,7	  32,5	  36,5	  36,8	  38,2	  40,3	  40,0	  17,6
s	    51,5706	 6	197,38	102,93	  22,0	  33,1	  37,2	  37,7	  39,1	  40,5	  40,0	  17,6
s	    51,6157	 7	 48,86	132,65	  19,2	  29,9	  34,7	  34,8	  36,4	  39,5	  38,8	  15,7
s	    51,7064	 7	196,90	 75,98	  20,7	  32,0	  36,2	  36,4	  37,8	  39,8	  39,9	  17,4
s	    52,1916	 8	 51,39	132,24	  18,9	  30,3	  35,3	  35,4	  37,0	  40,0	  39,7	  17,2
s	    53,1490	 6	197,96	108,04	  21,6	  32,6	  37,8	  38,8	  40,2	  40,8	  39,7	  17,2
s	    53,2828	 7	197,47	108,01	  20,6	  32,2	  37,4	  38,4	  39,9	  40,3	  39,6	  17,0
s	    53,3026	 7	 47,90	 55,52	  21,0	  31,8	  35,6	  35,5	  37,1	  40,2	  39,6	  17,0
s	    53,6292	 7	194,34	 64,27	  19,2	  30,8	  35,8	  36,3	  37,8	  40,0	  39,5	  17,0
s	    53,8705	 7	196,75	121,64	  19,7	  30,8	  35,8	  36,2	  37,8	  40,0	  39,3	  16,7
s	    54,0342	 7	197,47	116,18	  21,2	  32,1	  36,2	  36,4	  37,8	  39,9	  39,5	  16,9
s	    54,1338	 8	 47,73	130,81	  18,6	  30,1	  35,0	  35,2	  36,7	  39,7	  39,4	  16,7
s	    54,1664	 8	196,95	116,13	  20,2	  31,7	  35,8	  36,0	  37,4	  39,4	  39,3	  16,7
s	    54,3031	 6	198,33	 82,28	  22,4	  33,1	  37,1	  37,6	  39,0	  40,3	  39,5	  16,9
s	    54,4347	 7	197,87	 82,30	  21,4	  32,6	  36,8	  37,3	  38,6	  39,8	  39,4	  16,8
s	    54,9953	 8	 45,88	 64,96	  16,8	  29,0	  35,2	  35,9	  37,4	  39,5	  39,2	  16,5
s	    56,9099	 8	195,39	120,18	  18,6	  30,4	  35,4	  35,8	  37,3	  39,6	  38,9	  16,0
s	    57,7357	 8	 50,17	 43,85	  17,2	  28,2	  33,0	  32,8	  34,4	  38,2	  37,8	  14,1
s	    57,8109	 8	194,20	 58,12	  19,0	  30,3	  35,3	  35,7	  37,2	  39,4	  37,7	  14,0
s	    57,9641	 7	196,24	 56,98	  19,7	  30,4	  34,1	  33,9	  35,4	  38,6	  37,8	  14,1
s	    58,3081	 8	 48,00	 50,37	  21,2	  32,0	  35,9	  36,0	  37,5	  39,7	  38,7	  15,7
s	    58,6827	 7	177,15	102,01	  19,6	  31,0	  36,1	  36,8	  38,3	  39,6	  38,8	  15,7
s	    60,8565	 8	197,58	125,64	  17,1	  28,5	  33,3	  33,4	  34,9	  38,0	  37,3	  13,3
s	    61,1421	 8	197,03	 57,97	  20,1	  31,2	  35,3	  35,4	  36,9	  38,9	  38,3	  15,0
s	    76,9018	 1	299,61	 88,93	  22,8	  32,3	  36,1	  37,0	  38,4	  38,9	  36,9	  12,2
*	    88,6482	 1	331,63	 86,33	  -3,6	   5,8	   9,6	  10,5	  11,9	  12,3	  10,0	 -15,7
*	    80,0048	 1	316,65	 85,74	  -1,3	   8,2	  12,0	  12,8	  14,3	  14,7	  12,6	 -12,3
*	    77,0266	 1	299,25	 85,42	  -0,5	   9,0	  12,8	  13,6	  15,1	  15,6	  13,5	 -11,1
s	    77,1867	 2	299,57	 93,59	  22,3	  32,0	  35,8	  36,6	  38,1	  38,6	  36,5	  11,8
s	    77,2852	 2	299,66	 83,90	  20,8	  30,4	  34,1	  34,6	  36,1	  37,4	  35,7	  10,2
s	    78,1772	 3	299,53	 98,55	  20,5	  30,3	  34,0	  34,5	  36,0	  37,3	  35,4	   9,9
s	    78,2746	 3	299,70	 79,31	  21,0	  30,9	  34,7	  35,3	  36,7	  38,0	  36,2	  11,4
s	    79,2308	 2	299,66	 88,93	  21,6	  31,6	  35,6	  36,4	  37,9	  38,2	  36,4	  11,6
s	    79,5088	 3	299,61	 93,48	  21,4	  31,6	  35,5	  36,3	  37,7	  38,1	  36,3	  11,4
s	    79,6048	 3	299,70	 84,03	  20,4	  30,6	  34,6	  35,1	  36,6	  37,7	  36,3	  11,4
s	    79,7128	 4	299,48	103,04	  20,6	  30,8	  34,6	  35,0	  36,5	  37,8	  35,9	  11,0
s	    80,0000	 4	299,74	 74,50	  19,1	  29,1	  32,9	  33,0	  34,5	  36,6	  35,1	   9,4
s	    80,4754	 4	299,57	 98,33	  20,1	  30,5	  34,5	  35,0	  36,4	  37,6	  36,1	  11,1
s	    80,5704	 4	299,74	 79,54	  20,1	  30,5	  34,4	  35,0	  36,4	  37,6	  36,1	  11,1
s	    81,9750	 5	299,53	102,71	  19,7	  30,3	  34,3	  34,7	  36,2	  37,4	  35,8	  10,7
s	    81,9972	 5	299,44	107,68	  18,7	  28,9	  32,7	  32,8	  34,3	  36,4	  34,7	   8,9
s	    82,1843	 5	299,78	 70,21	  19,2	  29,6	  33,4	  33,6	  35,0	  37,1	  35,5	  10,4
s	    82,2555	 5	299,78	 74,84	  18,7	  29,4	  33,3	  33,6	  35,0	  37,0	  35,7	  10,6
s	    84,2077	 6	299,49	107,25	  18,3	  29,2	  33,1	  33,3	  34,7	  36,7	  35,4	  10,1
s	    84,3906	 6	299,82	 70,64	  18,2	  29,2	  33,1	  33,3	  34,7	  36,7	  35,4	  10,0
s	    84,6658	 6	299,40	111,77	  18,7	  29,3	  33,1	  33,2	  34,7	  36,9	  35,1	   9,7
s	    85,1205	 6	299,83	 65,83	  17,2	  27,7	  31,4	  31,3	  32,7	  35,6	  34,2	   8,1
s	    86,8189	 7	299,45	111,27	  17,8	  28,9	  32,8	  33,0	  34,4	  36,4	  35,0	   9,4
s	    87,2641	 7	299,87	 66,34	  16,7	  27,9	  31,9	  31,8	  33,2	  36,0	  34,9	   9,3
s	    88,0816	 7	299,35	115,92	  16,7	  27,4	  31,1	  30,9	  32,4	  35,3	  33,8	   7,4
s	    88,3457	 7	299,87	 62,00	  17,2	  28,0	  31,8	  31,7	  33,1	  36,0	  34,5	   8,9
s	    88,4385	 2	328,67	 89,30	  20,8	  30,4	  34,3	  35,1	  36,5	  36,8	  34,3	   7,8
s	    88,6920	 3	328,61	 93,46	  21,1	  30,8	  34,7	  35,5	  36,9	  37,2	  34,9	   9,2
s	    88,7796	 3	328,74	 84,83	  19,6	  29,2	  33,0	  33,5	  34,9	  36,0	  34,1	   7,7
s	    89,5744	 4	328,54	 97,88	  19,3	  29,1	  32,9	  33,4	  34,8	  35,9	  33,9	   7,4
s	    89,6613	 4	328,80	 80,73	  19,8	  29,8	  33,6	  34,2	  35,6	  36,7	  34,7	   8,9
s	    90,0849	 3	330,35	 89,33	  20,5	  30,5	  34,5	  35,4	  36,7	  36,9	  35,0	   9,2
s	    90,1653	 8	299,40	115,36	  16,3	  27,7	  31,6	  31,4	  32,9	  35,7	  34,4	   8,6
s	    90,2688	 3	 39,85	 90,50	  21,0	  30,7	  34,6	  35,4	  36,8	  37,1	  34,7	   8,9
s	    90,3345	 4	330,29	 93,42	  20,2	  30,5	  34,5	  35,3	  36,6	  36,8	  34,9	   9,0
s	    90,4208	 4	330,42	 84,93	  19,2	  29,5	  33,5	  34,1	  35,5	  36,4	  34,9	   9,0
s	    90,4242	 8	299,91	 62,57	  16,3	  27,6	  31,6	  31,4	  32,8	  35,6	  34,4	   8,6
s	    90,5152	 3	328,10	 89,30	  20,4	  30,5	  34,5	  35,3	  36,7	  36,9	  35,0	   9,1
s	    90,5179	 4	 39,79	 94,58	  20,7	  30,6	  34,5	  35,2	  36,7	  37,0	  34,6	   8,7
s	    90,6359	 4	 41,09	 90,52	  20,7	  30,6	  34,5	  35,2	  36,7	  37,0	  33,8	   7,2
s	    90,7638	 4	328,03	 93,37	  20,2	  30,4	  34,4	  35,2	  36,6	  36,8	  34,8	   8,9
s	    90,7781	 4	328,38	 89,30	  19,5	  30,0	  34,2	  35,0	  36,3	  36,4	  34,8	   8,9
s	    90,8497	 4	328,16	 84,92	  19,2	  29,5	  33,5	  34,1	  35,4	  36,4	  34,8	   8,9
s	    90,8841	 5	 41,03	 94,59	  20,0	  30,4	  34,4	  35,1	  36,5	  36,7	  34,7	   8,8
s	    90,9463	 5	328,47	101,91	  19,5	  29,6	  33,5	  34,0	  35,4	  36,5	  34,4	   8,5
s	    91,0260	 5	328,31	 93,37	  19,2	  29,9	  34,1	  34,9	  36,2	  36,3	  34,7	   8,8
s	    91,1117	 5	328,44	 84,93	  18,2	  29,0	  33,2	  33,7	  35,0	  35,9	  34,7	   8,7
s	    91,2034	 5	328,87	 76,42	  17,9	  28,0	  31,8	  32,0	  33,4	  35,3	  33,6	   6,9
s	    91,2034	 5	330,22	 97,78	  18,9	  29,4	  33,4	  33,9	  35,3	  36,3	  34,7	   8,7
s	    91,2889	 5	330,48	 80,89	  18,9	  29,4	  33,4	  33,9	  35,3	  36,3	  34,6	   8,7
s	    91,6292	 5	327,97	 97,71	  18,9	  29,4	  33,4	  33,9	  35,3	  36,3	  34,6	   8,6
s	    91,7109	 8	299,31	119,53	  16,7	  27,7	  31,5	  31,3	  32,8	  35,7	  34,0	   8,1
s	    91,7144	 5	328,23	 80,89	  18,9	  29,4	  33,4	  33,9	  35,3	  36,2	  34,6	   8,6
s	    91,8893	 6	328,25	 97,70	  17,9	  28,9	  33,1	  33,6	  34,9	  35,8	  34,5	   8,5
s	    91,9743	 6	328,51	 80,92	  17,9	  28,9	  33,1	  33,6	  34,9	  35,8	  34,5	   8,5
s	    92,3055	 8	299,92	 58,15	  15,1	  26,1	  29,8	  29,3	  30,8	  34,4	  33,2	   6,4
s	    92,3547	 6	 39,69	101,93	  17,1	  28,0	  32,9	  33,6	  35,1	  36,2	  34,2	   8,1
s	    92,5547	 6	330,16	101,74	  18,6	  29,3	  33,3	  33,7	  35,1	  36,1	  34,4	   8,3
s	    92,7147	 7	 40,93	101,91	  16,4	  27,7	  32,8	  33,5	  34,9	  36,0	  34,3	   8,2
s	    92,8079	 6	330,55	 76,64	  17,5	  28,3	  32,3	  32,6	  33,9	  35,7	  34,4	   8,3
s	    92,9752	 6	327,90	101,66	  18,6	  29,2	  33,3	  33,7	  35,1	  36,1	  34,3	   8,3
s	    92,9951	 6	328,41	106,10	  17,5	  27,8	  31,6	  31,7	  33,2	  35,1	  33,3	   6,5
s	    93,0232	 3	269,78	 88,82	  19,5	  29,5	  33,6	  34,4	  35,8	  35,9	  33,6	   6,8
s	    93,1634	 6	328,94	 72,54	  18,0	  28,5	  32,3	  32,5	  33,9	  35,8	  34,1	   8,0
s	    93,2275	 6	328,29	 76,65	  17,5	  28,3	  32,3	  32,5	  33,9	  35,7	  34,3	   8,2
s	    93,2321	 7	328,18	101,64	  17,6	  28,8	  32,9	  33,4	  34,7	  35,6	  34,2	   8,1
s	    93,2660	 4	269,78	 92,80	  19,3	  29,5	  33,5	  34,3	  35,6	  35,8	  33,5	   6,6
s	    93,3500	 4	269,78	 84,53	  18,2	  28,5	  32,6	  33,1	  34,5	  35,4	  33,5	   6,6
s	    93,4838	 7	328,57	 76,69	  16,5	  27,8	  32,0	  32,2	  33,5	  35,2	  34,2	   8,0
s	    93,5921	 4	 39,67	 86,23	  19,5	  29,6	  33,4	  33,8	  35,3	  36,5	  34,2	   8,1
s	    93,7273	 4	 39,58	 90,50	  20,0	  30,2	  34,2	  35,0	  36,4	  36,5	  34,5	   8,3
s	    93,8117	 5	 39,88	 90,51	  19,0	  29,7	  33,9	  34,7	  36,0	  36,1	  34,3	   8,2
s	    93,9481	 5	 40,88	 86,26	  19,2	  29,5	  33,3	  33,7	  35,2	  36,5	  33,3	   6,4
s	    93,9686	 5	 39,52	 94,46	  19,7	  30,1	  34,1	  34,9	  36,2	  36,5	  34,3	   8,2
s	    94,0447	 6	 48,62	 90,62	  19,3	  29,7	  33,8	  34,6	  35,9	  35,9	  33,2	   6,3
s	    94,0528	 6	 39,82	 94,46	  18,8	  29,7	  33,8	  34,6	  35,9	  36,0	  34,2	   8,0
s	    94,1117	 5	269,78	 97,04	  17,9	  28,3	  32,2	  32,7	  34,0	  35,0	  33,3	   6,3
s	    94,1800	 5	 39,71	 83,27	  17,2	  28,0	  32,9	  33,6	  35,1	  36,3	  34,1	   7,9
s	    94,1950	 5	269,78	 80,60	  18,4	  28,9	  33,0	  33,5	  34,8	  35,8	  34,1	   7,9
s	    94,5341	 6	 40,92	 83,31	  16,4	  27,7	  32,8	  33,4	  34,9	  36,1	  34,2	   7,9
s	    94,5737	 7	330,09	105,88	  17,2	  28,1	  32,2	  32,3	  33,7	  35,5	  34,0	   7,8
s	    94,7395	 7	330,62	 72,81	  17,2	  28,1	  32,1	  32,3	  33,7	  35,5	  34,0	   7,8
s	    94,7500	 7	 39,61	107,02	  17,2	  27,6	  31,4	  31,5	  32,9	  34,9	  33,0	   6,0
s	    94,8959	 4	268,24	 88,82	  19,1	  29,7	  33,8	  34,7	  36,0	  36,0	  34,3	   8,1
s	    94,9865	 7	327,84	105,78	  17,1	  28,1	  32,1	  32,3	  33,7	  35,5	  34,0	   7,7
s	    95,0141	 4	270,41	 88,82	  19,1	  29,7	  33,8	  34,7	  36,0	  36,0	  34,3	   8,1
s	    95,1346	 5	268,24	 92,73	  18,9	  29,6	  33,8	  34,6	  35,9	  35,9	  34,2	   7,9
s	    95,1517	 7	328,36	 72,84	  17,1	  28,1	  32,1	  32,3	  33,6	  35,4	  34,0	   7,7
s	    95,2388	 8	328,12	105,75	  16,2	  27,6	  31,8	  32,0	  33,3	  35,0	  33,9	   7,6
s	    95,2525	 5	270,41	 92,73	  18,9	  29,6	  33,8	  34,5	  35,9	  35,9	  34,2	   7,9
s	    95,3151	 5	270,16	 88,82	  18,1	  29,2	  33,5	  34,3	  35,6	  35,5	  34,2	   7,9
s	    95,3350	 5	270,41	 84,61	  17,8	  28,7	  32,8	  33,4	  34,7	  35,5	  34,2	   7,9
s	    95,4003	 7	328,34	109,84	  17,6	  28,2	  32,1	  32,3	  33,7	  35,6	  33,7	   7,4
s	    95,4036	 8	328,63	 72,88	  16,1	  27,6	  31,8	  32,0	  33,3	  35,0	  33,8	   7,5
s	    95,4277	 6	269,78	100,90	  18,1	  28,8	  32,8	  33,3	  34,6	  35,6	  33,8	   7,5
s	    95,5530	 6	270,16	 92,72	  17,9	  29,1	  33,4	  34,2	  35,5	  35,4	  34,0	   7,7
s	    95,5765	 7	 39,41	 98,92	  18,6	  29,0	  33,0	  33,4	  34,8	  35,8	  33,7	   7,4
s	    95,6352	 6	270,16	 84,63	  16,9	  28,2	  32,5	  33,0	  34,3	  35,0	  34,0	   7,7
s	    95,6745	 6	269,78	 76,45	  16,6	  27,2	  31,1	  31,3	  32,7	  34,4	  33,0	   5,9
s	    95,7486	 7	 39,42	101,58	  16,1	  27,5	  32,6	  33,3	  34,7	  35,7	  33,9	   7,6
s	    95,8113	 7	329,01	 68,53	  16,1	  26,6	  30,4	  30,3	  31,7	  34,4	  32,9	   5,8
s	    95,8314	 8	 39,72	101,57	  15,1	  27,0	  32,3	  32,9	  34,3	  35,2	  33,8	   7,5
s	    95,9116	 6	 39,79	 78,17	  17,3	  27,7	  31,4	  31,5	  33,0	  35,0	  33,0	   5,9
s	    95,9261	 8	 40,61	 98,91	  18,4	  29,0	  32,9	  33,3	  34,7	  35,7	  32,8	   5,6
s	    95,9662	 6	268,25	 96,91	  17,6	  28,6	  32,7	  33,2	  34,6	  35,4	  34,0	   7,6
s	    96,0481	 6	268,24	 80,74	  17,6	  28,6	  32,7	  33,2	  34,6	  35,4	  34,0	   7,6
s	    96,0833	 6	270,41	 96,90	  17,6	  28,6	  32,7	  33,2	  34,5	  35,4	  34,0	   7,6
s	    96,1651	 6	270,41	 80,75	  17,6	  28,6	  32,7	  33,2	  34,5	  35,4	  34,0	   7,6
s	    96,2602	 7	 40,99	 78,22	  17,6	  28,3	  32,1	  32,2	  33,6	  35,7	  32,8	   5,7
s	    96,3815	 7	270,16	 96,88	  16,6	  28,1	  32,4	  32,9	  34,2	  34,9	  33,8	   7,4
s	    96,4631	 7	270,16	 80,77	  16,6	  28,1	  32,4	  32,9	  34,2	  34,9	  33,8	   7,4
s	    96,9452	 8	330,02	109,57	  16,8	  27,9	  31,9	  32,1	  33,4	  35,2	  33,7	   7,2
s	    97,0426	 5	 39,42	 86,36	  18,5	  29,1	  33,0	  33,5	  34,9	  36,0	  34,0	   7,5
s	    97,1245	 6	 39,71	 86,37	  17,5	  28,6	  32,7	  33,2	  34,5	  35,5	  33,9	   7,4
s	    97,2606	 7	268,25	100,71	  17,3	  28,4	  32,6	  33,1	  34,4	  35,3	  33,7	   7,3
s	    97,2838	 7	 39,83	 75,34	  15,5	  26,7	  31,6	  32,0	  33,5	  35,5	  33,5	   7,0
s	    97,3494	 8	327,78	109,46	  16,7	  27,9	  31,9	  32,0	  33,4	  35,2	  33,6	   7,1
s	    97,3506	 8	330,69	 68,85	  15,7	  26,9	  31,0	  30,9	  32,2	  34,8	  33,6	   7,1
s	    97,3763	 7	270,41	100,70	  17,2	  28,4	  32,6	  33,0	  34,4	  35,2	  33,7	   7,2
s	    97,3955	 7	269,78	104,94	  16,2	  27,0	  31,0	  31,1	  32,4	  34,2	  32,7	   5,5
s	    97,5033	 7	268,23	 76,66	  16,2	  27,5	  31,7	  31,9	  33,2	  34,8	  33,7	   7,2
s	    97,5226	 8	 40,14	 70,05	  15,7	  26,4	  30,3	  30,1	  31,5	  34,2	  32,6	   5,3
s	    97,5572	 7	269,78	 72,71	  16,7	  27,7	  31,7	  31,9	  33,2	  35,0	  33,5	   7,0
s	    97,6126	 6	 39,46	 83,49	  16,2	  27,5	  32,5	  33,2	  34,7	  35,8	  33,8	   7,3
s	    97,6188	 7	270,41	 76,67	  16,2	  27,5	  31,6	  31,9	  33,2	  34,8	  33,7	   7,2
s	    97,6282	 8	 41,03	 75,41	  14,7	  26,5	  31,5	  31,9	  33,3	  35,3	  33,6	   7,1
s	    97,6712	 8	270,16	100,66	  16,2	  27,9	  32,3	  32,7	  34,0	  34,8	  33,6	   7,1
s	    97,6941	 7	 39,75	 83,50	  15,2	  27,0	  32,2	  32,9	  34,3	  35,3	  33,7	   7,2
s	    97,7533	 8	328,42	 68,90	  15,7	  26,9	  30,9	  30,8	  32,2	  34,8	  33,6	   7,1
s	    97,9130	 8	270,16	 76,70	  15,2	  27,0	  31,3	  31,5	  32,8	  34,3	  33,6	   7,0
s	    98,0726	 8	 39,35	106,53	  16,7	  27,8	  31,8	  32,0	  33,3	  35,1	  33,5	   7,0
s	    98,4959	 8	328,27	113,67	  15,6	  26,4	  30,2	  30,0	  31,4	  34,1	  32,5	   5,1
s	    98,7360	 8	329,07	 64,99	  16,1	  27,0	  30,9	  30,7	  32,2	  34,8	  33,2	   6,6
s	    99,0028	 8	 39,16	 98,67	  17,6	  28,5	  32,6	  33,1	  34,4	  35,2	  33,4	   6,8
s	    99,1971	 8	268,25	104,69	  15,9	  27,3	  31,5	  31,7	  33,0	  34,6	  33,4	   6,8
s	    99,2926	 7	 39,53	 78,53	  16,8	  27,9	  31,8	  32,0	  33,4	  35,3	  33,5	   6,9
s	    99,3108	 8	270,41	104,67	  15,8	  27,3	  31,5	  31,6	  33,0	  34,6	  33,4	   6,7
s	    99,3562	 8	268,23	 72,98	  15,8	  27,3	  31,5	  31,6	  32,9	  34,6	  33,4	   6,7
s	    99,3728	 8	 39,82	 78,55	  15,8	  27,4	  31,5	  31,6	  33,0	  34,8	  33,4	   6,7
s	    99,4698	 8	270,42	 72,99	  15,8	  27,3	  31,5	  31,6	  32,9	  34,6	  33,4	   6,7
s	    99,4964	 4	203,64	 89,44	  19,3	  29,5	  33,5	  34,3	  35,7	  35,8	  33,6	   6,9
s	    99,6596	 5	219,74	 89,20	  18,3	  29,0	  33,2	  34,0	  35,3	  35,3	  33,5	   6,8
s	    99,7091	 8	269,78	108,56	  16,3	  27,5	  31,5	  31,6	  33,0	  34,8	  33,1	   6,4
s	    99,7257	 5	203,70	 93,20	  19,0	  29,4	  33,5	  34,2	  35,5	  35,7	  33,4	   6,8
s	    99,8343	 5	202,49	 89,46	  19,0	  29,4	  33,4	  34,2	  35,5	  35,7	  32,6	   5,2
s	    99,8885	 6	219,79	 92,95	  18,1	  29,0	  33,1	  33,9	  35,2	  35,3	  33,3	   6,6
s	   100,0204	 6	220,88	 89,18	  18,1	  29,0	  33,1	  33,9	  35,2	  35,2	  32,5	   5,0
s	   100,0628	 6	202,55	 93,21	  18,3	  29,2	  33,4	  34,1	  35,4	  35,5	  33,5	   6,8
s	   100,2486	 7	220,93	 92,92	  17,3	  28,7	  33,0	  33,8	  35,0	  35,0	  33,4	   6,7
s	   100,5245	 6	203,76	 97,21	  17,7	  28,4	  32,4	  32,9	  34,2	  35,2	  33,2	   6,5
s	   100,6250	 8	 39,57	 75,79	  14,5	  26,3	  31,3	  31,6	  33,1	  35,0	  33,2	   6,5
s	   100,6862	 7	219,84	 96,95	  16,8	  27,9	  32,1	  32,6	  33,9	  34,7	  33,1	   6,3
s	   100,8593	 7	202,62	 97,21	  17,5	  28,3	  32,4	  32,8	  34,1	  35,1	  32,3	   4,8
s	   101,0438	 8	220,98	 96,91	  16,5	  27,9	  32,0	  32,4	  33,7	  34,7	  32,2	   4,6
s	   101,4183	 7	203,81	 99,97	  15,5	  26,8	  31,9	  32,6	  34,0	  35,0	  33,0	   6,2
s	   101,5788	 8	219,88	 99,71	  14,5	  26,3	  31,6	  32,3	  33,6	  34,5	  32,9	   6,1
s	   101,7506	 8	202,67	 99,96	  14,7	  26,5	  31,8	  32,5	  33,8	  34,7	  33,1	   6,3
s	   102,9606	 5	203,86	 89,44	  18,3	  29,0	  33,2	  34,0	  35,3	  35,3	  33,3	   6,4
s	   103,0384	 6	203,58	 89,45	  17,3	  28,6	  32,9	  33,6	  34,9	  34,8	  33,2	   6,2
s	   103,1190	 6	219,49	 89,21	  17,3	  28,5	  32,9	  33,6	  34,9	  34,8	  33,2	   6,2
s	   103,1832	 6	203,92	 93,09	  18,1	  29,0	  33,1	  33,8	  35,2	  35,2	  33,2	   6,2
s	   103,2024	 7	219,77	 89,20	  16,3	  28,1	  32,5	  33,3	  34,5	  34,3	  33,1	   6,1
s	   103,2608	 7	203,65	 93,09	  17,1	  28,5	  32,8	  33,5	  34,8	  34,7	  33,1	   6,1
s	   103,3043	 8	203,39	 75,06	  14,1	  25,7	  30,8	  31,2	  32,6	  34,4	  32,7	   5,7
s	   103,3413	 7	219,54	 92,85	  17,1	  28,5	  32,8	  33,5	  34,8	  34,7	  33,1	   6,1
s	   103,4245	 8	219,82	 92,84	  16,1	  28,0	  32,5	  33,2	  34,4	  34,3	  32,9	   5,9
s	   104,0246	 6	123,00	105,93	  14,7	  25,6	  30,4	  30,8	  32,2	  34,2	  32,1	   4,2
s	   104,8273	 8	204,03	 99,67	  14,5	  26,3	  31,6	  32,3	  33,6	  34,5	  32,8	   5,7
s	   104,9421	 7	203,64	 78,04	  15,7	  26,6	  30,4	  30,5	  31,9	  33,8	  31,9	   4,0
s	   105,0979	 8	219,36	 77,82	  14,7	  26,1	  30,1	  30,2	  31,5	  33,3	  31,7	   3,8
s	   105,2647	 8	202,53	 78,09	  15,9	  27,2	  31,1	  31,2	  32,6	  34,5	  31,7	   3,8
s	   106,2126	 7	123,04	109,37	  14,8	  26,1	  30,9	  31,3	  32,8	  34,8	  32,5	   5,3
s	   106,2754	 7	122,97	105,65	  14,3	  25,9	  30,9	  31,3	  32,7	  34,6	  32,7	   5,5
s	   106,5329	 8	204,08	104,33	  15,3	  26,4	  30,3	  30,3	  31,7	  33,6	  31,6	   3,5
s	   106,7836	 7	203,94	 82,95	  14,6	  26,4	  31,5	  32,2	  33,6	  34,6	  32,7	   5,4
s	   106,8590	 8	203,67	 82,96	  13,6	  25,9	  31,2	  31,9	  33,2	  34,1	  32,6	   5,3
s	   106,9371	 8	219,20	 82,73	  13,6	  25,9	  31,2	  31,9	  33,2	  34,1	  32,6	   5,2
s	   108,3396	 8	203,87	 78,36	  15,2	  26,8	  30,9	  31,0	  32,3	  34,1	  32,4	   5,0
s	   108,4238	 8	123,01	109,03	  13,9	  25,7	  30,7	  31,1	  32,5	  34,4	  32,4	   4,9
s	   110,3856	 2	122,73	 90,73	  19,2	  29,2	  33,1	  33,9	  35,3	  35,4	  32,9	   5,2
s	   110,5951	 3	122,76	 94,17	  18,9	  29,1	  33,0	  33,8	  35,2	  35,4	  32,7	   5,1
s	   110,6675	 3	122,69	 87,04	  17,9	  28,2	  32,1	  32,6	  34,0	  35,0	  32,7	   5,1
s	   111,3256	 4	122,80	 97,84	  16,9	  27,2	  31,0	  31,5	  32,9	  33,8	  31,5	   3,0
s	   111,3976	 4	122,66	 83,63	  17,4	  27,8	  31,8	  32,3	  33,6	  34,6	  32,3	   4,6
s	   112,3368	 6	119,59	100,81	  12,9	  24,7	  30,8	  31,8	  33,2	  34,2	  32,0	   4,2
s	   112,4652	 5	122,83	101,20	  17,1	  27,7	  31,7	  32,1	  33,5	  34,5	  32,1	   4,3
s	   112,6792	 5	122,63	 80,03	  15,6	  26,1	  30,0	  30,1	  31,5	  33,3	  31,3	   2,7
s	   112,7151	 3	122,71	 90,74	  18,1	  28,5	  32,6	  33,4	  34,8	  34,8	  32,5	   4,7
s	   112,9208	 4	122,74	 94,11	  17,8	  28,5	  32,6	  33,3	  34,7	  34,7	  32,4	   4,5
s	   112,9919	 4	122,67	 87,11	  16,8	  27,6	  31,6	  32,2	  33,5	  34,3	  32,4	   4,5
s	   113,1583	 7	 99,02	105,00	  13,8	  24,8	  29,7	  30,0	  31,4	  33,2	  31,0	   2,4
s	   113,6382	 5	122,77	 97,71	  16,5	  27,5	  31,5	  32,0	  33,4	  34,2	  32,2	   4,3
s	   113,7089	 5	122,64	 83,76	  16,5	  27,5	  31,5	  32,0	  33,4	  34,2	  32,2	   4,3
s	   114,3162	 6	122,59	 76,75	  15,7	  26,6	  30,6	  30,7	  32,1	  33,9	  31,8	   3,8
s	   114,4929	 8	 97,55	104,85	  13,5	  25,1	  30,2	  30,6	  32,0	  33,7	  31,8	   3,8
s	   114,6315	 7	119,63	100,64	  12,0	  24,3	  30,6	  31,5	  32,9	  33,8	  31,9	   3,9
s	   114,7576	 6	122,81	101,01	  16,2	  27,4	  31,4	  31,9	  33,2	  34,1	  32,0	   3,9
s	   114,9679	 6	122,60	 80,22	  15,2	  26,4	  30,5	  30,7	  32,0	  33,7	  31,9	   3,9
s	   115,1939	 8	 99,03	108,21	  14,0	  25,3	  30,2	  30,6	  32,0	  33,8	  31,5	   3,4
s	   115,2524	 8	 99,42	104,77	  13,5	  25,1	  30,2	  30,6	  32,0	  33,6	  31,7	   3,6
s	   116,5418	 7	122,56	 73,33	  13,8	  24,8	  28,7	  28,5	  29,9	  32,5	  30,6	   1,7
s	   116,5766	 7	122,57	 77,00	  14,9	  26,3	  30,3	  30,5	  31,8	  33,5	  31,7	   3,5
s	   118,7648	 8	122,54	 73,62	  13,5	  25,2	  29,2	  29,1	  30,4	  32,9	  31,3	   3,0
s	   119,0177	 8	122,52	 70,26	  14,0	  25,3	  29,2	  29,1	  30,4	  33,0	  31,1	   2,7
s	   119,0894	 3	100,68	 90,89	  18,4	  28,4	  32,4	  33,2	  34,5	  34,5	  31,9	   3,4
s	   119,2854	 4	100,69	 94,10	  18,1	  28,4	  32,4	  33,1	  34,4	  34,4	  31,7	   3,3
s	   119,3532	 4	100,66	 87,43	  17,9	  27,8	  31,7	  32,2	  33,6	  34,4	  31,7	   3,3
s	   120,0366	 5	100,65	 84,24	  17,4	  27,5	  31,4	  31,8	  33,2	  34,1	  31,3	   2,8
s	   120,2587	 8	119,70	100,23	   9,2	  22,2	  29,5	  30,7	  32,1	  33,0	  31,0	   2,4
s	   120,3659	 4	 99,30	 90,89	  17,3	  27,9	  32,0	  32,8	  34,1	  33,9	  31,6	   3,1
s	   120,5600	 5	 99,31	 94,08	  17,1	  27,8	  32,0	  32,7	  34,0	  33,9	  31,5	   3,0
s	   120,6272	 5	 99,29	 87,47	  16,8	  27,3	  31,3	  31,8	  33,1	  33,9	  31,5	   2,9
s	   120,7359	 6	100,71	 99,92	  14,3	  25,5	  30,6	  31,3	  32,7	  33,5	  31,1	   2,6
s	   121,2375	 6	100,64	 80,85	  15,5	  25,8	  29,6	  29,7	  31,1	  32,8	  30,3	   0,9
s	   121,2711	 4	101,02	 90,89	  17,3	  27,8	  32,0	  32,8	  34,0	  33,9	  31,5	   2,9
s	   121,3043	 6	 99,28	 84,31	  16,5	  27,2	  31,2	  31,7	  33,0	  33,8	  31,3	   2,7
s	   121,4640	 5	101,03	 94,05	  17,0	  27,8	  31,9	  32,7	  33,9	  33,8	  31,4	   2,8
s	   121,4751	 5	100,79	 90,89	  16,3	  27,3	  31,6	  32,4	  33,7	  33,4	  31,4	   2,8
s	   121,5307	 5	101,01	 87,49	  16,8	  27,2	  31,2	  31,7	  33,0	  33,8	  31,4	   2,8
s	   121,6677	 6	100,80	 94,05	  16,1	  27,3	  31,6	  32,3	  33,6	  33,4	  31,3	   2,6
s	   121,7344	 6	100,78	 87,49	  15,8	  26,8	  30,9	  31,4	  32,7	  33,3	  31,3	   2,6
s	   121,9971	 7	 99,33	 99,84	  13,5	  25,2	  30,4	  31,2	  32,5	  33,2	  31,1	   2,5
s	   122,2034	 6	101,00	 84,35	  16,5	  27,2	  31,2	  31,6	  32,9	  33,7	  31,2	   2,5
s	   122,4060	 7	100,77	 84,36	  15,5	  26,7	  30,8	  31,3	  32,5	  33,3	  31,1	   2,4
s	   122,4941	 7	 99,27	 80,95	  15,2	  26,2	  30,2	  30,3	  31,6	  33,2	  31,1	   2,4
s	   122,6633	 4	145,75	 90,46	  17,2	  27,7	  31,9	  32,7	  33,9	  33,8	  31,4	   2,7
s	   122,7735	 7	100,63	 77,77	  15,0	  25,9	  29,9	  30,1	  31,4	  33,0	  30,8	   2,1
s	   122,8542	 5	145,79	 93,59	  16,9	  27,7	  31,8	  32,6	  33,8	  33,7	  31,3	   2,5
s	   122,8917	 7	101,05	 99,78	  13,5	  25,1	  30,4	  31,1	  32,4	  33,1	  31,0	   2,3
s	   122,9203	 5	145,70	 87,09	  15,9	  26,7	  30,9	  31,4	  32,7	  33,3	  31,3	   2,5
s	   123,0933	 8	100,82	 99,76	  12,5	  24,7	  30,1	  30,8	  32,0	  32,6	  30,9	   2,1
s	   123,3856	 7	100,99	 81,01	  15,2	  26,1	  30,1	  30,3	  31,6	  33,2	  31,0	   2,2
s	   123,5863	 6	145,65	 83,98	  15,4	  26,4	  30,6	  31,0	  32,3	  33,0	  30,8	   2,0
s	   123,5865	 8	100,76	 81,03	  14,2	  25,6	  29,8	  29,9	  31,2	  32,7	  30,9	   2,1
s	   124,0163	 8	 99,26	 77,90	  14,2	  25,6	  29,8	  29,9	  31,2	  32,7	  30,8	   2,0
s	   124,1400	 5	147,05	 90,44	  16,1	  27,2	  31,5	  32,3	  33,5	  33,2	  31,1	   2,3
s	   124,3290	 6	147,10	 93,54	  15,9	  27,1	  31,4	  32,2	  33,4	  33,2	  31,0	   2,1
s	   124,5473	 5	350,08	 89,70	  16,8	  27,4	  31,7	  32,5	  33,7	  33,4	  31,1	   2,2
s	   124,7357	 6	350,03	 92,79	  16,6	  27,4	  31,6	  32,4	  33,6	  33,3	  31,0	   2,1
s	   124,7568	 7	145,60	 80,68	  13,6	  24,7	  28,8	  28,9	  30,2	  31,6	  29,8	   0,2
s	   124,7896	 5	145,36	 90,47	  16,1	  27,1	  31,4	  32,2	  33,4	  33,2	  31,1	   2,2
s	   124,8008	 6	350,14	 86,38	  15,6	  26,4	  30,7	  31,2	  32,4	  32,9	  31,0	   2,0
s	   124,8654	 8	100,62	 74,54	  13,8	  24,5	  28,4	  28,1	  29,5	  32,0	  29,7	   0,0
s	   124,8981	 8	100,97	 77,97	  14,1	  25,6	  29,7	  29,9	  31,1	  32,6	  30,7	   1,8
s	   124,9326	 6	349,91	 89,70	  15,8	  26,9	  31,3	  32,1	  33,3	  32,9	  30,9	   2,0
s	   124,9777	 6	145,40	 93,55	  15,8	  27,1	  31,4	  32,1	  33,3	  33,1	  30,9	   2,0
s	   125,0271	 6	145,57	 90,46	  15,1	  26,7	  31,1	  31,9	  33,1	  32,7	  30,9	   2,0
s	   125,0427	 6	145,31	 87,15	  14,8	  26,1	  30,4	  31,0	  32,2	  32,7	  30,9	   2,0
s	   125,0533	 7	146,95	 84,03	  14,6	  26,1	  30,4	  30,9	  32,1	  32,6	  30,8	   1,9
s	   125,1205	 7	349,85	 92,78	  15,6	  26,9	  31,3	  32,0	  33,2	  32,8	  30,8	   1,9
s	   125,1855	 7	349,96	 86,39	  14,6	  26,0	  30,3	  30,9	  32,0	  32,4	  30,8	   1,9
s	   125,2148	 7	145,62	 93,54	  14,9	  26,6	  31,0	  31,8	  33,0	  32,6	  30,8	   1,9
s	   125,2798	 7	145,52	 87,15	  13,8	  25,7	  30,1	  30,6	  31,8	  32,2	  30,8	   1,8
s	   125,3931	 7	349,97	 96,10	  15,3	  26,4	  30,6	  31,1	  32,3	  32,8	  30,8	   1,8
s	   125,4580	 7	350,20	 83,31	  15,3	  26,4	  30,6	  31,1	  32,3	  32,8	  30,8	   1,8
s	   125,6987	 7	145,26	 84,09	  14,6	  26,1	  30,4	  30,8	  32,0	  32,6	  30,8	   1,8
s	   125,7761	 8	349,79	 96,08	  14,3	  25,9	  30,3	  30,7	  31,9	  32,3	  30,6	   1,6
s	   125,8408	 8	350,02	 83,33	  14,3	  25,9	  30,3	  30,7	  31,9	  32,3	  30,6	   1,6
s	   125,9346	 8	145,48	 84,10	  13,6	  25,6	  30,0	  30,5	  31,7	  32,1	  30,6	   1,6
s	   126,1258	 8	145,94	103,26	  13,3	  24,6	  28,7	  28,8	  30,0	  31,5	  29,6	  -0,2
s	   126,2118	 8	146,90	 80,76	  13,3	  25,1	  29,3	  29,6	  30,8	  32,1	  30,6	   1,6
s	   126,2548	 8	145,55	 77,67	  13,8	  25,2	  29,4	  29,5	  30,8	  32,3	  30,4	   1,3
s	   126,4200	 8	349,92	 99,13	  15,0	  26,3	  30,5	  30,9	  32,1	  32,7	  30,6	   1,5
s	   126,6131	 8	350,26	 80,05	  14,0	  25,3	  29,6	  29,8	  31,0	  32,3	  30,6	   1,5
s	   126,8519	 8	145,21	 80,83	  13,2	  25,0	  29,3	  29,5	  30,7	  32,1	  30,5	   1,4
s	   129,4211	 6	251,06	 88,91	  15,6	  26,7	  31,0	  31,9	  33,0	  32,6	  30,5	   1,2
s	   129,6032	 7	251,07	 91,90	  15,3	  26,6	  31,0	  31,8	  32,9	  32,5	  30,4	   1,0
s	   129,6662	 7	251,04	 85,70	  14,3	  25,7	  30,1	  30,6	  31,7	  32,1	  30,4	   1,0
s	   129,7936	 7	251,23	 88,91	  14,6	  26,2	  30,7	  31,5	  32,6	  32,1	  30,4	   1,0
s	   129,9752	 8	251,25	 91,89	  14,4	  26,1	  30,7	  31,4	  32,5	  32,0	  30,2	   0,9
s	   130,0380	 8	251,22	 85,71	  13,3	  25,2	  29,7	  30,2	  31,4	  31,6	  30,2	   0,9
s	   130,2387	 8	251,09	 95,09	  14,1	  25,6	  30,0	  30,5	  31,6	  32,0	  30,2	   0,8
s	   130,3014	 8	251,02	 82,73	  14,1	  25,6	  30,0	  30,5	  31,6	  32,0	  30,2	   0,8
s	   130,4757	 6	251,91	 88,91	  16,4	  27,0	  31,2	  32,0	  33,1	  32,8	  30,3	   0,9
s	   130,6565	 7	251,92	 91,87	  16,2	  27,0	  31,2	  31,9	  33,0	  32,7	  30,2	   0,8
s	   131,2874	 8	251,94	 95,04	  14,9	  26,0	  30,1	  30,6	  31,7	  32,2	  30,0	   0,6
s	   131,3497	 8	251,87	 82,77	  14,9	  26,0	  30,1	  30,6	  31,7	  32,2	  30,0	   0,5
s	   142,8122	 6	299,10	 89,00	  13,3	  25,3	  29,8	  30,6	  31,7	  31,3	  29,3	  -1,3
s	   142,9790	 7	299,07	 91,73	  13,1	  25,3	  29,8	  30,5	  31,6	  31,2	  29,1	  -1,4
s	   143,0687	 7	299,12	 85,84	  13,1	  25,1	  29,7	  30,5	  31,6	  31,0	  29,1	  -1,4
s	   143,6186	 8	299,15	 83,34	  11,8	  24,3	  28,8	  29,2	  30,4	  30,7	  29,0	  -1,6
s	   144,0555	 5	 36,99	 90,52	  16,2	  26,5	  30,6	  31,3	  32,5	  32,2	  29,0	  -1,6
s	   144,2210	 6	 36,96	 93,23	  16,0	  26,4	  30,5	  31,2	  32,4	  32,2	  28,9	  -1,7
s	   144,2994	 6	 37,82	 90,53	  16,0	  26,4	  30,5	  31,2	  32,4	  32,2	  28,1	  -3,3
s	   144,4646	 7	 37,79	 93,23	  15,2	  26,2	  30,4	  31,1	  32,3	  31,9	  29,0	  -1,7
s	   144,7986	 7	 36,91	 96,13	  14,7	  25,4	  29,5	  29,9	  31,2	  31,7	  28,7	  -2,0
s	   145,0414	 8	 37,74	 96,14	  14,5	  25,4	  29,4	  29,8	  31,0	  31,6	  27,8	  -3,7
s	   145,1405	 7	299,13	 89,00	  12,2	  24,8	  29,4	  30,2	  31,2	  30,7	  28,9	  -1,8
s	   145,3048	 8	299,11	 91,69	  12,0	  24,7	  29,3	  30,1	  31,1	  30,6	  28,8	  -1,9
s	   145,3932	 8	299,16	 85,89	  12,0	  24,6	  29,3	  30,1	  31,1	  30,4	  28,8	  -1,9
s	   146,6745	 6	 82,45	 88,04	  14,3	  25,0	  29,0	  29,4	  30,7	  31,3	  27,9	  -3,7
s	   147,2435	 7	 82,46	 85,38	  14,6	  25,4	  29,4	  29,8	  31,1	  31,7	  28,5	  -2,4
s	   147,5345	 6	 36,87	 90,52	  15,3	  26,1	  30,3	  31,0	  32,2	  31,8	  28,8	  -2,1
s	   147,5910	 7	 37,08	 90,52	  14,3	  25,6	  30,0	  30,7	  31,8	  31,3	  28,7	  -2,2
s	   147,6964	 7	 36,84	 93,17	  15,1	  26,0	  30,2	  30,9	  32,1	  31,7	  28,7	  -2,2
s	   147,7529	 8	 37,04	 93,17	  14,1	  25,5	  29,9	  30,6	  31,7	  31,3	  28,6	  -2,4
s	   148,2454	 8	 82,46	 82,55	  12,8	  23,7	  27,7	  27,7	  29,0	  30,4	  27,5	  -4,2
s	   148,2619	 8	 36,80	 96,01	  13,8	  25,0	  29,2	  29,7	  30,8	  31,2	  28,6	  -2,5
s	   148,4369	 8	 36,78	 98,01	  12,3	  23,8	  28,9	  29,5	  30,8	  31,5	  28,3	  -2,7
s	   148,6006	 6	 81,53	 90,92	  15,4	  26,0	  30,2	  31,0	  32,1	  31,6	  28,7	  -2,4
s	   148,7615	 7	 81,52	 93,55	  15,2	  25,9	  30,1	  30,9	  32,0	  31,5	  28,5	  -2,5
s	   148,8528	 8	 82,80	 88,08	  13,0	  24,7	  29,0	  29,4	  30,6	  31,0	  28,5	  -2,6
s	   150,3007	 6	 36,83	 87,70	  14,6	  25,4	  29,3	  29,7	  31,0	  31,8	  28,4	  -2,8
s	   150,5354	 7	 37,63	 87,72	  14,4	  25,4	  29,3	  29,6	  30,9	  31,8	  27,4	  -4,5
s	   152,2507	 7	229,69	 89,12	  13,3	  24,5	  28,9	  29,7	  30,8	  30,1	  27,3	  -4,8
s	   152,3949	 6	162,81	 90,21	  13,6	  24,6	  29,0	  29,8	  30,9	  30,3	  27,4	  -4,7
s	   152,4081	 8	229,72	 91,70	  13,1	  24,4	  28,9	  29,6	  30,7	  30,0	  27,2	  -5,0
s	   152,5522	 7	162,85	 92,78	  13,3	  24,6	  29,0	  29,7	  30,8	  30,3	  27,3	  -4,9
s	   153,1556	 8	162,71	 84,87	  12,8	  24,0	  28,2	  28,6	  29,8	  30,2	  27,1	  -5,1
s	   153,3342	 6	206,12	 89,45	  14,8	  25,5	  29,7	  30,5	  31,6	  31,2	  28,1	  -3,4
s	   153,4455	 7	217,08	 89,28	  13,8	  25,1	  29,4	  30,2	  31,3	  30,7	  28,0	  -3,5
s	   153,4906	 7	206,16	 92,01	  14,5	  25,5	  29,7	  30,4	  31,6	  31,1	  28,0	  -3,5
s	   153,5647	 7	205,33	 89,46	  14,5	  25,5	  29,7	  30,4	  31,5	  31,1	  27,2	  -5,1
s	   153,6017	 8	217,11	 91,84	  13,6	  25,0	  29,4	  30,1	  31,2	  30,7	  27,8	  -3,6
s	   153,6918	 8	217,86	 89,27	  13,5	  25,0	  29,4	  30,1	  31,2	  30,7	  27,0	  -5,2
s	   153,7209	 8	205,37	 92,02	  13,8	  25,2	  29,6	  30,3	  31,4	  30,9	  28,1	  -3,4
s	   153,7764	 7	 36,72	 87,76	  13,7	  25,0	  29,1	  29,4	  30,7	  31,4	  28,2	  -3,3
s	   153,8309	 8	 36,92	 87,76	  12,8	  24,6	  28,8	  29,1	  30,3	  30,9	  28,1	  -3,4
s	   154,1498	 7	162,29	 90,22	  13,2	  24,8	  29,3	  30,1	  31,2	  30,5	  28,1	  -3,4
s	   154,3054	 8	162,33	 92,77	  13,0	  24,8	  29,3	  30,0	  31,1	  30,4	  28,0	  -3,5
s	   154,5316	 8	162,43	 90,21	  12,2	  24,4	  29,0	  29,8	  30,8	  30,0	  28,0	  -3,6
s	   155,3379	 8	229,34	 86,39	  12,4	  24,0	  28,3	  28,8	  29,9	  30,1	  27,7	  -3,9
s	   155,7524	 8	230,12	 89,11	  13,4	  24,8	  29,2	  30,0	  31,0	  30,3	  26,9	  -5,6
s	   156,8149	 7	206,22	 89,45	  13,8	  25,1	  29,5	  30,2	  31,3	  30,7	  27,9	  -3,9
s	   156,8684	 8	206,03	 89,45	  12,9	  24,7	  29,2	  29,9	  31,0	  30,3	  27,8	  -4,0
s	   156,9239	 8	216,96	 89,28	  12,9	  24,6	  29,2	  29,9	  31,0	  30,3	  27,8	  -4,0
s	   156,9681	 8	206,26	 91,96	  13,6	  25,1	  29,4	  30,1	  31,2	  30,7	  27,8	  -4,0
s	   157,0411	 8	206,29	 94,67	  13,1	  24,4	  28,6	  28,9	  30,2	  30,7	  27,5	  -4,2
s	   159,9384	 8	206,22	 84,93	  11,0	  22,9	  28,1	  28,7	  30,0	  30,6	  27,3	  -4,7
s	   163,2201	 6	  0,23	 89,91	  13,8	  24,4	  28,7	  29,5	  30,6	  29,9	  26,4	  -6,6
s	   163,3678	 7	  0,18	 92,33	  13,5	  24,3	  28,6	  29,4	  30,5	  29,8	  26,3	  -6,8
s	   163,9350	 8	  0,32	 84,89	  12,2	  23,3	  27,6	  28,1	  29,2	  29,3	  26,2	  -7,0
s	   164,4374	 7	359,59	 89,90	  13,5	  24,6	  29,1	  29,8	  30,9	  30,1	  27,3	  -5,2
s	   164,5842	 8	359,55	 92,31	  13,2	  24,5	  29,0	  29,7	  30,8	  30,0	  27,1	  -5,3
s	   167,2133	 8	  0,14	 87,36	  12,1	  23,6	  28,0	  28,4	  29,5	  29,7	  26,9	  -5,8
s	   171,2565	 7	241,10	 89,01	  12,4	  23,5	  28,0	  28,8	  29,8	  28,9	  25,7	  -8,1
s	   171,3979	 8	241,12	 91,33	  12,2	  23,5	  27,9	  28,7	  29,7	  28,9	  25,5	  -8,3
s	   172,4220	 8	241,72	 89,00	  12,1	  23,8	  28,4	  29,1	  30,1	  29,2	  26,5	  -6,7
s	   177,4501	 8	299,51	 89,02	   9,7	  22,7	  27,4	  28,2	  29,2	  28,3	  26,1	  -7,5
s	   187,4379	 8	 69,83	 88,58	  10,4	  22,0	  26,3	  26,8	  27,8	  27,8	  24,2	 -11,0
s	   187,5008	 3	300,59	 89,03	  14,1	  24,5	  28,6	  29,3	  30,5	  30,1	  25,8	  -8,7
s	   187,5100	 4	300,43	 89,03	  13,1	  24,1	  28,2	  29,0	  30,2	  29,6	  25,7	  -8,8
s	   187,6309	 4	300,57	 91,16	  13,8	  24,5	  28,5	  29,2	  30,4	  30,0	  25,7	  -8,8
s	   187,6402	 5	300,41	 91,16	  12,9	  24,0	  28,2	  28,9	  30,1	  29,5	  25,6	  -8,9
s	   187,6760	 4	300,61	 86,74	  12,8	  23,6	  27,6	  28,1	  29,3	  29,6	  25,7	  -8,8
s	   187,6852	 5	300,45	 86,73	  11,8	  23,1	  27,3	  27,8	  28,9	  29,1	  25,6	  -8,9
s	   188,0857	 5	300,55	 93,45	  11,8	  22,6	  26,6	  26,9	  28,1	  28,5	  24,5	 -10,8
s	   188,0949	 6	300,38	 93,45	  11,6	  23,0	  27,2	  27,6	  28,8	  29,1	  25,4	  -9,1
s	   188,1306	 5	300,63	 84,61	  12,3	  23,3	  27,3	  27,7	  28,9	  29,3	  25,3	  -9,2
s	   188,1398	 6	300,47	 84,61	  11,6	  23,0	  27,2	  27,6	  28,8	  29,1	  25,4	  -9,1
s	   188,7185	 8	 70,33	 90,89	  12,3	  23,6	  27,9	  28,6	  29,6	  28,8	  25,1	  -9,5
s	   188,7983	 6	300,53	 95,57	  12,1	  23,2	  27,2	  27,6	  28,8	  29,2	  25,2	  -9,5
s	   188,8074	 7	300,37	 95,57	  11,3	  23,0	  27,1	  27,5	  28,7	  29,0	  25,3	  -9,3
s	   188,9326	 6	300,65	 82,33	  10,5	  21,6	  25,5	  25,7	  26,8	  28,0	  24,4	 -11,0
s	   189,8307	 4	300,60	 89,03	  13,0	  24,0	  28,1	  28,9	  30,1	  29,5	  25,5	  -9,2
s	   189,8750	 7	300,51	 97,83	  10,3	  21,5	  25,5	  25,5	  26,7	  27,9	  24,2	 -11,3
s	   189,9594	 5	300,58	 91,14	  12,8	  23,9	  28,1	  28,8	  30,0	  29,4	  25,4	  -9,3
s	   189,9640	 7	300,67	 80,24	  10,8	  22,2	  26,2	  26,3	  27,5	  28,7	  25,0	  -9,8
s	   189,9731	 8	300,34	 97,99	  11,1	  22,7	  27,0	  27,4	  28,5	  28,7	  25,1	  -9,6
s	   189,9731	 8	300,51	 80,24	  10,0	  21,9	  26,1	  26,2	  27,4	  28,5	  25,1	  -9,6
s	   190,0039	 5	300,62	 86,76	  11,7	  23,0	  27,2	  27,7	  28,8	  29,0	  25,4	  -9,3
s	   190,4090	 6	300,56	 93,41	  11,5	  22,9	  27,1	  27,5	  28,7	  28,9	  25,3	  -9,5
s	   190,4534	 6	300,64	 84,66	  11,5	  22,9	  27,1	  27,5	  28,7	  28,9	  25,3	  -9,5
s	   191,1136	 7	300,54	 95,50	  11,2	  22,9	  27,0	  27,4	  28,6	  28,9	  25,1	  -9,7
s	   191,1576	 8	300,49	 99,90	  10,5	  22,1	  26,1	  26,2	  27,4	  28,6	  24,7	 -10,1
s	   191,2464	 7	300,66	 82,41	  10,2	  21,9	  26,1	  26,3	  27,4	  28,4	  25,1	  -9,7
s	   191,3788	 8	300,69	 78,01	   9,0	  20,5	  24,4	  24,2	  25,4	  27,4	  23,9	 -11,7
s	   191,7613	 6	315,56	 93,54	  12,2	  22,7	  26,6	  26,9	  28,1	  28,4	  24,1	 -11,5
s	   192,1783	 8	300,52	 97,73	   9,9	  21,9	  26,0	  26,1	  27,3	  28,3	  24,9	 -10,0
s	   192,2288	 8	174,07	 90,03	  11,4	  22,6	  26,9	  27,7	  28,6	  27,6	  23,8	 -11,9
s	   192,2663	 8	300,68	 80,34	   9,9	  21,8	  26,0	  26,1	  27,3	  28,3	  24,9	 -10,0
s	   193,0520	 5	315,52	 86,96	  13,1	  23,6	  27,5	  28,0	  29,2	  29,5	  25,2	  -9,8
s	   193,4950	 6	315,55	 84,89	  12,6	  23,3	  27,2	  27,6	  28,8	  29,2	  24,8	 -10,2
s	   193,9293	 6	316,45	 86,98	  12,1	  23,1	  27,2	  27,6	  28,8	  28,9	  25,0	 -10,1
s	   194,2103	 7	315,41	 95,73	  13,4	  24,0	  28,0	  28,7	  29,8	  29,3	  24,6	 -10,5
s	   194,3705	 7	316,48	 84,92	  11,9	  23,0	  27,1	  27,5	  28,7	  28,9	  24,8	 -10,3
s	   194,7744	 7	316,38	 91,27	  10,9	  22,3	  27,6	  28,5	  29,7	  28,9	  24,8	 -10,3
s	   195,0184	 8	316,34	 95,55	  11,6	  22,9	  27,1	  27,4	  28,5	  28,8	  24,7	 -10,5
s	   195,3111	 6	315,37	 86,98	  12,0	  23,0	  27,1	  27,6	  28,7	  28,9	  24,9	 -10,3
s	   195,4520	 7	315,52	 86,99	  11,1	  22,5	  26,8	  27,2	  28,3	  28,4	  24,8	 -10,4
s	   195,7052	 8	317,29	 91,27	   9,9	  21,8	  27,2	  28,2	  29,3	  28,4	  24,6	 -10,6
s	   195,7493	 7	315,40	 84,93	  11,8	  23,0	  27,1	  27,5	  28,6	  28,8	  24,7	 -10,5
s	   195,8899	 8	315,55	 84,94	  10,8	  22,5	  26,7	  27,1	  28,2	  28,3	  24,6	 -10,6
s	   196,4570	 8	315,26	 95,66	  12,6	  23,7	  27,9	  28,5	  29,6	  28,9	  24,6	 -10,7
s	   197,0247	 8	316,22	 91,25	   9,8	  21,7	  27,2	  28,1	  29,2	  28,4	  24,5	 -10,8
s	   198,2213	 8	 36,20	 90,53	  12,3	  23,2	  27,5	  28,2	  29,2	  28,4	  23,4	 -12,8
s	   201,5250	 8	 35,51	 90,52	  11,6	  22,9	  27,3	  28,1	  29,0	  28,0	  24,2	 -11,6
s	   205,4682	 8	272,07	 90,86	   8,7	  20,6	  26,1	  27,0	  28,1	  27,2	  22,9	 -14,0
s	   206,2192	 7	315,56	 89,20	  11,7	  22,9	  27,2	  28,0	  29,0	  28,1	  23,9	 -12,2
s	   206,3384	 8	315,54	 91,16	  11,4	  22,9	  27,2	  27,9	  28,9	  28,0	  23,8	 -12,3
s	   207,2631	 8	 35,44	 88,43	  10,9	  22,3	  26,4	  26,7	  27,8	  28,2	  23,5	 -12,7
s	   207,6256	 8	314,53	 93,23	  11,1	  22,3	  26,5	  26,9	  27,9	  27,9	  23,7	 -12,6
s	   207,6592	 7	314,55	 89,19	  11,6	  22,8	  27,2	  27,9	  28,9	  28,0	  23,8	 -12,5
s	   207,7776	 8	314,52	 91,13	  11,4	  22,8	  27,1	  27,8	  28,8	  27,9	  23,7	 -12,6
s	   210,3577	 8	207,45	 89,45	  11,0	  22,5	  26,8	  27,5	  28,5	  27,6	  23,3	 -13,2
s	   211,6043	 6	328,04	 89,38	  10,9	  22,0	  26,3	  27,1	  28,1	  27,1	  22,6	 -14,8
s	   211,6421	 7	329,02	 89,40	  10,7	  22,3	  26,8	  27,5	  28,5	  27,4	  23,5	 -13,1
s	   211,7585	 8	328,99	 91,30	  10,5	  22,2	  26,7	  27,4	  28,4	  27,3	  23,4	 -13,2
s	   211,7609	 7	328,07	 87,33	   9,7	  21,0	  25,4	  25,8	  26,8	  26,6	  22,5	 -14,9
s	   211,7987	 8	329,05	 87,34	   9,4	  21,3	  25,8	  26,3	  27,2	  26,9	  23,4	 -13,2
s	   212,1274	 8	327,98	 93,34	   9,4	  21,0	  25,3	  25,7	  26,7	  26,6	  22,4	 -15,1
s	   212,1675	 8	328,10	 85,43	   9,9	  21,5	  25,8	  26,2	  27,2	  27,1	  23,2	 -13,5
s	   213,6897	 7	327,78	 89,38	  10,6	  22,2	  26,7	  27,4	  28,4	  27,3	  23,4	 -13,4
s	   213,8449	 8	327,81	 87,34	   9,4	  21,2	  25,7	  26,2	  27,1	  26,8	  23,3	 -13,6
s	   213,9490	 8	327,91	 89,38	   9,6	  21,7	  26,4	  27,1	  28,0	  26,8	  23,3	 -13,6
s	   215,9315	 7	272,72	 88,90	   9,8	  21,4	  25,8	  26,6	  27,6	  26,4	  22,2	 -15,6
s	   215,9946	 8	272,72	 90,31	   7,6	  19,8	  25,4	  26,4	  27,4	  26,3	  22,1	 -15,7
s	   216,3368	 7	108,66	 92,77	   9,3	  21,1	  26,5	  27,4	  28,5	  27,7	  23,2	 -13,9
s	   217,6294	 8	271,97	 88,90	   9,5	  21,6	  26,2	  27,0	  27,9	  26,6	  23,0	 -14,2
s	   217,9893	 8	109,48	 92,75	   8,2	  20,6	  26,1	  27,0	  28,1	  27,1	  23,0	 -14,2
s	   220,9939	 4	122,11	 90,80	  11,8	  22,7	  26,9	  27,6	  28,7	  27,9	  23,2	 -14,3
s	   221,1056	 5	122,13	 92,63	  11,5	  22,7	  26,8	  27,5	  28,6	  27,9	  23,1	 -14,4
s	   221,1442	 5	122,09	 88,83	  10,5	  21,8	  25,9	  26,4	  27,5	  27,5	  23,1	 -14,4
s	   221,4962	 6	122,15	 94,60	  10,3	  21,7	  25,9	  26,3	  27,4	  27,4	  22,9	 -14,6
s	   221,5348	 6	122,08	 87,00	  10,3	  21,7	  25,9	  26,3	  27,4	  27,4	  22,9	 -14,6
s	   222,1088	 7	122,17	 96,42	   9,8	  21,4	  25,6	  25,9	  27,0	  27,1	  22,5	 -15,0
s	   222,2243	 7	122,06	 85,04	   8,2	  19,8	  23,9	  24,0	  25,1	  25,9	  21,7	 -16,6
s	   223,1120	 8	122,04	 83,24	   8,5	  20,4	  24,6	  24,6	  25,7	  26,6	  22,3	 -15,3
s	   223,3238	 5	122,11	 90,80	  10,7	  22,2	  26,5	  27,2	  28,3	  27,4	  22,9	 -14,8
s	   223,3316	 6	122,25	 90,80	   9,7	  21,7	  26,2	  26,9	  27,9	  26,9	  22,8	 -14,9
s	   223,4344	 6	122,12	 92,62	  10,5	  22,1	  26,4	  27,1	  28,2	  27,3	  22,8	 -14,9
s	   223,4423	 7	122,26	 92,61	   9,5	  21,7	  26,1	  26,8	  27,8	  26,9	  22,7	 -15,0
s	   223,4727	 6	122,09	 88,85	   9,5	  21,2	  25,5	  26,0	  27,0	  26,9	  22,8	 -14,9
s	   223,4805	 7	122,23	 88,85	   8,5	  20,8	  25,2	  25,7	  26,6	  26,4	  22,7	 -15,0
s	   223,8213	 7	122,14	 94,56	   9,2	  21,2	  25,5	  25,9	  26,9	  26,8	  22,6	 -15,1
s	   223,8291	 8	122,28	 94,56	   8,2	  20,7	  25,1	  25,6	  26,5	  26,4	  22,5	 -15,2
s	   223,8595	 7	122,07	 87,04	   9,2	  21,2	  25,5	  25,9	  26,9	  26,8	  22,6	 -15,1
s	   223,8673	 8	122,21	 87,04	   8,2	  20,7	  25,1	  25,6	  26,5	  26,4	  22,5	 -15,2
s	   224,4279	 8	122,16	 96,37	   9,0	  21,1	  25,4	  25,8	  26,8	  26,8	  22,5	 -15,3
s	   224,5423	 8	122,05	 85,10	   7,9	  20,2	  24,5	  24,6	  25,6	  26,4	  22,5	 -15,3
s	   225,7453	 5	110,00	 90,90	  11,4	  22,4	  26,6	  27,4	  28,4	  27,4	  22,7	 -15,2
s	   226,0944	 7	135,78	 88,72	   9,9	  21,4	  25,6	  26,0	  27,0	  26,9	  22,5	 -15,4
s	   226,2378	 7	110,03	 94,62	   9,9	  21,4	  25,6	  26,0	  27,0	  26,9	  22,5	 -15,5
s	   226,4392	 8	135,85	 94,37	   9,6	  21,3	  25,5	  25,9	  26,9	  26,9	  22,3	 -15,6
s	   226,4605	 6	109,19	 90,90	  10,4	  21,9	  26,3	  27,0	  28,0	  27,0	  22,6	 -15,4
s	   226,6075	 7	109,18	 88,98	   9,9	  21,3	  25,6	  26,0	  27,0	  26,9	  22,4	 -15,5
s	   226,8510	 7	313,52	 87,26	   9,9	  21,3	  25,6	  26,0	  27,0	  26,9	  22,4	 -15,6
s	   226,9516	 8	109,22	 94,62	   9,6	  21,3	  25,5	  25,9	  26,9	  26,8	  22,3	 -15,7
s	   226,9893	 8	109,17	 87,19	   9,6	  21,3	  25,5	  25,9	  26,9	  26,8	  22,3	 -15,7
s	   227,2324	 8	313,55	 85,47	   9,6	  21,3	  25,5	  25,9	  26,9	  26,8	  22,3	 -15,7
s	   227,6066	 8	314,33	 87,28	   8,9	  20,8	  25,2	  25,6	  26,6	  26,4	  22,3	 -15,8
s	   228,0298	 6	110,11	 90,90	  10,3	  21,8	  26,2	  27,0	  27,9	  26,9	  22,4	 -15,7
s	   228,1446	 7	109,98	 90,90	   9,3	  21,4	  25,9	  26,6	  27,6	  26,4	  22,3	 -15,8
s	   228,3507	 8	135,64	 88,74	   8,8	  20,8	  25,2	  25,6	  26,6	  26,4	  22,2	 -15,9
s	   228,5178	 8	110,14	 94,59	   8,8	  20,8	  25,2	  25,6	  26,6	  26,4	  22,2	 -15,9
s	   229,1286	 8	313,41	 87,28	   8,8	  20,8	  25,2	  25,6	  26,6	  26,3	  22,1	 -16,0
s	   231,3137	 8	 97,78	 92,71	   8,5	  20,4	  25,8	  26,8	  27,8	  26,7	  22,0	 -16,4
s	   238,4371	 8	135,08	 90,66	   9,5	  21,3	  25,7	  26,4	  27,3	  26,1	  21,5	 -17,5
s	   241,9851	 7	 98,12	 90,95	   9,6	  21,2	  25,6	  26,4	  27,3	  26,0	  21,4	 -18,0
s	   242,1233	 8	 98,11	 89,14	   9,1	  20,6	  24,9	  25,3	  26,3	  25,9	  21,2	 -18,1
s	   244,1270	 8	 98,32	 90,95	   8,6	  20,6	  25,3	  26,0	  26,8	  25,4	  21,1	 -18,4
s	   244,2297	 8	146,74	 90,50	   7,8	  19,9	  24,5	  25,2	  26,1	  24,7	  20,1	 -20,2
s	   260,4344	 8	110,72	 90,90	   7,3	  19,8	  24,5	  25,2	  26,0	  24,6	  20,0	 -21,0
s	   264,0261	 7	289,64	 88,97	   8,1	  20,2	  24,7	  25,4	  26,3	  24,9	  19,8	 -21,5
s	   264,1206	 8	289,63	 90,52	   7,9	  20,1	  24,6	  25,3	  26,2	  24,8	  19,7	 -21,6
s	   264,7599	 8	288,94	 88,97	   7,2	  19,7	  24,3	  25,1	  25,9	  24,4	  19,7	 -21,7
s	   266,3076	 8	289,74	 88,97	   7,1	  19,6	  24,3	  25,0	  25,8	  24,3	  19,6	 -21,9
s	   276,4923	 8	321,82	 89,31	   7,5	  19,6	  24,2	  24,9	  25,7	  24,1	  18,9	 -23,5
s	   295,9027	 8	320,50	 89,29	   7,9	  19,5	  23,9	  24,5	  25,3	  23,6	  17,6	 -26,6
#END
