#HEADER
CATT-Acoustic v8.0b    Copyright © CATT 1988-2003

 Project                : Aula Optica 

 GEOMETRICAL INFORMATION
 Src id and loc     [m] :   A0           0,400        0,600        1,300
 Rec id and loc     [m] :   21          15,500        7,600        1,200

 21       48,4787

 VARIABLE SOURCE DATA
 Directivity
   Type (library)       :  OMNI.SD0
   Dir. Index (DI) [dB] :       0,0      0,0      0,0      0,0      0,0      0,0      0,0      0,0
 Level
   On axis 1m      [dB] :      54,1     63,1     66,8     67,7     69,4     70,6     70,6     54,2
   Total power     [dB] :      65,0     74,0     77,7     78,6     80,3     81,5     81,5     65,1
   Auxiliary delay [ms] :       0,0

 VARIABLE AIR DATA
 Temperature       [°C] :      20
 Relative humidity  [%] :      50
 Density        [kg/m³] :       1,2
 Sound speed      [m/s] :     343
 Impedance      [Ns/m³] :     412
 Diss. coeff. [0.001/m] :      0,10     0,30     0,63     1,07     2,28     6,83    24,23    83,90      (estimated)

#DATAFIELDS
 TYPE DELAY ORDER AZIMUTH ELEVATION SPL125 SPL250 SPL500 SPL1K SPL2K SPL4K SPL8K SPL16K
#DATA
d	     0,0000	 0	102,80	 90,03	  29,7	  38,7	  42,3	  43,2	  44,8	  45,7	  44,4	  23,7
s	     0,5430	 1	102,82	 98,92	  28,9	  38,1	  41,7	  42,6	  44,2	  45,1	  43,7	  23,0
*	     7,3029	 1	279,61	141,61	   7,1	  16,3	  19,9	  20,8	  22,4	  23,2	  21,7	   0,4
*	     8,1710	 1	185,32	114,43	  -0,4	   8,7	  12,4	  13,2	  14,8	  15,7	  14,1	  -7,3
*	    14,1053	 1	175,32	102,49	  -8,4	   0,7	   4,4	   5,2	   6,8	   7,6	   5,9	 -16,0
*	     2,4752	 1	 65,45	120,76	   3,4	  12,5	  16,2	  17,0	  18,6	  19,5	  18,1	  -2,8
*	     1,8340	 1	127,35	110,84	  -0,3	   8,9	  12,6	  13,4	  15,0	  15,9	  14,5	  -6,4
*	     6,7161	 1	145,64	102,04	  -6,6	   2,6	   6,3	   7,1	   8,7	   9,6	   8,1	 -13,2
*	     3,3975	 1	 71,69	104,14	  -4,3	   4,9	   8,6	   9,4	  11,0	  11,9	  10,5	 -10,5
*	     0,5978	 1	103,22	102,73	  -4,0	   5,2	   8,8	   9,7	  11,3	  12,2	  10,8	  -9,9
*	     2,9135	 1	123,86	 99,72	  -6,4	   2,8	   6,5	   7,3	   8,9	   9,8	   8,4	 -12,6
*	     5,4842	 1	 73,33	 99,16	  -7,7	   1,4	   5,1	   5,9	   7,5	   8,4	   7,0	 -14,2
*	     1,0812	 1	 93,97	 98,77	  -5,8	   3,4	   7,0	   7,9	   9,5	  10,4	   9,0	 -11,8
*	     1,1581	 1	110,83	 97,62	  -5,7	   3,5	   7,2	   8,0	   9,6	  10,5	   9,2	 -11,7
*	     8,9323	 1	 74,08	 96,81	  -9,5	  -0,4	   3,3	   4,1	   5,7	   6,6	   5,0	 -16,5
*	     2,9245	 1	 89,33	 96,67	  -6,0	   3,2	   6,9	   7,7	   9,3	  10,2	   8,8	 -12,2
*	     0,6838	 1	102,93	 96,13	  -3,1	   6,0	   9,7	  10,5	  12,2	  13,1	  11,7	  -9,0
s	     0,7295	 1	102,79	 80,49	  27,3	  36,4	  40,0	  40,6	  42,2	  43,8	  42,9	  21,4
*	    25,5995	 1	199,96	 76,99	  -9,8	   0,0	   3,9	   4,6	   6,2	   7,7	   6,1	 -15,2
*	    20,8465	 1	219,86	 71,03	  -5,4	   4,5	   8,3	   9,1	  10,7	  12,2	  10,7	 -10,1
*	    20,7102	 1	259,77	 66,37	  -3,2	   6,6	  10,5	  11,2	  12,8	  14,3	  12,9	  -8,0
*	    14,6588	 1	174,51	 75,04	  -5,8	   4,1	   8,0	   8,7	  10,3	  11,9	  10,6	  -9,7
*	     8,4925	 1	181,19	 61,81	   1,7	  11,5	  15,4	  16,2	  17,8	  19,4	  18,2	  -1,5
*	     6,8061	 1	267,80	 23,43	   9,5	  19,4	  23,3	  24,0	  25,6	  27,3	  26,2	   6,6
*	     7,5339	 1	146,39	 76,12	  -4,0	   5,9	   9,7	  10,5	  12,1	  13,7	  12,6	  -7,1
*	     2,4256	 1	129,09	 67,05	   1,7	  11,6	  15,4	  16,2	  17,8	  19,4	  18,5	  -0,8
*	     2,3879	 1	 75,01	 55,94	   5,3	  15,2	  19,1	  19,8	  21,4	  23,1	  22,1	   2,9
*	     3,7099	 1	125,80	 78,99	  -3,7	   6,2	  10,0	  10,8	  12,4	  14,0	  13,0	  -6,3
*	     0,8727	 1	106,37	 75,66	  -1,3	   8,6	  12,5	  13,2	  14,8	  16,5	  15,6	  -3,5
*	     2,9526	 1	 76,65	 73,75	  -1,2	   8,6	  12,5	  13,3	  14,9	  16,5	  15,5	  -3,8
*	     1,7878	 1	113,18	 81,50	  -2,8	   7,1	  11,0	  11,7	  13,3	  15,0	  14,0	  -5,1
*	     0,9704	 1	 97,03	 80,15	  -2,6	   7,3	  11,2	  11,9	  13,5	  15,2	  14,3	  -4,8
*	     4,6750	 1	 77,11	 79,57	  -4,3	   5,6	   9,5	  10,2	  11,8	  13,5	  12,4	  -7,0
*	     1,0029	 1	105,38	 83,28	   0,1	  10,0	  13,8	  14,6	  16,2	  17,8	  16,9	  -2,2
*	     2,3056	 1	 92,21	 82,64	  -2,2	   7,7	  11,5	  12,3	  13,9	  15,5	  14,6	  -4,6
*	     7,6933	 1	 77,33	 82,39	  -5,7	   4,2	   8,0	   8,8	  10,4	  12,0	  10,9	  -8,8
*	     1,7805	 1	100,26	 84,52	   6,0	  15,8	  19,7	  20,5	  22,1	  23,7	  22,8	   3,6
*	     5,8486	 1	 89,30	 84,18	  -1,5	   8,4	  12,3	  13,0	  14,6	  16,3	  15,2	  -4,3
*	    12,7927	 1	 77,45	 84,05	  -7,0	   2,9	   6,8	   7,5	   9,1	  10,7	   9,4	 -10,7
s	     1,5706	 1	106,44	 90,04	  28,2	  37,7	  41,5	  42,4	  43,9	  44,7	  43,8	  22,9
*	     2,0706	 1	107,25	 87,46	  10,2	  19,7	  23,5	  24,4	  25,9	  26,7	  25,7	   4,8
s	     2,0967	 2	106,45	 98,65	  27,9	  37,6	  41,4	  42,2	  43,8	  44,6	  43,5	  22,6
s	     2,1235	 1	101,69	 90,05	  28,1	  37,6	  41,4	  42,3	  43,8	  44,6	  43,6	  22,7
*	    22,3327	 1	 71,66	 91,28	  -9,6	  -0,1	   3,7	   4,6	   6,1	   6,7	   5,2	 -17,5
*	    11,6840	 1	 85,29	 91,30	  -2,4	   7,1	  10,9	  11,8	  13,3	  14,0	  12,8	  -9,0
*	     3,7081	 1	 98,15	 91,25	  13,5	  23,0	  26,9	  27,7	  29,3	  30,0	  29,0	   8,0
*	    18,2558	 1	 76,83	 86,48	 -18,9	  -9,8	  -6,1	  -5,3	  -3,7	  -2,9	  -0,7	 -21,4
*	    18,0084	 1	 76,82	 88,82	 -18,8	  -9,7	  -6,0	  -5,2	  -3,6	  -2,8	  -0,6	 -21,2
*	    16,4361	 1	 79,16	 86,48	 -17,8	  -8,6	  -5,0	  -4,1	  -2,6	  -1,8	   0,5	 -20,0
*	    16,1737	 1	 79,16	 88,82	 -17,6	  -8,5	  -4,8	  -4,0	  -2,4	  -1,6	   0,6	 -19,8
*	    14,6953	 1	 81,49	 86,50	 -16,5	  -7,4	  -3,7	  -2,9	  -1,3	  -0,5	   1,8	 -18,5
*	    14,4151	 1	 81,49	 88,82	 -16,4	  -7,2	  -3,5	  -2,7	  -1,1	  -0,3	   2,0	 -18,3
*	    13,0345	 1	 83,81	 86,51	 -15,2	  -6,0	  -2,4	  -1,5	   0,1	   0,9	   3,2	 -17,0
*	    12,7325	 1	 83,81	 88,83	 -15,0	  -5,8	  -2,2	  -1,3	   0,3	   1,1	   3,4	 -16,7
*	    11,4549	 1	 86,12	 86,52	 -13,7	  -4,5	  -0,9	  -0,0	   1,5	   2,4	   4,7	 -15,3
*	    11,1256	 1	 86,12	 88,84	 -13,4	  -4,3	  -0,6	   0,2	   1,8	   2,6	   5,0	 -15,0
*	     9,9590	 1	 88,38	 86,56	 -12,0	  -2,9	   0,8	   1,6	   3,2	   4,1	   6,5	 -13,4
*	     9,5945	 1	 88,38	 88,85	 -11,7	  -2,5	   1,1	   2,0	   3,5	   4,4	   6,8	 -13,1
*	     8,5507	 1	 90,63	 86,58	 -10,1	  -0,9	   2,7	   3,5	   5,1	   6,0	   8,4	 -11,3
*	     8,1390	 1	 90,63	 88,86	  -9,7	  -0,5	   3,2	   4,0	   5,6	   6,4	   8,9	 -10,9
*	     7,2381	 1	 92,83	 86,62	  -7,9	   1,3	   4,9	   5,8	   7,4	   8,2	  10,7	  -9,0
*	     6,7603	 1	 92,83	 88,87	  -7,3	   1,9	   5,6	   6,4	   8,0	   8,8	  11,3	  -8,3
*	     6,0386	 1	 94,99	 86,66	  -5,3	   3,9	   7,6	   8,4	  10,0	  10,9	  13,4	  -6,2
*	     5,4623	 1	 94,99	 88,88	  -4,3	   4,8	   8,5	   9,3	  10,9	  11,8	  14,3	  -5,2
*	     4,9917	 1	 97,10	 86,71	  -2,1	   7,1	  10,7	  11,6	  13,2	  14,0	  16,6	  -2,9
*	     4,2571	 1	 97,10	 88,91	  -0,5	   8,7	  12,4	  13,2	  14,8	  15,7	  18,2	  -1,1
s	     2,2775	 2	106,42	 80,79	  26,8	  36,6	  40,4	  41,0	  42,6	  44,1	  43,5	  22,6
s	     2,3610	 2	102,29	 90,05	  27,1	  37,1	  41,1	  41,9	  43,4	  44,1	  43,5	  22,6
s	     2,3977	 2	102,83	108,04	  26,8	  36,1	  39,7	  40,2	  41,8	  43,5	  42,4	  20,8
s	     2,5775	 2	102,78	 72,09	  27,3	  36,7	  40,4	  40,9	  42,6	  44,2	  43,2	  22,3
s	     2,6439	 2	101,71	 98,57	  27,8	  37,5	  41,3	  42,1	  43,7	  44,5	  43,4	  22,5
s	     2,8228	 2	101,68	 80,90	  26,7	  36,5	  40,3	  40,9	  42,5	  44,0	  43,4	  22,4
s	     2,8790	 3	102,31	 98,53	  26,8	  37,0	  40,9	  41,8	  43,3	  44,0	  43,3	  22,3
s	     3,0571	 3	102,28	 80,94	  25,7	  36,0	  40,0	  40,6	  42,1	  43,5	  43,2	  22,2
*	     3,3376	 1	116,63	 96,37	 -19,4	  -9,9	  -6,1	  -5,2	  -3,7	  -2,9	  -3,9	 -24,9
s	     3,8964	 3	106,47	107,51	  26,3	  36,3	  40,1	  40,6	  42,2	  43,8	  43,1	  22,0
s	     4,0711	 3	106,40	 72,62	  26,3	  36,3	  40,1	  40,6	  42,2	  43,8	  43,0	  21,9
s	     4,4251	 3	101,72	107,34	  26,2	  36,2	  40,0	  40,6	  42,1	  43,7	  43,0	  21,8
s	     4,5980	 3	101,67	 72,81	  26,2	  36,2	  40,0	  40,5	  42,1	  43,7	  42,9	  21,8
s	     4,6523	 4	102,32	107,27	  25,2	  35,7	  39,7	  40,2	  41,7	  43,2	  42,8	  21,7
s	     4,8245	 4	102,27	 72,89	  25,2	  35,7	  39,6	  40,2	  41,7	  43,2	  42,8	  21,6
s	     4,9262	 1	 43,38	 89,95	  27,6	  36,7	  40,4	  41,3	  42,9	  43,6	  42,0	  20,1
*	    12,9734	 1	 69,55	 92,71	  -4,5	   4,6	   8,3	   9,2	  10,7	  11,4	  10,9	  -9,3
*	    10,6737	 1	 68,37	 93,03	  -3,6	   5,4	   9,2	  10,0	  11,6	  12,2	  11,8	  -8,1
*	     8,8456	 1	 66,82	 93,46	  -2,7	   6,4	  10,1	  11,0	  12,5	  13,2	  12,9	  -6,9
*	     9,0142	 1	 66,84	 84,13	  -2,7	   6,3	  10,0	  10,9	  12,5	  13,1	  12,8	  -7,0
*	     7,4081	 1	 64,67	 94,04	  -1,5	   7,6	  11,3	  12,2	  13,7	  14,4	  14,1	  -5,6
*	     7,5939	 1	 64,71	 82,97	  -1,6	   7,5	  11,2	  12,1	  13,6	  14,3	  14,0	  -5,7
*	     6,3030	 1	 61,53	 94,88	   0,2	   9,2	  12,9	  13,8	  15,4	  16,1	  15,8	  -3,8
*	     6,5156	 1	 61,57	 81,28	   0,0	   9,0	  12,8	  13,7	  15,2	  15,9	  15,6	  -4,0
*	     5,5101	 1	 56,54	 96,19	   2,4	  11,4	  15,2	  16,1	  17,6	  18,3	  18,0	  -1,5
*	     5,7667	 1	 56,60	 78,67	   2,2	  11,2	  15,0	  15,8	  17,4	  18,1	  17,8	  -1,7
*	     5,0895	 1	 47,54	 98,39	   5,6	  14,6	  18,4	  19,2	  20,8	  21,5	  21,2	   1,8
*	     5,4220	 1	 47,65	 74,33	   5,2	  14,2	  18,0	  18,8	  20,4	  21,1	  20,8	   1,3
*	     5,3474	 1	 28,56	102,25	   9,7	  18,7	  22,5	  23,3	  24,9	  25,6	  25,3	   5,9
*	     5,8111	 1	 28,78	 66,98	   8,9	  17,9	  21,7	  22,5	  24,1	  24,8	  24,5	   5,0
*	     7,3990	 1	348,56	105,67	  12,1	  21,2	  24,9	  25,8	  27,3	  28,0	  27,7	   8,0
*	     7,9765	 1	348,88	 60,43	  10,8	  19,8	  23,6	  24,5	  26,0	  26,7	  26,4	   6,7
*	    12,5269	 1	308,03	101,91	   8,0	  17,0	  20,8	  21,6	  23,2	  23,8	  23,4	   3,2
*	    12,9907	 1	308,18	 66,23	   7,1	  16,2	  19,9	  20,8	  22,3	  23,0	  22,5	   2,4
*	    19,4629	 1	288,64	 97,83	   2,0	  11,0	  14,8	  15,6	  17,1	  17,7	  17,1	  -3,6
*	    19,7888	 1	288,69	 73,51	   1,6	  10,6	  14,4	  15,2	  16,7	  17,3	  16,7	  -4,1
s	     5,1830	 3	102,84	115,77	  26,6	  36,3	  39,9	  40,4	  42,0	  43,7	  42,6	  21,4
*	     5,2012	 1	 93,30	 93,67	  -7,9	   1,7	   6,5	   7,6	   9,3	  10,1	   8,8	 -12,4
*	     9,7691	 1	 85,65	 93,77	 -13,9	  -4,3	   0,5	   1,6	   3,2	   4,0	   2,6	 -19,0
*	    15,2611	 1	 77,71	 93,79	 -18,2	  -8,5	  -3,8	  -2,7	  -1,0	  -0,2	  -1,8	 -23,9
s	     5,4196	 2	 43,34	 98,03	  27,8	  37,1	  40,8	  41,6	  43,2	  43,9	  42,6	  21,4
s	     5,5893	 2	 43,42	 81,28	  26,3	  35,4	  39,1	  39,7	  41,2	  42,7	  41,8	  19,8
s	     5,6928	 3	102,76	 63,87	  25,0	  34,6	  38,2	  38,4	  40,0	  42,5	  41,7	  19,7
*	     5,9535	 1	104,49	 84,99	  -4,8	   4,7	   8,5	   9,4	  10,9	  11,6	  10,6	 -10,7
s	     6,3634	 4	101,73	113,06	  23,7	  34,3	  39,2	  40,0	  41,6	  43,2	  42,5	  21,2
s	     6,6059	 4	106,49	115,06	  25,7	  35,8	  39,6	  40,1	  41,7	  43,3	  42,4	  21,1
s	     6,8610	 2	 44,74	 89,97	  27,1	  36,6	  40,5	  41,4	  42,9	  43,5	  42,6	  21,3
s	     6,9835	 2	 40,40	 89,95	  27,1	  36,6	  40,5	  41,4	  42,9	  43,5	  42,6	  21,2
s	     7,1027	 4	106,38	 64,59	  24,6	  34,8	  38,6	  38,9	  40,4	  42,8	  42,3	  21,0
s	     7,1119	 3	 43,29	106,39	  25,8	  35,1	  38,8	  39,3	  40,9	  42,4	  41,4	  19,3
s	     7,1820	 3	 44,24	 89,97	  26,1	  36,1	  40,2	  41,0	  42,5	  43,0	  42,4	  21,1
s	     7,2764	 3	 43,46	 73,57	  26,3	  35,8	  39,5	  40,1	  41,6	  43,2	  42,2	  20,8
s	     7,3251	 5	102,33	114,73	  24,6	  35,2	  39,2	  39,7	  41,2	  42,7	  42,2	  20,8
s	     7,3373	 3	 44,71	 97,77	  26,8	  36,5	  40,4	  41,2	  42,8	  43,4	  42,4	  21,0
s	     7,4587	 3	 40,36	 97,73	  26,8	  36,5	  40,4	  41,2	  42,7	  43,4	  42,4	  21,0
s	     7,5012	 3	 44,79	 81,59	  25,8	  35,6	  39,5	  40,1	  41,6	  42,9	  42,4	  21,0
s	     7,6011	 4	101,66	 64,84	  24,5	  34,7	  38,5	  38,8	  40,3	  42,7	  42,2	  20,8
s	     7,6223	 3	 40,44	 81,59	  25,7	  35,6	  39,5	  40,0	  41,5	  42,9	  42,3	  20,9
s	     7,6556	 4	 44,21	 97,72	  25,8	  36,0	  40,1	  40,9	  42,3	  42,9	  42,2	  20,8
s	     7,8155	 5	102,26	 64,95	  23,5	  34,2	  38,2	  38,4	  40,0	  42,2	  42,1	  20,7
s	     7,8185	 4	 44,28	 81,64	  24,7	  35,1	  39,1	  39,7	  41,2	  42,4	  42,2	  20,8
s	     8,9731	 4	 44,67	105,86	  25,3	  35,3	  39,2	  39,7	  41,3	  42,7	  42,0	  20,4
s	     9,0911	 4	 40,32	105,80	  25,3	  35,3	  39,2	  39,7	  41,2	  42,6	  41,9	  20,4
s	     9,1324	 4	 44,82	 74,13	  25,3	  35,3	  39,2	  39,7	  41,2	  42,6	  41,9	  20,4
s	     9,1530	 4	102,86	123,11	  24,3	  34,0	  37,6	  37,8	  39,4	  41,8	  40,9	  18,6
s	     9,2500	 4	 40,48	 74,14	  25,3	  35,3	  39,2	  39,7	  41,2	  42,6	  41,9	  20,4
s	     9,2824	 5	 44,16	105,77	  24,3	  34,8	  38,8	  39,4	  40,8	  42,2	  41,8	  20,3
s	     9,4408	 5	 44,32	 74,21	  24,3	  34,8	  38,8	  39,4	  40,8	  42,1	  41,8	  20,2
s	     9,4701	 4	102,75	 57,16	  24,7	  34,6	  38,3	  38,5	  40,1	  42,6	  41,6	  20,1
s	     9,6717	 4	 43,25	113,57	  25,7	  35,4	  39,1	  39,6	  41,2	  42,7	  41,6	  20,0
s	    10,7628	 5	 44,64	111,18	  22,8	  33,5	  38,5	  39,3	  40,8	  42,2	  41,5	  19,8
s	    10,7902	 5	106,51	122,76	  24,8	  35,0	  38,9	  39,4	  40,9	  42,3	  41,5	  19,8
s	    10,7902	 5	106,37	 57,98	  23,8	  34,2	  38,0	  38,2	  39,8	  42,1	  41,5	  19,8
s	    10,9503	 5	101,74	122,01	  23,8	  34,2	  38,0	  38,2	  39,7	  42,1	  41,5	  19,8
s	    11,0628	 6	 44,14	111,07	  21,8	  33,0	  38,1	  38,9	  40,4	  41,7	  41,4	  19,7
s	    11,1527	 6	102,35	121,89	  22,8	  33,7	  37,6	  37,9	  39,4	  41,6	  41,3	  19,6
s	    11,4592	 6	102,24	 58,39	  22,7	  33,6	  37,6	  37,8	  39,3	  41,6	  41,3	  19,6
s	    11,5667	 5	 40,28	112,78	  24,7	  34,9	  38,8	  39,3	  40,8	  42,2	  41,4	  19,6
s	    12,0227	 5	 40,53	 66,70	  23,6	  33,9	  37,8	  38,0	  39,5	  41,7	  41,3	  19,5
s	    12,2047	 6	 44,36	 66,79	  22,6	  33,4	  37,4	  37,7	  39,2	  41,2	  41,1	  19,4
s	    12,3356	 7	110,03	121,83	  22,4	  33,3	  37,4	  37,6	  39,0	  41,2	  41,0	  19,2
s	    13,0902	 6	111,36	 59,32	  21,0	  32,1	  37,0	  37,4	  39,0	  41,4	  40,8	  18,9
s	    13,3542	 5	 43,21	120,53	  23,4	  33,2	  36,9	  37,1	  38,6	  40,9	  40,0	  17,4
s	    13,5761	 5	102,87	129,01	  23,9	  34,0	  37,6	  37,8	  39,4	  41,9	  40,8	  18,9
s	    14,3100	 5	102,73	 50,92	  22,3	  32,3	  35,9	  35,8	  37,3	  40,6	  39,9	  17,1
s	    14,8107	 6	106,52	128,11	  23,0	  33,6	  37,4	  37,6	  39,1	  41,5	  40,7	  18,7
s	    15,0328	 6	 44,59	119,66	  23,0	  33,4	  37,3	  37,5	  39,0	  41,2	  40,7	  18,6
s	    15,0461	 8	110,54	 60,38	  19,0	  31,1	  36,3	  36,8	  38,3	  40,4	  40,4	  18,4
s	    15,1396	 6	 40,23	119,58	  22,9	  33,4	  37,3	  37,5	  39,0	  41,2	  40,6	  18,6
s	    15,2488	 6	101,75	127,81	  22,9	  33,5	  37,3	  37,5	  39,0	  41,4	  40,6	  18,5
s	    15,3127	 7	 44,09	119,52	  22,0	  32,9	  37,0	  37,2	  38,6	  40,7	  40,5	  18,4
s	    15,4376	 7	102,36	127,68	  21,9	  33,0	  37,0	  37,2	  38,6	  40,9	  40,5	  18,4
s	    15,7184	 6	 40,57	 60,01	  23,9	  34,1	  38,1	  38,6	  40,0	  41,3	  40,5	  18,4
s	    15,8952	 6	106,35	 51,40	  22,8	  33,3	  37,2	  37,4	  38,9	  41,1	  40,5	  18,4
s	    15,9637	 6	101,63	 52,12	  21,8	  32,5	  36,3	  36,2	  37,8	  40,9	  40,5	  18,4
s	    16,1504	 7	102,23	 52,25	  20,8	  32,0	  36,0	  35,9	  37,4	  40,4	  40,3	  18,2
s	    18,1871	 6	 43,58	 53,50	  21,5	  31,6	  35,3	  35,1	  36,7	  39,8	  39,1	  16,0
s	    18,5418	 7	 44,56	124,61	  20,3	  31,4	  36,4	  36,8	  38,4	  40,6	  39,9	  17,6
s	    18,9689	 6	102,89	134,43	  21,4	  31,6	  35,2	  35,0	  36,6	  39,9	  39,0	  15,8
s	    18,9888	 1	240,34	 89,42	  25,6	  35,1	  38,9	  39,8	  41,3	  41,9	  40,5	  18,1
*	    22,9204	 1	283,92	 77,25	   8,2	  17,7	  21,5	  22,3	  23,8	  24,5	  23,0	   0,2
*	    19,9303	 1	223,33	 78,37	   8,0	  17,5	  21,3	  22,1	  23,7	  24,3	  22,9	   0,4
*	    27,3763	 1	196,10	 83,30	   1,3	  10,8	  14,6	  15,4	  17,0	  17,5	  15,9	  -7,2
s	    19,1724	 7	 40,19	125,18	  22,2	  32,8	  36,7	  36,9	  38,4	  40,6	  39,8	  17,4
*	    19,2568	 1	 68,75	 87,93	  -5,3	   3,9	   7,5	   8,3	   9,9	  10,7	   8,9	 -13,5
s	    19,3753	 6	102,72	 45,97	  21,9	  32,2	  35,9	  35,8	  37,4	  40,6	  39,7	  17,2
s	    19,3800	 2	240,36	 95,82	  25,1	  34,8	  38,6	  39,4	  40,9	  41,6	  40,1	  17,7
s	    19,5149	 2	240,32	 82,53	  23,5	  33,1	  36,9	  37,4	  38,9	  40,4	  39,3	  16,1
s	    19,7468	 7	 44,94	 54,48	  21,1	  31,8	  35,7	  35,6	  37,1	  40,1	  39,7	  17,3
s	    20,0075	 8	 44,44	 54,63	  20,1	  31,3	  35,4	  35,3	  36,7	  39,6	  39,6	  17,1
s	    20,1261	 2	237,56	 89,43	  24,5	  34,5	  38,4	  39,3	  40,8	  41,3	  40,2	  17,7
s	    20,5061	 7	106,54	133,86	  22,0	  32,7	  36,6	  36,7	  38,2	  40,4	  39,6	  17,1
s	    20,5061	 7	106,33	 46,88	  21,0	  31,9	  35,7	  35,6	  37,1	  40,2	  39,6	  17,1
s	    20,5108	 3	237,58	 95,73	  24,2	  34,4	  38,3	  39,2	  40,6	  41,2	  40,1	  17,5
s	    20,5110	 7	101,77	133,20	  21,0	  31,9	  35,7	  35,6	  37,1	  40,2	  39,6	  17,1
s	    20,6435	 3	237,53	 82,65	  23,2	  33,5	  37,4	  38,0	  39,5	  40,8	  40,0	  17,5
s	    20,6854	 8	102,37	133,07	  20,0	  31,4	  35,3	  35,2	  36,7	  39,7	  39,5	  16,9
s	    20,7318	 3	240,39	102,55	  23,2	  32,9	  36,7	  37,2	  38,7	  40,2	  39,0	  15,7
s	    20,8641	 3	240,30	 76,31	  23,7	  33,6	  37,4	  37,9	  39,5	  40,9	  39,8	  17,2
s	    20,9083	 7	101,62	 47,20	  20,9	  31,8	  35,6	  35,5	  37,0	  40,2	  39,6	  17,0
s	    21,0817	 8	102,22	 47,34	  20,0	  31,3	  35,3	  35,2	  36,6	  39,7	  39,4	  16,8
s	    21,2136	 2	240,92	 89,42	  24,4	  34,4	  38,3	  39,2	  40,6	  41,2	  40,1	  17,5
s	    21,3862	 3	240,46	 89,42	  23,4	  33,9	  38,0	  38,8	  40,3	  40,7	  39,9	  17,3
*	    21,4841	 1	 71,55	 90,60	 -15,3	  -6,2	  -2,5	  -1,6	  -0,1	   0,5	  -0,2	 -21,1
*	    21,6016	 1	 71,54	 92,67	 -15,3	  -6,3	  -2,5	  -1,7	  -0,2	   0,4	  -0,3	 -21,2
s	    21,5923	 3	240,94	 95,63	  24,1	  34,3	  38,2	  39,0	  40,5	  41,1	  39,9	  17,3
s	    21,7230	 3	240,90	 82,75	  23,0	  33,3	  37,3	  37,8	  39,3	  40,6	  39,9	  17,2
s	    21,7641	 4	240,48	 95,61	  23,1	  33,8	  37,9	  38,7	  40,1	  40,6	  39,8	  17,1
s	    21,8409	 4	237,60	102,36	  22,8	  33,3	  37,2	  37,7	  39,2	  40,6	  39,7	  17,1
s	    21,8944	 4	240,44	 82,77	  22,0	  32,8	  36,9	  37,5	  38,9	  40,2	  39,7	  17,1
s	    21,9710	 4	237,51	 76,53	  22,8	  33,2	  37,2	  37,7	  39,2	  40,6	  39,7	  17,1
s	    22,5923	 7	 43,13	131,55	  20,7	  31,0	  34,7	  34,5	  36,0	  39,1	  38,3	  14,8
s	    22,6112	 2	283,15	 89,39	  24,2	  33,7	  37,6	  38,5	  39,9	  40,4	  38,8	  15,3
s	    22,8042	 4	240,41	108,50	  23,2	  33,3	  37,1	  37,6	  39,1	  40,6	  39,4	  16,6
*	    23,0059	 1	 70,60	 86,49	 -21,8	 -12,7	  -9,0	  -8,1	  -6,6	  -6,0	  -6,8	 -27,8
*	    22,8061	 1	 70,59	 88,54	 -21,7	 -12,7	  -8,9	  -8,1	  -6,5	  -5,9	  -6,7	 -27,7
s	    22,8830	 8	111,32	 48,02	  19,3	  30,6	  35,6	  36,0	  37,5	  39,7	  38,9	  16,2
s	    22,9022	 4	240,96	102,15	  22,7	  33,1	  37,1	  37,6	  39,1	  40,4	  39,6	  16,8
s	    22,9825	 3	283,14	 95,47	  24,4	  34,1	  38,0	  38,8	  40,3	  40,8	  39,4	  16,7
s	    23,0305	 4	240,88	 76,72	  22,7	  33,1	  37,1	  37,6	  39,1	  40,4	  39,6	  16,8
s	    23,0708	 5	240,51	102,12	  21,7	  32,7	  36,7	  37,3	  38,7	  40,0	  39,4	  16,7
s	    23,1107	 3	283,16	 82,85	  22,9	  32,5	  36,4	  36,9	  38,4	  39,6	  38,6	  15,1
s	    23,1888	 4	240,27	 69,95	  21,6	  31,7	  35,4	  35,6	  37,1	  39,4	  38,5	  15,0
s	    23,1988	 5	240,42	 76,75	  21,7	  32,6	  36,7	  37,3	  38,7	  40,0	  39,4	  16,6
s	    23,8815	 5	237,63	108,22	  22,3	  33,0	  36,9	  37,4	  38,9	  40,3	  39,3	  16,5
s	    24,0574	 8	 44,51	130,55	  20,3	  31,2	  35,1	  35,0	  36,5	  39,5	  39,0	  16,1
s	    24,1694	 3	285,65	 89,40	  23,8	  33,8	  37,9	  38,7	  40,1	  40,5	  39,5	  16,6
s	    24,2604	 5	237,48	 70,26	  21,3	  32,0	  35,9	  36,2	  37,7	  39,8	  39,2	  16,4
s	    24,2674	 4	283,13	101,88	  22,5	  32,3	  36,2	  36,6	  38,1	  39,4	  38,3	  14,7
s	    24,3933	 4	283,17	 76,92	  23,0	  33,0	  36,9	  37,4	  38,9	  40,2	  39,1	  16,2
s	    24,4377	 7	102,90	138,71	  21,0	  31,6	  35,2	  35,1	  36,6	  39,9	  38,8	  15,9
s	    24,5284	 8	 40,15	130,81	  21,3	  32,0	  36,0	  36,1	  37,6	  39,6	  38,9	  16,0
s	    24,5284	 8	 40,65	 49,69	  20,3	  31,2	  35,1	  35,0	  36,4	  39,4	  38,9	  16,0
s	    24,5328	 4	285,64	 95,35	  23,5	  33,7	  37,8	  38,6	  40,0	  40,4	  39,3	  16,4
s	    24,6582	 4	285,66	 83,00	  22,5	  32,8	  36,8	  37,4	  38,8	  40,0	  39,3	  16,4
s	    24,7259	 3	282,38	 89,39	  23,7	  33,7	  37,8	  38,6	  40,1	  40,4	  39,4	  16,5
s	    24,9134	 5	240,98	107,93	  22,2	  32,8	  36,8	  37,3	  38,8	  40,1	  39,1	  16,2
s	    24,9689	 4	282,79	 89,40	  22,7	  33,3	  37,4	  38,3	  39,7	  40,0	  39,3	  16,3
s	    25,0774	 6	240,53	107,89	  21,2	  32,4	  36,5	  36,9	  38,4	  39,7	  39,0	  16,1
s	    25,0866	 4	282,37	 95,30	  23,4	  33,7	  37,7	  38,5	  39,9	  40,4	  39,2	  16,3
s	    25,2110	 4	282,39	 83,04	  22,4	  32,7	  36,8	  37,3	  38,8	  39,9	  39,2	  16,3
s	    25,2870	 5	240,86	 70,53	  21,1	  31,9	  35,8	  36,1	  37,5	  39,7	  39,1	  16,1
s	    25,3120	 7	102,71	 41,45	  19,4	  29,9	  33,5	  33,0	  34,6	  38,6	  37,8	  14,1
s	    25,3284	 5	282,78	 95,29	  22,4	  33,2	  37,4	  38,2	  39,5	  39,9	  39,1	  16,1
s	    25,4501	 6	240,40	 70,58	  20,1	  31,4	  35,5	  35,7	  37,2	  39,2	  39,0	  16,0
s	    25,4524	 5	282,80	 83,06	  21,4	  32,2	  36,4	  37,0	  38,4	  39,4	  39,1	  16,1
s	    25,4912	 8	106,56	137,79	  19,9	  31,0	  34,8	  34,6	  36,1	  39,3	  38,5	  15,5
s	    25,7909	 5	285,63	101,62	  22,1	  32,6	  36,6	  37,2	  38,6	  39,8	  39,0	  16,0
s	    25,8388	 5	240,43	114,46	  21,1	  31,3	  35,1	  35,2	  36,7	  39,0	  38,0	  14,2
s	    25,8664	 8	101,78	137,49	  20,1	  31,2	  35,0	  34,8	  36,3	  39,5	  38,7	  15,7
s	    25,9141	 5	285,67	 77,19	  22,1	  32,6	  36,6	  37,2	  38,6	  39,8	  39,0	  16,0
s	    26,0850	 5	240,25	 64,46	  21,6	  32,0	  35,8	  36,0	  37,5	  39,8	  38,7	  15,7
s	    26,2418	 5	283,13	107,56	  22,6	  32,7	  36,6	  37,1	  38,6	  39,9	  38,7	  15,7
s	    26,3353	 5	282,36	101,53	  22,0	  32,5	  36,6	  37,1	  38,5	  39,7	  38,9	  15,9
s	    26,4577	 5	282,39	 77,28	  22,0	  32,5	  36,6	  37,1	  38,5	  39,7	  38,9	  15,8
s	    26,5731	 6	282,77	101,49	  21,0	  32,1	  36,2	  36,8	  38,1	  39,2	  38,8	  15,7
s	    26,6951	 6	282,81	 77,32	  21,0	  32,0	  36,2	  36,8	  38,1	  39,2	  38,8	  15,7
s	    26,7242	 8	101,61	 42,67	  19,0	  30,1	  33,9	  33,5	  35,1	  39,0	  38,5	  15,5
s	    26,7873	 8	106,31	 42,05	  20,0	  30,9	  34,8	  34,7	  36,2	  39,1	  38,5	  15,4
s	    27,1155	 6	237,65	114,51	  21,7	  32,4	  36,4	  36,9	  38,4	  39,6	  38,7	  15,6
s	    27,1155	 6	237,46	 64,84	  20,7	  31,6	  35,6	  35,8	  37,2	  39,4	  38,7	  15,6
s	    27,7258	 6	285,62	107,20	  21,7	  32,3	  36,4	  36,9	  38,3	  39,5	  38,6	  15,4
s	    27,8642	 6	241,00	113,76	  20,6	  31,5	  35,5	  35,7	  37,2	  39,3	  38,6	  15,4
s	    28,0218	 7	240,55	113,70	  19,6	  31,1	  35,1	  35,3	  36,8	  38,8	  38,5	  15,2
s	    28,0857	 6	285,68	 71,22	  20,6	  31,4	  35,4	  35,7	  37,1	  39,1	  38,6	  15,3
s	    28,1039	 6	240,83	 65,17	  20,6	  31,5	  35,5	  35,7	  37,1	  39,3	  38,6	  15,3
s	    28,2566	 6	282,35	107,07	  21,6	  32,3	  36,3	  36,8	  38,2	  39,5	  38,5	  15,3
s	    28,2610	 7	240,38	 65,23	  19,6	  31,0	  35,1	  35,3	  36,7	  38,8	  38,4	  15,2
s	    28,3331	 8	234,88	114,10	  19,4	  30,8	  35,0	  35,2	  36,6	  38,5	  38,3	  15,1
s	    28,4884	 7	282,76	107,02	  20,6	  31,8	  36,0	  36,5	  37,8	  39,0	  38,4	  15,1
s	    28,6379	 8	 43,67	 44,10	  18,8	  29,3	  33,0	  32,5	  34,0	  37,9	  37,2	  13,2
s	    28,8447	 7	282,82	 71,40	  19,5	  30,8	  35,0	  35,3	  36,6	  38,5	  38,3	  15,1
s	    29,1421	 6	283,12	113,30	  20,5	  30,8	  34,6	  34,7	  36,2	  38,3	  37,4	  13,3
s	    29,3190	 6	240,45	119,53	  21,0	  31,5	  35,4	  35,5	  37,0	  39,3	  38,1	  14,8
s	    29,3779	 6	283,19	 65,56	  21,0	  31,4	  35,3	  35,5	  37,0	  39,1	  38,1	  14,8
s	    29,9057	 6	240,23	 59,06	  19,4	  29,9	  33,6	  33,5	  35,0	  38,0	  37,3	  13,1
s	    30,3073	 7	237,67	119,13	  20,1	  31,2	  35,2	  35,3	  36,8	  39,0	  38,1	  14,7
s	    30,5717	 7	285,60	112,85	  20,1	  31,1	  35,1	  35,3	  36,7	  38,7	  38,1	  14,6
s	    30,7156	 8	102,92	142,63	  18,5	  29,2	  32,8	  32,3	  33,8	  37,9	  36,9	  12,7
s	    31,0383	 7	285,69	 65,64	  21,1	  31,8	  35,9	  36,4	  37,8	  38,8	  38,0	  14,5
s	    31,0835	 7	282,34	112,68	  20,0	  31,0	  35,0	  35,2	  36,6	  38,7	  38,0	  14,5
s	    31,1770	 8	102,69	 37,86	  19,0	  29,8	  33,5	  33,0	  34,6	  38,6	  37,6	  14,2
s	    31,1811	 7	237,44	 59,13	  20,0	  31,0	  35,0	  35,2	  36,6	  38,6	  38,0	  14,5
s	    31,2560	 7	241,02	118,73	  20,0	  31,1	  35,1	  35,2	  36,7	  38,9	  38,0	  14,5
s	    31,3071	 8	282,75	112,62	  19,0	  30,5	  34,7	  34,9	  36,3	  38,2	  37,9	  14,4
s	    31,4070	 8	240,57	118,67	  19,0	  30,6	  34,7	  34,9	  36,3	  38,4	  37,8	  14,3
s	    31,5364	 8	282,83	 66,25	  19,0	  30,5	  34,7	  34,9	  36,2	  38,1	  37,8	  14,3
s	    31,8285	 7	240,81	 59,87	  18,9	  30,1	  34,1	  34,0	  35,4	  38,4	  37,9	  14,4
s	    31,9784	 8	240,35	 59,93	  17,9	  29,6	  33,7	  33,7	  35,1	  37,9	  37,8	  14,2
s	    32,4805	 7	283,11	118,21	  20,4	  31,0	  34,9	  35,1	  36,5	  38,7	  37,6	  14,0
s	    33,0444	 7	283,20	 60,32	  18,8	  29,4	  33,2	  33,1	  34,5	  37,4	  36,7	  12,3
s	    33,6850	 7	240,47	124,47	  18,7	  29,4	  33,2	  33,0	  34,5	  37,5	  36,6	  12,1
s	    33,8521	 8	285,59	117,70	  19,5	  30,7	  34,7	  34,8	  36,3	  38,3	  37,5	  13,8
s	    34,0188	 7	240,21	 54,53	  19,2	  30,1	  33,9	  33,7	  35,2	  38,3	  37,3	  13,6
s	    34,8949	 8	282,42	 61,03	  18,4	  29,6	  33,7	  33,6	  35,0	  37,7	  37,4	  13,5
s	    34,9514	 8	237,70	124,36	  19,4	  30,5	  34,6	  34,7	  36,1	  38,2	  37,3	  13,5
s	    34,9514	 8	237,41	 54,99	  18,4	  29,7	  33,7	  33,6	  35,0	  38,0	  37,3	  13,5
s	    35,5214	 8	241,05	123,60	  18,3	  29,7	  33,6	  33,5	  35,0	  37,9	  37,3	  13,4
s	    35,8480	 8	240,79	 55,40	  18,3	  29,7	  33,6	  33,5	  34,9	  37,9	  37,2	  13,3
s	    36,6845	 8	283,10	123,03	  18,2	  28,9	  32,8	  32,6	  34,0	  36,9	  36,1	  11,3
s	    37,0067	 8	283,21	 55,89	  18,7	  29,6	  33,5	  33,3	  34,8	  37,7	  36,8	  12,8
s	    38,0916	 2	137,40	 90,07	  22,5	  32,0	  35,9	  36,7	  38,2	  38,6	  36,5	  11,7
s	    38,2305	 8	240,50	128,58	  18,5	  29,6	  33,4	  33,2	  34,7	  37,8	  36,7	  12,5
s	    38,3968	 3	137,42	 95,07	  22,2	  31,9	  35,8	  36,6	  38,1	  38,5	  36,4	  11,5
s	    38,9670	 8	240,18	 50,16	  16,9	  27,9	  31,7	  31,2	  32,7	  36,5	  35,8	  10,8
s	    39,2984	 3	136,09	 90,08	  22,1	  32,2	  36,2	  37,0	  38,4	  38,7	  37,3	  13,1
s	    39,5994	 4	136,11	 95,01	  21,9	  32,1	  36,1	  36,9	  38,3	  38,6	  37,1	  12,9
s	    41,0970	 5	137,47	105,15	  21,0	  31,2	  35,0	  35,5	  37,0	  38,2	  36,6	  12,2
s	    41,1197	 3	138,53	 90,07	  21,9	  32,0	  36,0	  36,9	  38,3	  38,5	  37,1	  12,7
s	    41,4034	 5	137,32	 74,66	  19,4	  29,5	  33,4	  33,5	  35,0	  37,0	  35,8	  10,6
s	    41,4071	 4	138,21	 90,07	  20,9	  31,5	  35,7	  36,5	  37,9	  38,0	  36,9	  12,5
s	    41,4147	 4	138,56	 94,90	  21,7	  31,9	  35,9	  36,7	  38,1	  38,4	  36,9	  12,5
s	    41,5165	 4	138,51	 84,87	  20,7	  31,0	  35,0	  35,6	  37,0	  38,0	  36,9	  12,5
s	    41,7011	 5	138,23	 94,89	  20,7	  31,4	  35,6	  36,4	  37,7	  38,0	  36,8	  12,3
s	    41,8027	 5	138,18	 84,89	  19,7	  30,5	  34,7	  35,2	  36,6	  37,5	  36,7	  12,3
s	    42,2792	 4	137,08	 84,92	  20,6	  31,0	  35,0	  35,5	  36,9	  38,2	  36,8	  12,3
s	    42,4394	 5	138,58	100,03	  20,3	  30,8	  34,9	  35,4	  36,8	  37,9	  36,7	  12,2
s	    42,5662	 6	136,01	 74,87	  19,1	  29,9	  33,9	  34,1	  35,5	  37,4	  36,5	  12,0
s	    42,6445	 5	138,48	 79,76	  21,4	  31,6	  35,7	  36,5	  37,9	  38,0	  36,6	  12,1
s	    42,7227	 6	138,26	100,00	  19,3	  30,4	  34,5	  35,0	  36,4	  37,4	  36,5	  12,0
s	    42,9271	 6	138,16	 79,79	  20,4	  31,1	  35,4	  36,2	  37,5	  37,6	  36,5	  11,9
s	    43,1944	 5	137,15	 99,96	  20,3	  30,9	  34,8	  35,3	  36,8	  38,0	  36,6	  12,0
s	    43,5302	 6	137,50	110,06	  19,0	  29,3	  33,1	  33,2	  34,7	  36,7	  35,4	  10,0
s	    44,0268	 6	138,61	104,66	  20,0	  30,6	  34,7	  35,1	  36,5	  37,7	  36,3	  11,7
s	    44,3052	 7	138,28	104,62	  19,0	  30,2	  34,3	  34,8	  36,2	  37,2	  36,2	  11,5
s	    44,3235	 6	138,46	 75,16	  18,9	  29,7	  33,7	  34,0	  35,4	  37,2	  36,3	  11,6
s	    44,3265	 6	137,17	103,43	  17,9	  29,2	  34,3	  35,0	  36,5	  37,8	  36,3	  11,6
s	    44,6010	 7	138,13	 75,20	  17,9	  29,2	  33,4	  33,6	  35,0	  36,7	  36,2	  11,5
s	    44,6666	 7	136,19	109,82	  18,7	  29,6	  33,6	  33,8	  35,2	  37,1	  36,1	  11,5
s	    44,7690	 7	137,17	104,55	  18,7	  29,6	  33,6	  33,8	  35,2	  37,1	  36,1	  11,4
s	    45,7569	 7	139,58	 80,10	  18,8	  29,9	  34,2	  34,7	  36,0	  36,8	  36,0	  11,2
s	    46,0302	 8	139,26	 80,13	  17,8	  29,4	  33,8	  34,3	  35,6	  36,3	  35,9	  11,1
s	    46,2443	 8	138,12	 71,87	  15,5	  27,5	  32,8	  33,2	  34,6	  36,4	  35,8	  11,0
s	    46,3849	 7	138,64	109,44	  18,5	  29,5	  33,5	  33,7	  35,1	  37,0	  35,9	  11,1
s	    46,6564	 8	138,31	109,38	  17,5	  29,0	  33,1	  33,3	  34,7	  36,5	  35,8	  10,9
s	    46,7544	 3	 15,44	 89,93	  21,4	  31,0	  35,0	  35,8	  37,2	  37,4	  35,3	   9,7
s	    46,8453	 7	137,27	 65,51	  17,4	  28,0	  31,8	  31,7	  33,1	  35,9	  34,8	   9,2
s	    46,8831	 7	137,01	 71,63	  17,5	  28,8	  34,0	  34,7	  36,1	  37,2	  35,9	  11,0
s	    47,0320	 4	 15,41	 94,48	  21,2	  30,9	  34,9	  35,7	  37,1	  37,3	  35,1	   9,5
s	    47,8033	 3	209,84	 89,63	  20,6	  30,6	  34,6	  35,5	  36,9	  37,1	  35,2	   9,4
s	    47,8528	 4	 16,67	 89,94	  21,1	  31,2	  35,3	  36,1	  37,5	  37,6	  36,1	  11,1
s	    47,9425	 8	135,96	 65,82	  17,1	  28,3	  32,4	  32,3	  33,7	  36,4	  35,6	  10,6
s	    48,0778	 4	209,87	 94,13	  20,3	  30,5	  34,6	  35,4	  36,7	  37,0	  35,0	   9,3
s	    48,0920	 5	 15,50	 80,55	  20,3	  30,4	  34,3	  34,8	  36,2	  37,3	  35,7	  10,7
s	    48,1271	 5	 16,64	 94,43	  20,8	  31,1	  35,2	  36,0	  37,4	  37,5	  35,9	  10,9
s	    48,1726	 4	209,81	 84,79	  19,3	  29,6	  33,6	  34,2	  35,6	  36,6	  35,0	   9,2
s	    49,0325	 5	209,90	 98,92	  19,0	  29,3	  33,3	  33,7	  35,1	  36,2	  34,8	   8,9
s	    49,1265	 5	209,79	 80,36	  19,5	  30,0	  34,0	  34,5	  35,9	  37,0	  35,6	  10,5
s	    49,1753	 6	 16,73	 80,67	  19,5	  30,0	  34,2	  34,7	  36,0	  36,9	  35,7	  10,6
s	    49,3725	 8	137,25	 62,48	  15,5	  26,9	  31,9	  32,0	  33,5	  36,3	  35,2	  10,1
s	    49,3751	 4	210,86	 89,63	  20,2	  30,8	  34,9	  35,8	  37,1	  37,2	  35,9	  10,8
s	    49,4945	 6	 15,35	103,69	  20,0	  30,2	  34,2	  34,6	  36,0	  37,1	  35,4	  10,3
s	    49,6035	 8	138,41	 66,25	  17,0	  28,2	  32,2	  32,1	  33,5	  36,2	  35,4	  10,3
s	    49,6452	 5	210,88	 94,06	  20,0	  30,7	  34,9	  35,6	  37,0	  37,1	  35,7	  10,6
s	    49,7385	 5	210,83	 84,87	  18,9	  29,8	  33,9	  34,5	  35,8	  36,7	  35,7	  10,6
s	    49,8144	 4	 14,65	 85,17	  20,4	  30,4	  34,3	  34,8	  36,2	  37,3	  35,6	  10,4
s	    49,8678	 4	 14,50	 89,93	  20,9	  31,0	  35,1	  35,9	  37,3	  37,4	  35,8	  10,7
s	    49,9765	 8	137,55	118,71	  16,9	  27,7	  31,5	  31,3	  32,7	  35,5	  34,3	   8,4
s	    50,1297	 5	 14,80	 89,93	  19,9	  30,5	  34,8	  35,6	  36,9	  36,9	  35,7	  10,5
s	    50,1366	 5	 14,47	 94,33	  20,7	  30,9	  35,0	  35,8	  37,2	  37,3	  35,7	  10,5
s	    50,3978	 6	 14,77	 94,32	  19,7	  30,4	  34,7	  35,5	  36,8	  36,8	  35,5	  10,3
s	    50,5143	 6	209,92	103,25	  19,1	  29,8	  33,8	  34,3	  35,7	  36,8	  35,3	  10,1
s	    50,5849	 6	210,91	 98,77	  18,6	  29,6	  33,8	  34,3	  35,7	  36,6	  35,5	  10,3
s	    50,6601	 5	 14,56	 99,06	  19,6	  29,6	  33,4	  33,8	  35,3	  36,4	  34,6	   8,6
s	    50,6773	 6	210,80	 80,50	  18,6	  29,6	  33,8	  34,3	  35,6	  36,6	  35,5	  10,3
s	    50,7915	 6	209,76	 75,71	  17,6	  28,2	  32,2	  32,3	  33,7	  35,5	  34,5	   8,5
s	    50,8789	 5	 15,86	 85,23	  19,6	  30,1	  34,1	  34,6	  36,0	  37,0	  35,6	  10,3
s	    51,1636	 6	 14,56	 80,85	  19,3	  29,9	  34,0	  34,5	  35,8	  36,7	  35,4	  10,2
s	    51,4221	 7	 14,86	 80,87	  18,3	  29,4	  33,6	  34,2	  35,4	  36,2	  35,3	  10,0
s	    51,7156	 6	 15,77	 98,97	  19,3	  30,0	  34,0	  34,4	  35,8	  36,9	  35,4	  10,1
s	    52,0437	 7	210,93	103,03	  18,3	  29,5	  33,6	  34,1	  35,4	  36,4	  35,2	   9,9
s	    52,3168	 7	210,77	 75,92	  17,2	  28,5	  32,7	  32,9	  34,2	  36,0	  35,2	   9,8
s	    52,3907	 6	 14,71	 76,23	  18,2	  28,5	  32,3	  32,4	  33,9	  35,8	  34,3	   8,1
s	    52,5234	 7	 14,41	103,27	  19,0	  29,7	  33,8	  34,3	  35,6	  36,6	  35,2	   9,8
s	    52,7213	 7	209,95	107,74	  17,2	  28,0	  32,0	  32,1	  33,5	  35,3	  34,1	   7,9
s	    52,7524	 7	 15,74	102,16	  17,0	  28,3	  33,4	  34,1	  35,6	  36,6	  35,1	   9,7
s	    52,7785	 8	 14,71	103,23	  18,0	  29,2	  33,5	  33,9	  35,2	  36,1	  35,0	   9,6
s	    52,7952	 7	 14,59	 76,29	  17,9	  28,8	  32,9	  33,1	  34,4	  36,1	  35,1	   9,7
s	    52,9022	 7	209,73	 71,56	  17,7	  28,6	  32,7	  32,9	  34,2	  36,1	  34,9	   9,5
s	    52,9383	 5	 13,76	 85,31	  19,4	  29,9	  33,9	  34,4	  35,8	  36,8	  35,3	   9,9
s	    53,0495	 8	 14,89	 76,32	  16,9	  28,3	  32,5	  32,8	  34,0	  35,6	  35,0	   9,6
s	    53,1922	 6	 14,06	 85,33	  18,4	  29,4	  33,6	  34,1	  35,4	  36,3	  35,2	   9,7
s	    53,4283	 7	 15,91	 76,38	  17,9	  28,8	  32,9	  33,0	  34,4	  36,3	  35,0	   9,6
s	    53,7581	 6	 13,67	 98,78	  19,1	  29,8	  33,8	  34,3	  35,6	  36,7	  35,1	   9,6
s	    53,8362	 8	210,76	 72,82	  14,9	  26,8	  32,1	  32,6	  33,9	  35,7	  34,9	   9,4
s	    54,0100	 7	 13,97	 98,76	  18,1	  29,3	  33,5	  33,9	  35,3	  36,2	  35,0	   9,5
s	    54,2179	 8	210,96	107,47	  16,8	  28,3	  32,5	  32,7	  34,0	  35,7	  34,8	   9,3
s	    54,7763	 8	 15,59	 67,37	  16,5	  27,1	  31,0	  30,9	  32,3	  34,9	  33,7	   7,4
s	    54,8650	 8	 14,38	107,99	  18,6	  29,3	  33,5	  34,0	  35,3	  36,1	  34,8	   9,2
s	    55,1723	 8	 13,64	102,92	  17,5	  28,5	  32,6	  32,8	  34,1	  35,8	  34,7	   9,1
s	    55,7444	 8	209,70	 67,30	  15,7	  26,8	  30,7	  30,6	  31,9	  34,6	  33,6	   7,2
s	    56,1632	 8	 14,48	110,73	  15,9	  27,2	  32,2	  32,6	  34,0	  36,0	  34,4	   8,7
s	    57,6864	 4	310,65	 89,55	  20,4	  30,0	  33,9	  34,7	  36,0	  36,1	  33,8	   7,2
s	    57,9355	 5	310,63	 93,63	  20,2	  29,9	  33,9	  34,6	  35,9	  36,1	  33,6	   7,0
s	    58,0215	 5	310,67	 85,16	  18,2	  28,6	  32,7	  33,2	  34,6	  35,4	  33,7	   7,1
s	    58,8025	 6	310,61	 97,98	  18,9	  28,7	  32,6	  33,0	  34,3	  35,3	  33,4	   6,7
s	    58,8879	 6	310,69	 81,13	  18,4	  29,0	  33,1	  33,6	  34,9	  35,8	  34,3	   8,3
s	    59,1139	 5	309,66	 89,55	  20,1	  30,2	  34,2	  35,1	  36,3	  36,3	  34,5	   8,6
s	    59,3597	 6	309,64	 93,57	  19,8	  30,1	  34,2	  35,0	  36,2	  36,2	  34,4	   8,4
s	    59,4446	 6	309,68	 85,21	  17,9	  28,8	  33,0	  33,6	  34,8	  35,5	  34,4	   8,4
s	    60,1511	 7	310,59	101,94	  19,0	  29,2	  33,2	  33,6	  34,9	  35,9	  33,9	   7,9
s	    60,2154	 7	309,63	 97,87	  18,5	  29,1	  33,1	  33,6	  34,9	  35,7	  34,2	   8,1
s	    60,2997	 7	309,70	 81,23	  17,6	  28,6	  32,9	  33,4	  34,7	  35,4	  34,2	   8,2
s	    60,4038	 7	310,71	 76,88	  17,5	  27,6	  31,5	  31,7	  32,9	  34,7	  33,1	   6,3
s	    60,4879	 5	311,76	 89,56	  20,0	  30,1	  34,1	  34,9	  36,2	  36,2	  34,4	   8,3
s	    60,7306	 6	311,74	 93,53	  19,7	  30,0	  34,1	  34,8	  36,1	  36,1	  34,2	   8,1
s	    60,8144	 6	311,78	 85,28	  17,8	  28,6	  32,9	  33,4	  34,7	  35,4	  34,3	   8,2
s	    60,8327	 6	311,52	 89,56	  19,0	  29,6	  33,8	  34,6	  35,8	  35,7	  34,2	   8,1
s	    61,0746	 7	311,50	 93,52	  18,7	  29,5	  33,7	  34,5	  35,7	  35,6	  34,1	   7,9
s	    61,1582	 7	311,53	 85,29	  16,8	  28,2	  32,6	  33,1	  34,3	  34,9	  34,1	   8,0
s	    61,5466	 8	309,61	101,77	  18,2	  28,9	  33,0	  33,4	  34,7	  35,5	  33,9	   7,7
s	    61,5756	 7	311,72	 97,78	  18,4	  29,0	  33,0	  33,5	  34,8	  35,6	  34,0	   7,8
s	    61,6588	 7	311,80	 81,35	  17,5	  28,5	  32,8	  33,3	  34,6	  35,3	  34,1	   7,9
s	    61,7962	 8	309,72	 77,04	  17,1	  28,0	  32,0	  32,3	  33,5	  35,1	  33,9	   7,7
s	    61,9170	 8	311,48	 97,75	  17,4	  28,5	  32,7	  33,2	  34,4	  35,1	  33,9	   7,6
s	    62,0000	 8	311,55	 81,37	  16,5	  28,1	  32,4	  32,9	  34,2	  34,8	  33,9	   7,7
s	    62,3315	 8	310,72	 73,06	  17,6	  28,1	  32,0	  32,2	  33,5	  35,2	  33,6	   7,3
s	    62,8906	 8	311,71	101,64	  18,1	  28,8	  32,9	  33,3	  34,6	  35,4	  33,8	   7,4
s	    63,1371	 8	311,82	 77,20	  17,0	  27,9	  31,9	  32,1	  33,4	  35,0	  33,7	   7,4
s	    76,4657	 5	221,29	 89,61	  16,4	  27,4	  31,7	  32,5	  33,8	  33,6	  31,6	   3,4
s	    76,6773	 6	221,31	 93,08	  16,1	  27,4	  31,7	  32,4	  33,7	  33,6	  31,5	   3,2
s	    76,7505	 6	221,27	 85,88	  15,1	  26,4	  30,7	  31,3	  32,5	  33,1	  31,5	   3,2
s	    77,4154	 7	221,33	 96,79	  14,8	  26,2	  30,4	  30,8	  32,1	  32,8	  31,3	   3,0
s	    78,5665	 8	221,34	100,18	  15,0	  26,7	  31,0	  31,5	  32,7	  33,4	  31,9	   4,2
s	    78,5825	 6	220,03	 89,62	  16,0	  27,6	  32,0	  32,8	  34,0	  33,7	  32,3	   4,6
s	    78,7827	 8	221,24	 78,79	  13,5	  25,1	  29,4	  29,5	  30,7	  32,2	  31,1	   2,6
s	    78,7907	 7	220,04	 93,03	  15,8	  27,5	  31,9	  32,7	  33,9	  33,7	  32,2	   4,5
s	    78,8626	 7	220,01	 85,95	  14,7	  26,6	  31,0	  31,5	  32,7	  33,3	  32,2	   4,5
s	    79,5165	 8	220,06	 96,68	  14,5	  26,5	  30,9	  31,4	  32,6	  33,2	  32,0	   4,2
s	    79,6623	 8	219,99	 82,31	  15,5	  27,3	  31,8	  32,6	  33,7	  33,3	  32,0	   4,2
s	    94,0082	 6	149,90	 86,80	  15,5	  26,5	  30,6	  31,1	  32,3	  33,0	  30,8	   1,7
s	    94,1891	 7	149,68	 86,80	  14,5	  26,0	  30,3	  30,8	  32,0	  32,5	  30,7	   1,6
s	    94,2012	 5	  5,89	 89,92	  16,7	  26,8	  31,0	  31,8	  33,0	  32,7	  29,8	  -0,0
s	    94,3866	 6	  5,87	 92,96	  16,5	  26,8	  30,9	  31,7	  32,9	  32,6	  29,7	  -0,2
s	    94,5929	 7	149,96	 96,39	  15,2	  26,4	  30,5	  31,0	  32,2	  32,9	  30,6	   1,5
s	    94,7731	 8	149,73	 96,38	  14,2	  25,9	  30,2	  30,6	  31,8	  32,4	  30,5	   1,3
s	    95,0974	 7	  5,93	 83,63	  15,2	  25,8	  29,9	  30,4	  31,6	  32,1	  29,5	  -0,4
s	    95,4325	 5	194,48	 89,79	  15,9	  26,5	  30,7	  31,5	  32,7	  32,4	  29,7	  -0,2
s	    95,6163	 6	194,50	 92,80	  15,6	  26,4	  30,6	  31,4	  32,6	  32,3	  29,6	  -0,4
s	    95,7975	 8	149,86	 80,55	  13,9	  25,3	  29,5	  29,6	  30,9	  32,4	  30,4	   1,2
s	    96,0444	 8	  5,82	 99,20	  15,4	  26,2	  30,3	  30,8	  32,0	  32,5	  30,1	   0,9
s	    96,3211	 7	194,43	 83,55	  14,4	  25,4	  29,6	  30,1	  31,3	  31,8	  29,4	  -0,6
s	    96,4888	 6	195,30	 89,78	  15,6	  26,7	  31,1	  31,9	  33,0	  32,6	  30,5	   1,2
s	    96,6713	 7	195,32	 92,77	  15,4	  26,6	  31,0	  31,8	  32,9	  32,5	  30,4	   1,1
s	    97,2602	 8	194,54	 98,99	  14,6	  25,8	  30,0	  30,5	  31,7	  32,2	  30,0	   0,6
s	    97,3710	 8	195,26	 83,59	  14,1	  25,6	  30,0	  30,5	  31,6	  32,0	  30,2	   0,9
s	    97,8929	 4	 85,98	 96,44	  14,4	  24,9	  29,7	  30,3	  31,8	  32,7	  29,6	  -0,6
s	    98,0611	 8	  5,69	 86,73	  14,0	  25,6	  30,0	  30,4	  31,6	  32,0	  30,2	   0,7
s	    98,3915	 6	193,93	 86,61	  15,0	  26,0	  30,1	  30,6	  31,8	  32,5	  30,1	   0,7
s	    98,5676	 6	193,87	 89,79	  15,5	  26,6	  30,9	  31,7	  32,9	  32,4	  30,3	   0,9
s	    98,7475	 7	193,89	 92,74	  15,2	  26,5	  30,9	  31,6	  32,8	  32,4	  30,2	   0,7
s	    98,8233	 7	194,07	 89,79	  14,5	  26,1	  30,6	  31,4	  32,5	  32,0	  30,2	   0,7
s	    98,9588	 7	193,99	 95,92	  14,7	  25,9	  30,0	  30,5	  31,7	  32,4	  30,0	   0,4
s	    99,0029	 8	194,09	 92,74	  14,3	  26,0	  30,6	  31,3	  32,4	  31,9	  30,1	   0,6
s	    99,4267	 7	194,74	 86,63	  14,2	  25,7	  30,0	  30,4	  31,6	  32,2	  30,1	   0,6
s	    99,4374	 8	193,83	 83,69	  13,9	  25,5	  29,9	  30,4	  31,5	  31,9	  30,0	   0,5
s	    99,5975	 5	 66,05	 96,34	  14,1	  24,6	  29,5	  30,1	  31,5	  32,3	  29,3	  -1,0
s	    99,9900	 8	194,80	 95,87	  13,9	  25,6	  29,9	  30,3	  31,5	  32,1	  30,0	   0,4
s	   100,1878	 5	 85,86	 96,35	  14,1	  25,2	  30,2	  30,9	  32,3	  33,1	  30,3	   0,7
s	   100,2688	 6	 86,08	 96,34	  13,1	  24,7	  29,9	  30,6	  31,9	  32,7	  30,2	   0,5
s	   100,3518	 6	 64,72	 96,30	  13,8	  25,0	  30,1	  30,8	  32,1	  32,9	  30,2	   0,5
s	   101,5353	 7	193,34	 86,68	  14,0	  25,6	  29,8	  30,3	  31,5	  32,0	  30,0	   0,2
s	   101,7860	 8	193,54	 86,69	  13,1	  25,1	  29,5	  30,0	  31,1	  31,5	  29,8	   0,0
s	   101,9848	 7	 66,01	 96,24	  12,8	  24,4	  29,7	  30,4	  31,7	  32,3	  29,9	   0,1
s	   102,0908	 8	193,40	 95,80	  13,8	  25,5	  29,8	  30,2	  31,4	  31,9	  29,8	  -0,0
s	   102,8477	 8	136,83	 96,12	  13,7	  25,0	  29,2	  29,6	  30,8	  31,3	  28,7	  -1,9
s	   104,3559	 6	323,05	 89,66	  15,1	  25,8	  30,1	  30,9	  32,0	  31,5	  28,8	  -2,0
s	   104,4587	 8	137,96	 96,05	  14,2	  25,4	  29,6	  30,0	  31,2	  31,7	  29,3	  -0,7
s	   104,5290	 7	323,03	 92,50	  14,9	  25,7	  30,0	  30,8	  31,9	  31,4	  28,6	  -2,1
s	   104,6239	 8	 85,99	 72,32	  11,6	  23,1	  28,0	  28,0	  29,5	  32,1	  29,3	  -0,7
s	   104,8920	 7	137,37	 87,10	  13,9	  25,0	  29,2	  29,6	  30,8	  31,5	  28,6	  -2,2
s	   105,1929	 8	323,08	 83,78	  13,6	  24,7	  29,0	  29,5	  30,6	  30,9	  28,5	  -2,4
s	   105,3509	 7	322,26	 89,66	  14,9	  26,0	  30,5	  31,3	  32,4	  31,7	  29,6	  -0,5
s	   105,5229	 8	322,25	 92,47	  14,6	  25,9	  30,4	  31,2	  32,3	  31,7	  29,5	  -0,6
s	   107,3379	 7	323,53	 86,66	  14,2	  25,3	  29,5	  30,0	  31,2	  31,6	  29,2	  -1,1
s	   107,4661	 2	 85,44	 90,28	  17,3	  27,3	  31,2	  32,0	  33,4	  33,3	  29,9	  -0,3
s	   107,5335	 7	323,59	 89,66	  14,7	  25,9	  30,3	  31,1	  32,2	  31,6	  29,4	  -0,9
s	   107,6357	 3	 85,44	 93,06	  17,1	  27,3	  31,2	  31,9	  33,3	  33,2	  29,8	  -0,5
s	   107,6944	 3	 85,45	 87,28	  16,8	  26,8	  30,5	  31,0	  32,4	  33,2	  29,8	  -0,5
s	   107,7031	 8	323,57	 92,44	  14,5	  25,8	  30,3	  31,0	  32,1	  31,5	  29,3	  -1,0
s	   107,7746	 8	323,39	 89,66	  13,7	  25,4	  30,0	  30,8	  31,8	  31,1	  29,3	  -1,0
s	   107,8727	 8	323,49	 95,44	  14,0	  25,2	  29,4	  29,8	  31,0	  31,5	  29,0	  -1,3
s	   108,2865	 4	 85,45	 84,52	  15,6	  26,0	  29,9	  30,4	  31,7	  32,5	  29,4	  -0,9
s	   108,3140	 8	322,76	 86,68	  13,4	  25,0	  29,4	  29,8	  31,0	  31,3	  29,2	  -1,1
s	   109,0671	 3	 66,85	 90,25	  17,0	  27,1	  31,0	  31,8	  33,1	  32,9	  29,7	  -0,7
s	   109,1543	 5	 85,44	 98,78	  15,3	  25,9	  29,8	  30,3	  31,6	  32,4	  29,2	  -1,2
s	   109,2350	 4	 66,84	 93,00	  16,8	  27,0	  31,0	  31,7	  33,0	  32,9	  29,6	  -0,9
s	   109,2931	 4	 66,85	 87,29	  15,8	  26,1	  30,1	  30,6	  31,9	  32,5	  29,6	  -0,9
s	   109,3286	 5	 85,45	 81,57	  14,5	  24,7	  28,4	  28,5	  29,9	  31,6	  28,4	  -2,8
s	   109,7763	 4	 65,60	 90,25	  16,0	  26,6	  30,7	  31,5	  32,7	  32,4	  29,5	  -1,0
s	   109,7765	 3	 85,33	 90,28	  16,2	  26,7	  30,8	  31,6	  32,9	  32,7	  29,6	  -0,9
s	   109,8792	 5	 66,86	 84,55	  15,3	  25,8	  29,8	  30,2	  31,5	  32,1	  29,2	  -1,3
s	   109,9435	 5	 65,60	 92,99	  15,8	  26,5	  30,6	  31,4	  32,6	  32,4	  29,4	  -1,1
s	   109,9437	 4	 85,33	 93,02	  16,0	  26,7	  30,7	  31,5	  32,8	  32,6	  29,5	  -1,0
s	   110,0013	 5	 65,61	 87,30	  15,5	  26,0	  30,0	  30,5	  31,7	  32,4	  29,4	  -1,1
s	   110,0015	 4	 85,34	 87,33	  15,7	  26,2	  30,1	  30,5	  31,9	  32,6	  29,5	  -1,0
s	   110,5225	 8	324,06	 86,73	  13,3	  24,9	  29,2	  29,7	  30,8	  31,1	  29,0	  -1,5
s	   110,5496	 6	 85,44	101,69	  14,2	  24,6	  28,3	  28,4	  29,7	  31,5	  28,2	  -3,1
s	   110,5848	 6	 65,62	 84,57	  14,5	  25,5	  29,6	  30,1	  31,3	  31,9	  29,2	  -1,3
s	   110,5850	 5	 85,34	 84,60	  14,7	  25,7	  29,7	  30,2	  31,5	  32,1	  29,3	  -1,2
s	   110,6648	 6	 85,45	 78,88	  14,0	  24,9	  28,8	  28,9	  30,3	  31,9	  29,0	  -1,6
s	   110,7383	 6	 66,82	 98,66	  15,0	  25,7	  29,7	  30,1	  31,4	  32,0	  29,0	  -1,6
s	   111,3544	 4	 67,01	 90,25	  15,9	  26,5	  30,6	  31,4	  32,6	  32,3	  29,4	  -1,2
s	   111,4402	 7	 65,58	 98,62	  14,2	  25,4	  29,5	  30,0	  31,2	  31,8	  29,0	  -1,6
s	   111,4403	 6	 85,33	 98,66	  14,5	  25,6	  29,6	  30,1	  31,3	  32,0	  29,1	  -1,5
s	   111,4658	 5	 66,80	 90,25	  15,0	  26,0	  30,3	  31,1	  32,3	  31,9	  29,3	  -1,4
s	   111,5199	 5	 67,00	 92,96	  15,7	  26,4	  30,6	  31,3	  32,5	  32,3	  29,3	  -1,4
s	   111,5242	 8	317,99	 89,64	  12,8	  24,4	  29,0	  29,8	  30,9	  30,1	  27,9	  -3,5
s	   111,5772	 5	 67,01	 87,33	  14,7	  25,5	  29,6	  30,1	  31,4	  31,8	  29,2	  -1,4
s	   111,6119	 7	 65,63	 81,67	  13,9	  24,9	  28,9	  29,0	  30,3	  31,8	  29,0	  -1,6
s	   111,6121	 6	 85,34	 81,70	  14,2	  25,1	  29,0	  29,1	  30,4	  32,0	  29,1	  -1,5
s	   111,6312	 6	 66,79	 92,96	  14,7	  26,0	  30,2	  31,0	  32,2	  31,8	  29,1	  -1,5
s	   111,6884	 6	 66,81	 87,33	  13,7	  25,0	  29,3	  29,8	  31,0	  31,4	  29,1	  -1,5
s	   112,0383	 7	 85,45	 76,68	  10,2	  21,7	  26,6	  26,7	  28,0	  30,4	  28,0	  -3,5
s	   112,1199	 7	 66,82	101,55	  13,2	  23,9	  27,9	  28,0	  29,2	  30,7	  27,9	  -3,5
s	   112,1549	 6	 67,02	 84,63	  14,4	  25,4	  29,5	  30,0	  31,2	  31,8	  29,1	  -1,6
s	   112,2054	 7	 85,44	104,34	  13,7	  24,8	  28,7	  28,8	  30,1	  31,7	  28,7	  -2,0
s	   112,2339	 7	 66,88	 78,96	  13,7	  24,6	  28,6	  28,8	  30,0	  31,5	  28,7	  -2,0
s	   112,2658	 7	 66,82	 84,64	  13,4	  24,9	  29,2	  29,7	  30,9	  31,3	  29,0	  -1,7
s	   112,8157	 8	 65,57	101,49	  13,7	  24,8	  28,8	  28,9	  30,1	  31,6	  28,8	  -1,9
s	   112,8159	 7	 85,33	101,53	  13,9	  25,0	  28,9	  29,0	  30,3	  31,9	  28,9	  -1,8
s	   112,9294	 7	 85,34	 79,04	  13,1	  24,5	  28,6	  28,7	  30,0	  31,5	  28,9	  -1,9
s	   113,0020	 7	 66,99	 98,55	  14,2	  25,3	  29,5	  29,9	  31,1	  31,7	  28,9	  -1,9
s	   113,0448	 8	 65,64	 78,81	  13,9	  25,1	  29,4	  29,8	  31,0	  31,4	  28,8	  -2,0
s	   113,1123	 8	 66,78	 98,54	  13,2	  24,9	  29,1	  29,6	  30,7	  31,2	  28,8	  -2,0
s	   113,2823	 8	 66,82	 81,76	  12,1	  23,9	  28,2	  28,4	  29,6	  30,8	  28,8	  -2,0
s	   113,5942	 8	 66,88	 76,78	   9,8	  21,4	  26,4	  26,5	  27,8	  30,0	  27,7	  -3,9
s	   113,7597	 8	 66,81	104,17	  13,4	  24,5	  28,5	  28,6	  29,9	  31,3	  28,5	  -2,4
s	   114,2839	 8	 85,34	 76,87	   9,8	  22,0	  27,1	  27,3	  28,6	  30,8	  28,7	  -2,2
s	   114,3641	 8	 85,44	107,12	  12,5	  23,4	  27,1	  26,8	  28,2	  30,7	  27,6	  -4,0
s	   114,3643	 8	 66,98	101,39	  12,8	  24,3	  28,4	  28,6	  29,8	  31,1	  28,7	  -2,2
s	   114,4487	 8	 85,33	104,14	  12,8	  24,4	  28,5	  28,6	  29,8	  31,3	  28,7	  -2,2
s	   114,4768	 8	 67,04	 79,12	  12,8	  24,3	  28,4	  28,6	  29,8	  31,1	  28,7	  -2,2
s	   117,3911	 4	250,87	 92,15	  14,4	  25,2	  30,2	  31,2	  32,5	  32,5	  28,8	  -2,3
s	   118,8972	 5	268,37	 92,11	  14,1	  24,9	  30,0	  31,0	  32,3	  32,1	  28,6	  -2,7
s	   119,5649	 6	269,54	 92,10	  13,1	  24,4	  29,7	  30,6	  31,9	  31,6	  28,4	  -2,9
s	   119,7016	 5	250,97	 92,12	  13,3	  24,6	  29,7	  30,7	  32,0	  31,9	  28,5	  -2,8
s	   120,2451	 7	250,84	 78,79	  11,3	  22,8	  27,8	  28,2	  29,5	  31,1	  28,0	  -3,4
s	   121,1872	 6	268,23	 92,07	  13,0	  24,4	  29,6	  30,6	  31,8	  31,5	  28,3	  -3,2
s	   121,2922	 7	268,42	 92,07	  12,0	  23,9	  29,3	  30,2	  31,4	  31,0	  28,2	  -3,3
s	   121,5968	 4	103,94	 90,28	  14,6	  25,2	  29,3	  30,1	  31,3	  30,9	  27,4	  -4,8
s	   121,7260	 8	268,37	 78,86	  11,0	  22,6	  27,6	  28,0	  29,3	  30,7	  27,8	  -3,8
s	   121,7524	 5	103,94	 92,83	  14,4	  25,1	  29,3	  30,0	  31,2	  30,9	  27,3	  -5,0
s	   121,8062	 5	103,93	 87,53	  13,4	  24,2	  28,3	  28,8	  30,0	  30,5	  27,3	  -5,0
s	   121,9241	 4	102,80	 90,28	  15,4	  25,9	  30,0	  30,8	  32,0	  31,7	  28,4	  -3,1
s	   122,0794	 5	102,80	 92,82	  15,1	  25,9	  30,0	  30,7	  31,9	  31,6	  28,3	  -3,3
s	   122,1331	 5	102,79	 87,54	  14,1	  24,9	  29,1	  29,6	  30,8	  31,2	  28,3	  -3,3
s	   122,2957	 6	103,94	 95,56	  13,1	  24,0	  28,0	  28,4	  29,7	  30,1	  27,2	  -5,2
s	   122,5171	 8	250,94	 78,93	  10,4	  22,5	  27,6	  28,0	  29,3	  30,7	  27,9	  -3,7
s	   122,6217	 6	102,81	 95,55	  13,1	  23,9	  28,0	  28,4	  29,6	  30,1	  27,1	  -5,3
s	   122,6752	 6	102,79	 85,01	  13,6	  24,6	  28,8	  29,2	  30,4	  30,9	  27,9	  -3,7
s	   123,1461	 7	103,95	 98,08	  13,4	  24,6	  28,7	  29,1	  30,3	  30,8	  27,8	  -3,9
s	   123,1580	 5	104,98	 90,28	  14,3	  25,4	  29,7	  30,4	  31,6	  31,1	  28,2	  -3,5
s	   123,3062	 7	103,92	 82,28	  11,8	  22,9	  27,0	  27,1	  28,3	  29,6	  27,0	  -5,5
s	   123,3121	 6	104,99	 92,80	  14,1	  25,3	  29,6	  30,4	  31,5	  31,1	  28,1	  -3,6
s	   123,3654	 6	104,98	 87,56	  13,1	  24,4	  28,7	  29,2	  30,3	  30,7	  28,1	  -3,6
s	   123,4705	 7	102,81	 98,07	  13,4	  24,5	  28,7	  29,1	  30,3	  30,8	  27,7	  -4,0
s	   123,6302	 7	102,79	 82,30	  11,8	  22,9	  27,0	  27,1	  28,3	  29,6	  26,9	  -5,5
s	   123,6941	 5	103,60	 90,28	  14,3	  25,4	  29,6	  30,4	  31,6	  31,1	  28,2	  -3,5
s	   123,8478	 6	103,60	 92,80	  14,1	  25,3	  29,6	  30,3	  31,5	  31,0	  28,1	  -3,7
s	   123,8505	 7	104,99	 95,51	  12,8	  24,3	  28,6	  29,1	  30,2	  30,6	  27,9	  -3,8
s	   123,9009	 6	103,59	 87,57	  13,1	  24,4	  28,7	  29,2	  30,3	  30,6	  28,0	  -3,7
s	   123,9472	 6	103,77	 90,28	  13,3	  24,9	  29,3	  30,1	  31,2	  30,6	  28,0	  -3,7
s	   123,9588	 7	104,97	 84,85	  13,9	  25,1	  29,5	  30,2	  31,3	  30,8	  27,9	  -3,8
s	   124,0410	 5	102,47	 90,28	  14,3	  25,3	  29,6	  30,4	  31,6	  31,1	  28,1	  -3,6
s	   124,1006	 7	103,77	 92,79	  13,1	  24,8	  29,3	  30,0	  31,1	  30,6	  27,9	  -3,8
s	   124,1537	 7	103,77	 87,57	  12,1	  23,9	  28,3	  28,8	  29,9	  30,1	  27,9	  -3,8
s	   124,1944	 6	102,48	 92,79	  14,1	  25,3	  29,6	  30,3	  31,5	  31,0	  28,0	  -3,7
s	   124,2474	 6	102,47	 87,57	  13,0	  24,4	  28,6	  29,1	  30,3	  30,6	  28,0	  -3,8
s	   124,2838	 6	102,65	 90,28	  13,3	  24,9	  29,3	  30,1	  31,2	  30,6	  28,0	  -3,8
s	   124,3845	 7	103,60	 95,50	  12,8	  24,3	  28,6	  29,0	  30,2	  30,5	  27,9	  -3,9
s	   124,4285	 8	103,95	100,76	  11,6	  22,8	  26,9	  27,0	  28,2	  29,5	  26,8	  -5,8
s	   124,4369	 7	102,65	 92,79	  13,1	  24,8	  29,2	  30,0	  31,1	  30,5	  27,9	  -3,9
s	   124,4899	 7	102,64	 87,58	  12,1	  23,9	  28,3	  28,8	  29,9	  30,1	  27,9	  -3,9
s	   124,5345	 8	103,92	 79,80	  12,1	  23,5	  27,6	  27,8	  29,0	  30,3	  27,5	  -4,3
s	   124,6366	 8	103,78	 95,49	  11,8	  23,8	  28,3	  28,7	  29,8	  30,1	  27,8	  -4,0
s	   124,6933	 8	105,00	 98,01	  12,6	  24,3	  28,5	  28,9	  30,1	  30,5	  27,8	  -4,1
s	   124,7301	 7	102,48	 95,49	  12,8	  24,3	  28,6	  29,0	  30,2	  30,5	  27,9	  -3,9
s	   124,7505	 8	102,81	100,74	  11,5	  22,8	  26,9	  27,0	  28,2	  29,5	  26,7	  -5,8
s	   124,7830	 7	102,46	 85,07	  12,8	  24,3	  28,6	  29,0	  30,2	  30,5	  27,9	  -4,0
s	   124,8519	 8	104,97	 82,36	  11,5	  23,3	  27,6	  27,8	  28,9	  30,1	  27,7	  -4,1
s	   124,8562	 8	102,78	 79,82	  12,1	  23,5	  27,6	  27,8	  29,0	  30,2	  27,5	  -4,3
s	   124,9719	 8	102,66	 95,48	  11,8	  23,8	  28,2	  28,7	  29,8	  30,1	  27,7	  -4,1
s	   125,0247	 8	102,64	 85,08	  11,8	  23,8	  28,2	  28,7	  29,8	  30,1	  27,7	  -4,1
s	   125,2247	 8	103,61	 97,99	  12,5	  24,2	  28,5	  28,9	  30,1	  30,5	  27,7	  -4,1
s	   125,3829	 8	103,58	 82,38	  11,5	  23,3	  27,6	  27,7	  28,9	  30,0	  27,7	  -4,2
s	   125,5686	 8	102,48	 97,97	  12,5	  24,2	  28,5	  28,9	  30,1	  30,4	  27,7	  -4,2
s	   125,7264	 8	102,46	 82,40	  11,5	  23,3	  27,5	  27,7	  28,9	  30,0	  27,7	  -4,2
s	   127,6422	 3	251,28	 89,54	  15,3	  25,8	  29,8	  30,6	  31,9	  31,6	  28,1	  -4,0
s	   127,6972	 5	 49,28	 90,20	  14,1	  24,7	  28,9	  29,7	  30,8	  30,3	  26,8	  -6,0
s	   127,8444	 4	251,28	 86,89	  14,8	  25,2	  29,1	  29,6	  30,9	  31,5	  27,9	  -4,2
s	   127,8474	 6	 49,27	 92,66	  13,9	  24,6	  28,9	  29,6	  30,8	  30,2	  26,7	  -6,2
s	   127,8993	 6	 49,29	 87,55	  13,6	  24,1	  28,2	  28,7	  29,9	  30,2	  26,7	  -6,2
s	   128,3172	 5	251,29	 94,64	  13,1	  23,8	  27,8	  28,2	  29,5	  30,0	  26,7	  -6,1
s	   128,3690	 5	251,27	 84,44	  14,3	  24,9	  28,8	  29,2	  30,5	  31,2	  27,5	  -4,6
s	   128,4238	 7	 49,30	 85,10	  13,1	  24,2	  28,4	  28,8	  30,0	  30,3	  27,3	  -4,8
s	   129,0614	 4	267,76	 89,52	  15,0	  25,5	  29,7	  30,5	  31,7	  31,2	  27,8	  -4,4
s	   129,1387	 6	251,30	 97,08	  14,1	  24,8	  28,7	  29,1	  30,4	  31,1	  27,4	  -4,8
s	   129,1933	 8	 49,25	 97,73	  12,9	  24,1	  28,3	  28,7	  29,9	  30,2	  27,1	  -5,1
s	   129,2619	 5	267,76	 86,89	  14,5	  25,0	  29,0	  29,4	  30,7	  31,2	  27,7	  -4,5
s	   129,2934	 6	251,27	 81,82	  11,8	  22,8	  26,8	  26,9	  28,2	  29,5	  26,6	  -6,4
s	   129,3479	 8	 49,32	 82,48	  12,1	  22,9	  26,9	  27,0	  28,2	  29,4	  26,3	  -6,6
s	   129,3994	 6	 48,29	 90,19	  13,8	  24,9	  29,3	  30,0	  31,1	  30,5	  27,6	  -4,7
s	   129,5482	 7	 48,28	 92,63	  13,6	  24,8	  29,2	  29,9	  31,0	  30,4	  27,5	  -4,8
s	   129,5996	 7	 48,31	 87,57	  13,3	  24,3	  28,6	  29,0	  30,2	  30,4	  27,4	  -4,8
s	   129,7310	 6	267,76	 94,58	  12,8	  23,6	  27,7	  28,1	  29,3	  29,7	  26,5	  -6,5
s	   129,7455	 6	 49,64	 90,20	  13,8	  24,9	  29,2	  30,0	  31,1	  30,5	  27,5	  -4,7
s	   129,7824	 6	267,75	 84,46	  14,0	  24,7	  28,7	  29,1	  30,3	  30,9	  27,3	  -5,0
s	   129,8940	 7	 49,63	 92,63	  13,6	  24,8	  29,2	  29,9	  31,0	  30,4	  27,4	  -4,8
s	   129,9454	 7	 49,65	 87,58	  13,3	  24,3	  28,5	  29,0	  30,1	  30,4	  27,4	  -4,9
s	   129,9569	 4	251,37	 89,54	  14,2	  25,2	  29,4	  30,2	  31,4	  31,0	  27,7	  -4,5
s	   130,0224	 7	 49,48	 90,20	  12,8	  24,4	  28,9	  29,7	  30,7	  30,0	  27,4	  -4,9
s	   130,1191	 8	 48,32	 85,14	  12,3	  23,8	  28,2	  28,7	  29,8	  29,9	  27,3	  -5,0
s	   130,1564	 5	251,36	 86,92	  13,7	  24,7	  28,7	  29,2	  30,4	  30,9	  27,6	  -4,7
s	   130,1594	 7	251,26	 80,00	  10,0	  21,9	  27,0	  27,4	  28,7	  30,1	  27,2	  -5,1
s	   130,1706	 8	 49,47	 92,63	  12,6	  24,4	  28,9	  29,6	  30,7	  29,9	  27,3	  -5,0
s	   130,2219	 8	 49,49	 87,58	  12,3	  23,8	  28,2	  28,7	  29,8	  29,9	  27,3	  -5,0
s	   130,3782	 7	251,31	 99,67	  11,5	  22,7	  26,7	  26,8	  28,0	  29,4	  26,4	  -6,7
s	   130,4638	 8	 49,66	 85,16	  12,3	  23,8	  28,2	  28,6	  29,8	  29,9	  27,3	  -5,1
s	   130,5461	 7	267,76	 97,00	  13,8	  24,6	  28,6	  29,0	  30,2	  30,8	  27,1	  -5,2
s	   130,6232	 6	251,38	 94,58	  12,7	  24,2	  28,4	  28,8	  30,0	  30,4	  27,5	  -4,9
s	   130,6743	 6	251,36	 84,50	  13,5	  24,6	  28,6	  29,0	  30,3	  30,9	  27,5	  -4,9
s	   131,0517	 6	234,40	 92,01	  12,5	  23,9	  29,1	  30,0	  31,3	  30,9	  27,4	  -4,9
s	   131,3578	 5	267,63	 89,52	  13,9	  25,0	  29,2	  30,0	  31,2	  30,6	  27,5	  -4,9
s	   131,4342	 7	251,39	 96,98	  13,2	  24,5	  28,5	  28,9	  30,2	  30,8	  27,3	  -5,1
s	   131,4568	 6	267,81	 89,52	  13,0	  24,5	  28,9	  29,7	  30,8	  30,2	  27,4	  -5,0
s	   131,5558	 6	267,63	 86,92	  13,4	  24,4	  28,5	  29,0	  30,2	  30,6	  27,4	  -5,0
s	   131,5869	 7	251,35	 81,92	  11,4	  23,2	  27,3	  27,5	  28,7	  29,9	  27,3	  -5,1
s	   131,6547	 7	267,81	 86,93	  12,5	  23,9	  28,2	  28,7	  29,8	  30,1	  27,3	  -5,2
s	   131,7758	 8	267,76	 99,57	  11,2	  22,5	  26,5	  26,6	  27,8	  29,0	  26,1	  -7,1
s	   131,8521	 8	251,31	102,04	  12,5	  23,7	  27,6	  27,6	  28,9	  30,5	  26,9	  -5,5
s	   132,0189	 7	267,63	 94,52	  12,4	  23,9	  28,2	  28,7	  29,8	  30,1	  27,2	  -5,2
s	   132,0696	 7	267,63	 84,52	  13,2	  24,3	  28,5	  28,9	  30,1	  30,5	  27,2	  -5,2
s	   132,1059	 8	251,26	 76,87	  10,2	  21,7	  25,7	  25,4	  26,7	  28,8	  26,1	  -7,1
s	   132,1176	 8	267,81	 94,52	  11,5	  23,5	  27,9	  28,3	  29,4	  29,6	  27,1	  -5,3
s	   132,1683	 8	267,81	 84,53	  12,2	  23,9	  28,2	  28,6	  29,7	  30,0	  27,1	  -5,4
s	   132,4418	 8	251,35	 80,13	   9,2	  21,6	  26,8	  27,3	  28,5	  29,7	  27,1	  -5,4
s	   132,5503	 7	 85,54	 95,28	  10,4	  22,5	  27,8	  28,5	  29,7	  30,2	  27,2	  -5,3
s	   132,6579	 8	251,39	 99,54	  11,2	  23,1	  27,2	  27,4	  28,6	  29,8	  27,1	  -5,4
s	   132,7294	 8	 27,73	 90,09	  12,5	  24,1	  28,7	  29,5	  30,5	  29,6	  27,1	  -5,4
s	   132,8236	 8	267,63	 96,91	  12,9	  24,3	  28,4	  28,8	  29,9	  30,4	  27,1	  -5,5
s	   133,1885	 7	234,69	 91,98	  11,4	  23,3	  28,7	  29,6	  30,8	  30,3	  27,1	  -5,4
s	   133,4190	 8	234,52	 91,98	  10,4	  22,8	  28,3	  29,3	  30,4	  29,9	  27,0	  -5,6
s	   134,8519	 8	 85,44	 95,22	   9,3	  22,0	  27,4	  28,1	  29,3	  29,6	  26,9	  -5,8
s	   140,7377	 8	188,55	 89,85	  12,1	  23,7	  28,3	  29,1	  30,1	  29,1	  26,4	  -6,8
s	   141,6865	 5	234,85	 89,60	  13,5	  24,5	  28,8	  29,5	  30,7	  30,0	  26,7	  -6,7
s	   141,8738	 6	234,84	 87,14	  12,9	  23,9	  28,0	  28,5	  29,7	  30,0	  26,5	  -6,8
s	   141,9157	 6	234,68	 89,60	  12,5	  24,0	  28,4	  29,2	  30,3	  29,6	  26,5	  -6,8
s	   142,1027	 7	234,67	 87,14	  12,0	  23,5	  27,7	  28,2	  29,3	  29,5	  26,4	  -7,0
s	   142,2895	 5	 85,12	 90,30	  12,7	  24,2	  28,5	  29,3	  30,4	  29,8	  26,6	  -6,8
s	   142,3118	 7	234,86	 94,33	  11,2	  22,5	  26,7	  27,1	  28,3	  28,5	  25,4	  -8,8
s	   142,4282	 6	 85,12	 92,57	  12,4	  24,1	  28,4	  29,2	  30,3	  29,8	  26,5	  -6,9
s	   142,4762	 6	 85,13	 87,85	  12,2	  23,6	  27,8	  28,2	  29,4	  29,8	  26,5	  -6,9
s	   142,5403	 8	234,70	 94,32	  11,0	  23,0	  27,4	  27,8	  28,9	  29,0	  26,3	  -7,1
s	   142,7851	 7	154,61	 87,63	  13,4	  23,9	  27,9	  28,4	  29,4	  29,7	  26,0	  -7,4
s	   142,9608	 7	 85,13	 85,58	  11,9	  23,5	  27,7	  28,1	  29,3	  29,7	  26,3	  -7,1
s	   143,0522	 7	154,66	 90,08	  13,9	  24,5	  28,7	  29,5	  30,5	  29,7	  26,3	  -7,2
s	   143,0733	 8	234,87	 96,58	  12,2	  23,5	  27,7	  28,0	  29,2	  29,6	  26,0	  -7,5
s	   143,1485	 7	153,95	 90,08	  14,4	  24,8	  28,8	  29,5	  30,6	  30,1	  25,2	  -9,0
s	   143,1868	 8	154,49	 90,08	  12,9	  24,0	  28,4	  29,2	  30,1	  29,2	  26,1	  -7,3
s	   143,1904	 8	154,67	 92,34	  13,6	  24,4	  28,7	  29,4	  30,4	  29,7	  26,1	  -7,3
s	   143,2168	 8	234,82	 82,44	   9,9	  21,5	  25,7	  25,8	  27,0	  28,0	  25,2	  -9,0
s	   143,2210	 8	154,65	 94,78	  13,1	  23,8	  27,8	  28,3	  29,3	  29,6	  25,9	  -7,6
s	   143,2865	 8	153,96	 92,35	  13,6	  24,6	  28,7	  29,4	  30,5	  29,9	  26,1	  -7,3
s	   143,3343	 8	153,93	 87,65	  13,1	  23,8	  27,8	  28,2	  29,3	  29,6	  25,1	  -9,1
s	   143,6720	 8	 85,12	 97,26	  10,9	  23,1	  27,4	  27,8	  28,9	  29,2	  26,2	  -7,3
s	   143,7806	 6	 67,81	 90,27	  12,4	  23,9	  28,3	  29,1	  30,2	  29,5	  26,4	  -7,1
s	   143,8150	 8	 85,13	 83,16	  10,6	  22,5	  26,7	  26,8	  28,0	  29,2	  26,2	  -7,4
s	   143,8322	 6	235,12	 89,60	  12,4	  23,9	  28,3	  29,1	  30,2	  29,5	  26,4	  -7,1
s	   143,9182	 7	 67,80	 92,53	  12,2	  23,9	  28,3	  29,0	  30,1	  29,4	  26,3	  -7,3
s	   143,9659	 7	 67,82	 87,84	  11,1	  23,0	  27,4	  27,9	  28,9	  29,0	  26,3	  -7,3
s	   144,0174	 7	235,11	 87,17	  11,9	  23,4	  27,6	  28,1	  29,2	  29,4	  26,2	  -7,3
s	   144,0588	 7	234,96	 89,60	  11,4	  23,5	  28,0	  28,8	  29,8	  29,0	  26,2	  -7,3
s	   144,2111	 6	283,93	 89,54	  12,4	  23,4	  27,8	  28,6	  29,7	  28,9	  25,3	  -9,0
s	   144,2438	 8	234,95	 87,17	  10,9	  22,9	  27,3	  27,8	  28,8	  28,9	  26,1	  -7,4
s	   144,3008	 8	 67,82	 86,15	   8,9	  21,4	  26,9	  27,6	  28,7	  28,8	  26,1	  -7,4
s	   144,3484	 7	283,93	 91,79	  12,1	  23,4	  27,8	  28,5	  29,6	  28,8	  25,2	  -9,1
s	   144,3959	 7	283,94	 87,11	  11,1	  22,5	  26,8	  27,3	  28,4	  28,4	  25,2	  -9,1
s	   144,4506	 8	235,14	 94,27	  10,9	  22,9	  27,3	  27,7	  28,8	  28,9	  26,1	  -7,5
s	   144,5347	 6	282,93	 89,54	  13,1	  24,2	  28,5	  29,3	  30,4	  29,6	  26,3	  -7,3
s	   144,6016	 6	 85,04	 90,30	  11,6	  23,6	  28,1	  28,8	  29,9	  29,2	  26,3	  -7,3
s	   144,6717	 7	282,92	 91,78	  12,9	  24,1	  28,5	  29,2	  30,3	  29,6	  26,2	  -7,4
s	   144,7192	 7	282,93	 87,12	  11,8	  23,2	  27,6	  28,0	  29,1	  29,2	  26,2	  -7,4
s	   144,7386	 7	 85,04	 92,54	  11,4	  23,6	  28,0	  28,8	  29,8	  29,2	  26,2	  -7,4
s	   144,7860	 7	 85,04	 87,88	  11,1	  23,1	  27,4	  27,8	  28,9	  29,2	  26,2	  -7,4
s	   144,8282	 8	283,92	 94,21	  10,9	  22,2	  26,5	  26,9	  28,0	  28,1	  25,0	  -9,3
s	   144,8756	 8	283,94	 84,87	  11,4	  22,9	  27,3	  27,7	  28,8	  28,9	  25,8	  -7,8
s	   145,1508	 8	282,92	 94,20	  10,9	  22,2	  26,5	  26,9	  28,0	  28,1	  25,0	  -9,4
s	   145,1981	 8	282,93	 84,88	  11,4	  22,9	  27,3	  27,7	  28,8	  28,8	  25,8	  -7,8
s	   145,2648	 8	 85,04	 85,64	  10,8	  23,0	  27,3	  27,7	  28,8	  29,1	  26,0	  -7,6
s	   145,7686	 7	284,86	 89,54	  12,1	  23,7	  28,2	  28,9	  30,0	  29,1	  26,1	  -7,6
s	   145,8432	 8	100,58	 94,94	   8,8	  20,8	  26,1	  26,7	  27,9	  28,1	  25,0	  -9,5
s	   145,9049	 8	284,86	 91,77	  11,8	  23,6	  28,1	  28,8	  29,9	  29,0	  26,0	  -7,7
s	   145,9520	 8	284,86	 87,14	  10,8	  22,7	  27,2	  27,7	  28,7	  28,6	  26,0	  -7,7
s	   146,1849	 8	154,85	 87,68	  12,5	  23,5	  27,7	  28,1	  29,2	  29,3	  25,9	  -7,8
s	   146,3081	 7	283,63	 89,54	  12,1	  23,6	  28,1	  28,9	  29,9	  29,1	  26,1	  -7,7
s	   146,4439	 8	283,63	 91,77	  11,8	  23,6	  28,1	  28,8	  29,8	  29,0	  25,9	  -7,8
s	   146,4909	 8	283,64	 87,14	  10,8	  22,7	  27,2	  27,7	  28,7	  28,6	  25,9	  -7,8
s	   146,5614	 8	283,79	 89,54	  11,1	  23,2	  27,8	  28,6	  29,6	  28,6	  25,9	  -7,8
s	   146,8932	 8	282,79	 89,54	  11,1	  23,2	  27,8	  28,6	  29,5	  28,6	  25,9	  -7,9
s	   148,4566	 8	186,99	 87,49	  11,2	  22,8	  27,1	  27,6	  28,6	  28,7	  25,5	  -8,4
s	   148,7161	 8	186,97	 89,87	  12,6	  23,8	  28,2	  28,9	  29,9	  28,9	  25,7	  -8,3
s	   149,2669	 8	328,95	 89,72	  11,7	  22,9	  27,4	  28,2	  29,1	  28,1	  24,7	 -10,1
s	   150,8634	 7	116,00	 90,26	  11,9	  23,4	  27,9	  28,7	  29,7	  28,8	  25,7	  -8,4
s	   150,9962	 8	116,01	 92,44	  11,6	  23,4	  27,9	  28,6	  29,6	  28,8	  25,6	  -8,6
s	   151,2232	 8	116,13	 90,26	  10,9	  23,0	  27,6	  28,4	  29,3	  28,3	  25,6	  -8,6
s	   152,4263	 8	  0,61	 87,59	  11,8	  22,9	  27,2	  27,6	  28,7	  28,6	  25,2	  -9,0
s	   152,7036	 8	  0,56	 89,92	  12,3	  23,5	  28,0	  28,8	  29,7	  28,6	  25,4	  -8,9
s	   159,1876	 7	 36,05	 90,15	  11,5	  22,6	  27,1	  27,8	  28,8	  27,8	  24,0	 -11,6
s	   159,3151	 8	 36,04	 92,24	  11,3	  22,6	  27,0	  27,7	  28,7	  27,8	  23,9	 -11,7
s	   159,3592	 8	 36,06	 87,90	  11,0	  22,1	  26,3	  26,8	  27,8	  27,8	  23,9	 -11,8
s	   160,9282	 8	 36,47	 90,15	  11,2	  22,8	  27,4	  28,2	  29,1	  28,0	  24,8	 -10,2
s	   162,4755	 6	251,43	 89,55	  10,8	  22,8	  27,3	  28,1	  29,1	  28,3	  24,9	 -10,3
s	   162,6009	 7	251,44	 91,61	  10,6	  22,8	  27,2	  28,0	  29,0	  28,2	  24,8	 -10,4
s	   162,6443	 7	251,43	 87,34	  10,3	  22,3	  26,6	  27,0	  28,1	  28,2	  24,8	 -10,4
s	   163,0394	 8	251,44	 93,82	   9,3	  21,8	  26,3	  26,7	  27,7	  27,8	  24,6	 -10,6
s	   163,0827	 8	251,42	 85,29	  10,1	  22,2	  26,5	  26,9	  28,0	  28,2	  24,6	 -10,6
s	   163,8249	 7	267,09	 89,54	  10,6	  22,6	  27,1	  27,9	  28,9	  27,9	  24,7	 -10,6
s	   163,9495	 8	267,09	 91,58	  10,3	  22,6	  27,1	  27,8	  28,8	  27,9	  24,6	 -10,7
s	   163,9926	 8	267,09	 87,34	  10,0	  22,0	  26,4	  26,9	  27,9	  27,9	  24,6	 -10,7
s	   164,7909	 7	251,50	 89,56	   9,8	  22,3	  26,9	  27,6	  28,6	  27,7	  24,6	 -10,8
s	   164,9149	 8	251,51	 91,59	   9,5	  22,2	  26,8	  27,5	  28,5	  27,7	  24,5	 -10,9
s	   164,9579	 8	251,50	 87,37	   9,3	  21,7	  26,2	  26,6	  27,6	  27,7	  24,5	 -10,9
s	   165,3229	 7	222,84	 89,66	  10,5	  22,1	  26,6	  27,3	  28,3	  27,3	  23,5	 -12,6
s	   165,4895	 8	222,83	 87,47	   9,2	  21,1	  25,6	  26,1	  27,1	  26,8	  23,4	 -12,8
s	   174,7367	 8	296,33	 89,58	  10,8	  21,9	  26,3	  27,1	  28,0	  26,9	  22,7	 -14,4
s	   177,4994	 8	279,88	 89,55	   9,8	  21,9	  26,5	  27,3	  28,2	  27,0	  23,5	 -13,0
s	   182,4310	 8	 56,46	 92,13	   9,1	  21,0	  26,4	  27,4	  28,4	  27,5	  23,2	 -13,8
s	   193,3544	 8	 56,60	 90,25	   9,2	  21,3	  25,9	  26,6	  27,5	  26,2	  22,4	 -15,5
s	   195,6388	 8	157,55	 90,08	  11,3	  22,1	  26,3	  27,0	  27,9	  26,8	  21,9	 -16,2
s	   201,7271	 8	 58,19	 92,00	   8,4	  20,3	  25,7	  26,6	  27,7	  26,6	  21,8	 -16,9
s	   207,1840	 5	 82,51	 92,02	   9,6	  20,9	  26,0	  26,9	  28,1	  27,3	  21,7	 -17,4
s	   208,1141	 7	 82,50	 95,53	   8,6	  20,1	  25,0	  25,6	  26,8	  27,0	  21,2	 -18,0
s	   208,9736	 8	 82,50	 97,34	   6,1	  18,0	  23,0	  23,3	  24,4	  25,3	  20,2	 -19,8
s	   209,5059	 6	 82,47	 92,00	   8,6	  20,4	  25,6	  26,5	  27,6	  26,8	  21,5	 -17,9
s	   210,4276	 8	 82,46	 95,48	   7,8	  19,8	  24,9	  25,4	  26,5	  26,6	  21,2	 -18,3
s	   211,5150	 7	 58,97	 90,27	  10,5	  21,5	  25,8	  26,5	  27,4	  26,2	  21,1	 -18,4
s	   211,6520	 8	 58,98	 88,47	   9,0	  20,5	  24,9	  25,3	  26,2	  25,8	  21,1	 -18,5
s	   212,1463	 8	107,53	 90,30	   7,8	  19,9	  24,5	  25,2	  26,1	  24,7	  20,0	 -20,3
s	   212,6715	 8	 58,25	 90,26	   8,5	  20,6	  25,2	  25,9	  26,8	  25,4	  21,0	 -18,6
s	   213,7198	 8	 59,14	 90,27	   9,4	  21,0	  25,4	  26,1	  26,9	  25,6	  20,9	 -18,9
s	   217,5340	 4	 82,33	 90,32	  10,7	  21,7	  25,9	  26,6	  27,6	  26,6	  21,1	 -19,0
s	   217,6679	 5	 82,33	 88,56	  11,0	  21,6	  25,4	  25,8	  26,9	  27,0	  21,0	 -19,1
s	   217,8799	 6	 82,33	 93,30	   8,0	  19,6	  24,7	  25,3	  26,4	  26,4	  20,9	 -19,2
s	   218,0158	 6	 82,33	 86,94	  10,0	  21,1	  25,1	  25,5	  26,5	  26,5	  20,9	 -19,2
s	   218,6301	 7	 82,33	 85,19	   7,2	  18,8	  22,9	  22,9	  24,0	  24,6	  19,7	 -21,2
s	   219,4217	 8	 82,33	 83,58	   9,0	  20,2	  24,1	  24,1	  25,2	  26,1	  20,3	 -19,9
s	   219,8574	 5	 82,29	 90,32	   9,7	  21,2	  25,5	  26,2	  27,2	  26,1	  20,8	 -19,4
s	   219,9901	 6	 82,29	 88,58	   9,9	  21,0	  25,0	  25,4	  26,5	  26,4	  20,7	 -19,6
s	   220,3350	 7	 82,29	 86,97	   9,0	  20,6	  24,7	  25,1	  26,1	  26,0	  20,6	 -19,7
s	   220,9440	 8	 82,29	 85,23	   6,9	  19,2	  23,4	  23,6	  24,5	  25,1	  20,4	 -19,9
s	   227,7825	 7	253,70	 92,83	   7,5	  19,2	  24,3	  24,9	  26,0	  26,0	  20,1	 -20,9
s	   228,0000	 7	 94,33	 90,32	   8,3	  20,3	  24,8	  25,5	  26,4	  25,0	  20,1	 -20,9
s	   228,9989	 8	 94,93	 88,64	   7,7	  19,8	  24,1	  24,5	  25,4	  25,1	  19,9	 -21,2
s	   229,8771	 7	 60,27	 90,28	   8,9	  20,5	  25,0	  25,7	  26,6	  25,1	  19,9	 -21,2
s	   230,0051	 8	 60,27	 88,60	   9,2	  20,4	  24,5	  24,9	  25,8	  25,5	  19,8	 -21,4
s	   230,1027	 8	253,73	 92,81	   6,4	  18,7	  23,9	  24,5	  25,6	  25,4	  19,8	 -21,4
s	   232,0982	 8	 60,41	 90,28	   7,9	  20,0	  24,6	  25,3	  26,1	  24,6	  19,7	 -21,7
s	   237,8091	 5	253,85	 89,57	   9,1	  20,6	  24,9	  25,6	  26,5	  25,3	  19,6	 -22,2
s	   237,9335	 6	253,84	 87,94	   9,4	  20,5	  24,5	  24,8	  25,8	  25,7	  19,5	 -22,4
s	   238,2568	 7	253,84	 86,43	   8,4	  20,0	  24,1	  24,5	  25,5	  25,2	  19,4	 -22,5
s	   238,6843	 6	263,99	 89,56	   8,9	  20,4	  24,8	  25,5	  26,4	  25,0	  19,5	 -22,5
s	   238,7321	 8	253,86	 94,22	   7,9	  19,7	  23,8	  24,1	  25,1	  24,9	  19,0	 -22,9
s	   238,8083	 7	263,99	 87,93	   8,4	  19,8	  24,1	  24,5	  25,4	  25,0	  19,3	 -22,6
s	   238,8278	 8	253,84	 84,80	   6,4	  18,1	  22,2	  22,2	  23,2	  23,7	  18,2	 -24,5
s	   239,0988	 8	263,99	 92,69	   8,2	  19,8	  24,0	  24,4	  25,3	  24,9	  19,2	 -22,8
s	   239,1306	 8	263,99	 86,42	   7,4	  19,4	  23,7	  24,1	  25,0	  24,5	  19,2	 -22,8
s	   240,1333	 6	253,88	 89,57	   8,1	  20,1	  24,5	  25,2	  26,1	  24,8	  19,4	 -22,7
s	   240,2568	 7	253,88	 87,95	   8,3	  19,9	  24,1	  24,4	  25,4	  25,1	  19,3	 -22,8
s	   240,2608	 8	 82,68	 91,83	   5,7	  18,5	  24,0	  24,9	  25,8	  24,6	  19,1	 -22,9
s	   240,5774	 8	253,87	 86,45	   7,4	  19,5	  23,7	  24,1	  25,0	  24,7	  19,1	 -23,0
s	   241,0015	 7	263,94	 89,56	   7,8	  19,9	  24,4	  25,1	  25,9	  24,5	  19,2	 -23,0
s	   241,1246	 8	263,94	 87,94	   7,3	  19,3	  23,7	  24,1	  25,0	  24,4	  19,1	 -23,1
s	   243,2051	 8	104,12	 90,32	   6,8	  18,9	  23,5	  24,2	  25,0	  23,4	  17,9	 -25,2
s	   243,8488	 8	102,80	 90,32	   7,5	  19,6	  24,2	  24,9	  25,7	  24,1	  18,9	 -23,5
s	   248,1949	 8	243,96	 89,60	   6,7	  19,2	  23,8	  24,5	  25,3	  23,7	  18,6	 -24,2
s	   250,6201	 7	 82,51	 90,33	   6,8	  19,3	  23,9	  24,6	  25,4	  23,9	  18,6	 -24,4
s	   250,7392	 8	 82,51	 88,77	   6,3	  18,8	  23,2	  23,5	  24,4	  23,9	  18,5	 -24,6
s	   251,6978	 8	 71,56	 88,75	   8,5	  19,7	  23,9	  24,2	  25,1	  24,6	  18,4	 -24,7
s	   252,9429	 8	 82,48	 90,33	   5,8	  18,8	  23,5	  24,2	  25,0	  23,4	  18,3	 -24,9
s	   253,3098	 8	 71,50	 90,31	   6,5	  19,1	  23,7	  24,4	  25,2	  23,5	  18,3	 -25,0
#END
