#HEADER
CATT-Acoustic v8.0b    Copyright © CATT 1988-2003

 Project                : Aula Optica 

 GEOMETRICAL INFORMATION
 Src id and loc     [m] :   A0           0,400        0,600        1,300
 Rec id and loc     [m] :   11           8,000        4,600        1,200

 11       25,0170

 VARIABLE SOURCE DATA
 Directivity
   Type (library)       :  OMNI.SD0
   Dir. Index (DI) [dB] :       0,0      0,0      0,0      0,0      0,0      0,0      0,0      0,0
 Level
   On axis 1m      [dB] :      54,1     63,1     66,8     67,7     69,4     70,6     70,6     54,2
   Total power     [dB] :      65,0     74,0     77,7     78,6     80,3     81,5     81,5     65,1
   Auxiliary delay [ms] :       0,0

 VARIABLE AIR DATA
 Temperature       [°C] :      20
 Relative humidity  [%] :      50
 Density        [kg/m³] :       1,2
 Sound speed      [m/s] :     343
 Impedance      [Ns/m³] :     412
 Diss. coeff. [0.001/m] :      0,10     0,30     0,63     1,07     2,28     6,83    24,23    83,90      (estimated)

#DATAFIELDS
 TYPE DELAY ORDER AZIMUTH ELEVATION SPL125 SPL250 SPL500 SPL1K SPL2K SPL4K SPL8K SPL16K
#DATA
d	     0,0000	 0	116,94	 90,06	  35,4	  44,4	  48,1	  49,0	  50,6	  51,7	  51,0	  32,4
s	     1,0366	 1	117,05	106,96	  34,4	  43,6	  47,2	  48,1	  49,7	  50,8	  50,1	  31,3
*	    52,8198	 1	290,94	 96,81	 -16,2	  -7,0	  -3,4	  -2,6	  -1,0	  -0,3	  -2,4	 -25,7
*	    47,6040	 1	272,50	 97,41	 -14,3	  -5,1	  -1,5	  -0,7	   0,9	   1,7	  -0,3	 -23,1
*	    46,4608	 1	252,97	 97,22	 -14,1	  -5,0	  -1,3	  -0,5	   1,1	   1,8	  -0,1	 -22,9
*	    38,2575	 1	301,09	 99,77	 -10,0	  -0,8	   2,8	   3,6	   5,2	   6,0	   4,3	 -17,7
*	    31,5728	 1	275,18	101,61	  -6,7	   2,5	   6,2	   7,0	   8,6	   9,5	   7,9	 -13,5
*	    30,3816	 1	245,92	100,94	  -6,7	   2,5	   6,1	   6,9	   8,5	   9,4	   7,9	 -13,4
*	    25,4879	 1	322,22	104,73	  -3,0	   6,2	   9,8	  10,7	  12,3	  13,2	  11,8	  -9,1
*	    16,1504	 1	283,66	113,72	   4,6	  13,8	  17,5	  18,3	  19,9	  20,9	  19,8	  -0,3
*	    15,2067	 1	227,45	109,37	   3,2	  12,4	  16,1	  16,9	  18,5	  19,5	  18,4	  -1,6
*	    17,2164	 1	  2,53	108,34	   1,7	  10,8	  14,5	  15,3	  17,0	  17,9	  16,8	  -3,4
*	     4,8157	 1	 21,12	146,03	  16,8	  26,0	  29,7	  30,5	  32,1	  33,2	  32,3	  13,3
*	     4,1424	 1	168,63	119,28	  11,9	  21,1	  24,8	  25,6	  27,2	  28,3	  27,5	   8,5
*	    15,7655	 1	 38,86	104,46	   0,4	   9,6	  13,3	  14,1	  15,7	  16,7	  15,6	  -4,5
*	     4,6567	 1	 74,28	110,78	   8,9	  18,1	  21,7	  22,6	  24,2	  25,3	  24,4	   5,4
*	     1,0867	 1	121,01	107,99	  11,0	  20,2	  23,9	  24,7	  26,4	  27,5	  26,7	   8,0
s	     1,3859	 1	116,82	 72,07	  32,7	  41,8	  45,5	  46,0	  47,7	  49,5	  49,1	  29,6
*	    62,6022	 1	256,03	 81,63	 -16,7	  -6,8	  -3,0	  -2,2	  -0,7	   0,7	  -1,2	 -23,7
*	    63,0109	 1	270,62	 81,40	 -16,6	  -6,8	  -2,9	  -2,2	  -0,7	   0,7	  -1,2	 -23,7
*	    66,6588	 1	285,02	 81,73	 -17,7	  -7,8	  -4,0	  -3,3	  -1,7	  -0,3	  -2,4	 -25,2
*	    46,5065	 1	251,68	 79,27	 -11,0	  -1,1	   2,7	   3,5	   5,0	   6,5	   5,0	 -16,0
*	    46,8578	 1	271,12	 78,75	 -10,8	  -1,0	   2,9	   3,6	   5,2	   6,7	   5,2	 -15,9
*	    51,2833	 1	290,13	 79,47	 -12,4	  -2,6	   1,3	   2,0	   3,6	   5,1	   3,4	 -18,1
*	    30,7829	 1	243,35	 75,00	  -3,9	   6,0	   9,9	  10,6	  12,2	  13,8	  12,7	  -6,9
*	    30,9234	 1	272,16	 73,44	  -3,2	   6,7	  10,5	  11,3	  12,9	  14,5	  13,4	  -6,3
*	    36,5887	 1	299,64	 75,59	  -6,0	   3,9	   7,7	   8,5	  10,1	  11,6	  10,4	  -9,8
*	    16,1728	 1	222,96	 66,60	   5,2	  15,1	  18,9	  19,7	  21,3	  23,0	  22,3	   4,0
*	    15,6019	 1	275,59	 58,14	   8,0	  17,8	  21,7	  22,5	  24,1	  25,8	  25,1	   6,8
*	    23,5288	 1	320,91	 68,82	   1,5	  11,4	  15,2	  16,0	  17,6	  19,3	  18,3	  -0,7
*	     5,5746	 1	170,70	 60,01	  12,6	  22,5	  26,4	  27,1	  28,8	  30,6	  30,1	  12,7
*	     4,3761	 1	 53,30	 17,48	  19,4	  29,3	  33,1	  33,9	  35,6	  37,4	  36,9	  19,6
*	    14,9485	 1	  6,16	 64,51	   6,6	  16,5	  20,4	  21,1	  22,8	  24,5	  23,8	   5,5
*	     1,7837	 1	127,69	 70,54	  13,4	  23,3	  27,2	  28,0	  29,6	  31,4	  31,1	  14,0
*	     3,6378	 1	 84,27	 65,76	  12,7	  22,6	  26,5	  27,2	  28,9	  30,7	  30,3	  13,0
*	    13,4041	 1	 45,13	 71,99	   5,1	  15,0	  18,9	  19,6	  21,3	  23,0	  22,3	   4,2
*	     1,9865	 1	112,10	 77,87	  16,2	  26,0	  29,9	  30,7	  32,3	  34,2	  33,8	  16,7
*	     6,9908	 1	 86,57	 76,87	   9,0	  18,9	  22,7	  23,5	  25,2	  26,9	  26,5	   8,9
*	    16,8450	 1	 61,97	 78,27	   1,8	  11,7	  15,5	  16,3	  17,9	  19,6	  18,9	   0,5
s	     1,8067	 1	123,56	 90,06	  33,6	  43,1	  47,0	  47,8	  49,4	  50,4	  50,0	  31,2
*	     2,4839	 1	126,48	 84,71	  17,3	  26,8	  30,6	  31,5	  33,1	  34,0	  33,7	  14,8
s	     2,0836	 1	114,64	 90,13	  33,5	  43,0	  46,9	  47,7	  49,3	  50,3	  49,9	  31,1
*	    27,4063	 1	 58,73	 92,25	  -5,7	   3,8	   7,6	   8,5	  10,1	  10,8	   9,8	 -11,3
*	    13,1100	 1	 82,07	 92,60	   3,3	  12,8	  16,7	  17,5	  19,1	  20,0	  19,3	  -0,5
*	     3,6647	 1	107,89	 92,49	  19,4	  28,9	  32,7	  33,6	  35,2	  36,1	  35,7	  16,8
*	    21,8505	 1	 66,79	 83,81	 -14,3	  -5,1	  -1,4	  -0,6	   1,0	   1,9	   4,6	 -14,2
*	    21,5343	 1	 66,77	 87,96	 -14,1	  -4,9	  -1,3	  -0,4	   1,2	   2,1	   4,8	 -14,0
*	    19,3905	 1	 70,76	 83,65	 -12,8	  -3,6	   0,1	   0,9	   2,5	   3,4	   6,2	 -12,4
*	    19,0552	 1	 70,74	 87,91	 -12,6	  -3,4	   0,3	   1,1	   2,7	   3,7	   6,4	 -12,2
*	    17,0580	 1	 74,93	 83,51	 -11,2	  -2,1	   1,6	   2,4	   4,1	   5,0	   7,8	 -10,6
*	    16,7013	 1	 74,91	 87,86	 -11,0	  -1,9	   1,8	   2,7	   4,3	   5,2	   8,1	 -10,3
*	    14,8624	 1	 79,24	 83,40	  -9,6	  -0,5	   3,2	   4,0	   5,7	   6,6	   9,5	  -8,7
*	    14,4810	 1	 79,23	 87,82	  -9,4	  -0,2	   3,5	   4,3	   5,9	   6,9	   9,8	  -8,4
*	    12,8121	 1	 83,68	 83,34	  -8,0	   1,2	   4,9	   5,7	   7,4	   8,3	  11,3	  -6,8
*	    12,4013	 1	 83,67	 87,80	  -7,6	   1,5	   5,2	   6,0	   7,7	   8,7	  11,6	  -6,4
*	    10,9149	 1	 88,19	 83,31	  -6,1	   3,0	   6,7	   7,5	   9,2	  10,2	  13,2	  -4,7
*	    10,4676	 1	 88,19	 87,79	  -5,7	   3,4	   7,1	   7,9	   9,6	  10,6	  13,6	  -4,3
*	     9,1781	 1	 92,71	 83,32	  -4,1	   5,0	   8,7	   9,5	  11,2	  12,2	  15,2	  -2,5
*	     8,6832	 1	 92,71	 87,80	  -3,6	   5,5	   9,2	  10,0	  11,7	  12,7	  15,7	  -2,0
*	     7,6108	 1	 97,18	 83,38	  -1,9	   7,3	  10,9	  11,8	  13,4	  14,4	  17,5	  -0,1
*	     7,0503	 1	 97,19	 87,82	  -1,2	   7,9	  11,6	  12,5	  14,1	  15,1	  18,2	   0,7
*	     6,2288	 1	101,55	 83,47	   0,7	   9,9	  13,5	  14,4	  16,0	  17,1	  20,2	   2,7
*	     5,5712	 1	101,56	 87,85	   1,7	  10,9	  14,6	  15,4	  17,0	  18,1	  21,2	   3,8
*	     5,0685	 1	105,78	 83,59	   3,8	  12,9	  16,6	  17,5	  19,1	  20,1	  23,3	   5,9
*	     4,2545	 1	105,80	 87,89	   5,5	  14,6	  18,3	  19,2	  20,8	  21,9	  25,0	   7,7
s	     2,3391	 2	115,75	 90,13	  32,5	  42,5	  46,5	  47,3	  48,9	  49,7	  49,7	  30,9
s	     2,7760	 2	123,69	105,87	  33,1	  42,8	  46,6	  47,4	  49,0	  50,0	  49,6	  30,7
s	     3,0433	 2	114,74	105,78	  33,0	  42,7	  46,5	  47,4	  49,0	  49,9	  49,5	  30,6
s	     3,1037	 2	123,42	 73,20	  32,0	  41,7	  45,6	  46,2	  47,8	  49,5	  49,4	  30,5
s	     3,2902	 3	115,84	105,64	  32,0	  42,2	  46,1	  47,0	  48,5	  49,4	  49,3	  30,4
s	     3,3680	 2	114,54	 73,43	  31,9	  41,7	  45,5	  46,1	  47,7	  49,4	  49,4	  30,4
*	     4,6745	 1	119,96	 80,01	   9,0	  18,0	  21,8	  22,7	  24,3	  25,1	  25,5	   8,2
*	     3,7669	 1	122,67	 79,17	   7,7	  16,7	  20,5	  21,4	  23,0	  23,9	  24,3	   7,0
*	     3,4973	 1	125,84	 78,23	   5,7	  14,7	  18,5	  19,4	  21,0	  21,8	  22,2	   5,0
*	     3,6007	 1	129,56	 77,18	   3,8	  12,8	  16,6	  17,4	  19,1	  19,9	  20,3	   3,1
*	     3,9552	 1	133,95	 76,00	   2,2	  11,3	  15,0	  15,9	  17,5	  18,4	  18,8	   1,5
*	     4,5210	 1	139,13	 74,74	   1,0	  10,0	  13,8	  14,7	  16,3	  17,2	  17,5	   0,2
*	     5,2987	 1	145,24	 73,43	   0,0	   9,1	  12,8	  13,7	  15,3	  16,2	  16,5	  -0,9
*	     6,3108	 1	152,37	 72,14	  -0,8	   8,2	  12,0	  12,8	  14,4	  15,3	  15,6	  -1,9
s	     3,6120	 3	115,64	 73,58	  30,8	  41,1	  45,1	  45,7	  47,3	  48,9	  49,2	  30,2
s	     4,3782	 2	117,17	122,41	  31,6	  40,9	  44,5	  45,0	  46,6	  48,5	  48,0	  28,2
s	     4,6882	 2	116,71	 58,09	  32,0	  41,4	  45,1	  45,7	  47,3	  49,2	  48,7	  29,6
*	     5,5266	 1	 97,45	 97,68	   1,6	  11,3	  16,1	  17,2	  18,9	  19,9	  19,1	   0,0
*	    11,2727	 1	 81,26	 97,68	  -4,7	   4,9	   9,7	  10,8	  12,5	  13,5	  12,6	  -7,1
*	    18,7466	 1	 66,22	 97,14	 -10,0	  -0,4	   4,4	   5,5	   7,2	   8,1	   7,0	 -13,3
s	     5,9303	 3	123,83	120,60	  30,9	  40,9	  44,7	  45,2	  46,8	  48,6	  48,4	  29,2
s	     6,1706	 3	114,84	120,41	  30,8	  40,8	  44,6	  45,2	  46,8	  48,5	  48,3	  29,2
s	     6,2250	 3	123,30	 59,83	  30,8	  40,8	  44,6	  45,2	  46,8	  48,5	  48,3	  29,1
*	     6,2351	 1	119,96	 80,59	   0,4	   9,9	  13,7	  14,6	  16,2	  17,1	  16,6	  -2,5
s	     6,3929	 4	115,95	120,17	  29,8	  40,3	  44,2	  44,8	  46,4	  48,0	  48,1	  29,0
*	     6,5895	 1	160,91	105,77	  -9,6	  -0,1	   3,7	   4,6	   6,2	   7,1	   6,6	 -12,6
s	     6,6833	 4	115,54	 60,38	  29,7	  40,2	  44,2	  44,7	  46,3	  47,9	  48,1	  28,8
s	     8,9718	 3	117,29	133,34	  30,6	  40,2	  43,9	  44,4	  46,1	  47,9	  47,2	  27,8
s	     9,7711	 3	116,59	 46,71	  28,9	  38,4	  42,1	  42,3	  43,9	  46,5	  46,2	  26,0
s	    10,3228	 4	123,96	131,31	  29,5	  39,7	  43,5	  44,0	  45,6	  47,3	  47,0	  27,4
s	    10,5334	 4	114,94	131,08	  29,5	  39,6	  43,4	  43,9	  45,5	  47,3	  46,9	  27,4
s	    10,7286	 5	116,05	130,81	  28,5	  39,1	  43,1	  43,6	  45,1	  46,8	  46,8	  27,2
s	    11,2984	 4	114,35	 49,01	  28,3	  38,5	  42,3	  42,6	  44,2	  46,7	  46,7	  27,1
s	    11,4848	 4	123,15	 47,98	  29,2	  39,3	  43,2	  43,7	  45,3	  46,8	  46,7	  27,0
s	    11,4894	 5	115,44	 49,27	  27,3	  38,0	  42,0	  42,2	  43,8	  46,2	  46,5	  26,9
s	    14,5796	 7	130,16	126,16	  24,4	  36,2	  41,4	  42,2	  43,7	  45,2	  45,5	  25,6
s	    14,7481	 6	131,84	124,34	  23,3	  35,1	  41,3	  42,3	  43,9	  45,5	  45,6	  25,6
s	    14,9464	 4	117,41	141,98	  27,4	  37,2	  40,8	  41,0	  42,6	  45,2	  44,7	  24,0
s	    15,4024	 4	116,48	 38,97	  27,8	  37,8	  41,4	  41,7	  43,3	  45,9	  45,4	  25,4
s	    16,2827	 5	115,05	139,74	  26,9	  37,3	  41,2	  41,4	  43,0	  45,5	  45,3	  25,2
s	    16,4508	 6	116,16	139,46	  25,9	  36,8	  40,8	  41,0	  42,6	  45,0	  45,2	  25,1
s	    16,5448	 5	124,11	140,49	  27,9	  38,1	  42,0	  42,5	  44,0	  45,6	  45,2	  25,1
s	    16,5448	 5	123,04	 40,88	  26,9	  37,3	  41,1	  41,3	  42,9	  45,4	  45,2	  25,1
s	    16,7241	 5	114,25	 41,23	  26,8	  37,3	  41,1	  41,3	  42,9	  45,4	  45,2	  25,1
s	    16,8904	 6	115,34	 41,49	  25,8	  36,8	  40,7	  40,9	  42,5	  44,9	  45,0	  24,9
s	    19,1533	 6	131,25	 43,56	  24,9	  35,8	  40,8	  41,5	  43,1	  44,7	  44,3	  23,9
s	    19,8546	 1	 28,74	 90,02	  29,1	  38,2	  41,9	  42,8	  44,4	  45,2	  43,9	  22,7
*	    20,5281	 1	 39,87	 94,94	   8,2	  17,2	  21,0	  21,8	  23,4	  24,2	  24,1	   5,4
*	    19,9656	 1	 28,14	 95,47	   9,2	  18,2	  22,0	  22,8	  24,4	  25,2	  25,1	   6,4
*	    20,7177	 1	 13,05	 95,83	   9,5	  18,6	  22,3	  23,2	  24,8	  25,5	  25,5	   6,7
*	    20,9785	 1	 13,28	 78,96	   9,3	  18,4	  22,1	  23,0	  24,6	  25,3	  25,3	   6,5
*	    22,9857	 1	355,76	 95,75	   8,8	  17,9	  21,6	  22,5	  24,1	  24,8	  24,7	   5,7
*	    23,2480	 1	356,01	 78,39	   8,6	  17,7	  21,4	  22,3	  23,9	  24,6	  24,5	   5,5
*	    26,7843	 1	339,07	 95,17	   7,0	  16,0	  19,8	  20,6	  22,2	  22,9	  22,7	   3,4
*	    27,0304	 1	339,29	 78,82	   6,8	  15,8	  19,6	  20,5	  22,0	  22,7	  22,5	   3,2
*	    31,8592	 1	325,24	 94,37	   4,3	  13,4	  17,1	  18,0	  19,5	  20,2	  19,9	   0,1
*	    32,0789	 1	325,41	 79,89	   4,2	  13,2	  17,0	  17,8	  19,4	  20,1	  19,7	  -0,1
*	    37,8503	 1	314,77	 93,59	   1,3	  10,4	  14,1	  15,0	  16,5	  17,2	  16,7	  -3,6
*	    38,0425	 1	314,90	 81,09	   1,2	  10,3	  14,0	  14,9	  16,4	  17,1	  16,5	  -3,8
*	    44,4579	 1	307,05	 92,92	  -1,6	   7,4	  11,2	  12,0	  13,5	  14,1	  13,5	  -7,4
*	    44,6259	 1	307,14	 82,19	  -1,7	   7,3	  11,1	  11,9	  13,5	  14,1	  13,4	  -7,5
*	    51,4796	 1	301,30	 92,41	  -4,4	   4,6	   8,3	   9,2	  10,7	  11,2	  10,4	 -11,1
*	    51,6276	 1	301,37	 83,08	  -4,5	   4,5	   8,3	   9,1	  10,6	  11,2	  10,3	 -11,2
*	    58,7871	 1	296,94	 91,99	  -7,1	   2,0	   5,7	   6,5	   8,0	   8,5	   7,5	 -14,7
*	    58,9187	 1	297,00	 83,82	  -7,1	   1,9	   5,6	   6,5	   8,0	   8,5	   7,4	 -14,7
*	    66,2986	 1	293,57	 91,66	  -9,5	  -0,5	   3,3	   4,1	   5,6	   6,0	   4,8	 -18,0
*	    66,4169	 1	293,61	 84,41	  -9,5	  -0,5	   3,2	   4,1	   5,5	   6,0	   4,7	 -18,1
s	    20,1412	 8	123,83	119,95	  19,0	  32,0	  39,4	  40,6	  42,3	  43,8	  44,1	  23,6
s	    20,3659	 7	128,47	 45,21	  23,9	  35,3	  40,5	  41,2	  42,7	  44,2	  44,1	  23,7
s	    20,4407	 2	 28,62	 99,61	  29,3	  38,5	  42,3	  43,1	  44,7	  45,5	  44,4	  24,0
s	    20,9323	 8	135,92	 45,85	  22,4	  34,0	  39,1	  39,6	  41,1	  43,4	  43,6	  23,2
s	    21,0487	 2	 31,27	 90,06	  28,7	  38,2	  42,1	  43,0	  44,5	  45,2	  44,5	  24,0
s	    21,0966	 5	117,53	147,88	  26,5	  36,6	  40,2	  40,4	  42,0	  44,6	  43,9	  23,4
s	    21,6198	 3	 31,15	 99,41	  28,4	  38,1	  42,0	  42,8	  44,3	  45,0	  44,3	  23,7
s	    22,0796	 5	116,36	 32,81	  24,8	  34,8	  38,4	  38,3	  39,9	  43,2	  42,9	  21,6
s	    22,1012	 6	124,23	145,98	  25,3	  35,9	  39,7	  39,9	  41,5	  44,0	  43,6	  23,0
s	    22,2594	 6	115,14	145,77	  25,5	  36,1	  39,9	  40,1	  41,7	  44,2	  43,8	  23,2
s	    22,4063	 7	116,26	145,51	  24,5	  35,6	  39,6	  39,8	  41,3	  43,7	  43,7	  23,0
s	    22,4349	 3	 28,49	109,38	  27,2	  36,5	  40,2	  40,7	  42,3	  43,9	  43,1	  21,7
s	    22,9258	 2	 26,68	 90,02	  28,3	  37,9	  41,8	  42,7	  44,2	  44,8	  44,1	  23,4
s	    23,1976	 3	 27,30	 90,03	  27,3	  37,4	  41,4	  42,3	  43,8	  44,3	  43,9	  23,2
s	    23,2187	 6	114,15	 34,93	  24,3	  35,0	  38,8	  38,8	  40,3	  43,6	  43,6	  22,9
*	    23,2399	 1	 38,12	 85,47	   7,2	  16,4	  20,0	  20,9	  22,5	  23,4	  22,1	   1,4
*	    25,9072	 1	 49,26	 86,46	   5,4	  14,6	  18,2	  19,1	  20,7	  21,6	  20,2	  -0,8
s	    23,2568	 2	 27,07	 80,29	  27,3	  36,5	  40,2	  40,6	  42,3	  44,0	  43,0	  21,5
s	    23,3627	 7	115,24	 35,17	  23,3	  34,5	  38,5	  38,4	  40,0	  43,1	  43,5	  22,7
s	    23,4748	 3	 26,57	 99,00	  28,0	  37,7	  41,7	  42,5	  44,0	  44,7	  43,9	  23,2
s	    23,5482	 6	122,89	 34,21	  24,5	  35,0	  38,9	  39,1	  40,7	  43,0	  42,5	  21,0
s	    23,5657	 4	 31,03	108,95	  26,8	  36,8	  40,7	  41,2	  42,7	  44,2	  43,7	  23,0
s	    23,7435	 4	 27,18	 98,96	  27,0	  37,2	  41,3	  42,1	  43,6	  44,2	  43,7	  23,0
s	    24,3688	 3	 29,49	 80,55	  26,8	  36,8	  40,6	  41,2	  42,7	  44,3	  43,7	  22,9
s	    24,5868	 4	 28,40	115,62	  25,1	  35,3	  40,1	  40,9	  42,5	  44,1	  43,3	  22,5
s	    25,3491	 4	 26,44	108,21	  26,4	  36,5	  40,4	  40,9	  42,4	  43,9	  43,4	  22,5
s	    25,6078	 5	 27,06	108,13	  25,4	  35,9	  40,0	  40,5	  42,0	  43,4	  43,2	  22,3
s	    25,6583	 4	 29,57	 74,18	  24,4	  35,0	  39,9	  40,7	  42,3	  43,9	  43,3	  22,4
s	    25,6696	 5	 30,94	115,08	  24,2	  34,8	  39,8	  40,6	  42,2	  43,7	  43,2	  22,3
s	    25,9519	 4	 29,12	 62,08	  25,3	  34,9	  38,6	  38,8	  40,4	  42,7	  42,2	  20,5
s	    26,3307	 3	 25,22	 80,88	  26,5	  36,5	  40,3	  40,8	  42,4	  44,0	  43,3	  22,3
s	    26,5846	 4	 25,81	 80,93	  25,5	  36,0	  39,9	  40,5	  42,0	  43,5	  43,1	  22,1
*	    26,6635	 1	 57,85	 91,08	  -4,0	   5,1	   8,8	   9,7	  11,2	  12,0	  11,7	  -7,5
*	    26,8058	 1	 57,82	 94,60	  -4,0	   5,0	   8,7	   9,6	  11,2	  11,9	  11,7	  -7,6
s	    27,0062	 5	 31,63	 62,74	  24,9	  35,2	  39,1	  39,4	  40,9	  43,1	  42,9	  21,9
s	    27,2434	 5	 27,27	 65,80	  23,4	  33,8	  38,7	  39,2	  40,8	  43,2	  42,6	  21,6
s	    27,5385	 7	115,23	149,70	  21,4	  32,7	  37,6	  37,8	  39,4	  42,6	  42,6	  21,5
s	    27,9791	 5	 25,90	 74,21	  24,1	  35,0	  40,1	  41,2	  42,7	  43,3	  42,7	  21,6
s	    28,1323	 6	117,65	152,65	  23,5	  33,7	  37,3	  37,1	  38,7	  42,1	  41,5	  19,7
s	    28,2722	 6	 29,68	 66,34	  22,5	  33,4	  38,4	  38,9	  40,5	  42,7	  42,5	  21,4
*	    28,5296	 1	 56,85	 84,26	 -18,1	  -9,1	  -5,3	  -4,4	  -2,9	  -2,2	  -2,4	 -21,9
*	    28,2768	 1	 56,82	 87,65	 -18,0	  -8,9	  -5,2	  -4,3	  -2,7	  -2,0	  -2,3	 -21,7
s	    28,6470	 6	116,26	 28,52	  23,9	  34,3	  37,9	  37,8	  39,4	  42,8	  42,2	  21,1
s	    28,8944	 5	 29,22	 56,73	  23,1	  33,6	  38,4	  38,9	  40,5	  42,9	  42,3	  21,1
s	    29,2726	 8	116,37	150,48	  22,1	  33,5	  37,4	  37,3	  38,8	  42,0	  42,1	  20,9
s	    29,5127	 7	124,38	151,21	  23,3	  34,0	  37,9	  38,0	  39,5	  41,9	  41,2	  19,2
s	    29,5127	 7	122,78	 30,15	  22,8	  33,7	  37,5	  37,4	  38,9	  42,2	  42,0	  20,7
s	    29,6494	 7	114,06	 30,46	  23,0	  33,9	  37,7	  37,6	  39,1	  42,4	  42,2	  20,9
s	    29,7765	 8	115,15	 30,69	  22,0	  33,4	  37,4	  37,3	  38,8	  41,9	  42,0	  20,8
s	    29,8923	 6	 31,71	 57,45	  22,2	  33,2	  38,2	  38,7	  40,2	  42,5	  42,2	  20,9
s	    32,1404	 5	 26,45	124,11	  25,1	  34,8	  38,5	  38,9	  40,5	  42,1	  40,9	  18,6
s	    32,7110	 7	 27,77	 57,01	  22,8	  33,8	  37,8	  38,1	  39,5	  41,7	  41,6	  20,0
s	    33,0826	 6	 28,90	123,52	  24,8	  35,1	  39,0	  39,5	  41,0	  42,5	  41,6	  20,1
s	    34,7593	 6	 24,63	122,43	  24,5	  34,9	  38,8	  39,2	  40,7	  42,2	  41,3	  19,6
s	    34,9202	 7	117,77	156,06	  22,7	  33,3	  36,9	  36,8	  38,4	  41,7	  40,9	  19,2
s	    34,9774	 7	 25,22	122,30	  23,5	  34,4	  38,4	  38,9	  40,3	  41,7	  41,2	  19,4
s	    35,0305	 6	 29,37	 48,75	  22,4	  32,5	  36,2	  36,1	  37,6	  40,7	  40,2	  17,7
s	    35,2937	 7	 24,29	122,10	  23,2	  33,3	  37,0	  37,1	  38,6	  41,1	  40,1	  17,6
s	    35,8193	 8	115,35	154,29	  21,9	  32,9	  36,7	  36,6	  38,1	  41,4	  40,9	  19,1
s	    35,9280	 7	 31,86	 49,53	  22,1	  32,8	  36,7	  36,6	  38,1	  41,2	  41,0	  19,2
s	    35,9809	 7	116,14	 24,94	  21,0	  31,5	  35,1	  34,7	  36,3	  40,3	  40,0	  17,4
s	    36,1874	 8	 26,61	121,62	  22,8	  33,7	  37,6	  37,7	  39,2	  41,5	  40,8	  19,0
s	    36,2196	 8	124,52	154,70	  22,6	  33,4	  37,3	  37,4	  38,9	  41,2	  40,6	  18,7
s	    36,2995	 7	 26,34	129,55	  22,0	  32,3	  36,0	  35,8	  37,3	  40,5	  39,9	  17,3
s	    37,1787	 8	 28,80	128,92	  21,7	  32,6	  36,5	  36,4	  37,9	  40,9	  40,7	  18,7
s	    37,2691	 8	122,64	 26,19	  20,9	  31,8	  35,7	  35,6	  37,1	  40,2	  39,6	  16,9
s	    37,3589	 7	 27,28	 50,60	  21,9	  32,6	  36,5	  36,4	  37,9	  40,9	  40,7	  18,8
s	    37,5680	 8	 27,89	 50,77	  20,9	  32,1	  36,2	  36,1	  37,5	  40,5	  40,6	  18,6
s	    39,1033	 7	 24,52	128,17	  23,7	  34,2	  38,1	  38,5	  40,0	  41,5	  40,4	  18,3
s	    39,2164	 8	 22,96	 60,70	  19,7	  31,3	  36,4	  36,9	  38,4	  40,5	  40,3	  18,2
s	    39,3067	 8	 25,11	128,03	  22,7	  33,7	  37,8	  38,2	  39,6	  41,0	  40,3	  18,2
s	    39,4011	 8	 30,57	134,77	  19,4	  30,8	  35,8	  35,9	  37,5	  40,5	  40,3	  18,1
s	    39,8865	 7	 27,98	136,65	  21,5	  31,8	  35,5	  35,3	  36,8	  40,0	  39,3	  16,3
s	    40,6971	 8	 26,24	134,04	  19,7	  30,8	  35,6	  35,7	  37,3	  40,5	  39,8	  17,6
s	    41,6787	 2	159,80	 90,03	  24,7	  34,3	  38,2	  39,0	  40,5	  41,0	  39,5	  16,4
s	    42,0743	 3	159,88	 96,51	  24,5	  34,2	  38,1	  38,9	  40,4	  40,9	  39,3	  16,2
s	    42,4174	 8	117,90	158,95	  19,9	  30,6	  34,2	  33,7	  35,3	  39,4	  38,7	  15,6
s	    42,4551	 8	 27,40	 45,65	  21,0	  31,9	  35,8	  35,7	  37,1	  40,2	  39,8	  17,4
s	    42,4878	 3	157,93	 90,06	  24,4	  34,5	  38,5	  39,4	  40,8	  41,2	  40,3	  17,9
s	    42,8788	 4	158,01	 96,46	  24,1	  34,4	  38,4	  39,2	  40,7	  41,1	  40,1	  17,7
s	    42,9587	 8	116,03	 22,33	  20,4	  31,2	  34,9	  34,4	  36,0	  40,1	  39,4	  17,0
s	    43,9555	 5	157,77	 78,47	  20,8	  31,7	  36,9	  37,7	  39,2	  40,4	  39,8	  17,3
s	    45,0537	 3	160,53	 83,35	  23,6	  33,5	  37,3	  37,9	  39,4	  40,8	  39,7	  17,0
s	    45,1717	 4	160,29	 90,04	  23,1	  33,7	  37,8	  38,7	  40,1	  40,4	  39,8	  17,1
s	    45,5478	 5	160,38	 96,20	  22,8	  33,6	  37,7	  38,6	  39,9	  40,3	  39,6	  16,9
s	    45,8244	 4	158,74	 83,45	  22,7	  33,2	  37,1	  37,7	  39,2	  40,5	  39,7	  17,0
s	    45,9243	 5	159,52	 70,36	  21,5	  31,6	  35,4	  35,6	  37,1	  39,2	  38,5	  15,0
s	    46,2352	 4	160,80	102,78	  22,7	  32,6	  36,4	  36,8	  38,4	  39,9	  38,6	  15,1
s	    46,6856	 6	157,66	 70,61	  21,2	  31,9	  36,0	  36,2	  37,7	  39,7	  39,3	  16,5
s	    46,9932	 5	159,00	102,67	  22,4	  33,0	  37,0	  37,4	  38,9	  40,3	  39,4	  16,6
s	    47,6860	 5	160,86	107,18	  20,8	  31,6	  36,5	  37,2	  38,8	  40,3	  39,0	  16,2
s	    48,4290	 6	159,06	107,03	  20,0	  31,3	  36,3	  37,0	  38,6	  40,0	  39,0	  16,1
s	    48,5978	 8	 27,79	 40,59	  20,2	  30,6	  34,3	  34,1	  35,6	  38,7	  37,8	  14,1
s	    48,6005	 6	160,16	115,33	  20,9	  31,2	  35,1	  35,2	  36,7	  38,8	  38,0	  14,3
s	    49,3344	 7	158,28	115,09	  20,6	  31,6	  35,6	  35,8	  37,3	  39,3	  38,8	  15,8
s	    50,6905	 6	160,30	 67,02	  19,2	  30,3	  35,2	  35,6	  37,2	  39,5	  38,5	  15,3
s	    51,1930	 7	160,22	119,22	  18,9	  30,0	  35,0	  35,5	  37,0	  39,1	  38,3	  15,1
s	    51,4043	 7	158,50	 67,28	  18,4	  30,0	  35,0	  35,4	  37,0	  39,1	  38,5	  15,3
s	    51,7794	 8	160,64	114,22	  19,4	  30,8	  35,0	  35,2	  36,6	  38,5	  38,3	  15,1
s	    51,9022	 8	158,35	118,95	  18,1	  29,7	  34,9	  35,3	  36,8	  38,8	  38,3	  15,0
s	    55,7837	 8	159,28	 55,92	  17,2	  28,6	  33,5	  33,7	  35,2	  38,1	  37,5	  13,9
s	    59,2007	 8	161,16	124,58	  19,3	  30,0	  33,8	  33,8	  35,3	  37,5	  36,2	  11,6
s	    61,9252	 1	261,48	 89,00	  23,4	  32,9	  36,7	  37,5	  39,0	  39,5	  37,6	  13,5
*	    69,7094	 1	292,35	 85,16	  -1,2	   8,2	  12,0	  12,9	  14,4	  14,8	  12,7	 -12,1
*	    62,9577	 1	272,29	 84,76	   0,7	  10,2	  14,0	  14,9	  16,4	  16,9	  14,9	  -9,3
*	    62,8839	 1	251,47	 85,00	   0,5	  10,0	  13,8	  14,6	  16,1	  16,6	  14,7	  -9,5
s	    62,2291	 2	261,49	 93,98	  22,9	  32,6	  36,4	  37,2	  38,7	  39,2	  37,2	  13,1
s	    62,3341	 2	261,47	 83,64	  21,4	  31,0	  34,7	  35,2	  36,7	  38,0	  36,4	  11,5
s	    63,2846	 3	261,50	 99,26	  21,0	  30,8	  34,6	  35,0	  36,5	  37,9	  36,2	  11,2
s	    63,3883	 3	261,46	 78,75	  21,5	  31,5	  35,3	  35,8	  37,3	  38,6	  37,0	  12,7
s	    64,2349	 2	261,68	 89,00	  22,2	  32,2	  36,1	  37,0	  38,4	  38,8	  37,2	  12,9
s	    64,5309	 3	261,69	 93,85	  21,9	  32,1	  36,1	  36,9	  38,3	  38,8	  37,1	  12,7
s	    64,6332	 3	261,67	 83,78	  20,9	  31,2	  35,1	  35,7	  37,1	  38,3	  37,0	  12,7
s	    64,9182	 4	261,51	104,01	  21,2	  31,3	  35,1	  35,6	  37,1	  38,4	  36,7	  12,3
s	    65,2233	 4	261,45	 73,65	  19,6	  29,7	  33,4	  33,6	  35,1	  37,2	  35,8	  10,6
s	    65,5596	 4	261,70	 99,00	  20,6	  31,1	  35,0	  35,5	  37,0	  38,2	  36,8	  12,4
s	    65,6607	 4	261,66	 79,01	  20,6	  31,0	  35,0	  35,5	  36,9	  38,2	  36,8	  12,3
s	    67,1529	 5	261,71	103,65	  20,2	  30,9	  34,8	  35,3	  36,7	  38,0	  36,5	  11,9
s	    67,3419	 5	261,52	108,91	  19,2	  29,4	  33,2	  33,3	  34,8	  36,9	  35,4	  10,1
s	    67,4506	 5	261,65	 74,03	  19,2	  29,9	  33,8	  34,1	  35,5	  37,5	  36,5	  11,8
s	    67,5401	 5	261,43	 69,13	  19,7	  30,1	  33,9	  34,1	  35,5	  37,7	  36,2	  11,6
s	    69,5193	 6	261,72	108,44	  18,8	  29,7	  33,6	  33,8	  35,2	  37,3	  36,1	  11,3
s	    69,5692	 2	293,56	 89,07	  22,4	  32,0	  35,9	  36,7	  38,1	  38,5	  36,5	  11,7
s	    69,7130	 6	261,64	 69,61	  18,7	  29,7	  33,6	  33,8	  35,2	  37,3	  36,1	  11,2
s	    69,8487	 3	293,53	 93,65	  22,0	  31,7	  35,6	  36,3	  37,8	  38,2	  36,1	  11,3
s	    69,9452	 3	293,58	 84,15	  20,4	  30,1	  33,9	  34,4	  35,8	  36,9	  35,3	   9,7
s	    70,1647	 6	261,53	113,21	  19,2	  29,8	  33,6	  33,7	  35,2	  37,4	  35,8	  10,9
s	    70,6448	 6	261,42	 64,54	  17,6	  28,1	  31,9	  31,7	  33,2	  36,1	  34,9	   9,2
s	    70,8203	 4	293,50	 98,52	  20,1	  29,9	  33,8	  34,2	  35,6	  36,8	  35,1	   9,4
s	    70,9158	 4	293,61	 79,64	  20,6	  30,6	  34,5	  35,0	  36,4	  37,6	  35,9	  10,9
s	    71,0643	 3	295,45	 89,09	  21,3	  31,4	  35,4	  36,2	  37,6	  37,8	  36,2	  11,3
s	    71,3394	 4	295,43	 93,60	  21,1	  31,3	  35,3	  36,1	  37,5	  37,8	  36,1	  11,1
s	    71,4344	 4	295,48	 84,24	  20,1	  30,4	  34,4	  35,0	  36,3	  37,4	  36,1	  11,1
s	    71,6965	 3	292,99	 89,07	  21,3	  31,3	  35,3	  36,2	  37,6	  37,8	  36,1	  11,1
s	    71,9331	 4	293,30	 89,08	  20,3	  30,8	  35,0	  35,8	  37,2	  37,3	  36,0	  11,0
s	    71,9698	 4	292,96	 93,55	  21,0	  31,2	  35,3	  36,1	  37,5	  37,7	  36,0	  11,0
s	    72,0642	 4	293,01	 84,26	  20,0	  30,3	  34,3	  34,9	  36,3	  37,3	  36,0	  10,9
s	    72,2057	 5	293,28	 93,54	  20,0	  30,8	  34,9	  35,7	  37,1	  37,2	  35,8	  10,8
s	    72,2790	 7	261,73	112,65	  18,3	  29,4	  33,3	  33,5	  34,9	  36,9	  35,6	  10,6
s	    72,2961	 5	295,40	 98,39	  19,8	  30,3	  34,3	  34,8	  36,2	  37,2	  35,8	  10,8
s	    72,2999	 5	293,33	 84,27	  19,0	  29,8	  34,0	  34,6	  35,9	  36,8	  35,8	  10,8
s	    72,3275	 5	293,48	102,92	  20,3	  30,4	  34,3	  34,8	  36,2	  37,4	  35,6	  10,5
s	    72,3902	 5	295,51	 79,80	  19,7	  30,2	  34,3	  34,8	  36,2	  37,2	  35,8	  10,8
s	    72,6094	 5	293,64	 74,91	  18,7	  28,8	  32,6	  32,8	  34,2	  36,2	  34,8	   8,9
s	    72,7487	 7	261,63	 65,10	  17,2	  28,4	  32,3	  32,2	  33,7	  36,5	  35,6	  10,5
s	    72,9204	 5	292,93	 98,32	  19,7	  30,2	  34,2	  34,7	  36,1	  37,2	  35,8	  10,6
s	    73,0139	 5	293,04	 79,84	  19,7	  30,2	  34,2	  34,7	  36,1	  37,2	  35,7	  10,6
s	    73,1540	 6	293,25	 98,30	  18,7	  29,7	  33,9	  34,4	  35,7	  36,7	  35,6	  10,5
s	    73,2473	 6	293,35	 79,87	  18,7	  29,7	  33,9	  34,4	  35,7	  36,7	  35,6	  10,5
s	    73,7653	 7	261,54	117,53	  17,1	  27,8	  31,6	  31,4	  32,8	  35,8	  34,4	   8,5
s	    73,7808	 6	295,37	102,73	  19,4	  30,1	  34,1	  34,6	  36,0	  37,0	  35,5	  10,3
s	    74,0432	 7	261,41	 60,55	  17,6	  28,5	  32,3	  32,1	  33,6	  36,5	  35,2	   9,9
s	    74,0586	 6	295,54	 75,14	  18,3	  29,1	  33,2	  33,4	  34,8	  36,6	  35,5	  10,3
s	    74,0922	 4	 12,20	 85,28	  20,3	  30,3	  34,2	  34,7	  36,1	  37,3	  35,5	  10,3
s	    74,1863	 4	 12,08	 90,00	  20,8	  30,9	  35,0	  35,9	  37,2	  37,3	  35,7	  10,5
s	    74,2804	 4	 13,45	 90,02	  21,3	  31,2	  35,1	  35,9	  37,3	  37,7	  34,7	   8,7
s	    74,3179	 5	 12,40	 90,01	  19,9	  30,4	  34,7	  35,5	  36,8	  36,8	  35,6	  10,3
s	    74,3957	 6	292,91	102,63	  19,3	  30,0	  34,0	  34,5	  35,9	  37,0	  35,5	  10,2
s	    74,4527	 5	 12,02	 94,37	  20,6	  30,9	  35,0	  35,8	  37,1	  37,2	  35,6	  10,3
s	    74,5466	 5	 13,39	 94,38	  20,6	  31,0	  35,0	  35,7	  37,1	  37,4	  35,6	  10,3
s	    74,5840	 6	 12,34	 94,37	  19,6	  30,4	  34,6	  35,4	  36,7	  36,7	  35,4	  10,2
s	    74,6259	 7	293,22	102,60	  18,4	  29,5	  33,7	  34,2	  35,5	  36,5	  35,3	  10,1
s	    74,6386	 5	 13,51	 85,33	  20,1	  30,2	  34,1	  34,6	  36,0	  37,2	  34,5	   8,5
s	    74,6719	 6	293,07	 75,21	  18,3	  29,1	  33,1	  33,3	  34,7	  36,5	  35,4	  10,2
s	    74,7549	 6	293,66	 70,70	  18,8	  29,2	  33,1	  33,3	  34,7	  36,7	  35,2	   9,9
s	    74,9014	 7	293,38	 75,25	  17,3	  28,6	  32,8	  33,0	  34,3	  36,1	  35,3	  10,0
s	    75,2839	 6	 13,56	 82,08	  17,3	  28,4	  33,6	  34,3	  35,7	  36,8	  35,4	  10,0
s	    75,3210	 7	 12,52	 82,07	  16,3	  27,8	  33,2	  34,0	  35,3	  36,1	  35,2	   9,9
s	    75,8041	 8	261,74	116,91	  16,7	  28,1	  32,0	  31,9	  33,3	  36,1	  35,1	   9,7
s	    75,9921	 7	295,34	107,23	  18,0	  28,9	  32,9	  33,1	  34,5	  36,4	  35,2	   9,8
s	    76,0764	 8	261,62	 61,18	  16,7	  28,1	  32,0	  31,9	  33,3	  36,1	  35,0	   9,6
s	    76,1733	 7	295,57	 70,98	  17,9	  28,9	  32,9	  33,1	  34,5	  36,3	  35,1	   9,7
s	    76,5066	 7	 13,28	102,21	  16,9	  28,3	  33,4	  34,1	  35,5	  36,6	  35,1	   9,7
s	    76,6478	 6	 12,33	 76,42	  18,1	  28,4	  32,2	  32,4	  33,8	  35,7	  34,2	   8,0
s	    76,7739	 7	293,09	 71,07	  17,9	  28,8	  32,9	  33,1	  34,4	  36,3	  35,1	   9,6
s	    76,8189	 8	293,20	107,07	  16,9	  28,4	  32,6	  32,7	  34,1	  35,8	  34,9	   9,5
s	    76,9986	 8	293,41	 71,12	  16,9	  28,4	  32,5	  32,7	  34,1	  35,8	  34,9	   9,4
s	    77,1805	 7	 13,64	 76,51	  18,4	  29,0	  32,9	  33,0	  34,4	  36,4	  34,0	   7,7
s	    77,1944	 7	293,42	111,52	  18,4	  29,0	  32,9	  33,0	  34,4	  36,4	  34,8	   9,3
s	    77,4895	 5	 11,76	 85,44	  19,3	  29,8	  33,8	  34,3	  35,7	  36,7	  35,2	   9,7
s	    77,5771	 8	261,55	121,26	  17,1	  28,1	  31,9	  31,7	  33,2	  36,2	  34,6	   9,1
s	    77,6169	 6	 12,08	 85,45	  18,3	  29,3	  33,5	  34,0	  35,3	  36,2	  35,1	   9,5
s	    77,6416	 7	293,69	 66,38	  16,8	  27,3	  31,2	  31,0	  32,4	  35,2	  33,9	   7,6
s	    78,2004	 8	261,40	 56,58	  15,5	  26,5	  30,2	  29,7	  31,2	  34,9	  33,8	   7,4
s	    78,3007	 6	 11,57	 98,76	  19,0	  29,7	  33,7	  34,2	  35,5	  36,6	  35,0	   9,4
s	    78,4271	 7	 11,89	 98,75	  18,0	  29,2	  33,4	  33,8	  35,2	  36,1	  34,9	   9,3
s	    78,5795	 8	295,31	111,22	  17,5	  28,6	  32,7	  32,8	  34,2	  36,1	  34,7	   9,1
s	    78,9662	 8	 11,82	107,61	  17,5	  28,5	  32,6	  32,8	  34,1	  35,8	  34,7	   9,0
s	    79,0207	 8	295,60	 66,71	  16,4	  27,7	  31,7	  31,6	  33,0	  35,6	  34,7	   9,0
s	    79,0560	 8	 13,19	107,61	  18,0	  28,8	  32,7	  32,8	  34,2	  36,2	  33,6	   7,2
s	    79,0637	 7	 11,49	 99,02	  19,2	  29,6	  33,6	  34,0	  35,4	  36,4	  34,6	   8,9
s	    79,1661	 8	292,86	111,08	  17,5	  28,6	  32,6	  32,8	  34,1	  36,0	  34,7	   9,0
s	    79,3065	 7	 11,53	101,86	  16,7	  28,1	  33,2	  33,9	  35,3	  36,3	  34,8	   9,1
s	    79,4317	 8	 11,85	101,85	  15,7	  27,6	  32,8	  33,5	  34,9	  35,9	  34,6	   8,9
s	    79,5841	 8	 12,75	 98,99	  19,0	  29,5	  33,5	  33,9	  35,3	  36,3	  33,6	   7,1
s	    79,6049	 8	293,12	 66,83	  16,4	  27,6	  31,7	  31,6	  32,9	  35,6	  34,6	   8,9
s	    79,9625	 7	 11,88	 76,85	  17,6	  28,6	  32,6	  32,8	  34,2	  36,0	  34,7	   8,9
s	    80,0869	 8	 12,20	 76,87	  16,6	  28,1	  32,3	  32,5	  33,8	  35,5	  34,6	   8,8
s	    80,5555	 8	293,39	115,62	  16,3	  27,1	  30,9	  30,7	  32,1	  34,9	  33,5	   6,9
s	    80,5971	 8	 11,83	110,94	  16,9	  27,9	  33,0	  33,7	  35,1	  36,1	  34,3	   8,5
s	    80,8156	 8	293,72	 62,60	  16,8	  27,7	  31,6	  31,5	  32,9	  35,6	  34,2	   8,4
s	    81,4222	 8	 11,93	 73,86	  15,3	  26,9	  32,0	  32,4	  33,9	  35,7	  34,4	   8,5
s	    83,4099	 3	231,80	 89,20	  20,5	  30,0	  33,8	  34,6	  36,0	  36,2	  33,6	   6,8
s	    83,6537	 4	231,83	 93,20	  20,2	  29,9	  33,8	  34,5	  35,9	  36,1	  33,5	   6,7
s	    83,7380	 4	231,76	 84,90	  19,2	  29,0	  32,8	  33,4	  34,7	  35,7	  33,5	   6,6
s	    84,5029	 5	231,87	 97,46	  18,9	  28,7	  32,5	  32,9	  34,3	  35,3	  33,3	   6,4
s	    84,5866	 5	231,72	 80,95	  18,5	  29,0	  33,0	  33,5	  34,9	  35,8	  34,1	   8,0
s	    84,8986	 7	 30,04	 98,48	  17,5	  28,1	  32,1	  32,5	  33,8	  34,7	  33,1	   6,1
s	    85,2705	 4	232,53	 89,20	  20,1	  30,1	  34,1	  34,9	  36,2	  36,3	  34,3	   8,1
s	    85,5103	 5	232,57	 93,13	  19,8	  30,1	  34,0	  34,8	  36,1	  36,3	  34,2	   7,9
s	    85,5667	 4	230,36	 89,22	  20,1	  30,1	  34,1	  34,9	  36,2	  36,3	  34,3	   8,0
s	    85,5931	 5	232,49	 84,97	  18,8	  29,1	  33,1	  33,7	  34,9	  35,8	  34,2	   7,9
s	    85,6192	 5	232,29	 89,20	  19,1	  29,6	  33,8	  34,6	  35,8	  35,8	  34,2	   7,9
s	    85,8059	 5	230,39	 93,14	  19,8	  30,0	  34,0	  34,8	  36,1	  36,2	  34,1	   7,9
s	    85,8242	 6	231,90	101,34	  19,1	  29,2	  33,1	  33,5	  34,9	  36,0	  33,8	   7,5
s	    85,8582	 6	232,32	 93,12	  18,9	  29,6	  33,7	  34,5	  35,7	  35,8	  34,0	   7,8
s	    85,8885	 5	230,32	 85,00	  18,8	  29,1	  33,1	  33,6	  34,9	  35,8	  34,1	   7,9
s	    85,9408	 6	232,25	 84,99	  17,8	  28,6	  32,8	  33,3	  34,5	  35,4	  34,0	   7,8
s	    86,2002	 6	231,68	 76,50	  17,6	  28,0	  32,0	  32,5	  33,8	  34,6	  33,0	   6,0
s	    86,3453	 6	232,60	 97,32	  18,5	  29,0	  33,0	  33,5	  34,8	  35,7	  34,0	   7,7
s	    86,4275	 6	232,46	 81,09	  17,6	  28,6	  32,8	  33,3	  34,6	  35,4	  34,0	   7,7
s	    86,6387	 6	230,43	 97,32	  18,5	  29,0	  33,0	  33,5	  34,8	  35,7	  33,9	   7,6
s	    86,6906	 7	232,36	 97,30	  17,5	  28,5	  32,7	  33,2	  34,4	  35,2	  33,8	   7,5
s	    86,7207	 6	230,28	 81,13	  17,6	  28,6	  32,7	  33,2	  34,6	  35,4	  34,0	   7,7
s	    86,7726	 7	232,22	 81,11	  16,6	  28,1	  32,4	  32,9	  34,2	  35,0	  33,9	   7,5
s	    87,6450	 7	232,64	101,14	  18,2	  28,9	  32,9	  33,3	  34,6	  35,6	  33,7	   7,3
s	    87,7997	 7	231,94	105,39	  17,2	  27,4	  31,2	  31,3	  32,7	  34,5	  32,7	   5,5
s	    87,9350	 7	230,47	101,12	  18,2	  28,9	  32,8	  33,3	  34,6	  35,5	  33,7	   7,2
s	    87,9620	 7	231,65	 73,04	  17,7	  28,1	  31,9	  32,1	  33,4	  35,3	  33,4	   7,0
s	    87,9864	 8	232,39	101,10	  17,2	  28,4	  32,5	  33,0	  34,2	  35,1	  33,6	   7,1
s	    88,0149	 7	232,42	 76,70	  17,3	  28,3	  32,6	  33,1	  34,3	  35,0	  33,7	   7,3
s	    88,3039	 7	230,24	 76,75	  17,2	  28,3	  32,5	  33,0	  34,3	  35,0	  33,7	   7,2
s	    88,3551	 8	232,18	 76,74	  16,3	  27,8	  32,2	  32,7	  33,9	  34,5	  33,6	   7,1
s	    89,5513	 8	 27,62	 98,12	  16,9	  28,1	  32,4	  32,9	  34,1	  34,9	  33,5	   6,9
s	    89,5891	 8	232,67	105,13	  16,8	  27,8	  31,7	  31,9	  33,2	  34,9	  33,4	   6,8
s	    89,7489	 8	232,39	 73,29	  16,8	  27,8	  31,7	  31,9	  33,2	  34,9	  33,4	   6,8
s	    89,8742	 8	230,51	105,11	  16,8	  27,7	  31,7	  31,9	  33,2	  34,9	  33,4	   6,7
s	    90,0336	 8	230,21	 73,35	  16,8	  27,7	  31,7	  31,9	  33,1	  34,9	  33,3	   6,7
s	    90,0498	 8	 28,76	 86,18	  16,1	  27,8	  32,1	  32,6	  33,8	  34,6	  33,4	   6,8
s	    90,1221	 8	231,98	109,02	  17,3	  27,9	  31,7	  31,9	  33,2	  35,1	  33,1	   6,5
s	    90,5193	 8	231,61	 69,15	  15,7	  26,3	  30,0	  29,9	  31,2	  33,8	  32,3	   4,8
s	    91,4833	 7	 27,06	 86,21	  17,0	  28,2	  32,3	  32,8	  34,1	  35,0	  33,4	   6,6
s	    96,7476	 4	262,04	 89,05	  17,6	  28,6	  32,8	  33,6	  34,9	  34,9	  33,1	   5,9
s	    96,9648	 5	262,04	 92,61	  17,3	  28,5	  32,7	  33,5	  34,8	  34,8	  33,0	   5,7
s	    97,0399	 5	262,03	 85,22	  16,3	  27,6	  31,8	  32,3	  33,6	  34,4	  33,0	   5,7
s	    97,7219	 6	262,05	 96,41	  16,0	  27,5	  31,7	  32,2	  33,5	  34,3	  32,8	   5,5
s	    97,7966	 6	262,02	 81,69	  16,0	  27,5	  31,7	  32,2	  33,5	  34,3	  32,8	   5,5
s	    98,9024	 7	262,06	 99,89	  15,7	  27,4	  31,6	  32,0	  33,3	  34,2	  32,6	   5,1
s	    99,0600	 5	262,17	 89,05	  16,4	  27,9	  32,3	  33,1	  34,4	  34,2	  32,8	   5,3
s	    99,2387	 7	262,01	 77,70	  15,7	  27,2	  31,5	  32,0	  33,2	  33,9	  32,5	   5,1
s	    99,2732	 6	262,18	 92,55	  16,2	  27,9	  32,2	  33,0	  34,3	  34,2	  32,6	   5,2
s	    99,3469	 6	262,16	 85,29	  15,2	  27,0	  31,3	  31,8	  33,1	  33,8	  32,6	   5,2
s	    99,9485	 5	 94,64	101,43	  16,1	  26,9	  31,7	  32,4	  33,9	  35,1	  32,4	   4,9
s	    99,9912	 4	168,98	 90,02	  18,6	  28,8	  32,8	  33,6	  34,9	  35,0	  32,5	   5,0
s	   100,0163	 7	262,18	 96,28	  14,9	  26,9	  31,2	  31,7	  33,0	  33,7	  32,4	   4,9
s	   100,0896	 7	262,15	 81,83	  14,9	  26,9	  31,2	  31,7	  32,9	  33,7	  32,4	   4,9
s	   100,2027	 5	169,03	 93,49	  18,3	  28,7	  32,8	  33,5	  34,8	  34,9	  32,4	   4,9
s	   100,4248	 5	167,93	 90,04	  18,3	  28,7	  32,7	  33,5	  34,8	  34,9	  31,6	   3,3
s	   100,6356	 6	167,98	 93,49	  17,6	  28,5	  32,6	  33,4	  34,7	  34,7	  32,5	   4,9
s	   100,8182	 8	262,06	103,80	  15,4	  27,0	  31,3	  31,8	  33,0	  33,7	  32,2	   4,6
s	   100,8182	 8	262,01	 74,58	  14,3	  26,3	  30,5	  30,6	  31,9	  33,6	  32,2	   4,6
s	   100,9404	 6	169,08	 97,20	  17,0	  27,7	  31,7	  32,2	  33,5	  34,4	  32,2	   4,6
s	   101,1753	 8	262,19	 99,70	  14,6	  26,7	  31,1	  31,5	  32,8	  33,5	  32,2	   4,6
s	   101,3707	 7	168,03	 97,19	  16,8	  27,6	  31,7	  32,1	  33,4	  34,3	  31,3	   2,9
s	   101,5056	 8	262,15	 77,90	  14,6	  26,6	  31,0	  31,5	  32,7	  33,3	  32,2	   4,5
s	   101,9106	 4	316,44	 89,30	  17,9	  28,0	  32,1	  32,9	  34,2	  34,1	  31,5	   3,1
s	   102,1190	 5	316,40	 92,72	  17,7	  28,0	  32,1	  32,8	  34,1	  34,0	  31,4	   2,9
s	   102,1910	 5	316,47	 85,63	  16,7	  27,0	  31,1	  31,7	  33,0	  33,6	  31,4	   2,9
s	   102,2294	 6	 94,54	101,23	  15,2	  26,5	  31,5	  32,2	  33,6	  34,7	  32,3	   4,6
s	   102,8456	 6	316,36	 96,37	  16,4	  26,8	  30,8	  31,3	  32,5	  33,2	  31,2	   2,7
s	   102,9172	 6	316,51	 82,24	  16,9	  27,4	  31,6	  32,0	  33,3	  34,0	  32,0	   4,2
s	   103,2517	 5	169,17	 86,38	  17,1	  27,7	  31,7	  32,1	  33,5	  34,5	  32,1	   4,3
s	   103,4327	 5	169,26	 90,02	  17,6	  28,3	  32,5	  33,3	  34,5	  34,5	  32,3	   4,5
s	   103,5133	 8	168,79	 76,71	  13,4	  25,0	  30,1	  30,5	  31,9	  33,6	  31,7	   3,9
s	   103,5343	 6	169,00	 90,03	  16,6	  27,9	  32,2	  32,9	  34,2	  34,0	  32,2	   4,3
s	   103,6386	 6	169,30	 93,40	  17,4	  28,3	  32,4	  33,2	  34,4	  34,4	  32,2	   4,3
s	   103,6743	 6	168,15	 86,40	  16,9	  27,7	  31,6	  32,0	  33,4	  34,4	  31,1	   2,5
s	   103,7401	 7	169,05	 93,40	  16,4	  27,8	  32,1	  32,8	  34,1	  34,0	  32,0	   4,2
s	   103,9720	 6	169,12	 83,02	  16,8	  27,6	  31,6	  32,0	  33,3	  34,4	  31,9	   4,0
s	   103,9791	 7	316,33	 99,71	  16,6	  27,3	  31,4	  31,9	  33,2	  33,9	  31,8	   3,9
s	   104,1920	 7	316,55	 78,65	  15,1	  25,7	  29,8	  29,9	  31,2	  32,7	  31,0	   2,3
s	   104,3566	 7	169,36	 97,00	  16,1	  27,3	  31,4	  31,9	  33,1	  33,9	  32,0	   4,1
s	   104,4576	 8	169,10	 97,00	  15,1	  26,8	  31,1	  31,5	  32,8	  33,5	  31,9	   3,9
s	   104,4990	 5	317,49	 89,32	  17,5	  28,1	  32,4	  33,2	  34,4	  34,2	  32,2	   4,3
s	   104,7032	 6	317,45	 92,66	  17,3	  28,1	  32,3	  33,1	  34,3	  34,1	  32,1	   4,1
s	   104,7738	 6	317,52	 85,72	  16,3	  27,1	  31,4	  31,9	  33,2	  33,7	  32,0	   4,1
s	   104,8872	 6	317,29	 89,32	  16,5	  27,6	  32,0	  32,8	  34,0	  33,7	  32,0	   4,1
s	   105,0908	 7	317,26	 92,65	  16,3	  27,6	  32,0	  32,7	  33,9	  33,6	  31,9	   3,9
s	   105,1612	 7	317,33	 85,72	  15,3	  26,7	  31,0	  31,6	  32,8	  33,2	  31,9	   3,9
s	   105,3824	 6	 71,43	100,94	  15,5	  26,3	  31,3	  32,0	  33,4	  34,4	  31,8	   3,7
s	   105,4154	 7	317,41	 96,24	  16,0	  27,1	  31,3	  31,8	  33,0	  33,6	  31,9	   3,9
s	   105,4856	 7	317,56	 82,40	  16,0	  27,1	  31,3	  31,8	  33,0	  33,6	  31,9	   3,9
s	   105,6805	 8	316,29	103,23	  14,7	  25,6	  29,6	  29,7	  31,0	  32,5	  30,7	   1,9
s	   105,8009	 8	317,22	 96,22	  15,0	  26,6	  31,0	  31,4	  32,6	  33,1	  31,7	   3,7
s	   105,8206	 8	316,58	 75,39	  15,2	  26,2	  30,3	  30,5	  31,8	  33,3	  31,5	   3,4
s	   105,8709	 8	317,37	 82,42	  15,0	  26,6	  31,0	  31,4	  32,6	  33,1	  31,7	   3,7
s	   106,4708	 7	 69,95	100,85	  14,7	  26,0	  31,1	  31,8	  33,2	  34,1	  31,8	   3,7
s	   106,5268	 8	317,38	 99,52	  15,7	  26,9	  31,2	  31,6	  32,9	  33,5	  31,6	   3,5
s	   106,6884	 6	169,43	 86,47	  16,1	  27,3	  31,3	  31,8	  33,1	  34,0	  31,9	   3,7
s	   106,7131	 8	169,42	103,84	  14,7	  25,8	  29,6	  29,7	  31,0	  32,9	  30,6	   1,7
s	   106,7356	 8	317,60	 78,87	  14,7	  26,0	  30,2	  30,4	  31,7	  33,1	  31,6	   3,5
s	   106,7875	 7	169,18	 86,48	  15,2	  26,8	  31,0	  31,5	  32,7	  33,5	  31,7	   3,6
s	   107,5698	 7	 71,74	100,77	  14,6	  26,0	  31,1	  31,7	  33,1	  34,0	  31,7	   3,5
s	   107,7424	 8	 71,50	100,76	  13,6	  25,5	  30,7	  31,4	  32,7	  33,5	  31,5	   3,3
s	   108,2542	 2	 94,20	 90,69	  18,7	  28,7	  32,6	  33,4	  34,8	  34,9	  32,1	   3,9
s	   108,4527	 3	 94,20	 93,94	  18,5	  28,6	  32,6	  33,3	  34,7	  34,8	  32,0	   3,7
s	   108,5213	 3	 94,19	 87,19	  18,2	  28,1	  31,9	  32,4	  33,8	  34,8	  32,0	   3,7
s	   108,6221	 8	169,34	 79,73	  14,5	  26,1	  30,2	  30,3	  31,6	  33,4	  31,4	   3,1
s	   108,9433	 4	 94,20	 96,63	  14,5	  25,2	  30,2	  30,9	  32,3	  33,2	  30,8	   1,7
s	   109,2133	 4	 94,19	 83,96	  17,7	  27,8	  31,6	  32,0	  33,4	  34,5	  31,6	   3,2
s	   110,4289	 5	 94,19	 80,53	  15,1	  25,7	  29,5	  29,7	  31,0	  32,7	  30,6	   1,3
s	   110,5756	 3	 94,11	 90,69	  17,6	  28,1	  32,1	  33,0	  34,3	  34,3	  31,8	   3,3
s	   110,7707	 4	 94,11	 93,89	  17,4	  28,0	  32,1	  32,9	  34,2	  34,2	  31,7	   3,2
s	   110,8381	 4	 94,11	 87,25	  17,1	  27,5	  31,4	  31,9	  33,3	  34,2	  31,7	   3,2
s	   111,2529	 5	 94,12	 96,53	  14,1	  25,5	  30,7	  31,4	  32,8	  33,6	  31,5	   3,0
s	   111,5184	 5	 94,10	 84,08	  16,8	  27,4	  31,3	  31,8	  33,1	  34,1	  31,5	   2,9
s	   111,9834	 6	 94,18	 77,42	  16,0	  26,6	  30,4	  30,5	  31,9	  33,8	  31,1	   2,5
s	   112,7136	 6	 94,10	 80,71	  14,7	  26,0	  30,0	  30,2	  31,5	  33,1	  31,2	   2,6
s	   113,3623	 3	 72,80	 90,66	  18,2	  28,2	  32,2	  33,0	  34,3	  34,2	  31,5	   2,8
s	   113,5534	 4	 72,78	 93,79	  17,9	  28,1	  32,1	  32,9	  34,2	  34,2	  31,4	   2,7
s	   113,6196	 4	 72,81	 87,29	  17,6	  27,6	  31,5	  32,0	  33,3	  34,2	  31,4	   2,6
s	   113,7700	 7	 94,21	107,02	  15,0	  26,0	  30,0	  30,1	  31,4	  33,2	  30,8	   2,0
s	   114,0261	 5	 72,77	 96,38	  13,9	  24,7	  29,8	  30,5	  31,8	  32,6	  30,2	   0,7
s	   114,0997	 7	 94,18	 74,15	  14,1	  24,8	  28,5	  28,3	  29,7	  32,4	  30,0	   0,4
s	   114,2426	 7	 94,10	 77,64	  15,2	  26,2	  30,2	  30,3	  31,6	  33,4	  31,0	   2,2
s	   114,2862	 5	 72,83	 84,18	  17,1	  27,3	  31,2	  31,6	  33,0	  33,9	  31,0	   2,2
s	   114,3885	 4	 71,42	 90,66	  17,1	  27,7	  31,8	  32,6	  33,9	  33,7	  31,3	   2,5
s	   114,5782	 5	 71,41	 93,77	  16,9	  27,6	  31,8	  32,5	  33,8	  33,7	  31,2	   2,4
s	   114,6438	 5	 71,43	 87,31	  16,6	  27,1	  31,1	  31,6	  32,9	  33,7	  31,2	   2,3
s	   115,0474	 6	 71,39	 96,34	  13,6	  25,1	  30,3	  31,1	  32,4	  33,1	  31,0	   2,2
s	   115,3056	 6	 71,45	 84,22	  16,3	  27,0	  31,0	  31,5	  32,8	  33,6	  31,0	   2,1
s	   115,4579	 6	 72,84	 80,87	  14,6	  25,2	  29,1	  29,3	  30,6	  32,1	  29,9	   0,3
s	   115,5994	 4	 73,07	 90,66	  17,1	  27,6	  31,7	  32,5	  33,8	  33,6	  31,2	   2,3
s	   115,7622	 5	 72,84	 90,66	  16,1	  27,1	  31,4	  32,2	  33,4	  33,2	  31,1	   2,1
s	   115,7875	 5	 73,05	 93,75	  16,8	  27,5	  31,7	  32,4	  33,7	  33,6	  31,1	   2,1
s	   115,8525	 5	 73,08	 87,35	  16,5	  27,0	  31,0	  31,5	  32,8	  33,6	  31,0	   2,1
s	   115,9501	 6	 72,82	 93,74	  15,8	  27,1	  31,4	  32,1	  33,3	  33,1	  30,9	   2,0
s	   116,0006	 8	 94,13	106,76	  14,1	  25,7	  29,7	  29,8	  31,2	  32,8	  30,7	   1,8
s	   116,0150	 6	 72,85	 87,35	  15,6	  26,6	  30,7	  31,2	  32,4	  33,1	  30,9	   2,0
s	   116,2526	 6	 73,04	 96,30	  13,5	  25,0	  30,3	  31,0	  32,3	  33,0	  30,9	   1,9
s	   116,2636	 8	 94,22	110,20	  13,8	  24,6	  28,4	  28,1	  29,5	  32,2	  29,7	  -0,1
s	   116,3251	 8	 94,09	 74,42	  13,8	  25,1	  29,1	  28,9	  30,2	  32,8	  30,7	   1,7
s	   116,4147	 7	 72,81	 96,29	  12,6	  24,6	  29,9	  30,7	  32,0	  32,5	  30,8	   1,8
s	   116,4581	 8	 94,18	 71,21	  14,3	  25,3	  29,1	  28,9	  30,3	  33,0	  30,4	   1,4
s	   116,4689	 7	 71,46	 80,94	  14,3	  25,6	  29,7	  29,9	  31,2	  32,6	  30,8	   1,8
s	   116,5086	 6	 73,09	 84,28	  16,3	  26,9	  30,9	  31,4	  32,7	  33,5	  30,9	   1,9
s	   116,6704	 7	 72,86	 84,29	  15,3	  26,5	  30,6	  31,1	  32,3	  33,0	  30,7	   1,7
s	   116,9573	 7	 72,85	 77,86	  15,5	  26,1	  30,0	  30,1	  31,4	  33,2	  30,5	   1,5
s	   117,6621	 7	 73,11	 81,03	  14,2	  25,5	  29,6	  29,8	  31,1	  32,5	  30,7	   1,6
s	   117,8225	 8	 72,88	 81,04	  13,2	  25,0	  29,3	  29,5	  30,7	  32,1	  30,5	   1,4
s	   117,9577	 8	 71,48	 77,95	  14,7	  25,8	  29,8	  29,9	  31,3	  32,9	  30,5	   1,4
s	   118,6821	 8	 72,73	106,42	  14,4	  25,6	  29,6	  29,7	  31,0	  32,6	  30,2	   1,0
s	   119,0006	 8	 72,87	 74,70	  13,6	  24,3	  28,1	  27,9	  29,3	  31,8	  29,4	  -0,6
s	   119,1386	 8	 73,12	 78,06	  14,6	  25,8	  29,8	  29,9	  31,2	  32,8	  30,4	   1,2
s	   122,7123	 5	214,85	 89,42	  15,7	  26,2	  30,5	  31,3	  32,5	  32,1	  29,4	  -0,9
s	   122,8913	 6	214,89	 92,35	  15,4	  26,2	  30,4	  31,2	  32,4	  32,1	  29,2	  -1,1
s	   122,9533	 6	214,82	 86,26	  14,4	  25,3	  29,5	  30,0	  31,2	  31,6	  29,2	  -1,1
s	   123,4272	 5	115,76	 90,62	  15,6	  26,7	  30,9	  31,7	  32,9	  32,6	  30,3	   0,7
s	   123,5164	 7	214,93	 95,50	  14,1	  25,2	  29,4	  29,9	  31,1	  31,6	  29,1	  -1,3
s	   123,5780	 7	214,78	 83,34	  14,1	  25,2	  29,4	  29,9	  31,1	  31,6	  29,1	  -1,3
s	   123,6055	 6	115,78	 93,55	  15,4	  26,6	  30,9	  31,6	  32,8	  32,6	  30,2	   0,6
s	   123,6671	 6	115,74	 87,48	  14,3	  25,7	  30,0	  30,5	  31,7	  32,1	  30,2	   0,6
s	   124,1340	 5	  7,72	 90,00	  16,8	  27,1	  31,2	  31,9	  33,2	  32,9	  30,0	   0,3
s	   124,2275	 7	115,80	 96,67	  14,1	  25,6	  29,9	  30,4	  31,6	  32,1	  30,0	   0,3
s	   124,2889	 7	115,72	 84,58	  14,1	  25,6	  29,9	  30,4	  31,6	  32,1	  30,0	   0,3
s	   124,3114	 6	  7,68	 92,90	  16,6	  27,0	  31,1	  31,8	  33,1	  32,9	  29,9	   0,2
s	   124,4933	 8	214,96	 98,38	  14,4	  25,6	  29,8	  30,2	  31,5	  32,0	  29,7	  -0,0
s	   124,6770	 8	214,75	 80,24	  12,8	  24,0	  28,1	  28,3	  29,5	  30,7	  28,8	  -1,6
s	   124,9305	 7	  7,63	 96,02	  15,3	  26,0	  30,1	  30,5	  31,8	  32,4	  29,7	  -0,0
s	   125,1998	 8	115,81	 99,55	  13,8	  25,5	  29,8	  30,2	  31,4	  32,0	  29,8	   0,1
s	   125,2587	 5	115,16	 90,63	  15,5	  26,6	  30,8	  31,6	  32,8	  32,5	  30,1	   0,4
s	   125,4348	 6	115,18	 93,51	  15,3	  26,5	  30,8	  31,5	  32,7	  32,4	  30,0	   0,2
s	   125,4956	 6	115,14	 87,52	  14,2	  25,6	  29,9	  30,4	  31,6	  32,0	  30,0	   0,2
s	   125,5148	 6	115,36	 90,63	  14,5	  26,1	  30,5	  31,3	  32,5	  32,0	  30,0	   0,2
s	   125,5653	 6	214,08	 89,43	  16,2	  26,8	  31,0	  31,8	  32,9	  32,5	  29,9	   0,1
s	   125,6906	 7	115,38	 93,51	  14,3	  26,0	  30,5	  31,2	  32,4	  32,0	  29,9	   0,1
s	   125,7410	 7	214,11	 92,31	  16,0	  26,7	  30,9	  31,7	  32,8	  32,4	  29,8	   0,0
s	   125,7513	 7	115,34	 87,53	  13,3	  25,1	  29,5	  30,0	  31,2	  31,5	  29,9	   0,1
s	   125,8017	 7	214,04	 86,33	  14,0	  25,4	  29,7	  30,3	  31,4	  31,7	  29,9	   0,1
s	   125,8994	 7	214,26	 89,43	  15,2	  26,3	  30,6	  31,4	  32,5	  32,0	  29,8	  -0,0
s	   126,0493	 7	115,20	 96,61	  14,0	  25,5	  29,8	  30,3	  31,4	  31,9	  29,9	   0,0
s	   126,0747	 8	214,29	 92,30	  15,0	  26,2	  30,6	  31,3	  32,4	  32,0	  29,7	  -0,2
s	   126,1099	 7	115,13	 84,66	  14,0	  25,5	  29,8	  30,2	  31,4	  31,9	  29,8	   0,0
s	   126,1353	 8	214,22	 86,34	  13,0	  24,9	  29,4	  29,9	  31,0	  31,3	  29,7	  -0,1
s	   126,3040	 8	115,40	 96,59	  13,0	  25,0	  29,4	  29,9	  31,1	  31,5	  29,7	  -0,1
s	   126,3542	 8	214,15	 95,39	  14,7	  25,7	  29,9	  30,4	  31,5	  31,9	  29,6	  -0,2
s	   126,3646	 8	115,32	 84,66	  13,0	  25,0	  29,4	  29,9	  31,1	  31,5	  29,7	  -0,2
s	   126,4148	 8	214,01	 83,47	  14,7	  25,7	  29,9	  30,4	  31,5	  31,9	  29,6	  -0,2
s	   127,2842	 8	115,11	 81,39	  13,7	  25,2	  29,6	  30,1	  31,2	  31,6	  29,6	  -0,3
s	   127,3644	 6	  7,59	 86,93	  15,4	  26,1	  30,1	  30,5	  31,8	  32,5	  29,6	  -0,4
s	   127,3718	 6	  8,42	 90,01	  16,4	  26,8	  30,9	  31,6	  32,9	  32,7	  28,8	  -1,9
s	   127,5454	 7	  8,38	 92,86	  15,7	  26,6	  30,8	  31,6	  32,8	  32,4	  29,7	  -0,3
s	   127,5915	 6	  7,52	 90,00	  15,9	  26,7	  30,9	  31,6	  32,8	  32,5	  29,8	  -0,2
s	   127,6770	 7	  7,74	 90,00	  14,9	  26,2	  30,6	  31,3	  32,5	  32,0	  29,7	  -0,3
s	   127,7648	 7	  7,48	 92,84	  15,7	  26,6	  30,8	  31,5	  32,7	  32,4	  29,7	  -0,3
s	   127,8503	 8	  7,70	 92,84	  14,7	  26,1	  30,5	  31,2	  32,4	  32,0	  29,6	  -0,4
s	   127,9711	 7	  7,63	 84,10	  15,1	  26,0	  30,0	  30,4	  31,6	  32,4	  29,4	  -0,6
s	   128,1514	 8	  8,34	 95,90	  14,9	  25,8	  29,9	  30,3	  31,5	  32,1	  28,5	  -2,3
s	   128,3700	 8	  7,44	 95,88	  14,4	  25,6	  29,8	  30,3	  31,5	  31,9	  29,5	  -0,5
s	   128,5925	 8	  7,43	 98,02	  12,9	  24,4	  29,5	  30,1	  31,4	  32,2	  29,3	  -0,8
s	   129,4158	 7	 12,28	 90,07	  14,8	  25,6	  29,9	  30,7	  31,8	  31,3	  28,5	  -2,4
s	   129,6419	 8	 16,59	 92,93	  12,6	  24,1	  29,5	  30,5	  31,7	  31,2	  28,4	  -2,5
s	   130,5916	 7	  8,28	 87,01	  15,0	  25,8	  29,8	  30,2	  31,5	  32,2	  28,4	  -2,6
s	   130,7383	 7	307,56	 89,24	  14,0	  25,6	  30,1	  30,9	  32,0	  31,4	  29,4	  -0,8
s	   130,8180	 7	  7,40	 87,00	  14,5	  25,6	  29,8	  30,2	  31,4	  32,0	  29,4	  -0,9
s	   130,9018	 8	  7,62	 87,00	  13,5	  25,2	  29,5	  29,9	  31,1	  31,6	  29,3	  -1,0
s	   130,9082	 8	307,54	 92,03	  13,8	  25,5	  30,1	  30,8	  31,9	  31,3	  29,3	  -1,0
s	   130,9669	 8	307,59	 86,25	  12,7	  24,6	  29,1	  29,7	  30,7	  30,9	  29,3	  -1,0
s	   131,4114	 8	  7,44	 84,23	  14,2	  25,6	  29,7	  30,1	  31,3	  32,0	  29,2	  -1,1
s	   132,5975	 8	 94,77	 99,21	  11,4	  23,7	  29,0	  29,7	  30,9	  31,6	  29,1	  -1,3
s	   133,8370	 8	138,62	 96,12	  11,3	  23,0	  28,4	  29,1	  30,3	  30,7	  28,0	  -3,3
s	   137,1867	 6	 52,53	 90,55	  15,4	  26,1	  30,3	  31,1	  32,3	  31,9	  28,9	  -1,9
s	   137,3498	 7	 52,51	 93,22	  15,1	  26,1	  30,3	  31,0	  32,2	  31,8	  28,8	  -2,0
s	   137,9193	 8	 52,48	 96,09	  13,9	  25,1	  29,3	  29,7	  30,9	  31,3	  28,7	  -2,2
s	   138,7190	 6	 53,18	 90,55	  16,2	  26,4	  30,5	  31,2	  32,4	  32,0	  28,7	  -2,2
s	   138,8806	 7	 53,16	 93,20	  16,0	  26,4	  30,4	  31,1	  32,3	  32,0	  28,6	  -2,4
s	   141,3483	 5	 94,41	 90,72	  13,9	  25,4	  29,7	  30,5	  31,7	  31,3	  28,7	  -2,5
s	   141,5073	 6	 94,41	 93,32	  13,6	  25,3	  29,7	  30,4	  31,6	  31,2	  28,6	  -2,7
s	   141,5623	 6	 94,40	 87,91	  13,4	  24,8	  29,0	  29,5	  30,7	  31,2	  28,6	  -2,7
s	   142,1175	 7	 94,40	 85,32	  13,1	  24,7	  28,9	  29,3	  30,6	  31,1	  28,4	  -2,9
s	   142,6865	 8	 94,41	 98,06	  10,1	  22,7	  28,2	  28,9	  30,1	  30,5	  28,2	  -3,1
s	   143,1801	 8	 94,40	 82,35	  12,8	  24,5	  28,8	  29,2	  30,4	  30,8	  28,2	  -3,2
s	   143,1933	 6	328,37	 89,47	  14,3	  24,9	  29,2	  30,0	  31,1	  30,5	  27,4	  -4,7
s	   143,3506	 7	328,34	 92,05	  14,1	  24,9	  29,2	  29,9	  31,0	  30,5	  27,3	  -4,9
s	   143,6689	 6	 94,33	 90,72	  12,8	  24,8	  29,3	  30,1	  31,2	  30,7	  28,4	  -3,0
s	   143,8257	 7	 94,34	 93,29	  12,6	  24,7	  29,2	  30,0	  31,1	  30,6	  28,2	  -3,2
s	   143,8799	 7	 94,33	 87,95	  12,3	  24,2	  28,6	  29,0	  30,2	  30,6	  28,2	  -3,2
s	   144,3986	 7	327,70	 89,46	  14,0	  25,1	  29,6	  30,4	  31,5	  30,7	  28,2	  -3,3
s	   144,4276	 8	 94,33	 85,39	  12,0	  24,2	  28,5	  28,9	  30,1	  30,5	  28,1	  -3,4
s	   144,5548	 8	327,67	 92,02	  13,8	  25,1	  29,5	  30,3	  31,4	  30,7	  28,1	  -3,4
s	   146,2046	 7	328,97	 89,48	  13,9	  25,1	  29,5	  30,3	  31,4	  30,6	  28,0	  -3,6
s	   146,3591	 8	328,94	 92,01	  13,7	  25,0	  29,5	  30,2	  31,3	  30,6	  27,9	  -3,7
s	   146,4125	 8	329,01	 86,75	  12,7	  24,1	  28,5	  29,0	  30,1	  30,1	  27,9	  -3,7
s	   146,4984	 8	328,81	 89,48	  12,9	  24,6	  29,2	  30,0	  31,0	  30,1	  27,9	  -3,8
s	   147,1961	 8	328,26	 86,76	  12,6	  24,2	  28,5	  29,0	  30,1	  30,3	  27,8	  -3,9
s	   152,1149	 8	 30,77	 90,32	  12,7	  24,3	  28,9	  29,7	  30,7	  29,8	  27,4	  -4,7
s	   153,5689	 6	172,06	 90,02	  14,3	  25,0	  29,3	  30,0	  31,1	  30,6	  27,3	  -5,0
s	   153,7170	 7	172,10	 92,45	  14,1	  25,0	  29,2	  29,9	  31,1	  30,6	  27,2	  -5,1
s	   153,8727	 7	171,32	 90,03	  14,1	  25,0	  29,2	  29,9	  31,0	  30,6	  26,4	  -6,7
s	   153,9417	 6	131,29	 90,52	  13,0	  24,1	  28,5	  29,2	  30,3	  29,7	  26,5	  -6,6
s	   154,0206	 8	171,35	 92,45	  13,3	  24,8	  29,1	  29,8	  30,9	  30,3	  27,3	  -5,1
s	   154,0895	 7	131,32	 92,94	  12,8	  24,0	  28,4	  29,1	  30,2	  29,6	  26,3	  -6,8
s	   154,1407	 7	131,27	 87,91	  12,5	  23,5	  27,8	  28,2	  29,4	  29,6	  26,3	  -6,8
s	   154,4554	 8	131,34	 94,95	   9,5	  21,6	  27,0	  27,7	  28,9	  29,0	  26,2	  -6,9
s	   154,6570	 8	131,25	 85,50	  12,3	  23,5	  27,7	  28,1	  29,2	  29,5	  26,2	  -7,0
s	   155,6770	 7	130,80	 90,53	  12,7	  24,3	  28,8	  29,6	  30,6	  29,9	  27,2	  -5,3
s	   155,8235	 8	130,82	 92,93	  12,5	  24,2	  28,8	  29,5	  30,5	  29,8	  27,1	  -5,4
s	   155,8741	 8	130,77	 87,94	  12,2	  23,7	  28,1	  28,6	  29,7	  29,8	  27,1	  -5,4
s	   156,0645	 8	130,94	 90,53	  11,7	  23,8	  28,5	  29,2	  30,3	  29,4	  27,1	  -5,4
s	   156,3040	 7	132,11	 90,52	  12,7	  24,3	  28,8	  29,6	  30,6	  29,8	  27,2	  -5,4
s	   156,4499	 8	132,14	 92,91	  12,4	  24,2	  28,7	  29,5	  30,5	  29,8	  27,1	  -5,5
s	   156,5004	 8	132,09	 87,94	  12,2	  23,7	  28,1	  28,5	  29,6	  29,8	  27,0	  -5,5
s	   156,7712	 7	172,14	 87,45	  12,9	  24,0	  28,2	  28,6	  29,8	  30,2	  26,9	  -5,7
s	   157,0377	 7	172,20	 90,02	  13,4	  24,6	  29,0	  29,7	  30,8	  30,2	  27,1	  -5,5
s	   157,0697	 8	171,41	 87,46	  12,6	  24,0	  28,1	  28,5	  29,7	  30,1	  26,0	  -7,4
s	   157,1094	 8	172,02	 90,02	  12,4	  24,2	  28,7	  29,4	  30,5	  29,7	  27,0	  -5,6
s	   157,1830	 8	172,23	 92,40	  13,2	  24,6	  29,0	  29,6	  30,7	  30,1	  27,0	  -5,6
s	   157,2299	 8	172,25	 94,97	  12,6	  24,0	  28,1	  28,5	  29,7	  30,1	  26,8	  -5,9
s	   158,5637	 6	299,70	 89,20	  12,8	  23,9	  28,2	  29,0	  30,1	  29,4	  26,1	  -7,4
s	   158,7078	 7	299,68	 91,56	  12,6	  23,8	  28,2	  28,9	  30,0	  29,4	  25,9	  -7,6
s	   158,7577	 7	299,71	 86,65	  11,5	  22,9	  27,3	  27,8	  28,8	  28,9	  25,9	  -7,6
s	   159,2114	 8	299,66	 94,10	  11,3	  22,7	  27,0	  27,4	  28,5	  28,6	  25,8	  -7,8
s	   159,2611	 8	299,73	 84,30	  11,8	  23,3	  27,7	  28,2	  29,2	  29,4	  26,6	  -6,2
s	   160,3627	 7	300,63	 89,21	  12,5	  24,1	  28,6	  29,4	  30,4	  29,6	  26,8	  -6,1
s	   160,5054	 8	300,61	 91,55	  12,3	  24,0	  28,5	  29,3	  30,3	  29,5	  26,7	  -6,2
s	   160,5548	 8	300,65	 86,69	  11,2	  23,1	  27,6	  28,1	  29,1	  29,1	  26,7	  -6,2
s	   160,5749	 7	299,33	 89,20	  12,5	  24,1	  28,6	  29,3	  30,4	  29,6	  26,8	  -6,1
s	   160,7175	 8	299,31	 91,53	  12,2	  24,0	  28,5	  29,2	  30,3	  29,5	  26,7	  -6,2
s	   160,7668	 8	299,35	 86,68	  11,2	  23,1	  27,6	  28,1	  29,1	  29,1	  26,7	  -6,2
s	   160,8682	 8	299,49	 89,20	  11,5	  23,6	  28,2	  29,0	  30,0	  29,1	  26,7	  -6,3
s	   161,7849	 4	265,60	 91,42	  13,3	  24,1	  29,1	  30,1	  31,4	  31,2	  27,0	  -6,0
s	   164,1088	 5	265,65	 91,39	  12,3	  23,6	  28,7	  29,7	  30,9	  30,6	  26,7	  -6,5
s	   165,4628	 5	281,01	 91,39	  12,9	  23,8	  28,9	  29,8	  31,1	  30,7	  26,6	  -6,7
s	   166,2096	 6	282,03	 91,38	  11,9	  23,3	  28,5	  29,5	  30,7	  30,2	  26,5	  -7,0
s	   167,8612	 7	281,04	 91,36	  10,9	  22,8	  28,1	  29,1	  30,3	  29,7	  26,2	  -7,3
s	   169,3064	 7	205,50	 89,56	  12,1	  23,2	  27,6	  28,4	  29,4	  28,5	  25,1	  -9,4
s	   169,4426	 8	205,53	 91,79	  11,8	  23,1	  27,6	  28,3	  29,3	  28,5	  25,0	  -9,5
s	   170,3507	 8	206,11	 89,55	  11,8	  23,4	  28,0	  28,8	  29,8	  28,8	  25,9	  -7,9
s	   172,1095	 3	265,79	 89,10	  14,3	  24,8	  28,8	  29,6	  30,8	  30,4	  26,3	  -7,6
s	   172,2069	 8	205,08	 87,20	  11,2	  22,7	  27,1	  27,5	  28,6	  28,7	  25,5	  -8,4
s	   172,2902	 4	265,79	 86,73	  13,8	  24,2	  28,1	  28,6	  29,8	  30,3	  26,2	  -7,8
s	   172,4454	 8	205,05	 89,57	  11,7	  23,3	  27,9	  28,7	  29,7	  28,6	  25,7	  -8,2
s	   172,7128	 5	265,80	 93,66	  12,1	  22,9	  26,8	  27,2	  28,4	  28,8	  25,0	  -9,7
s	   172,7591	 5	265,79	 84,54	  13,3	  23,9	  27,8	  28,2	  29,5	  30,0	  25,8	  -8,2
s	   172,7736	 8	 42,26	 90,47	  11,7	  23,3	  27,9	  28,7	  29,7	  28,6	  25,7	  -8,3
s	   173,4477	 6	265,80	 95,84	  13,1	  23,9	  27,8	  28,1	  29,4	  30,0	  25,6	  -8,4
s	   174,4356	 4	265,83	 89,10	  13,3	  24,2	  28,4	  29,2	  30,3	  29,8	  26,0	  -8,1
s	   174,5578	 7	265,80	 98,17	  11,3	  22,2	  26,0	  26,0	  27,3	  28,6	  24,7	 -10,3
s	   174,6142	 5	265,83	 86,76	  12,7	  23,7	  27,7	  28,2	  29,4	  29,8	  25,9	  -8,3
s	   174,6496	 7	265,78	 80,03	  11,0	  22,4	  26,5	  26,6	  27,8	  29,0	  25,4	  -8,7
s	   175,0319	 6	265,84	 93,61	  11,8	  23,2	  27,4	  27,8	  29,0	  29,3	  25,8	  -8,4
s	   175,0777	 6	265,83	 84,59	  12,5	  23,6	  27,6	  28,0	  29,2	  29,7	  25,7	  -8,5
s	   175,5982	 4	280,40	 89,11	  14,0	  24,5	  28,6	  29,4	  30,5	  29,9	  25,9	  -8,3
s	   175,7583	 7	265,84	 95,76	  12,3	  23,5	  27,6	  27,9	  29,1	  29,6	  25,6	  -8,7
s	   175,7758	 5	280,41	 86,78	  12,7	  23,5	  27,6	  28,1	  29,3	  29,5	  25,8	  -8,5
s	   175,8797	 8	265,80	100,30	  10,8	  22,3	  26,4	  26,4	  27,6	  28,9	  25,2	  -9,0
s	   175,8952	 7	265,83	 82,27	  10,5	  22,2	  26,4	  26,5	  27,7	  28,8	  25,6	  -8,7
s	   175,9545	 8	 40,52	 90,45	  11,6	  23,2	  27,8	  28,5	  29,5	  28,5	  25,5	  -8,8
s	   176,1076	 8	265,78	 77,74	  10,0	  21,1	  25,0	  24,7	  25,9	  28,1	  24,4	 -10,6
s	   176,1911	 6	280,39	 93,60	  11,7	  22,5	  26,6	  27,0	  28,1	  28,4	  24,6	 -10,4
s	   176,2366	 6	280,41	 84,63	  12,2	  23,2	  27,3	  27,8	  28,9	  29,2	  25,4	  -8,9
s	   176,3074	 5	281,38	 89,11	  13,0	  24,0	  28,2	  29,0	  30,1	  29,4	  25,8	  -8,6
s	   176,4843	 6	281,38	 86,80	  12,4	  23,4	  27,5	  28,0	  29,1	  29,4	  25,6	  -8,7
s	   176,8557	 8	265,84	 98,06	  11,0	  22,5	  26,6	  26,6	  27,8	  29,1	  25,4	  -9,0
s	   176,8982	 7	281,36	 93,58	  11,5	  22,9	  27,2	  27,7	  28,8	  28,9	  25,5	  -8,9
s	   176,9133	 7	280,38	 95,74	  12,0	  23,1	  27,2	  27,6	  28,8	  29,1	  25,3	  -9,1
s	   176,9436	 7	281,39	 84,65	  12,2	  23,4	  27,5	  27,9	  29,0	  29,3	  25,5	  -8,9
s	   177,6179	 8	281,36	 95,72	  12,0	  23,3	  27,4	  27,8	  28,9	  29,2	  25,3	  -9,1
s	   177,8695	 7	  5,45	 90,00	  13,0	  23,7	  28,0	  28,8	  29,8	  29,0	  25,2	  -9,3
s	   177,8843	 5	280,27	 89,11	  12,9	  23,9	  28,2	  28,9	  30,0	  29,4	  25,6	  -8,8
s	   177,9972	 6	280,43	 89,11	  11,9	  23,5	  27,9	  28,6	  29,7	  28,9	  25,5	  -8,9
s	   177,9999	 8	  5,42	 92,13	  12,7	  23,7	  28,0	  28,7	  29,7	  28,9	  25,1	  -9,4
s	   178,0599	 6	280,28	 86,81	  11,6	  22,9	  27,2	  27,7	  28,8	  28,9	  25,5	  -9,0
s	   178,0947	 8	280,42	 80,20	  10,7	  22,1	  26,2	  26,3	  27,5	  28,6	  25,1	  -9,4
s	   178,1369	 8	  6,10	 90,00	  12,7	  23,7	  28,0	  28,7	  29,7	  28,9	  24,3	 -11,0
s	   178,1727	 7	280,44	 86,81	  10,7	  22,5	  26,9	  27,4	  28,4	  28,4	  25,4	  -9,1
s	   178,4705	 7	280,26	 93,55	  11,4	  22,9	  27,1	  27,6	  28,7	  28,8	  25,4	  -9,1
s	   178,5156	 7	280,28	 84,68	  11,4	  22,9	  27,1	  27,6	  28,7	  28,8	  25,4	  -9,1
s	   178,5831	 8	280,42	 93,54	  10,4	  22,4	  26,8	  27,3	  28,3	  28,4	  25,3	  -9,3
s	   178,6281	 8	280,45	 84,68	  10,4	  22,4	  26,8	  27,3	  28,3	  28,4	  25,2	  -9,3
s	   179,1847	 8	280,26	 95,66	  11,1	  22,8	  27,1	  27,5	  28,6	  28,7	  25,2	  -9,4
s	   179,3193	 8	280,29	 82,40	  10,1	  21,9	  26,1	  26,3	  27,4	  28,3	  25,2	  -9,4
s	   181,3442	 8	  5,34	 90,00	  12,1	  23,4	  27,8	  28,5	  29,5	  28,6	  25,0	  -9,7
s	   182,0135	 8	124,61	 90,59	   9,8	  21,9	  26,5	  27,3	  28,3	  27,2	  24,0	 -11,6
s	   184,0633	 8	  5,30	 87,76	  11,4	  22,8	  26,9	  27,2	  28,4	  28,7	  24,6	 -10,4
s	   187,4201	 8	251,13	 91,19	   9,1	  21,5	  27,0	  27,9	  29,0	  28,2	  24,6	 -10,7
s	   191,1445	 6	294,73	 89,18	  11,4	  22,4	  26,8	  27,5	  28,6	  27,7	  23,5	 -12,9
s	   191,2669	 7	294,72	 91,19	  11,1	  22,4	  26,7	  27,4	  28,5	  27,6	  23,4	 -13,0
s	   191,3092	 7	294,74	 87,02	  10,1	  21,5	  25,8	  26,3	  27,3	  27,2	  23,3	 -13,1
s	   191,5087	 8	335,74	 89,59	  11,8	  22,5	  26,8	  27,6	  28,5	  27,4	  23,2	 -13,3
s	   191,6948	 8	294,70	 93,34	   9,9	  21,2	  25,5	  25,9	  26,9	  26,8	  23,2	 -13,2
s	   191,7371	 8	294,75	 85,02	  10,4	  21,9	  26,3	  26,7	  27,7	  27,6	  24,0	 -11,7
s	   193,2492	 7	294,46	 89,18	  11,1	  22,6	  27,1	  27,9	  28,9	  27,8	  24,2	 -11,6
s	   193,3704	 8	294,45	 91,17	  10,8	  22,6	  27,1	  27,8	  28,8	  27,8	  24,1	 -11,7
s	   193,4124	 8	294,48	 87,04	   9,8	  21,7	  26,2	  26,6	  27,6	  27,4	  24,1	 -11,7
s	   193,4986	 8	294,60	 89,18	  10,1	  22,2	  26,8	  27,6	  28,5	  27,4	  24,1	 -11,7
s	   193,6117	 7	293,58	 89,17	  11,0	  22,6	  27,1	  27,9	  28,9	  27,8	  24,2	 -11,7
s	   193,7328	 8	293,57	 91,16	  10,8	  22,6	  27,1	  27,8	  28,8	  27,8	  24,1	 -11,8
s	   193,7747	 8	293,59	 87,04	   9,8	  21,7	  26,1	  26,6	  27,6	  27,4	  24,1	 -11,8
s	   193,9895	 8	141,87	 90,43	  11,0	  22,1	  26,5	  27,2	  28,1	  27,1	  23,0	 -13,7
s	   194,2415	 7	295,35	 89,18	  11,0	  22,6	  27,1	  27,8	  28,8	  27,8	  24,2	 -11,8
s	   194,4040	 8	295,37	 87,05	   9,8	  21,6	  26,1	  26,6	  27,6	  27,3	  24,0	 -11,9
s	   194,8357	 7	265,23	 91,08	   9,0	  21,3	  26,7	  27,7	  28,8	  28,1	  24,1	 -11,9
s	   197,1591	 8	265,27	 91,06	   7,9	  20,8	  26,3	  27,3	  28,3	  27,5	  23,8	 -12,3
s	   197,2882	 7	251,96	 89,15	  10,2	  22,2	  26,7	  27,5	  28,5	  27,4	  23,9	 -12,3
s	   197,3541	 8	251,96	 90,62	   7,9	  20,6	  26,3	  27,3	  28,3	  27,3	  23,8	 -12,4
s	   197,4485	 8	251,95	 87,05	   8,9	  21,2	  25,8	  26,2	  27,2	  27,0	  23,8	 -12,4
s	   198,3482	 8	251,10	 89,15	   9,1	  21,7	  26,4	  27,1	  28,1	  26,9	  23,7	 -12,5
s	   199,5149	 8	252,13	 89,15	   9,1	  21,7	  26,3	  27,1	  28,0	  26,9	  23,6	 -12,7
s	   205,1771	 6	265,41	 89,11	  10,1	  22,1	  26,5	  27,3	  28,3	  27,3	  23,4	 -13,4
s	   205,3319	 7	265,41	 87,08	   9,6	  21,5	  25,8	  26,2	  27,3	  27,3	  23,3	 -13,6
s	   205,6940	 8	265,41	 93,02	   8,6	  21,0	  25,5	  25,9	  26,9	  26,8	  23,2	 -13,7
s	   205,7337	 8	265,40	 85,20	   9,3	  21,5	  25,8	  26,1	  27,2	  27,2	  23,2	 -13,7
s	   207,4242	 8	173,72	 90,02	  10,8	  22,1	  26,5	  27,2	  28,2	  27,1	  22,8	 -14,3
s	   207,5023	 7	265,45	 89,11	   9,0	  21,5	  26,1	  26,9	  27,8	  26,8	  23,2	 -13,9
s	   207,6555	 8	265,44	 87,10	   8,5	  21,0	  25,4	  25,8	  26,8	  26,7	  23,0	 -14,1
s	   208,2870	 5	 92,05	 92,61	  10,4	  21,7	  26,8	  27,8	  29,0	  28,4	  23,3	 -13,8
s	   210,3003	 7	279,59	 89,12	   9,7	  21,7	  26,2	  27,0	  27,9	  26,8	  23,0	 -14,4
s	   210,4128	 8	279,59	 90,97	   9,4	  21,7	  26,2	  26,9	  27,8	  26,8	  22,8	 -14,5
s	   210,6131	 6	 92,02	 92,59	   9,4	  21,2	  26,4	  27,4	  28,5	  27,8	  23,0	 -14,3
s	   210,8131	 8	119,77	 90,64	   8,7	  20,8	  25,4	  26,1	  27,0	  25,8	  21,8	 -16,4
s	   211,2421	 6	 79,66	 92,57	  10,1	  21,4	  26,6	  27,6	  28,7	  28,0	  23,0	 -14,4
s	   213,5394	 7	 79,76	 92,55	   9,0	  20,9	  26,2	  27,2	  28,3	  27,4	  22,7	 -14,9
s	   213,6354	 8	 79,62	 92,55	   8,1	  20,4	  25,9	  26,9	  27,9	  26,9	  22,6	 -15,0
s	   216,8381	 7	253,39	 89,15	  10,3	  21,9	  26,2	  27,0	  27,9	  26,8	  22,4	 -15,5
s	   216,9854	 8	253,38	 87,22	   9,1	  20,9	  25,2	  25,7	  26,6	  26,3	  22,3	 -15,6
s	   218,6467	 4	 91,92	 90,75	  11,5	  22,5	  26,6	  27,4	  28,5	  27,6	  22,7	 -15,4
s	   218,7929	 5	 91,92	 88,83	  11,0	  21,9	  25,9	  26,3	  27,5	  27,6	  22,6	 -15,5
s	   218,8153	 8	306,41	 89,27	  10,8	  21,6	  25,8	  26,5	  27,4	  26,3	  21,1	 -17,7
s	   219,0811	 8	253,53	 89,15	   9,3	  21,3	  25,8	  26,6	  27,4	  26,2	  22,1	 -16,0
s	   219,1350	 6	 91,92	 94,44	  10,8	  21,9	  25,9	  26,2	  27,4	  27,5	  22,4	 -15,7
s	   219,1726	 6	 91,92	 87,06	  10,8	  21,9	  25,9	  26,2	  27,4	  27,5	  22,4	 -15,7
s	   219,3577	 8	104,82	 92,50	   7,9	  20,2	  25,7	  26,6	  27,7	  26,7	  22,2	 -15,9
s	   220,7061	 8	 91,92	 83,39	   9,8	  21,0	  24,8	  24,8	  26,0	  27,1	  21,9	 -16,4
s	   220,9742	 5	 91,90	 90,75	  10,5	  21,9	  26,2	  27,0	  28,0	  27,1	  22,4	 -15,9
s	   221,1190	 6	 91,90	 88,85	  10,0	  21,4	  25,5	  25,9	  27,0	  27,0	  22,3	 -16,0
s	   221,4579	 7	 91,90	 94,41	   9,7	  21,3	  25,5	  25,8	  26,9	  26,9	  22,2	 -16,2
s	   221,4776	 5	 80,07	 90,74	  11,2	  22,2	  26,4	  27,2	  28,2	  27,2	  22,4	 -16,0
s	   221,4951	 7	 91,89	 87,09	   9,7	  21,3	  25,5	  25,8	  26,9	  26,9	  22,2	 -16,2
s	   221,6221	 6	 80,07	 88,84	  10,7	  21,6	  25,7	  26,2	  27,2	  27,2	  22,3	 -16,1
s	   221,9604	 7	 80,06	 94,39	  10,4	  21,6	  25,7	  26,1	  27,1	  27,1	  22,1	 -16,3
s	   221,9975	 7	 80,08	 87,09	  10,4	  21,6	  25,7	  26,1	  27,1	  27,1	  22,1	 -16,3
s	   223,7787	 6	 80,16	 90,74	  10,1	  21,7	  26,0	  26,8	  27,8	  26,7	  22,1	 -16,4
s	   223,8707	 7	 80,02	 90,74	   9,2	  21,2	  25,7	  26,5	  27,4	  26,2	  22,0	 -16,6
s	   223,9218	 7	 80,16	 88,86	   9,6	  21,1	  25,3	  25,8	  26,8	  26,6	  22,0	 -16,6
s	   224,0138	 8	 80,03	 88,86	   8,7	  20,6	  25,0	  25,4	  26,4	  26,1	  21,9	 -16,7
s	   224,2569	 8	 80,15	 94,36	   9,4	  21,1	  25,3	  25,7	  26,7	  26,5	  21,8	 -16,7
s	   224,2937	 8	 80,16	 87,12	   9,4	  21,1	  25,3	  25,7	  26,7	  26,5	  21,8	 -16,7
s	   224,4890	 8	291,12	 89,17	   8,9	  21,0	  25,6	  26,4	  27,2	  25,9	  21,8	 -16,8
s	   227,1128	 6	104,32	 90,73	  10,0	  21,6	  25,9	  26,7	  27,6	  26,5	  21,9	 -17,0
s	   227,3808	 8	105,15	 88,87	   9,3	  20,9	  25,2	  25,5	  26,6	  26,4	  21,6	 -17,2
s	   227,6210	 8	104,30	 87,16	   9,3	  20,9	  25,2	  25,5	  26,6	  26,4	  21,6	 -17,3
s	   229,3628	 7	104,18	 90,73	   9,0	  21,0	  25,5	  26,3	  27,2	  25,9	  21,6	 -17,4
s	   229,5029	 8	104,17	 88,89	   8,5	  20,5	  24,8	  25,2	  26,2	  25,9	  21,5	 -17,6
s	   229,5142	 8	104,31	 90,73	   8,0	  20,6	  25,2	  25,9	  26,8	  25,5	  21,5	 -17,6
s	   235,6047	 7	 68,23	 90,70	   9,5	  21,1	  25,5	  26,3	  27,2	  25,9	  21,2	 -18,4
s	   236,8750	 8	 67,51	 90,69	   8,5	  20,6	  25,2	  25,9	  26,8	  25,4	  21,0	 -18,7
s	   237,7820	 8	 68,41	 90,70	   8,5	  20,6	  25,2	  25,9	  26,7	  25,3	  20,9	 -18,9
s	   239,7729	 8	265,90	 89,12	   6,9	  19,9	  24,6	  25,4	  26,2	  24,8	  20,8	 -19,2
s	   256,2622	 8	 80,49	 90,75	   7,1	  19,7	  24,3	  25,0	  25,9	  24,3	  19,6	 -21,8
s	   272,5323	 7	266,94	 92,16	   6,8	  18,6	  23,7	  24,2	  25,3	  25,1	  18,7	 -24,2
s	   274,8576	 8	266,95	 92,13	   5,8	  18,1	  23,3	  23,8	  24,9	  24,5	  18,4	 -24,7
s	   282,6097	 5	267,01	 89,13	   8,5	  20,0	  24,2	  24,9	  25,8	  24,5	  18,2	 -25,5
s	   282,6957	 6	267,01	 90,54	   8,3	  19,9	  24,2	  24,8	  25,8	  24,4	  18,1	 -25,7
s	   282,7255	 6	267,01	 87,61	   8,8	  19,8	  23,8	  24,1	  25,1	  24,8	  18,1	 -25,7
s	   283,0264	 7	267,01	 86,20	   7,0	  19,0	  23,2	  23,6	  24,5	  24,0	  18,0	 -25,8
s	   283,4689	 8	267,01	 93,46	   7,3	  19,1	  23,2	  23,5	  24,4	  24,1	  17,6	 -26,2
s	   284,8568	 6	276,42	 89,13	   8,2	  19,7	  24,1	  24,8	  25,6	  24,1	  18,0	 -26,0
s	   284,9382	 6	267,03	 89,13	   7,5	  19,5	  23,9	  24,5	  25,4	  23,9	  18,0	 -26,0
s	   284,9422	 7	276,42	 90,53	   8,0	  19,7	  24,0	  24,7	  25,6	  24,1	  17,9	 -26,1
s	   284,9718	 7	276,42	 87,63	   7,7	  19,2	  23,4	  23,8	  24,7	  24,1	  17,9	 -26,1
s	   285,0235	 7	267,03	 90,53	   7,3	  19,4	  23,8	  24,5	  25,3	  23,9	  17,9	 -26,1
s	   285,0531	 7	267,03	 87,62	   7,7	  19,3	  23,4	  23,8	  24,7	  24,3	  17,9	 -26,1
s	   285,2410	 8	276,41	 92,04	   7,5	  19,1	  23,3	  23,7	  24,6	  24,0	  17,7	 -26,3
s	   285,2705	 8	276,42	 86,23	   6,7	  18,7	  23,1	  23,4	  24,3	  23,6	  17,7	 -26,3
s	   285,3517	 8	267,02	 86,22	   6,0	  18,4	  22,8	  23,2	  24,1	  23,4	  17,7	 -26,3
s	   287,1685	 7	276,36	 89,13	   7,2	  19,2	  23,7	  24,4	  25,2	  23,6	  17,7	 -26,4
s	   287,2533	 8	276,36	 90,52	   7,0	  19,2	  23,7	  24,3	  25,1	  23,5	  17,6	 -26,6
s	   287,2827	 8	276,37	 87,64	   6,7	  18,7	  23,0	  23,4	  24,2	  23,5	  17,6	 -26,6
#END
