#HEADER
CATT-Acoustic v8.0b    Copyright © CATT 1988-2003

 Project                : Aula Optica 

 GEOMETRICAL INFORMATION
 Src id and loc     [m] :   A0           0,400        0,600        1,300
 Rec id and loc     [m] :   15           1,000        7,600        1,200

 15       20,4657

 VARIABLE SOURCE DATA
 Directivity
   Type (library)       :  OMNI.SD0
   Dir. Index (DI) [dB] :       0,0      0,0      0,0      0,0      0,0      0,0      0,0      0,0
 Level
   On axis 1m      [dB] :      54,1     63,1     66,8     67,7     69,4     70,6     70,6     54,2
   Total power     [dB] :      65,0     74,0     77,7     78,6     80,3     81,5     81,5     65,1
   Auxiliary delay [ms] :       0,0

 VARIABLE AIR DATA
 Temperature       [°C] :      20
 Relative humidity  [%] :      50
 Density        [kg/m³] :       1,2
 Sound speed      [m/s] :     343
 Impedance      [Ns/m³] :     412
 Diss. coeff. [0.001/m] :      0,10     0,30     0,63     1,07     2,28     6,83    24,23    83,90      (estimated)

#DATAFIELDS
 TYPE DELAY ORDER AZIMUTH ELEVATION SPL125 SPL250 SPL500 SPL1K SPL2K SPL4K SPL8K SPL16K
#DATA
d	     0,0000	 0	 85,10	 91,03	  37,2	  46,2	  49,8	  50,7	  52,4	  53,5	  52,9	  34,7
s	     0,3290	 1	 78,69	 91,01	  36,3	  45,5	  49,2	  50,0	  51,7	  52,8	  51,4	  32,4
*	    10,7137	 1	300,35	 95,68	   5,4	  14,9	  18,7	  19,6	  21,2	  22,1	  21,6	   2,4
*	     0,7332	 1	 63,37	 98,07	  10,9	  20,4	  24,3	  25,1	  26,8	  27,7	  27,5	   9,2
*	     0,4999	 1	 80,04	 94,31	  15,3	  24,8	  28,6	  29,5	  31,1	  32,1	  31,9	  13,6
*	     5,3302	 1	345,10	 44,22	  -0,2	   8,9	  12,6	  13,5	  15,1	  16,2	  19,4	   2,4
*	     4,1290	 1	344,02	 67,48	   3,5	  12,6	  16,3	  17,2	  18,8	  19,9	  23,2	   6,3
*	     3,5285	 1	 20,10	 45,60	   0,9	  10,0	  13,7	  14,6	  16,2	  17,3	  20,6	   3,8
*	     2,3187	 1	 19,06	 68,77	   4,5	  13,7	  17,4	  18,2	  19,9	  21,0	  24,3	   7,6
*	     2,4494	 1	 44,94	 54,11	   0,1	   9,3	  12,9	  13,8	  15,4	  16,5	  19,9	   3,1
*	     1,4063	 1	 44,34	 74,40	   2,6	  11,8	  15,5	  16,3	  18,0	  19,1	  22,4	   5,8
*	     1,8459	 1	 58,47	 62,34	  -1,3	   7,9	  11,6	  12,4	  14,1	  15,2	  18,5	   1,8
*	     0,9665	 1	 58,14	 78,95	   0,3	   9,5	  13,2	  14,0	  15,7	  16,8	  20,2	   3,5
*	     1,5033	 1	 66,14	 68,35	  -2,5	   6,7	  10,4	  11,2	  12,9	  14,0	  17,3	   0,7
*	     0,7320	 1	 65,95	 81,89	  -1,3	   7,9	  11,5	  12,4	  14,0	  15,1	  18,5	   1,9
*	     1,3067	 1	 70,93	 72,56	  -3,2	   6,0	   9,7	  10,6	  12,2	  13,3	  16,7	   0,0
*	     0,5948	 1	 70,80	 83,81	  -2,2	   6,9	  10,6	  11,5	  13,1	  14,2	  17,6	   1,0
*	     1,2030	 1	 74,17	 75,60	  -3,3	   5,9	   9,6	  10,4	  12,1	  13,2	  16,5	  -0,1
*	     0,5117	 1	 74,08	 85,15	  -2,4	   6,7	  10,4	  11,3	  12,9	  14,0	  17,4	   0,8
*	     1,1720	 1	 76,46	 77,85	  -2,8	   6,3	  10,0	  10,9	  12,5	  13,6	  17,0	   0,4
*	     0,4644	 1	 76,40	 86,12	  -1,9	   7,3	  10,9	  11,8	  13,4	  14,5	  17,9	   1,4
*	     1,2163	 1	 78,20	 79,57	  -1,7	   7,4	  11,1	  12,0	  13,6	  14,7	  18,1	   1,4
*	     0,4480	 1	 78,16	 86,85	  -0,6	   8,6	  12,3	  13,1	  14,8	  15,9	  19,3	   2,7
*	     1,3679	 1	 79,54	 80,93	   0,1	   9,3	  12,9	  13,8	  15,4	  16,5	  19,9	   3,2
*	     0,4708	 1	 79,50	 87,42	   1,9	  11,1	  14,8	  15,6	  17,3	  18,4	  21,7	   5,2
s	     0,7029	 1	 85,06	106,67	  34,2	  43,9	  48,6	  49,8	  51,5	  52,5	  52,0	  33,8
*	     0,7433	 1	 86,78	104,08	   9,1	  18,8	  23,5	  24,7	  26,4	  27,4	  26,9	   8,6
*	     0,8136	 1	 83,45	115,48	  11,0	  20,7	  25,5	  26,6	  28,3	  29,4	  28,9	  10,6
*	     2,9567	 1	339,98	164,70	  18,1	  27,8	  32,6	  33,7	  35,4	  36,5	  35,9	  17,4
s	     1,0211	 2	 78,59	106,42	  33,3	  43,5	  48,4	  49,5	  51,2	  52,2	  52,0	  33,7
s	     1,6727	 1	 85,16	 69,41	  34,3	  43,4	  47,0	  47,5	  49,2	  51,1	  50,8	  31,7
*	    73,0031	 1	159,69	 85,32	 -19,2	  -9,3	  -5,5	  -4,7	  -3,2	  -1,8	  -3,9	 -26,9
*	    72,3056	 1	169,63	 84,76	 -19,0	  -9,1	  -5,3	  -4,5	  -3,0	  -1,6	  -3,7	 -26,6
*	    74,3945	 1	180,24	 84,33	 -19,5	  -9,6	  -5,8	  -5,1	  -3,5	  -2,2	  -4,3	 -27,4
*	    57,2022	 1	155,52	 84,43	 -14,3	  -4,5	  -0,6	   0,1	   1,7	   3,2	   1,5	 -20,1
*	    56,3644	 1	167,31	 83,62	 -14,0	  -4,2	  -0,3	   0,4	   2,0	   3,5	   1,8	 -19,7
*	    58,8099	 1	180,30	 83,03	 -14,8	  -4,9	  -1,1	  -0,3	   1,2	   2,7	   1,0	 -20,8
*	    41,7661	 1	149,38	 83,16	  -8,5	   1,3	   5,2	   5,9	   7,5	   9,1	   7,8	 -12,4
*	    40,7319	 1	163,70	 81,86	  -8,1	   1,8	   5,6	   6,4	   8,0	   9,6	   8,3	 -11,8
*	    43,6441	 1	180,39	 80,99	  -9,1	   0,7	   4,6	   5,4	   6,9	   8,5	   7,2	 -13,2
*	    27,0196	 1	139,81	 81,36	  -1,4	   8,4	  12,3	  13,1	  14,7	  16,4	  15,5	  -3,5
*	    25,7177	 1	157,34	 78,89	  -0,7	   9,2	  13,0	  13,8	  15,4	  17,1	  16,2	  -2,6
*	    29,2076	 1	180,56	 77,24	  -2,1	   7,7	  11,6	  12,4	  14,0	  15,6	  14,7	  -4,4
*	    13,7295	 1	124,14	 78,97	   7,5	  17,3	  21,2	  22,0	  23,6	  25,4	  24,8	   7,1
*	    12,1759	 1	143,91	 73,30	   8,5	  18,3	  22,2	  23,0	  24,6	  26,4	  25,9	   8,3
*	    16,1501	 1	180,98	 68,43	   7,0	  16,8	  20,7	  21,5	  23,1	  24,9	  24,3	   6,3
*	     3,9584	 1	 99,75	 76,94	  18,0	  27,9	  31,8	  32,5	  34,2	  36,0	  35,7	  18,9
*	     2,8927	 1	109,19	 64,30	  17,4	  27,3	  31,2	  32,0	  33,6	  35,5	  35,2	  18,4
*	     6,3436	 1	183,88	 32,75	  19,5	  29,4	  33,2	  34,0	  35,7	  37,5	  37,1	  20,1
s	     1,9772	 2	 78,83	 69,70	  34,4	  43,9	  47,6	  48,1	  49,8	  51,7	  50,6	  31,4
s	     3,4840	 1	 85,81	 91,15	  34,6	  44,1	  47,9	  48,8	  50,4	  51,4	  51,1	  32,6
*	    22,4347	 1	123,00	 86,58	   2,4	  11,9	  15,8	  16,6	  18,2	  19,0	  18,3	  -2,0
*	     7,2662	 1	 97,27	 85,95	  19,3	  28,8	  32,7	  33,5	  35,2	  36,1	  35,7	  16,8
s	     3,5336	 2	 84,43	 91,14	  33,6	  43,6	  47,6	  48,5	  50,1	  50,9	  51,0	  32,4
s	     4,0874	 2	 85,78	104,59	  32,2	  42,3	  47,3	  48,4	  50,0	  51,0	  50,8	  32,2
s	     4,0902	 2	 84,99	125,40	  31,1	  40,9	  45,6	  46,4	  48,1	  50,0	  49,7	  30,4
s	     4,1357	 3	 84,38	104,56	  31,2	  41,9	  46,9	  48,1	  49,7	  50,5	  50,6	  32,0
s	     4,3650	 3	 78,44	124,95	  30,8	  41,3	  46,2	  47,0	  48,7	  50,4	  50,5	  31,9
s	     4,4169	 2	 85,21	 57,17	  31,5	  41,5	  46,3	  47,1	  48,8	  50,6	  50,4	  31,8
s	     4,6882	 3	 78,93	 57,57	  30,5	  40,9	  45,9	  46,7	  48,3	  50,1	  50,2	  31,5
s	     4,9283	 2	 85,86	 72,41	  32,8	  42,6	  46,5	  47,1	  48,7	  50,4	  50,4	  31,8
s	     4,9750	 3	 84,49	 72,45	  31,9	  42,2	  46,1	  46,7	  48,3	  49,9	  50,3	  31,6
*	     6,9623	 1	 84,76	 79,99	  -8,0	   1,5	   5,4	   6,2	   7,8	   8,8	   8,4	 -10,4
s	     7,0613	 3	 85,74	121,39	  29,9	  40,4	  45,3	  46,1	  47,8	  49,5	  49,5	  30,7
s	     7,1044	 4	 84,32	121,33	  28,9	  39,9	  45,0	  45,8	  47,4	  49,0	  49,4	  30,6
s	     9,8089	 3	 85,26	 44,37	  28,1	  38,1	  42,8	  43,3	  45,0	  47,6	  47,6	  27,7
s	    10,0323	 4	 79,06	 44,80	  27,8	  38,0	  42,7	  43,2	  44,9	  47,5	  47,4	  27,5
*	    10,2654	 1	293,02	 90,25	  12,3	  21,3	  25,1	  26,0	  27,6	  28,4	  28,8	  11,3
*	    10,6366	 1	292,80	106,78	  11,6	  20,6	  24,4	  25,3	  26,9	  27,7	  28,0	  10,6
s	    11,4821	 4	 85,69	133,29	  28,4	  39,0	  44,0	  44,7	  46,4	  48,1	  48,0	  28,7
s	    11,5193	 5	 84,26	133,22	  27,4	  38,6	  43,6	  44,4	  46,0	  47,7	  47,9	  28,6
*	    12,8061	 1	293,63	 62,38	 -10,0	  -0,9	   2,8	   3,7	   5,3	   6,1	   6,4	 -11,2
*	    12,1469	 1	293,44	 75,45	  -8,9	   0,2	   3,9	   4,8	   6,4	   7,3	   7,5	 -10,1
*	    60,1959	 1	182,18	 95,41	 -18,4	  -9,2	  -5,6	  -4,8	  -3,2	  -2,5	  -4,7	 -28,3
*	    56,8956	 1	169,10	 95,76	 -17,4	  -8,2	  -4,6	  -3,8	  -2,2	  -1,5	  -3,6	 -26,8
*	    56,9134	 1	156,90	 95,84	 -17,4	  -8,3	  -4,6	  -3,8	  -2,2	  -1,5	  -3,6	 -26,9
*	    45,0693	 1	183,37	 96,98	 -12,8	  -3,7	  -0,0	   0,8	   2,4	   3,2	   1,4	 -20,8
*	    41,1193	 1	166,45	 97,39	 -11,4	  -2,3	   1,4	   2,2	   3,8	   4,6	   3,0	 -18,9
*	    41,1618	 1	151,35	 97,23	 -11,5	  -2,3	   1,4	   2,2	   3,8	   4,6	   2,9	 -19,0
*	    30,7498	 1	185,54	 99,83	  -6,0	   3,1	   6,8	   7,6	   9,2	  10,1	   8,7	 -12,2
*	    25,9613	 1	161,70	100,25	  -4,0	   5,2	   8,9	   9,7	  11,3	  12,2	  11,0	  -9,6
*	    26,0575	 1	142,40	 99,31	  -4,1	   5,0	   8,7	   9,5	  11,2	  12,1	  10,8	  -9,7
*	    17,8870	 1	190,85	106,48	   2,8	  12,0	  15,6	  16,5	  18,1	  19,1	  18,0	  -1,8
*	    12,2196	 1	150,95	106,21	   5,5	  14,7	  18,4	  19,2	  20,9	  21,9	  21,0	   1,7
*	    12,4309	 1	126,76	102,35	   5,1	  14,3	  17,9	  18,8	  20,4	  21,4	  20,5	   1,2
s	    12,2650	 4	 85,93	 48,87	  27,2	  37,9	  42,8	  43,4	  45,0	  47,5	  47,7	  28,4
s	    12,3012	 5	 84,59	 48,92	  26,2	  37,4	  42,5	  43,1	  44,6	  47,0	  47,6	  28,3
s	    12,9026	 1	273,00	 87,65	  32,2	  41,4	  45,1	  45,9	  47,6	  48,6	  47,6	  28,3
*	    26,2294	 1	204,58	 82,87	   5,4	  14,6	  18,3	  19,1	  20,7	  21,6	  20,4	  -0,2
*	    18,7082	 1	218,25	 79,46	  11,6	  20,8	  24,4	  25,3	  26,9	  27,9	  26,8	   6,9
*	    13,7776	 1	250,71	 74,16	  17,5	  26,7	  30,3	  31,2	  32,8	  33,8	  32,9	  13,4
s	    13,1054	 2	276,98	 87,67	  32,0	  41,3	  45,0	  45,8	  47,4	  48,5	  46,7	  26,5
s	    13,3383	 2	272,99	 97,38	  29,9	  39,7	  44,5	  45,6	  47,3	  48,3	  47,4	  28,0
s	    13,5385	 3	276,94	 97,33	  29,1	  39,5	  44,4	  45,5	  47,1	  48,0	  47,5	  28,0
*	    14,7055	 1	233,14	114,28	  -0,5	   8,5	  12,3	  13,2	  14,8	  15,6	  15,8	  -2,0
*	    13,9687	 1	232,90	103,07	   0,5	   9,6	  13,3	  14,2	  15,8	  16,6	  16,9	  -0,9
*	    13,6517	 1	232,65	 90,63	   1,0	  10,0	  13,8	  14,7	  16,3	  17,1	  17,3	  -0,4
s	    13,7627	 4	 84,88	145,12	  24,8	  35,5	  41,3	  42,0	  43,8	  46,4	  46,3	  26,1
s	    13,9539	 2	273,03	 73,95	  30,2	  39,5	  43,1	  43,6	  45,2	  47,0	  46,4	  26,2
s	    13,9604	 5	 78,18	144,65	  24,5	  35,4	  41,2	  41,9	  43,6	  46,3	  46,1	  25,9
s	    14,1505	 3	277,04	 74,04	  30,4	  40,1	  43,8	  44,3	  45,9	  47,7	  46,3	  26,0
s	    15,7799	 3	273,05	 65,17	  28,0	  38,2	  42,9	  43,7	  45,4	  47,2	  46,6	  27,0
s	    15,9667	 4	277,08	 65,30	  27,0	  37,7	  42,6	  43,4	  45,0	  46,7	  46,4	  26,8
s	    16,2993	 3	272,96	112,98	  29,4	  38,9	  42,5	  42,9	  44,6	  46,4	  45,7	  25,2
s	    16,3934	 2	272,72	 87,70	  30,6	  40,3	  44,1	  45,0	  46,6	  47,5	  46,8	  27,1
s	    16,4835	 4	276,88	112,86	  28,4	  38,4	  42,1	  42,6	  44,2	  45,9	  45,5	  25,1
s	    16,7883	 3	272,71	 96,52	  28,3	  38,7	  43,6	  44,7	  46,3	  47,2	  46,6	  26,8
*	    16,9734	 1	210,15	 97,08	  11,5	  20,5	  24,3	  25,2	  26,7	  27,6	  27,7	   9,7
*	    22,5862	 1	201,32	 95,14	   6,5	  15,5	  19,3	  20,1	  21,7	  22,5	  22,5	   4,0
*	    28,8453	 1	196,38	 93,98	   2,2	  11,2	  15,0	  15,9	  17,4	  18,1	  18,0	  -1,1
*	    29,0650	 1	195,96	 80,49	   2,0	  11,1	  14,8	  15,7	  17,3	  18,0	  17,8	  -1,3
*	    35,5547	 1	193,26	 93,24	  -1,5	   7,5	  11,2	  12,1	  13,7	  14,3	  14,0	  -5,7
*	    35,7397	 1	192,92	 82,24	  -1,6	   7,4	  11,1	  12,0	  13,6	  14,2	  13,9	  -5,8
*	    42,5956	 1	191,13	 92,73	  -4,9	   4,2	   7,9	   8,8	  10,3	  11,0	  10,4	  -9,9
*	    42,7553	 1	190,83	 83,46	  -4,9	   4,1	   7,8	   8,7	  10,2	  10,9	  10,4	 -10,0
*	    49,8865	 1	189,58	 92,35	  -7,9	   1,2	   4,9	   5,8	   7,3	   7,9	   7,2	 -13,8
*	    50,0271	 1	189,32	 84,36	  -7,9	   1,1	   4,9	   5,7	   7,2	   7,8	   7,1	 -13,8
*	    57,3691	 1	188,40	 92,07	 -10,6	  -1,6	   2,2	   3,0	   4,6	   5,1	   4,2	 -17,4
*	    57,4946	 1	188,18	 85,04	 -10,6	  -1,6	   2,2	   3,0	   4,5	   5,0	   4,2	 -17,5
*	    65,0007	 1	187,49	 91,85	 -13,1	  -4,1	  -0,3	   0,5	   2,0	   2,5	   1,4	 -20,9
*	    65,1140	 1	187,29	 85,58	 -13,1	  -4,1	  -0,3	   0,5	   2,0	   2,5	   1,4	 -20,9
*	    72,7497	 1	186,75	 91,66	 -15,4	  -6,4	  -2,6	  -1,8	  -0,3	   0,1	  -1,1	 -24,1
*	    72,8529	 1	186,57	 86,01	 -15,4	  -6,4	  -2,6	  -1,8	  -0,3	   0,1	  -1,2	 -24,2
*	    80,5923	 1	186,14	 91,51	 -17,5	  -8,5	  -4,7	  -3,9	  -2,4	  -2,1	  -3,6	 -27,2
*	    80,6870	 1	185,97	 86,37	 -17,5	  -8,5	  -4,8	  -3,9	  -2,5	  -2,1	  -3,6	 -27,3
*	    88,5103	 1	185,64	 91,39	 -19,5	 -10,5	  -6,7	  -5,9	  -4,5	  -4,1	  -5,8	 -30,2
*	    88,5978	 1	185,49	 86,66	 -19,5	 -10,5	  -6,8	  -5,9	  -4,5	  -4,2	  -5,9	 -30,3
s	    17,2172	 5	 87,14	 68,24	  24,0	  35,6	  41,8	  42,9	  44,5	  46,1	  46,2	  26,5
s	    17,3477	 3	272,74	 75,25	  29,2	  39,1	  42,9	  43,5	  45,1	  46,8	  46,4	  26,6
s	    17,8302	 5	 85,97	 40,55	  25,6	  36,5	  41,4	  41,9	  43,5	  46,0	  46,1	  26,3
s	    17,8612	 6	 84,64	 40,60	  24,6	  36,0	  41,1	  41,6	  43,2	  45,6	  45,9	  26,1
s	    18,4499	 6	 86,87	124,76	  23,5	  35,3	  41,5	  42,5	  44,1	  45,7	  45,8	  25,9
s	    19,0171	 4	272,75	 67,14	  26,6	  37,2	  42,1	  42,9	  44,5	  46,2	  45,9	  26,0
s	    19,0377	 4	272,94	120,52	  27,1	  37,4	  42,1	  42,9	  44,6	  46,4	  45,6	  25,7
s	    19,2091	 5	276,84	120,37	  26,8	  37,3	  42,1	  42,8	  44,4	  46,3	  45,5	  25,5
s	    19,4945	 4	272,68	110,88	  28,5	  38,6	  42,4	  42,9	  44,5	  46,2	  45,7	  25,8
s	    20,0001	 4	273,07	 53,70	  26,4	  36,4	  41,2	  41,9	  43,5	  45,2	  44,6	  23,8
s	    20,0714	 7	 82,00	 46,25	  19,7	  32,3	  39,5	  40,5	  42,2	  44,6	  45,0	  25,0
s	    20,0868	 5	 84,81	151,53	  23,6	  34,7	  40,5	  41,3	  43,0	  45,6	  45,3	  25,2
s	    20,1675	 5	277,14	 53,87	  26,1	  36,3	  41,1	  41,8	  43,4	  45,1	  44,4	  23,7
s	    20,2538	 6	 78,04	151,10	  23,3	  34,6	  40,5	  41,1	  42,9	  45,5	  45,1	  25,1
s	    21,0968	 5	 85,36	 31,34	  21,9	  32,9	  38,7	  39,1	  40,8	  44,2	  44,2	  23,4
s	    21,2598	 6	 79,28	 31,70	  20,8	  32,4	  38,3	  38,8	  40,4	  43,7	  44,1	  23,2
s	    21,9518	 6	 85,61	147,47	  22,5	  34,1	  40,1	  40,8	  42,5	  45,0	  44,9	  24,7
s	    21,9798	 7	 84,15	147,41	  21,5	  33,6	  39,7	  40,5	  42,1	  44,5	  44,8	  24,6
s	    21,9811	 6	 86,87	 48,84	  20,2	  32,3	  39,4	  40,4	  42,1	  44,6	  44,7	  24,5
*	    22,8770	 1	123,22	 99,08	  -0,6	   8,9	  12,7	  13,6	  15,2	  16,0	  15,2	  -5,1
s	    22,9236	 5	272,77	 56,31	  25,5	  36,2	  41,2	  42,0	  43,6	  45,1	  44,8	  24,5
s	    23,4054	 6	 86,01	 34,93	  22,2	  33,6	  39,7	  40,5	  42,1	  44,4	  44,6	  24,3
s	    23,4324	 7	 84,69	 34,98	  21,2	  33,2	  39,4	  40,2	  41,8	  44,0	  44,5	  24,2
s	    23,4610	 8	 80,76	144,67	  18,8	  31,5	  38,7	  39,7	  41,4	  43,8	  44,1	  23,8
s	    23,9409	 5	272,92	129,44	  24,3	  34,7	  39,4	  39,8	  41,5	  44,1	  43,5	  22,4
s	    24,0935	 6	276,79	129,28	  23,3	  34,2	  39,1	  39,5	  41,1	  43,6	  43,4	  22,3
*	    24,6967	 1	128,58	 98,99	 -16,5	  -7,0	  -3,2	  -2,3	  -0,7	   0,1	  -0,8	 -21,2
s	    25,3015	 5	272,30	107,87	  25,1	  35,4	  40,1	  40,7	  42,4	  44,2	  43,2	  22,0
*	    25,4287	 1	202,09	 81,04	  -1,3	   7,7	  11,5	  12,4	  13,9	  14,7	  14,6	  -4,2
*	    25,8854	 1	201,90	 75,18	  -1,6	   7,4	  11,2	  12,0	  13,6	  14,3	  14,3	  -4,5
s	    25,6279	 6	 84,76	155,48	  18,7	  30,4	  37,3	  38,0	  39,7	  43,1	  43,0	  21,8
s	    25,7749	 7	 77,92	155,09	  17,7	  29,9	  37,0	  37,6	  39,3	  42,6	  42,9	  21,6
s	    26,5349	 7	272,49	 59,00	  23,4	  34,5	  39,5	  39,9	  41,5	  43,9	  43,8	  23,2
s	    26,6204	 6	272,65	126,64	  23,6	  34,7	  39,6	  40,0	  41,6	  44,1	  43,8	  23,3
s	    27,3541	 6	272,79	 48,58	  24,5	  35,3	  40,3	  41,0	  42,6	  44,2	  43,7	  23,0
s	    27,8324	 6	 85,41	 26,91	  20,8	  32,2	  38,0	  38,5	  40,2	  43,5	  43,3	  22,6
s	    27,9727	 7	 79,40	 27,23	  20,6	  32,1	  38,0	  38,4	  40,1	  43,5	  43,2	  22,5
s	    28,5775	 6	272,90	135,28	  21,7	  33,0	  38,8	  39,5	  41,2	  43,8	  43,2	  22,4
s	    28,5931	 7	 85,56	152,62	  19,0	  31,1	  38,3	  39,3	  41,0	  43,2	  43,3	  22,5
s	    28,6035	 6	272,13	106,49	  24,2	  35,2	  40,1	  40,8	  42,4	  44,1	  43,4	  22,6
s	    28,6173	 8	 84,09	152,57	  18,0	  30,6	  38,0	  39,0	  40,6	  42,8	  43,2	  22,4
s	    28,7157	 7	276,75	135,12	  21,5	  32,9	  38,8	  39,4	  41,1	  43,7	  43,0	  22,3
s	    28,7416	 7	274,96	106,44	  23,2	  34,7	  39,8	  40,5	  42,0	  43,7	  43,3	  22,5
s	    29,4087	 7	 86,05	 30,54	  19,8	  31,7	  37,7	  38,1	  39,8	  43,0	  43,1	  22,3
s	    29,4325	 8	 84,73	 30,59	  18,8	  31,2	  37,4	  37,8	  39,4	  42,6	  43,0	  22,2
s	    31,5888	 7	272,81	 43,23	  20,5	  32,1	  38,2	  38,9	  40,5	  42,8	  42,7	  21,7
s	    31,6711	 7	272,63	133,17	  22,5	  33,7	  38,6	  39,0	  40,6	  43,1	  42,7	  21,6
s	    31,8701	 7	272,08	113,11	  20,7	  32,7	  38,8	  39,8	  41,4	  43,0	  42,6	  21,6
s	    32,5204	 7	 84,69	159,12	  17,8	  29,8	  36,8	  37,5	  39,2	  42,5	  42,3	  21,1
s	    32,6068	 8	 86,72	 35,20	  17,9	  30,1	  37,3	  38,3	  39,9	  42,2	  42,1	  21,0
s	    32,6483	 8	 77,76	158,76	  17,6	  29,8	  36,7	  37,3	  39,1	  42,5	  42,1	  21,0
s	    33,5970	 7	 85,46	 24,08	  16,1	  28,0	  34,9	  35,3	  37,1	  41,1	  41,3	  19,3
s	    33,7224	 8	 79,50	 24,38	  15,9	  28,0	  34,9	  35,2	  37,0	  41,1	  41,1	  19,1
s	    33,9611	 8	 85,52	155,74	  16,8	  29,4	  36,5	  37,1	  38,8	  42,1	  42,1	  20,9
s	    34,0932	 7	272,88	140,45	  19,0	  30,4	  36,2	  36,5	  38,2	  41,6	  41,2	  19,1
s	    34,2175	 8	276,70	140,29	  18,1	  29,9	  35,9	  36,2	  37,9	  41,1	  41,0	  19,0
s	    34,3658	 8	272,25	 54,40	  20,1	  32,1	  38,3	  39,3	  40,9	  42,3	  42,0	  20,7
s	    36,3163	 8	272,22	127,43	  17,3	  29,7	  36,8	  37,7	  39,4	  41,8	  41,4	  20,0
s	    37,2263	 8	 86,09	 26,37	  18,3	  30,2	  36,3	  36,8	  38,4	  41,4	  41,5	  19,9
s	    38,1776	 8	272,83	 37,09	  20,2	  31,7	  36,6	  36,8	  38,3	  41,6	  41,3	  19,7
s	    38,3739	 8	 84,63	161,49	  13,1	  25,8	  33,7	  34,4	  36,1	  40,2	  40,2	  17,8
s	    40,6737	 8	 85,51	 21,40	  15,3	  27,6	  34,6	  35,0	  36,7	  40,7	  40,6	  18,8
s	    41,2385	 8	273,16	 30,89	  16,7	  28,4	  34,2	  34,2	  35,9	  40,0	  39,7	  17,1
s	    54,2113	 3	 86,87	 91,62	  23,5	  33,6	  37,6	  38,5	  39,9	  40,3	  39,2	  16,1
s	    54,4070	 4	 86,86	 95,99	  21,3	  32,0	  37,1	  38,2	  39,7	  40,1	  39,0	  16,0
s	    54,6869	 4	 86,88	 85,39	  22,2	  32,5	  36,6	  37,2	  38,6	  39,7	  39,0	  15,9
s	    55,4342	 5	 86,85	102,15	  19,9	  30,9	  36,0	  36,8	  38,3	  39,5	  38,8	  15,6
s	    56,6599	 6	 86,84	106,32	  17,3	  29,0	  35,2	  36,2	  37,8	  38,9	  38,2	  15,0
s	    57,1487	 2	 88,71	 91,63	  23,9	  33,6	  37,4	  38,2	  39,7	  40,3	  38,6	  15,3
s	    57,3370	 3	 88,71	 95,84	  21,7	  32,0	  36,9	  38,0	  39,5	  40,2	  38,5	  15,1
s	    57,4725	 6	 86,90	 75,21	  17,7	  28,8	  33,9	  34,3	  35,8	  37,8	  37,3	  13,2
s	    57,6065	 3	 88,71	 85,64	  22,6	  32,6	  36,4	  36,9	  38,4	  39,8	  38,4	  15,1
s	    57,7015	 4	 87,01	 91,63	  22,9	  33,1	  37,2	  38,0	  39,4	  39,8	  38,5	  15,2
s	    57,8885	 5	 87,00	 95,81	  19,9	  31,1	  36,4	  37,5	  38,9	  39,2	  38,4	  15,0
s	    58,1560	 5	 87,02	 85,68	  21,6	  32,1	  36,1	  36,7	  38,1	  39,3	  38,4	  15,0
s	    58,3261	 4	 88,70	101,77	  19,8	  30,3	  35,1	  35,8	  37,4	  38,8	  37,4	  13,3
s	    58,4285	 4	 88,72	 81,51	  20,3	  30,9	  35,8	  36,6	  38,1	  39,6	  38,2	  14,8
s	    58,8707	 6	 86,99	101,70	  18,6	  30,1	  35,3	  36,1	  37,6	  38,6	  38,1	  14,7
s	    58,9724	 6	 87,03	 81,58	  18,6	  30,1	  35,3	  36,1	  37,5	  38,6	  38,1	  14,7
s	    59,0918	 7	 86,83	112,02	  15,3	  27,1	  33,2	  33,9	  35,4	  37,4	  37,0	  12,7
s	    59,1926	 7	 87,03	 81,18	  18,1	  29,6	  35,0	  35,8	  37,2	  38,1	  37,8	  14,3
s	    59,2945	 7	 86,91	 71,28	  15,8	  27,7	  33,9	  34,7	  36,2	  38,2	  37,7	  14,2
s	    59,5075	 5	 88,70	105,80	  18,0	  29,3	  35,3	  36,2	  37,8	  39,3	  37,9	  14,4
s	    60,0441	 7	 86,98	105,70	  16,2	  28,4	  34,8	  35,8	  37,3	  38,3	  37,9	  14,3
s	    60,2914	 5	 88,72	 75,81	  18,4	  29,1	  33,9	  34,3	  35,9	  38,1	  37,0	  12,7
s	    60,6431	 3	 88,76	 91,64	  22,8	  33,0	  36,9	  37,7	  39,2	  39,7	  38,2	  14,6
s	    60,8228	 7	 87,04	 75,91	  17,8	  29,3	  34,4	  34,9	  36,4	  38,3	  37,8	  14,1
s	    60,8233	 4	 88,76	 95,67	  20,6	  31,4	  36,5	  37,5	  39,0	  39,5	  38,1	  14,5
s	    61,0812	 4	 88,77	 85,90	  21,5	  32,0	  35,9	  36,4	  37,9	  39,2	  38,0	  14,4
s	    61,4746	 8	 86,82	116,15	  14,4	  26,7	  34,1	  35,4	  36,9	  37,9	  37,3	  13,6
s	    61,7704	 5	 88,76	101,35	  19,2	  30,3	  35,4	  36,1	  37,6	  39,0	  37,8	  14,1
s	    61,8686	 5	 88,77	 81,95	  19,2	  30,3	  35,4	  36,1	  37,6	  38,9	  37,8	  14,1
s	    62,2508	 6	 88,72	 71,62	  17,5	  28,8	  34,9	  35,9	  37,4	  38,7	  37,4	  13,7
s	    62,2600	 5	 78,58	 91,61	  21,4	  32,2	  36,4	  37,2	  38,5	  38,8	  37,8	  14,0
s	    62,4367	 6	 78,56	 95,56	  19,2	  30,6	  35,9	  36,9	  38,3	  38,6	  37,6	  13,9
s	    62,5714	 8	 87,04	 72,12	  15,4	  27,6	  33,8	  34,5	  36,0	  38,0	  37,4	  13,6
s	    62,9030	 6	 88,76	105,22	  16,9	  28,7	  34,8	  35,8	  37,3	  38,7	  37,6	  13,8
s	    63,3412	 8	 86,92	 64,85	  15,6	  27,2	  32,2	  32,4	  33,8	  36,6	  36,3	  11,6
s	    63,4619	 7	 78,64	 82,10	  18,6	  29,9	  35,1	  35,8	  37,2	  38,4	  37,4	  13,5
s	    63,6553	 6	 88,78	 76,47	  17,8	  29,2	  34,2	  34,7	  36,2	  38,3	  37,5	  13,6
s	    64,1603	 7	 88,69	115,34	  15,0	  27,0	  34,2	  35,4	  37,0	  38,3	  37,1	  13,1
s	    66,1976	 8	 88,79	 72,58	  15,6	  27,4	  33,4	  34,1	  35,7	  37,8	  36,7	  12,6
s	    67,1271	 4	272,67	 87,96	  21,9	  32,1	  36,2	  37,0	  38,4	  38,7	  37,2	  13,0
s	    67,2940	 5	272,66	 91,69	  19,7	  30,6	  35,7	  36,7	  38,2	  38,5	  37,1	  12,9
s	    67,4534	 8	 88,69	119,87	  11,9	  24,3	  31,3	  31,9	  33,5	  36,5	  35,7	  10,7
s	    67,5330	 5	272,68	 82,65	  20,6	  31,1	  35,2	  35,7	  37,1	  38,2	  37,0	  12,8
s	    68,1720	 6	272,66	 96,96	  18,3	  29,5	  34,6	  35,4	  36,8	  38,0	  36,8	  12,6
s	    68,2631	 6	272,68	 78,97	  18,1	  29,3	  34,4	  35,1	  36,6	  37,7	  36,6	  12,3
s	    69,2238	 7	272,65	100,57	  15,8	  27,6	  33,8	  34,8	  36,3	  37,5	  36,4	  12,0
s	    69,5590	 8	 88,73	 61,40	  16,2	  27,8	  32,6	  32,7	  34,3	  37,3	  36,2	  11,8
s	    69,9235	 7	272,69	 73,86	  16,2	  27,5	  32,5	  32,9	  34,4	  36,3	  35,5	  10,3
s	    70,0782	 3	271,11	 87,97	  22,4	  32,2	  36,0	  36,8	  38,2	  38,8	  36,7	  12,2
s	    70,2397	 4	271,10	 91,58	  20,1	  30,6	  35,5	  36,5	  38,1	  38,7	  36,6	  12,1
s	    70,4709	 4	271,11	 82,82	  21,1	  31,2	  35,0	  35,5	  37,0	  38,3	  36,5	  12,0
s	    70,6187	 5	272,57	 87,97	  20,6	  31,3	  35,5	  36,3	  37,7	  37,9	  36,6	  12,1
s	    70,7792	 6	272,56	 91,56	  18,4	  29,8	  35,0	  36,1	  37,5	  37,7	  36,5	  12,0
s	    71,0090	 6	272,57	 82,86	  19,3	  30,3	  34,5	  35,0	  36,4	  37,4	  36,5	  11,9
s	    71,1776	 5	271,11	 79,27	  18,8	  29,6	  34,5	  35,2	  36,7	  38,1	  36,3	  11,8
s	    71,6240	 7	272,56	 96,63	  17,0	  28,7	  34,0	  34,7	  36,1	  37,1	  36,3	  11,7
s	    71,7117	 7	272,58	 79,32	  17,0	  28,7	  34,0	  34,7	  36,1	  37,1	  36,3	  11,7
s	    72,0842	 8	272,70	 69,32	  16,3	  27,9	  33,0	  33,4	  34,9	  36,8	  35,9	  11,2
s	    72,1081	 6	271,10	100,17	  16,5	  27,9	  33,9	  34,9	  36,4	  37,8	  36,1	  11,5
s	    72,6368	 8	272,55	100,11	  14,7	  27,1	  33,4	  34,4	  35,9	  36,9	  36,0	  11,4
s	    72,7861	 6	271,12	 74,31	  16,9	  27,8	  32,6	  33,0	  34,5	  36,7	  35,2	   9,8
s	    73,3110	 8	272,59	 74,39	  15,6	  27,6	  32,9	  33,3	  34,7	  36,5	  36,0	  11,2
s	    73,5728	 4	271,07	 87,98	  21,3	  31,7	  35,6	  36,3	  37,8	  38,2	  36,4	  11,6
s	    73,7283	 5	271,06	 91,45	  19,1	  30,1	  35,1	  36,1	  37,6	  38,1	  36,2	  11,4
s	    73,9509	 5	271,07	 83,02	  20,0	  30,6	  34,6	  35,1	  36,5	  37,7	  36,2	  11,4
s	    74,5468	 6	271,06	 96,37	  17,7	  29,0	  34,1	  34,8	  36,3	  37,5	  36,0	  11,2
s	    74,6318	 6	271,07	 79,59	  17,7	  29,0	  34,1	  34,8	  36,3	  37,5	  36,0	  11,1
s	    74,8820	 7	271,12	 69,89	  17,0	  28,2	  33,1	  33,5	  35,0	  37,2	  35,6	  10,7
s	    75,3230	 7	271,05	 96,65	  18,0	  29,0	  34,0	  34,6	  36,1	  37,4	  35,6	  10,6
s	    75,5288	 7	271,06	 99,74	  15,4	  27,4	  33,5	  34,5	  36,0	  37,3	  35,8	  10,8
s	    76,1829	 7	271,07	 74,81	  16,3	  27,9	  33,0	  33,4	  34,9	  36,9	  35,7	  10,7
s	    76,8224	 8	271,09	109,61	  15,6	  27,3	  33,4	  34,3	  35,8	  37,1	  35,3	  10,2
s	    77,7440	 8	271,12	 65,36	  15,0	  26,3	  31,1	  31,2	  32,7	  35,7	  34,4	   8,5
s	    88,0144	 1	169,17	 90,19	  21,5	  30,9	  34,7	  35,6	  37,0	  37,4	  34,9	   8,9
*	    92,0488	 1	185,31	 87,12	  -4,5	   5,0	   8,8	   9,6	  11,1	  11,4	   8,8	 -17,6
*	    88,2782	 1	172,31	 87,55	  -3,6	   5,9	   9,6	  10,5	  11,9	  12,3	   9,8	 -16,2
*	    89,5197	 1	160,05	 88,07	  -3,9	   5,6	   9,3	  10,2	  11,6	  12,0	   9,5	 -16,7
s	    88,2581	 2	169,29	 94,19	  21,2	  30,9	  34,7	  35,5	  36,9	  37,3	  34,8	   8,7
s	    88,3423	 2	169,03	 85,90	  19,4	  29,0	  32,8	  33,3	  34,7	  35,9	  33,8	   6,9
s	    88,7253	 2	167,37	 90,25	  20,4	  30,4	  34,4	  35,2	  36,6	  36,9	  34,7	   8,6
s	    88,9674	 3	167,49	 94,22	  20,2	  30,4	  34,3	  35,1	  36,5	  36,8	  34,6	   8,5
s	    89,0511	 3	167,23	 85,98	  19,2	  29,4	  33,4	  33,9	  35,3	  36,4	  34,6	   8,4
s	    89,1069	 3	169,43	 98,44	  19,2	  28,9	  32,7	  33,1	  34,6	  35,8	  33,6	   6,6
s	    89,1905	 3	168,90	 81,95	  19,7	  29,6	  33,4	  33,9	  35,4	  36,6	  34,3	   8,2
s	    89,8107	 4	167,63	 98,45	  18,9	  29,3	  33,3	  33,8	  35,2	  36,3	  34,4	   8,2
s	    89,8938	 4	167,11	 82,06	  18,9	  29,3	  33,3	  33,8	  35,2	  36,3	  34,4	   8,2
s	    90,3036	 2	195,86	 89,34	  21,1	  30,6	  34,5	  35,3	  36,7	  36,9	  34,6	   8,3
s	    90,3038	 2	169,39	 90,19	  20,3	  30,3	  34,2	  35,1	  36,5	  36,7	  34,6	   8,3
s	    90,4125	 3	169,10	 90,20	  19,3	  29,8	  33,9	  34,7	  36,1	  36,3	  34,4	   8,2
s	    90,4276	 4	169,56	102,32	  19,3	  29,5	  33,3	  33,7	  35,2	  36,4	  34,1	   7,8
s	    90,5423	 3	195,98	 93,25	  20,8	  30,5	  34,4	  35,2	  36,6	  36,9	  34,4	   8,1
s	    90,5425	 3	169,52	 94,10	  20,1	  30,2	  34,2	  35,0	  36,4	  36,7	  34,4	   8,1
s	    90,6248	 3	195,73	 85,14	  19,0	  28,7	  32,5	  33,0	  34,4	  35,4	  33,4	   6,3
s	    90,6250	 3	169,26	 85,98	  19,0	  29,3	  33,2	  33,8	  35,2	  36,2	  34,4	   8,1
s	    90,6510	 4	169,22	 94,10	  19,1	  29,8	  33,9	  34,6	  36,0	  36,2	  34,3	   8,0
s	    90,6751	 4	168,77	 77,79	  17,8	  27,8	  31,6	  31,7	  33,2	  35,2	  33,3	   6,2
s	    90,7334	 4	168,96	 86,00	  18,1	  28,8	  32,9	  33,5	  34,8	  35,8	  34,3	   8,0
s	    91,1231	 5	167,75	102,30	  18,6	  29,2	  33,1	  33,6	  35,0	  36,1	  34,1	   7,8
s	    91,3100	 3	197,58	 89,29	  20,0	  30,1	  34,1	  34,9	  36,3	  36,4	  34,3	   8,0
s	    91,3691	 5	166,97	 77,93	  17,5	  28,2	  32,2	  32,4	  33,8	  35,7	  34,1	   7,8
s	    91,3737	 4	196,11	 97,42	  18,8	  28,6	  32,4	  32,8	  34,3	  35,3	  33,2	   6,1
s	    91,3740	 4	169,65	 98,27	  18,8	  29,2	  33,1	  33,6	  35,1	  36,1	  34,2	   7,9
s	    91,4556	 4	195,61	 81,27	  19,3	  29,3	  33,1	  33,6	  35,0	  36,1	  34,0	   7,6
s	    91,4559	 4	169,14	 82,11	  18,8	  29,2	  33,1	  33,6	  35,0	  36,1	  34,2	   7,8
s	    91,4817	 5	169,36	 98,27	  17,8	  28,7	  32,8	  33,3	  34,7	  35,7	  34,1	   7,7
s	    91,5465	 4	197,70	 93,17	  19,8	  30,0	  34,0	  34,8	  36,2	  36,3	  34,2	   7,8
s	    91,5635	 5	168,84	 82,13	  17,8	  28,7	  32,8	  33,3	  34,7	  35,7	  34,1	   7,7
s	    91,6283	 4	197,45	 85,12	  18,7	  29,1	  33,1	  33,6	  35,0	  35,9	  34,2	   7,8
s	    92,3706	 5	197,83	 97,30	  18,5	  29,0	  33,0	  33,5	  34,8	  35,8	  34,0	   7,5
s	    92,4021	 5	169,69	106,37	  17,4	  27,7	  31,4	  31,5	  33,0	  35,0	  33,0	   5,8
s	    92,4517	 5	197,33	 81,29	  18,5	  29,0	  33,0	  33,5	  34,8	  35,8	  34,0	   7,5
s	    92,5467	 3	195,54	 89,36	  19,9	  30,0	  34,0	  34,8	  36,2	  36,3	  34,2	   7,7
s	    92,5644	 5	168,64	 74,04	  17,9	  28,3	  32,1	  32,3	  33,7	  35,8	  33,7	   7,3
s	    92,6679	 5	196,23	101,22	  19,0	  29,1	  33,0	  33,4	  34,9	  35,9	  33,7	   7,3
s	    92,6682	 5	169,78	102,07	  18,4	  29,1	  33,0	  33,5	  34,9	  36,0	  34,0	   7,5
s	    92,7042	 4	195,82	 89,35	  18,9	  29,5	  33,6	  34,5	  35,8	  35,8	  34,1	   7,6
s	    92,7746	 6	169,48	102,07	  17,5	  28,6	  32,7	  33,1	  34,5	  35,5	  33,8	   7,4
s	    92,7806	 4	195,65	 93,19	  19,7	  29,9	  33,9	  34,7	  36,1	  36,2	  34,1	   7,6
s	    92,8615	 4	195,41	 85,23	  18,6	  29,0	  33,0	  33,5	  34,9	  35,8	  34,0	   7,6
s	    92,9109	 5	169,00	 78,03	  17,4	  28,1	  32,1	  32,3	  33,7	  35,5	  33,9	   7,4
s	    92,9378	 5	195,94	 93,18	  18,7	  29,4	  33,6	  34,4	  35,7	  35,7	  33,9	   7,4
s	    93,0171	 6	168,71	 78,06	  16,4	  27,7	  31,7	  32,0	  33,3	  35,1	  33,8	   7,3
s	    93,0186	 5	195,69	 85,23	  17,7	  28,5	  32,7	  33,2	  34,5	  35,3	  33,9	   7,4
s	    93,2468	 6	167,90	106,61	  18,2	  28,8	  32,9	  33,3	  34,7	  35,7	  33,8	   7,3
s	    93,2468	 6	166,85	 74,20	  17,1	  28,1	  32,0	  32,2	  33,6	  35,5	  33,8	   7,3
s	    93,3957	 8	167,54	106,60	  15,9	  27,4	  31,6	  31,7	  33,1	  34,7	  33,5	   7,0
s	    93,5958	 5	195,78	 97,28	  18,4	  28,9	  32,9	  33,4	  34,7	  35,7	  33,8	   7,3
s	    93,6535	 6	197,95	101,07	  18,1	  28,8	  32,8	  33,3	  34,6	  35,6	  33,7	   7,2
s	    93,6761	 5	195,29	 81,44	  18,4	  28,9	  32,9	  33,4	  34,7	  35,7	  33,8	   7,3
s	    93,7412	 2	 10,28	 90,18	  20,1	  30,0	  34,0	  34,8	  36,2	  36,4	  34,2	   7,6
s	    93,7518	 6	196,07	 97,26	  17,4	  28,4	  32,6	  33,1	  34,4	  35,2	  33,7	   7,2
s	    93,8320	 6	195,57	 81,44	  17,4	  28,4	  32,5	  33,0	  34,4	  35,2	  33,7	   7,1
s	    93,8941	 6	197,20	 77,24	  17,1	  27,9	  31,9	  32,1	  33,5	  35,2	  33,7	   7,1
s	    93,9727	 3	 10,16	 93,98	  19,8	  30,0	  33,9	  34,7	  36,1	  36,4	  34,0	   7,4
s	    94,0527	 3	 10,41	 86,10	  19,5	  29,5	  33,3	  33,7	  35,2	  36,4	  34,0	   7,4
s	    94,4166	 3	 12,00	 90,24	  19,0	  29,5	  33,6	  34,4	  35,8	  35,9	  34,0	   7,4
s	    94,6041	 6	196,36	105,20	  17,0	  27,3	  31,1	  31,3	  32,7	  34,5	  32,6	   5,2
s	    94,6043	 6	169,91	106,05	  17,0	  28,0	  31,9	  32,1	  33,5	  35,4	  33,6	   7,0
s	    94,6468	 4	 11,88	 94,01	  18,8	  29,5	  33,5	  34,3	  35,7	  35,9	  33,8	   7,2
s	    94,7090	 7	169,61	106,04	  16,1	  27,5	  31,6	  31,7	  33,1	  34,9	  33,5	   6,9
s	    94,7234	 6	169,82	109,99	  17,5	  28,1	  31,9	  32,0	  33,5	  35,5	  33,4	   6,7
s	    94,7264	 4	 12,13	 86,18	  18,5	  29,0	  32,9	  33,4	  34,8	  35,8	  33,8	   7,2
s	    94,7632	 6	195,35	 73,51	  17,5	  28,0	  31,9	  32,0	  33,4	  35,3	  33,4	   6,7
s	    94,7635	 6	168,88	 74,36	  17,0	  27,9	  31,9	  32,0	  33,4	  35,3	  33,6	   7,0
s	    94,7794	 4	 10,03	 98,02	  17,8	  28,0	  31,9	  32,4	  33,8	  34,8	  32,8	   5,4
s	    94,8589	 4	 10,53	 82,35	  19,0	  29,1	  32,9	  33,4	  34,8	  36,0	  33,6	   6,9
s	    94,8650	 6	195,90	101,01	  18,1	  28,7	  32,7	  33,2	  34,6	  35,5	  33,6	   6,9
s	    94,8680	 7	168,58	 74,38	  16,1	  27,5	  31,5	  31,7	  33,1	  34,9	  33,5	   6,8
s	    95,0194	 7	196,18	100,98	  17,1	  28,3	  32,4	  32,9	  34,2	  35,1	  33,5	   6,8
s	    95,1205	 6	168,51	 70,16	  16,0	  26,5	  30,2	  30,1	  31,5	  34,3	  32,5	   5,1
s	    95,2572	 7	195,44	 77,44	  16,0	  27,3	  31,5	  31,7	  33,0	  34,6	  33,4	   6,7
s	    95,3932	 7	168,01	109,93	  16,8	  27,8	  31,8	  31,9	  33,3	  35,2	  33,4	   6,7
s	    95,4488	 5	 11,75	 98,03	  17,5	  28,4	  32,5	  33,0	  34,4	  35,3	  33,6	   6,9
s	    95,5278	 5	 12,25	 82,45	  18,2	  28,9	  32,8	  33,2	  34,6	  35,7	  33,6	   6,9
s	    95,5732	 7	198,08	105,01	  16,7	  27,7	  31,7	  31,9	  33,2	  35,0	  33,4	   6,7
s	    95,8915	 7	197,08	 73,32	  17,8	  28,5	  32,6	  33,0	  34,3	  35,2	  33,4	   6,6
s	    95,9178	 3	344,93	 89,38	  19,7	  29,7	  33,7	  34,5	  35,9	  36,0	  33,8	   7,1
s	    95,9892	 7	166,70	 70,07	  16,7	  27,7	  31,7	  31,9	  33,2	  35,0	  33,4	   6,6
s	    96,0346	 3	 10,08	 90,18	  18,9	  29,4	  33,5	  34,3	  35,7	  35,8	  33,8	   7,0
s	    96,0358	 5	  9,91	101,72	  18,0	  28,6	  32,5	  33,0	  34,4	  35,5	  33,3	   6,6
s	    96,1380	 4	 10,36	 90,19	  17,9	  28,9	  33,2	  34,0	  35,3	  35,3	  33,7	   6,9
s	    96,1450	 4	344,81	 93,10	  19,4	  29,6	  33,7	  34,4	  35,8	  35,9	  33,7	   6,9
s	    96,2616	 4	  9,96	 93,90	  18,7	  29,4	  33,4	  34,2	  35,5	  35,7	  33,7	   6,9
s	    96,2715	 5	 10,66	 78,38	  17,1	  27,4	  31,1	  31,2	  32,7	  34,6	  32,5	   5,0
s	    96,3401	 4	 10,21	 86,18	  18,4	  28,8	  32,8	  33,3	  34,7	  35,7	  33,7	   6,9
s	    96,3648	 5	 10,24	 93,90	  17,7	  28,9	  33,1	  33,9	  35,2	  35,2	  33,5	   6,7
s	    96,4432	 5	 10,49	 86,19	  17,4	  28,4	  32,4	  32,9	  34,3	  35,2	  33,5	   6,7
s	    96,6980	 6	 11,63	101,70	  17,2	  28,3	  32,4	  32,8	  34,2	  35,2	  33,4	   6,6
s	    96,7649	 7	196,03	104,91	  16,7	  27,6	  31,6	  31,8	  33,2	  34,9	  33,3	   6,4
s	    96,8760	 4	343,28	 89,33	  18,6	  29,2	  33,3	  34,2	  35,5	  35,4	  33,6	   6,8
s	    96,8818	 7	196,48	108,76	  17,2	  27,8	  31,7	  31,8	  33,2	  35,1	  33,0	   6,2
s	    96,8821	 7	170,04	109,61	  16,7	  27,7	  31,7	  31,8	  33,2	  35,1	  33,3	   6,4
s	    96,9168	 8	196,31	104,89	  15,7	  27,1	  31,3	  31,5	  32,8	  34,4	  33,2	   6,3
s	    96,9211	 7	195,04	 73,82	  16,6	  27,6	  31,6	  31,8	  33,1	  34,9	  33,3	   6,4
s	    96,9324	 6	 12,37	 78,51	  16,9	  27,8	  31,7	  31,9	  33,3	  35,2	  33,4	   6,5
s	    96,9367	 5	344,68	 97,07	  17,4	  27,7	  31,7	  32,1	  33,5	  34,4	  32,5	   4,8
s	    96,9847	 8	169,74	109,60	  15,7	  27,3	  31,3	  31,5	  32,8	  34,7	  33,1	   6,3
s	    97,0526	 5	  9,83	 97,87	  17,4	  28,3	  32,4	  32,9	  34,2	  35,2	  33,5	   6,6
s	    97,0728	 8	195,32	 73,83	  15,7	  27,1	  31,3	  31,5	  32,8	  34,4	  33,1	   6,3
s	    97,1014	 5	343,16	 93,02	  18,4	  29,1	  33,3	  34,0	  35,4	  35,4	  33,5	   6,6
s	    97,1305	 5	 10,32	 82,50	  18,1	  28,7	  32,7	  33,1	  34,5	  35,6	  33,5	   6,6
s	    97,1551	 6	 10,12	 97,87	  16,4	  27,9	  32,1	  32,6	  33,9	  34,7	  33,3	   6,5
s	    97,2329	 6	 10,61	 82,51	  17,1	  28,3	  32,3	  32,8	  34,1	  35,1	  33,3	   6,5
s	    97,2716	 7	195,22	 69,69	  15,6	  26,2	  30,0	  29,8	  31,2	  33,8	  32,2	   4,6
s	    97,2718	 7	168,75	 70,54	  15,6	  26,8	  30,7	  30,6	  32,0	  34,7	  33,2	   6,3
s	    97,3741	 8	168,45	 70,57	  14,6	  26,3	  30,4	  30,3	  31,6	  34,2	  33,1	   6,2
s	    97,7160	 7	169,96	113,71	  15,6	  26,3	  30,0	  29,8	  31,2	  34,0	  32,1	   4,5
s	    97,8323	 8	198,19	108,55	  16,4	  27,5	  31,5	  31,6	  33,0	  34,8	  33,0	   6,1
s	    97,8868	 6	343,04	 96,96	  17,1	  28,1	  32,2	  32,7	  34,0	  34,9	  33,3	   6,3
s	    97,9169	 6	  9,78	105,59	  16,1	  26,8	  30,7	  30,8	  32,2	  34,0	  32,2	   4,5
s	    97,9484	 7	168,38	 66,72	  16,1	  26,9	  30,7	  30,5	  32,0	  34,8	  32,9	   6,0
s	    98,0716	 6	 10,78	 74,80	  17,3	  27,9	  31,7	  31,8	  33,2	  35,2	  33,0	   6,1
s	    98,1691	 4	345,22	 89,39	  18,5	  29,1	  33,2	  34,1	  35,4	  35,3	  33,5	   6,5
s	    98,1703	 6	344,57	100,70	  17,6	  28,2	  32,3	  32,7	  34,1	  35,0	  33,0	   6,0
s	    98,2849	 6	  9,71	101,49	  17,1	  28,2	  32,3	  32,7	  34,1	  35,0	  33,2	   6,3
s	    98,3192	 5	344,95	 89,38	  17,6	  28,6	  32,9	  33,7	  35,0	  34,9	  33,3	   6,4
s	    98,3863	 7	 10,00	101,49	  16,1	  27,7	  31,9	  32,4	  33,7	  34,6	  33,1	   6,1
s	    98,3920	 5	345,10	 93,04	  18,3	  29,0	  33,2	  34,0	  35,3	  35,3	  33,3	   6,3
s	    98,5162	 6	 10,45	 78,61	  16,8	  27,7	  31,6	  31,8	  33,2	  35,0	  33,2	   6,2
s	    98,5418	 6	344,83	 93,03	  17,3	  28,5	  32,8	  33,6	  34,9	  34,8	  33,2	   6,2
s	    98,6000	 8	168,16	113,89	  16,3	  27,4	  31,4	  31,6	  32,9	  34,7	  33,0	   6,0
s	    98,6000	 8	166,59	 66,92	  15,3	  26,6	  30,6	  30,4	  31,8	  34,5	  33,0	   6,0
s	    98,6174	 7	 10,73	 78,63	  15,8	  27,2	  31,3	  31,4	  32,8	  34,6	  33,1	   6,1
s	    98,7225	 7	 11,49	105,82	  16,8	  28,0	  32,1	  32,6	  33,9	  34,7	  33,1	   6,1
s	    98,7225	 7	 12,49	 74,94	  16,5	  27,6	  31,5	  31,7	  33,0	  35,0	  33,1	   6,1
s	    99,0015	 8	196,15	108,42	  16,3	  27,4	  31,4	  31,5	  32,9	  34,7	  32,9	   5,9
s	    99,1105	 7	342,93	100,56	  16,8	  28,0	  32,1	  32,6	  33,9	  34,7	  33,0	   6,0
s	    99,1689	 6	344,98	 96,94	  17,0	  28,0	  32,1	  32,6	  33,9	  34,7	  33,1	   6,1
s	    99,3178	 7	344,71	 96,92	  16,0	  27,5	  31,8	  32,3	  33,6	  34,3	  33,0	   5,9
s	    99,3843	 8	194,91	 70,07	  15,2	  26,4	  30,5	  30,4	  31,7	  34,2	  32,9	   5,8
s	    99,5463	 7	  9,69	108,21	  14,2	  25,8	  30,8	  31,2	  32,7	  34,5	  32,7	   5,7
s	    99,8207	 8	196,61	112,43	  15,2	  25,9	  29,7	  29,5	  30,9	  33,6	  31,8	   3,9
s	    99,8210	 8	170,17	113,27	  15,2	  26,6	  30,5	  30,3	  31,7	  34,4	  32,8	   5,7
s	   100,0180	 7	344,44	104,50	  15,7	  26,5	  30,4	  30,5	  31,9	  33,6	  31,9	   4,0
s	   100,0490	 8	195,10	 66,31	  15,7	  26,6	  30,5	  30,3	  31,7	  34,4	  32,6	   5,5
s	   100,0493	 8	168,62	 67,15	  15,2	  26,5	  30,5	  30,3	  31,7	  34,4	  32,8	   5,7
s	   100,1309	 7	  9,59	105,29	  15,7	  27,1	  31,2	  31,3	  32,7	  34,4	  32,9	   5,8
s	   100,1892	 8	 11,41	108,17	  13,4	  25,5	  30,7	  31,1	  32,5	  34,3	  32,8	   5,7
s	   100,2308	 8	  9,87	105,29	  14,7	  26,6	  30,8	  31,0	  32,3	  34,0	  32,8	   5,7
s	   100,2828	 7	 10,57	 75,09	  16,4	  27,5	  31,4	  31,5	  32,9	  34,8	  32,9	   5,8
s	   100,3797	 7	344,87	100,50	  16,7	  27,9	  32,0	  32,5	  33,8	  34,6	  32,9	   5,7
s	   100,3825	 8	 10,85	 75,11	  15,4	  27,0	  31,1	  31,2	  32,6	  34,4	  32,8	   5,6
s	   100,5114	 7	 10,91	 71,08	  15,4	  26,0	  29,8	  29,6	  31,0	  33,8	  31,8	   3,9
s	   100,5270	 8	344,60	100,48	  15,7	  27,4	  31,7	  32,1	  33,4	  34,1	  32,8	   5,6
s	   100,9202	 8	170,09	116,99	  15,6	  26,7	  30,4	  30,2	  31,7	  34,5	  32,5	   5,3
s	   100,9440	 8	342,80	104,34	  15,4	  26,8	  31,0	  31,2	  32,5	  34,1	  32,7	   5,5
s	   101,3416	 8	 12,63	 70,98	  16,1	  27,2	  31,2	  31,4	  32,7	  34,5	  32,7	   5,4
s	   101,4474	 8	168,24	 63,21	  14,0	  25,0	  28,7	  28,2	  29,7	  33,3	  31,6	   3,6
s	   101,7308	 8	  9,50	107,88	  13,3	  25,4	  30,6	  31,0	  32,4	  34,1	  32,6	   5,4
s	   102,1942	 8	344,75	104,24	  15,3	  26,8	  30,9	  31,1	  32,4	  34,0	  32,6	   5,3
s	   102,1953	 8	344,33	107,92	  15,8	  26,9	  31,0	  31,1	  32,4	  34,2	  32,3	   5,0
s	   102,2977	 8	  9,56	111,84	  12,3	  24,0	  28,9	  29,0	  30,4	  33,1	  31,5	   3,5
s	   102,6788	 8	 10,70	 71,43	  15,0	  26,3	  30,3	  30,1	  31,5	  34,2	  32,5	   5,2
s	   103,2161	 8	 11,03	 67,77	  15,5	  26,5	  30,3	  30,1	  31,5	  34,3	  32,2	   4,8
s	   108,7328	 6	 88,19	 88,10	  16,3	  27,0	  31,0	  31,4	  32,8	  33,6	  31,1	   2,4
s	   111,6162	 4	143,78	 90,97	  17,6	  28,1	  32,3	  33,1	  34,4	  34,3	  32,0	   3,9
s	   111,8164	 5	143,87	 94,25	  17,4	  28,1	  32,2	  33,0	  34,3	  34,2	  31,9	   3,7
s	   111,8857	 5	143,69	 87,43	  16,3	  27,1	  31,3	  31,8	  33,1	  33,8	  31,9	   3,7
s	   112,2191	 7	 88,24	 88,20	  15,9	  27,0	  31,2	  31,6	  32,9	  33,7	  31,6	   3,4
s	   112,5149	 6	143,96	 97,76	  16,1	  27,1	  31,2	  31,7	  33,0	  33,7	  31,7	   3,5
s	   112,6552	 6	143,60	 83,93	  17,1	  27,8	  32,1	  32,9	  34,1	  33,9	  31,7	   3,5
s	   113,6052	 7	144,05	100,97	  15,8	  26,9	  31,1	  31,5	  32,8	  33,6	  31,5	   3,2
s	   113,8101	 7	143,51	 80,72	  14,7	  26,0	  30,2	  30,4	  31,6	  33,1	  31,5	   3,1
s	   114,3455	 4	 89,26	 91,72	  17,9	  28,3	  32,2	  32,9	  34,3	  34,5	  31,5	   3,1
s	   114,3951	 4	 33,56	 90,90	  16,7	  27,2	  31,4	  32,2	  33,4	  33,3	  30,7	   1,6
s	   114,4540	 5	 89,26	 94,15	  15,7	  26,7	  31,7	  32,7	  34,1	  34,3	  31,4	   3,0
s	   114,5912	 5	 33,47	 94,11	  16,4	  27,2	  31,3	  32,1	  33,3	  33,2	  30,6	   1,4
s	   114,6095	 5	 89,26	 88,26	  16,7	  27,3	  31,2	  31,6	  33,0	  34,0	  31,4	   3,0
s	   114,6591	 5	 33,65	 87,44	  16,1	  26,6	  30,6	  31,1	  32,4	  33,2	  30,6	   1,4
s	   115,2430	 8	144,14	104,36	  14,4	  25,9	  30,0	  30,2	  31,5	  33,0	  31,2	   2,8
s	   115,2755	 6	 33,38	 97,55	  15,1	  26,0	  30,1	  30,5	  31,8	  32,5	  30,4	   1,2
s	   115,5015	 4	218,39	 88,73	  18,3	  27,8	  31,7	  32,6	  33,8	  33,7	  30,5	   1,3
s	   115,6961	 5	218,47	 91,92	  18,0	  27,8	  31,7	  32,5	  33,7	  33,6	  30,4	   1,1
s	   115,7633	 5	218,30	 85,30	  16,1	  26,4	  30,5	  31,1	  32,3	  32,9	  30,5	   1,2
s	   116,1789	 7	 89,26	 82,45	  12,6	  24,0	  28,9	  29,3	  30,7	  32,5	  30,2	   0,9
s	   116,3428	 5	 33,02	 90,88	  16,3	  27,4	  31,7	  32,5	  33,7	  33,4	  31,4	   2,9
s	   116,3438	 7	 33,29	100,70	  15,4	  26,5	  30,7	  31,1	  32,4	  33,1	  31,0	   2,4
s	   116,3586	 5	 34,78	 90,93	  16,3	  27,4	  31,7	  32,5	  33,7	  33,4	  31,4	   2,9
s	   116,3748	 6	218,56	 95,33	  16,7	  26,6	  30,5	  30,9	  32,1	  32,8	  30,2	   0,9
s	   116,5361	 6	 32,93	 94,05	  16,1	  27,3	  31,6	  32,4	  33,6	  33,4	  31,3	   2,7
s	   116,5445	 7	 33,83	 80,86	  14,6	  25,3	  29,3	  29,4	  30,7	  32,3	  30,2	   0,8
s	   116,5520	 6	 34,69	 94,10	  16,1	  27,3	  31,6	  32,4	  33,6	  33,4	  31,3	   2,7
s	   116,6030	 6	 33,11	 87,48	  15,8	  26,8	  30,9	  31,4	  32,7	  33,4	  31,3	   2,7
s	   116,6188	 6	 34,87	 87,52	  15,8	  26,8	  30,9	  31,4	  32,7	  33,4	  31,3	   2,7
s	   116,6611	 6	 33,22	 90,89	  15,3	  26,9	  31,3	  32,1	  33,3	  33,0	  31,3	   2,7
s	   116,8540	 7	 33,14	 94,05	  15,1	  26,8	  31,3	  32,0	  33,2	  32,9	  31,2	   2,6
s	   116,9207	 7	 33,31	 87,49	  14,8	  26,3	  30,6	  31,1	  32,3	  32,9	  31,2	   2,5
s	   117,2107	 7	 32,84	 97,44	  14,8	  26,3	  30,6	  31,1	  32,3	  32,9	  31,1	   2,5
s	   117,2264	 7	 34,60	 97,49	  14,8	  26,3	  30,6	  31,1	  32,3	  32,9	  31,1	   2,5
s	   117,3461	 8	 89,26	 79,87	  11,8	  23,8	  30,0	  30,9	  32,3	  33,2	  30,8	   2,1
s	   117,3619	 7	 34,96	 84,14	  16,6	  27,5	  31,7	  32,5	  33,7	  33,5	  31,1	   2,5
s	   117,4345	 7	218,64	 98,45	  17,0	  27,2	  31,1	  31,5	  32,7	  33,5	  30,8	   2,1
s	   117,4928	 8	 89,25	104,11	  12,3	  23,9	  28,8	  29,1	  30,5	  32,3	  30,0	   0,5
s	   117,5270	 8	 33,04	 97,43	  13,8	  25,8	  30,3	  30,7	  31,9	  32,4	  31,0	   2,3
s	   117,7001	 5	219,53	 88,70	  17,9	  28,0	  32,0	  32,8	  34,0	  33,8	  31,2	   2,6
s	   117,8404	 5	 89,28	 91,73	  17,0	  27,8	  31,9	  32,6	  33,9	  34,0	  31,3	   2,6
s	   117,8915	 6	219,60	 91,84	  17,7	  27,9	  32,0	  32,7	  33,9	  33,8	  31,1	   2,4
s	   117,9462	 6	 89,27	 94,09	  14,7	  26,3	  31,4	  32,4	  33,7	  33,8	  31,2	   2,5
s	   117,9491	 8	 33,20	104,03	  13,5	  24,8	  28,9	  29,0	  30,3	  31,8	  29,9	   0,5
s	   117,9577	 6	219,44	 85,33	  15,7	  26,6	  30,8	  31,3	  32,6	  33,1	  31,2	   2,5
s	   118,0815	 8	 33,91	 77,78	  14,7	  25,9	  29,9	  30,0	  31,3	  33,0	  30,7	   2,0
s	   118,0978	 6	 89,28	 88,35	  15,7	  26,8	  30,9	  31,3	  32,6	  33,5	  31,2	   2,4
s	   118,1238	 7	 88,67	 88,35	  15,5	  26,7	  30,8	  31,2	  32,5	  33,2	  31,1	   2,3
s	   118,2640	 8	 32,75	100,55	  14,5	  26,2	  30,5	  30,9	  32,1	  32,8	  30,9	   2,2
s	   118,2797	 8	 34,52	100,60	  14,5	  26,2	  30,5	  30,9	  32,1	  32,8	  30,9	   2,2
s	   118,3338	 7	217,66	 82,24	  15,5	  26,6	  30,8	  31,2	  32,5	  33,2	  31,0	   2,3
s	   118,3553	 6	271,68	 88,03	  16,7	  27,1	  31,2	  32,0	  33,2	  33,1	  30,1	   0,6
s	   118,4607	 7	271,68	 90,39	  13,7	  25,2	  30,5	  31,5	  32,8	  32,5	  30,0	   0,5
s	   118,4621	 8	 33,29	 80,99	  14,2	  25,7	  29,8	  30,0	  31,2	  32,7	  30,9	   2,1
s	   118,4777	 8	 35,04	 81,04	  14,2	  25,7	  29,8	  30,0	  31,2	  32,7	  30,9	   2,1
s	   118,5595	 7	219,69	 95,20	  16,4	  26,9	  31,0	  31,4	  32,6	  33,3	  30,9	   2,2
s	   118,6896	 8	217,85	 82,25	  14,5	  26,2	  30,5	  30,9	  32,1	  32,7	  30,9	   2,1
s	   119,5097	 8	217,57	 78,92	  14,1	  25,6	  29,8	  29,9	  31,2	  32,7	  30,8	   2,0
s	   119,6027	 8	219,76	 98,28	  16,1	  26,8	  30,9	  31,3	  32,5	  33,1	  30,7	   1,9
s	   119,6281	 8	 89,28	 82,68	  12,1	  24,2	  29,4	  29,8	  31,1	  32,8	  30,8	   1,9
s	   121,6342	 7	271,65	 84,75	  15,3	  26,1	  30,1	  30,5	  31,8	  32,6	  29,7	  -0,1
s	   121,8491	 7	271,64	 88,04	  16,3	  27,2	  31,5	  32,2	  33,4	  33,2	  30,7	   1,6
s	   121,9518	 8	271,64	 90,33	  13,3	  25,3	  30,7	  31,7	  32,9	  32,6	  30,6	   1,5
s	   122,0308	 8	271,64	 93,62	  12,3	  24,1	  29,4	  30,0	  31,3	  32,0	  29,5	  -0,3
s	   122,2037	 6	322,20	 85,47	  14,7	  25,7	  29,9	  30,3	  31,6	  32,2	  29,7	  -0,1
s	   122,7477	 4	170,40	 90,19	  16,1	  27,1	  31,3	  32,2	  33,4	  33,3	  30,9	   1,8
s	   122,8516	 7	322,27	 82,45	  15,9	  26,5	  30,5	  30,9	  32,2	  32,9	  30,3	   1,1
s	   122,9324	 5	170,50	 93,22	  15,9	  27,1	  31,3	  32,1	  33,3	  33,2	  30,8	   1,6
s	   122,9963	 5	170,30	 86,93	  14,9	  26,2	  30,4	  30,9	  32,1	  32,8	  30,8	   1,6
s	   123,5770	 6	170,60	 96,46	  14,6	  26,1	  30,3	  30,8	  32,0	  32,7	  30,6	   1,4
s	   123,9907	 8	322,36	 79,23	  14,1	  24,8	  28,7	  28,8	  30,0	  31,6	  29,3	  -0,7
s	   124,0461	 7	322,76	 85,53	  14,4	  25,9	  30,2	  30,6	  31,9	  32,4	  30,5	   1,2
s	   124,1274	 6	321,02	 88,72	  16,5	  27,3	  31,4	  32,1	  33,3	  33,1	  30,5	   1,2
s	   124,3103	 7	320,94	 91,72	  16,3	  27,2	  31,3	  32,0	  33,2	  33,1	  30,4	   1,1
s	   124,3736	 7	321,10	 85,50	  14,4	  25,9	  30,1	  30,6	  31,8	  32,4	  30,4	   1,2
s	   124,3996	 8	322,58	 85,53	  13,4	  25,4	  29,8	  30,3	  31,5	  31,9	  30,3	   1,0
s	   124,5842	 7	170,70	 99,43	  14,3	  26,0	  30,2	  30,6	  31,9	  32,6	  30,4	   1,1
s	   124,6858	 8	322,84	 82,55	  15,0	  26,2	  30,3	  30,7	  31,9	  32,6	  30,2	   0,9
s	   124,7736	 7	170,10	 80,73	  13,3	  25,0	  29,2	  29,4	  30,7	  32,2	  30,4	   1,1
s	   124,9488	 8	320,86	 94,93	  15,0	  26,2	  30,3	  30,7	  31,9	  32,6	  30,2	   0,9
s	   125,0118	 8	321,18	 82,52	  15,0	  26,2	  30,3	  30,7	  31,9	  32,6	  30,2	   0,9
s	   125,1220	 8	271,61	 84,83	  14,8	  26,2	  30,3	  30,7	  32,0	  32,7	  30,3	   0,9
s	   126,2243	 8	170,81	102,80	  14,0	  25,7	  30,0	  30,4	  31,6	  32,2	  30,2	   0,7
s	   126,2243	 8	170,00	 77,81	  13,0	  24,9	  29,1	  29,3	  30,5	  32,0	  30,2	   0,7
s	   127,2768	 5	270,68	 88,04	  16,9	  27,4	  31,3	  32,0	  33,3	  33,5	  30,2	   0,6
s	   127,3758	 6	270,68	 90,25	  14,7	  25,9	  30,9	  31,8	  33,2	  33,3	  30,0	   0,5
s	   127,5178	 6	270,68	 84,88	  15,6	  26,4	  30,4	  30,7	  32,1	  33,0	  30,0	   0,5
s	   127,8987	 7	270,68	 93,40	  13,4	  24,9	  29,9	  30,5	  31,9	  32,8	  29,9	   0,3
s	   128,4947	 5	  9,23	 90,18	  14,8	  26,3	  30,7	  31,5	  32,7	  32,4	  30,3	   0,6
s	   128,5295	 8	270,68	 95,59	  11,1	  23,3	  29,4	  30,2	  31,7	  32,6	  29,7	   0,0
s	   128,6723	 6	  9,13	 93,09	  14,6	  26,3	  30,6	  31,4	  32,6	  32,3	  30,1	   0,5
s	   128,7337	 6	  9,33	 87,05	  13,6	  25,4	  29,7	  30,2	  31,4	  31,9	  30,1	   0,5
s	   129,2922	 7	  9,03	 96,21	  13,3	  25,3	  29,6	  30,1	  31,3	  31,8	  30,0	   0,3
s	   130,2611	 8	  8,94	 99,07	  13,0	  25,2	  29,5	  30,0	  31,2	  31,7	  29,8	  -0,0
s	   130,4434	 8	  9,52	 81,08	  12,7	  24,7	  28,9	  29,0	  30,3	  31,7	  29,8	  -0,1
s	   130,5518	 7	345,97	 86,34	  14,0	  25,5	  29,8	  30,3	  31,5	  31,9	  29,9	   0,0
s	   130,7718	 6	270,66	 88,04	  16,0	  27,0	  31,1	  31,7	  33,0	  33,0	  29,9	   0,1
s	   130,8685	 7	270,66	 90,20	  13,7	  25,4	  30,6	  31,5	  32,8	  32,9	  29,8	  -0,0
s	   130,9487	 8	257,71	 85,00	  15,0	  26,0	  30,0	  30,4	  31,7	  32,5	  28,7	  -1,9
s	   131,0072	 7	270,66	 84,96	  14,7	  26,0	  30,1	  30,5	  31,7	  32,6	  29,8	  -0,1
s	   131,1288	 7	266,01	 88,05	  15,7	  26,8	  30,9	  31,6	  32,9	  32,7	  29,8	  -0,1
s	   131,1641	 8	346,06	 83,49	  14,5	  25,8	  30,0	  30,4	  31,6	  32,3	  29,7	  -0,2
s	   131,3033	 8	266,02	 90,91	  15,5	  26,7	  30,9	  31,5	  32,8	  32,7	  29,7	  -0,2
s	   131,3794	 8	270,66	 93,28	  12,5	  24,4	  29,6	  30,2	  31,5	  32,4	  29,7	  -0,2
s	   135,7620	 8	324,39	 88,82	  13,8	  25,5	  30,0	  30,8	  31,9	  31,3	  29,3	  -1,0
s	   147,0957	 6	129,50	 91,33	  14,3	  25,4	  29,8	  30,6	  31,7	  31,1	  28,5	  -2,8
s	   147,2536	 7	129,55	 93,91	  14,1	  25,4	  29,7	  30,5	  31,6	  31,1	  28,3	  -3,0
s	   147,3082	 7	129,44	 88,54	  13,1	  24,4	  28,8	  29,3	  30,4	  30,6	  28,3	  -3,0
s	   147,4667	 7	129,65	 91,32	  13,3	  24,9	  29,5	  30,2	  31,3	  30,6	  28,3	  -3,0
s	   147,6243	 8	129,70	 93,91	  13,1	  24,9	  29,4	  30,1	  31,2	  30,6	  28,2	  -3,2
s	   147,6788	 8	129,59	 88,54	  12,1	  24,0	  28,5	  29,0	  30,1	  30,2	  28,2	  -3,2
s	   147,8051	 8	129,61	 96,69	  12,8	  24,4	  28,7	  29,2	  30,3	  30,6	  28,2	  -3,2
s	   147,8595	 8	129,39	 85,97	  12,8	  24,4	  28,7	  29,2	  30,3	  30,6	  28,2	  -3,2
s	   148,1417	 6	130,23	 91,31	  15,2	  25,8	  30,0	  30,7	  31,8	  31,3	  28,3	  -3,1
s	   148,2986	 7	130,29	 93,88	  15,0	  25,7	  29,9	  30,7	  31,7	  31,3	  28,2	  -3,2
s	   148,3529	 7	130,18	 88,54	  13,0	  24,4	  28,8	  29,3	  30,4	  30,6	  28,2	  -3,2
s	   148,8467	 8	130,35	 96,64	  13,7	  24,7	  28,9	  29,4	  30,4	  30,8	  28,0	  -3,4
s	   148,9008	 8	130,12	 85,98	  13,7	  24,7	  28,9	  29,4	  30,4	  30,8	  28,0	  -3,4
s	   157,5235	 8	232,94	 83,36	  13,3	  24,0	  28,0	  28,4	  29,5	  29,9	  26,3	  -6,7
s	   157,9993	 7	309,04	 88,47	  13,7	  24,4	  28,6	  29,4	  30,4	  29,7	  26,3	  -6,7
s	   158,1475	 8	308,99	 90,90	  13,5	  24,3	  28,6	  29,3	  30,3	  29,7	  26,2	  -6,9
s	   158,1988	 8	309,09	 85,86	  11,6	  23,0	  27,4	  27,9	  29,0	  29,0	  26,3	  -6,8
s	   159,4756	 8	309,62	 88,48	  13,4	  24,6	  29,0	  29,8	  30,7	  29,9	  27,1	  -5,3
s	   162,6137	 7	 88,72	 91,76	  12,6	  23,9	  28,2	  28,9	  30,0	  29,4	  26,0	  -7,4
s	   162,6936	 8	 88,72	 93,54	  10,4	  22,3	  27,8	  28,7	  29,9	  29,2	  25,9	  -7,6
s	   166,1081	 8	 88,75	 91,76	  12,2	  24,0	  28,5	  29,2	  30,3	  29,5	  26,6	  -6,4
s	   168,8589	 8	 88,77	 89,29	  11,6	  23,4	  27,5	  27,9	  29,1	  29,5	  26,2	  -7,1
s	   171,5473	 6	 89,48	 91,76	  13,7	  24,7	  28,7	  29,3	  30,6	  30,3	  26,2	  -7,3
s	   171,6235	 7	 89,48	 93,46	  11,4	  23,1	  28,2	  29,1	  30,4	  30,1	  26,0	  -7,4
s	   171,7328	 7	 89,48	 89,33	  12,4	  23,7	  27,7	  28,1	  29,3	  29,8	  26,0	  -7,5
s	   172,0262	 8	 89,48	 95,89	  10,2	  22,1	  27,3	  27,9	  29,1	  29,7	  25,9	  -7,6
s	   172,0682	 8	 89,48	 87,63	  10,2	  22,1	  27,3	  27,8	  29,1	  29,7	  25,9	  -7,6
s	   175,0424	 7	 89,49	 91,76	  12,8	  24,3	  28,5	  29,1	  30,3	  29,9	  26,0	  -7,8
s	   175,1172	 8	 89,49	 93,43	  10,5	  22,7	  28,0	  28,9	  30,1	  29,7	  25,9	  -7,9
s	   175,2246	 8	 89,49	 89,37	  11,5	  23,3	  27,5	  27,8	  29,0	  29,4	  25,9	  -7,9
s	   175,5431	 8	271,19	 88,07	  12,5	  23,6	  27,8	  28,5	  29,6	  29,0	  24,8	  -9,8
s	   184,4792	 7	270,49	 88,07	  12,9	  24,1	  28,1	  28,7	  29,9	  29,6	  25,0	  -9,6
s	   184,6530	 8	270,49	 85,79	  11,6	  23,1	  27,1	  27,4	  28,6	  29,1	  24,9	  -9,8
s	   187,3500	 4	174,43	 92,19	  12,4	  23,2	  28,2	  29,1	  30,4	  30,1	  25,4	  -9,5
s	   187,9743	 8	270,48	 88,07	  12,0	  23,7	  27,9	  28,4	  29,6	  29,2	  24,9	 -10,1
s	   188,5540	 5	188,40	 91,73	  12,1	  23,0	  28,0	  29,0	  30,2	  29,7	  25,2	  -9,8
s	   188,6247	 6	174,16	 83,55	   9,1	  20,3	  25,2	  25,6	  26,8	  28,1	  24,0	 -11,7
s	   188,7085	 7	120,63	 91,51	  11,4	  22,6	  27,0	  27,7	  28,8	  27,7	  23,9	 -11,9
s	   188,8350	 8	120,67	 93,58	  11,2	  22,5	  26,9	  27,7	  28,7	  27,7	  23,8	 -12,0
s	   189,6676	 5	174,50	 92,16	  11,3	  22,7	  27,8	  28,7	  29,9	  29,5	  25,1	 -10,0
s	   190,8043	 8	174,71	100,74	   9,1	  20,8	  25,8	  26,1	  27,4	  28,7	  24,4	 -10,8
s	   190,8585	 6	188,31	 91,71	  11,1	  22,4	  27,6	  28,6	  29,8	  29,2	  24,9	 -10,3
s	   190,9283	 7	174,22	 83,62	   8,8	  20,7	  25,8	  26,2	  27,4	  28,5	  24,8	 -10,5
s	   190,9427	 7	188,46	 91,70	  10,1	  22,0	  27,3	  28,3	  29,4	  28,7	  24,8	 -10,5
s	   191,7238	 8	120,15	 91,52	  11,1	  22,7	  27,3	  28,0	  29,0	  27,9	  24,6	 -10,7
s	   193,1445	 5	  5,41	 92,13	  11,2	  22,5	  27,6	  28,6	  29,8	  29,3	  24,8	 -10,6
s	   194,2113	 8	 58,42	 91,50	  10,2	  21,9	  26,4	  27,2	  28,1	  27,0	  23,4	 -12,9
s	   194,3161	 6	351,83	 91,68	  10,9	  22,3	  27,5	  28,4	  29,6	  29,0	  24,6	 -10,9
s	   194,3848	 7	  5,69	 83,72	   8,6	  20,0	  24,9	  25,2	  26,5	  27,7	  23,5	 -12,8
s	   195,4628	 6	  5,36	 92,11	  10,1	  22,0	  27,2	  28,2	  29,3	  28,8	  24,5	 -11,1
s	   196,6219	 7	351,92	 91,66	   9,9	  21,7	  27,1	  28,0	  29,1	  28,4	  24,3	 -11,4
s	   196,6899	 8	  5,62	 83,79	   8,3	  20,4	  25,5	  25,8	  27,1	  28,2	  24,2	 -11,5
s	   196,7039	 8	351,76	 91,66	   8,9	  21,3	  26,8	  27,7	  28,8	  28,0	  24,2	 -11,5
s	   197,6600	 3	174,64	 90,10	  13,4	  23,9	  27,9	  28,7	  29,9	  29,3	  24,7	 -11,1
s	   197,7271	 4	174,69	 91,59	  11,2	  22,4	  27,5	  28,5	  29,7	  29,1	  24,6	 -11,2
s	   197,8233	 4	174,57	 87,96	  12,2	  22,9	  27,0	  27,4	  28,6	  28,8	  24,6	 -11,3
s	   198,2054	 5	174,77	 94,22	  12,7	  23,3	  27,2	  27,6	  28,8	  29,2	  24,4	 -11,4
s	   198,2473	 5	174,50	 85,97	  12,5	  23,1	  26,9	  27,3	  28,5	  28,9	  24,2	 -11,7
s	   198,7979	 6	174,45	 84,34	   7,9	  19,5	  24,5	  24,9	  26,1	  27,1	  23,2	 -13,4
s	   198,8075	 4	187,93	 89,67	  13,2	  23,7	  27,8	  28,6	  29,7	  29,0	  24,5	 -11,4
s	   198,8702	 6	174,83	 96,19	  11,5	  22,6	  26,6	  27,0	  28,2	  28,5	  24,0	 -11,9
s	   198,8742	 5	187,98	 91,16	  11,0	  22,1	  27,3	  28,3	  29,5	  28,8	  24,4	 -11,5
s	   198,9699	 5	187,87	 87,54	  11,9	  22,7	  26,8	  27,3	  28,4	  28,5	  24,4	 -11,6
s	   199,3500	 6	188,07	 93,77	  12,4	  23,1	  27,0	  27,4	  28,6	  28,9	  24,2	 -11,7
s	   199,3917	 6	187,80	 85,57	  12,2	  22,8	  26,8	  27,2	  28,4	  28,6	  24,0	 -12,0
s	   199,8751	 7	174,90	 98,30	  10,4	  21,3	  25,1	  25,1	  26,3	  27,6	  23,0	 -13,7
s	   199,9395	 7	187,75	 83,94	   7,7	  19,3	  24,4	  24,8	  25,9	  26,8	  23,0	 -13,7
s	   199,9582	 7	174,37	 81,90	  10,2	  21,6	  25,6	  25,7	  26,9	  27,9	  23,8	 -12,2
s	   199,9801	 4	174,69	 90,10	  12,4	  23,4	  27,5	  28,3	  29,4	  28,7	  24,4	 -11,6
s	   200,0113	 7	188,13	 95,73	  11,2	  22,4	  26,5	  26,8	  28,0	  28,1	  23,8	 -12,2
s	   200,0464	 5	174,74	 91,58	  10,2	  21,8	  27,1	  28,1	  29,2	  28,6	  24,3	 -11,7
s	   200,1416	 5	174,63	 87,98	  11,1	  22,4	  26,6	  27,0	  28,1	  28,3	  24,3	 -11,8
s	   200,5198	 6	174,82	 94,17	  11,6	  22,7	  26,8	  27,2	  28,3	  28,6	  24,1	 -11,9
s	   200,5612	 6	174,56	 86,02	  11,6	  22,7	  26,8	  27,1	  28,3	  28,6	  24,1	 -11,9
s	   200,6097	 7	161,14	 92,49	   9,7	  21,6	  26,9	  27,9	  29,0	  28,2	  24,0	 -12,1
s	   200,7548	 8	174,95	 99,76	   7,9	  20,0	  25,1	  25,4	  26,6	  27,7	  23,7	 -12,4
s	   201,0111	 8	188,20	 97,83	  10,1	  21,1	  25,0	  25,0	  26,2	  27,2	  22,8	 -14,0
s	   201,0938	 8	187,67	 81,51	   9,9	  21,3	  25,5	  25,6	  26,7	  27,6	  23,6	 -12,5
s	   201,1061	 7	174,51	 84,39	   7,6	  19,8	  25,1	  25,5	  26,7	  27,6	  24,0	 -12,1
s	   201,1155	 5	187,85	 89,67	  12,1	  23,1	  27,4	  28,1	  29,2	  28,4	  24,2	 -11,9
s	   201,1776	 7	174,89	 96,13	  10,6	  22,3	  26,4	  26,8	  27,9	  28,1	  24,0	 -12,1
s	   201,1815	 6	187,90	 91,15	   9,9	  21,6	  26,9	  27,9	  29,0	  28,2	  24,1	 -12,0
s	   201,2763	 6	187,78	 87,57	  10,9	  22,2	  26,4	  26,9	  28,0	  27,9	  24,1	 -12,1
s	   201,2798	 8	174,30	 79,81	   8,4	  19,9	  23,8	  23,6	  24,8	  26,6	  22,8	 -14,1
s	   201,6524	 7	187,98	 93,73	  11,4	  22,5	  26,6	  27,0	  28,1	  28,3	  23,9	 -12,2
s	   201,6937	 7	187,72	 85,61	  11,4	  22,5	  26,6	  27,0	  28,1	  28,3	  23,9	 -12,2
s	   202,1721	 8	174,96	 98,21	  10,1	  21,7	  25,7	  25,7	  26,9	  28,0	  23,8	 -12,4
s	   202,2358	 8	187,67	 84,00	   7,4	  19,6	  25,0	  25,4	  26,5	  27,3	  23,8	 -12,4
s	   202,2543	 8	174,43	 81,98	   9,4	  21,3	  25,4	  25,5	  26,6	  27,6	  23,8	 -12,4
s	   202,3069	 8	188,04	 95,67	  10,4	  22,0	  26,3	  26,7	  27,7	  27,8	  23,8	 -12,4
s	   202,4901	 8	241,44	 88,30	  10,7	  21,9	  26,4	  27,1	  28,1	  27,0	  22,7	 -14,3
s	   202,9320	 7	202,27	 91,17	  10,4	  21,8	  27,1	  28,0	  29,1	  28,3	  23,8	 -12,4
s	   203,4606	 4	  5,22	 90,09	  12,3	  23,2	  27,4	  28,1	  29,3	  28,6	  24,1	 -12,2
s	   203,6196	 5	  5,29	 88,01	  11,0	  22,3	  26,4	  26,9	  28,0	  28,1	  24,0	 -12,3
s	   203,9919	 6	  5,09	 94,11	  11,5	  22,6	  26,6	  27,0	  28,2	  28,4	  23,9	 -12,5
s	   204,0327	 6	  5,35	 86,08	  12,0	  22,8	  26,7	  27,0	  28,2	  28,6	  23,6	 -12,7
s	   204,5692	 7	  5,40	 84,48	   7,5	  19,2	  24,3	  24,6	  25,8	  26,8	  22,7	 -14,5
s	   204,5785	 5	352,27	 89,68	  12,0	  23,0	  27,3	  28,0	  29,1	  28,2	  23,9	 -12,5
s	   204,6395	 7	  5,03	 96,03	  10,3	  21,9	  26,1	  26,4	  27,5	  27,7	  23,5	 -12,9
s	   204,7368	 6	352,34	 87,60	  10,7	  22,0	  26,3	  26,8	  27,8	  27,8	  23,8	 -12,6
s	   205,0895	 8	202,05	 91,16	   9,3	  21,2	  26,6	  27,6	  28,7	  27,7	  23,6	 -12,9
s	   205,1071	 7	352,14	 93,67	  11,2	  22,4	  26,5	  26,9	  28,0	  28,1	  23,7	 -12,8
s	   205,1477	 7	352,40	 85,68	  11,7	  22,6	  26,5	  26,9	  28,0	  28,3	  23,4	 -13,0
s	   205,6188	 8	  4,97	 98,09	   8,5	  20,2	  24,3	  24,4	  25,5	  26,4	  22,5	 -14,8
s	   205,6816	 8	352,45	 84,09	   7,2	  19,0	  24,1	  24,4	  25,6	  26,5	  22,5	 -14,8
s	   205,6998	 8	  5,48	 82,10	  10,5	  21,7	  25,6	  25,6	  26,8	  28,0	  23,3	 -13,2
s	   205,7516	 8	352,08	 95,59	  10,0	  21,7	  25,9	  26,3	  27,4	  27,4	  23,3	 -13,2
s	   205,7811	 5	  5,17	 90,09	  11,2	  22,7	  27,0	  27,7	  28,8	  28,0	  23,8	 -12,7
s	   205,9386	 6	  5,24	 88,03	   9,9	  21,7	  26,0	  26,5	  27,5	  27,5	  23,7	 -12,8
s	   206,0448	 8	 20,10	 92,48	   8,5	  20,9	  26,4	  27,3	  28,4	  27,5	  23,5	 -13,1
s	   206,3070	 7	  5,04	 94,07	  10,4	  22,1	  26,2	  26,6	  27,7	  27,9	  23,6	 -13,0
s	   206,3474	 7	  5,30	 86,12	  11,2	  22,5	  26,5	  26,8	  28,0	  28,3	  23,6	 -13,0
s	   206,8784	 8	  5,35	 84,54	   7,2	  19,6	  24,8	  25,2	  26,3	  27,3	  23,4	 -13,2
s	   206,8876	 6	352,35	 89,68	  10,9	  22,5	  26,9	  27,6	  28,6	  27,7	  23,7	 -13,0
s	   206,9480	 8	  4,98	 95,97	   9,5	  21,6	  25,9	  26,3	  27,3	  27,4	  23,4	 -13,2
s	   207,0443	 7	352,42	 87,63	   9,7	  21,5	  25,9	  26,3	  27,4	  27,2	  23,5	 -13,1
s	   207,4109	 8	352,22	 93,64	  10,2	  21,8	  26,1	  26,5	  27,5	  27,5	  23,4	 -13,3
s	   207,4511	 8	352,48	 85,73	  10,9	  22,3	  26,4	  26,7	  27,8	  28,0	  23,4	 -13,3
s	   212,5536	 6	201,24	 89,26	  11,5	  22,5	  26,9	  27,6	  28,6	  27,6	  23,2	 -13,9
s	   212,6164	 7	201,28	 90,66	   9,2	  21,0	  26,4	  27,4	  28,4	  27,4	  23,1	 -14,0
s	   212,7065	 7	201,18	 87,26	  10,2	  21,6	  25,9	  26,4	  27,4	  27,1	  23,1	 -14,0
s	   213,0642	 8	201,36	 93,12	  10,7	  21,9	  26,1	  26,5	  27,5	  27,5	  23,0	 -14,2
s	   213,8433	 7	202,04	 89,24	  10,4	  22,0	  26,5	  27,2	  28,2	  27,1	  23,0	 -14,2
s	   213,9057	 8	202,08	 90,63	   8,2	  20,5	  26,0	  27,0	  28,0	  26,9	  22,9	 -14,3
s	   213,9953	 8	201,98	 87,24	   9,2	  21,0	  25,5	  26,0	  26,9	  26,6	  22,9	 -14,3
s	   214,7268	 7	201,04	 89,27	  10,4	  22,0	  26,5	  27,2	  28,2	  27,0	  23,0	 -14,4
s	   214,7890	 8	201,08	 90,66	   8,2	  20,4	  26,0	  27,0	  28,0	  26,9	  22,9	 -14,5
s	   214,8782	 8	200,98	 87,28	   9,2	  21,0	  25,5	  26,0	  26,9	  26,6	  22,8	 -14,5
s	   214,9366	 8	201,17	 89,26	   9,4	  21,5	  26,1	  26,9	  27,8	  26,5	  22,8	 -14,5
s	   217,9921	 7	339,27	 89,28	  10,3	  21,9	  26,3	  27,1	  28,0	  26,9	  22,7	 -14,9
s	   218,1415	 8	339,33	 87,32	   9,0	  20,9	  25,4	  25,8	  26,8	  26,4	  22,6	 -15,0
s	   220,1726	 8	339,46	 89,28	   9,2	  21,3	  25,9	  26,7	  27,6	  26,3	  22,5	 -15,3
s	   221,6178	 8	148,73	 92,68	   7,9	  19,9	  25,3	  26,2	  27,2	  26,2	  21,3	 -17,4
s	   222,1684	 7	174,41	 91,90	   8,1	  20,5	  25,9	  26,8	  27,9	  27,0	  22,4	 -15,6
s	   223,3425	 8	188,02	 91,45	   7,9	  20,3	  25,7	  26,7	  27,7	  26,7	  22,2	 -15,9
s	   224,4864	 8	174,46	 91,88	   7,1	  19,9	  25,5	  26,4	  27,4	  26,4	  22,2	 -16,0
s	   226,2249	 8	  5,50	 91,87	   7,0	  19,9	  25,4	  26,3	  27,3	  26,4	  22,0	 -16,3
s	   228,7508	 8	 89,60	 91,78	  10,2	  21,9	  26,0	  26,6	  27,7	  27,0	  21,6	 -17,0
s	   230,7564	 6	174,55	 90,11	   9,3	  21,3	  25,7	  26,5	  27,4	  26,4	  21,9	 -16,8
s	   230,8982	 7	174,49	 88,25	   8,8	  20,7	  25,0	  25,4	  26,5	  26,3	  21,8	 -17,0
s	   231,2301	 8	174,66	 93,69	   7,8	  20,3	  24,7	  25,1	  26,1	  25,8	  21,7	 -17,1
s	   231,2665	 8	174,43	 86,53	   8,6	  20,7	  25,0	  25,3	  26,4	  26,2	  21,7	 -17,1
s	   232,2945	 8	149,24	 90,88	   9,7	  21,3	  25,7	  26,5	  27,3	  26,0	  21,5	 -17,4
s	   233,4655	 8	162,98	 92,19	   7,5	  19,9	  25,4	  26,3	  27,3	  26,2	  21,5	 -17,5
s	   233,6225	 7	187,64	 89,69	   9,0	  21,0	  25,5	  26,3	  27,2	  26,0	  21,6	 -17,4
s	   233,7627	 8	187,58	 87,85	   8,5	  20,5	  24,8	  25,3	  26,2	  25,9	  21,5	 -17,5
s	   234,0042	 8	149,62	 90,87	   9,7	  21,2	  25,7	  26,4	  27,2	  26,0	  21,4	 -17,6
s	   234,8160	 7	174,63	 90,11	   8,2	  20,7	  25,3	  26,0	  26,9	  25,7	  21,5	 -17,6
s	   234,9556	 8	174,57	 88,28	   7,7	  20,1	  24,6	  25,0	  25,9	  25,7	  21,4	 -17,7
s	   235,9322	 8	187,57	 89,69	   7,9	  20,5	  25,2	  25,9	  26,7	  25,4	  21,3	 -17,9
s	   236,5560	 7	  5,33	 90,11	   8,1	  20,6	  25,2	  25,9	  26,9	  25,6	  21,4	 -17,9
s	   236,6946	 8	  5,39	 88,29	   7,6	  20,1	  24,5	  24,9	  25,9	  25,6	  21,3	 -18,0
s	   237,1879	 8	212,54	 88,94	   8,6	  20,3	  24,8	  25,5	  26,4	  25,0	  20,2	 -19,9
s	   239,3973	 8	352,54	 89,70	   7,8	  20,4	  25,0	  25,8	  26,6	  25,3	  21,1	 -18,4
s	   240,6164	 8	  5,25	 90,11	   7,0	  20,0	  24,8	  25,5	  26,3	  25,0	  21,0	 -18,6
s	   244,4112	 8	162,87	 90,48	   7,7	  20,2	  24,9	  25,6	  26,4	  25,0	  20,8	 -19,2
s	   248,9953	 8	 16,06	 90,45	   7,5	  20,1	  24,7	  25,4	  26,3	  24,8	  20,4	 -19,9
s	   278,1656	 7	165,55	 90,41	   7,6	  19,6	  24,1	  24,8	  25,6	  24,1	  18,6	 -24,4
s	   280,4225	 8	165,66	 90,40	   6,5	  19,1	  23,7	  24,4	  25,2	  23,6	  18,3	 -24,8
#END
