#HEADER
CATT-Acoustic v8.0b    Copyright © CATT 1988-2003

 Project                : Aula Optica 

 GEOMETRICAL INFORMATION
 Src id and loc     [m] :   A0           0,400        0,600        1,300
 Rec id and loc     [m] :   20          13,000        7,600        1,200

 20       41,9843

 VARIABLE SOURCE DATA
 Directivity
   Type (library)       :  OMNI.SD0
   Dir. Index (DI) [dB] :       0,0      0,0      0,0      0,0      0,0      0,0      0,0      0,0
 Level
   On axis 1m      [dB] :      54,1     63,1     66,8     67,7     69,4     70,6     70,6     54,2
   Total power     [dB] :      65,0     74,0     77,7     78,6     80,3     81,5     81,5     65,1
   Auxiliary delay [ms] :       0,0

 VARIABLE AIR DATA
 Temperature       [°C] :      20
 Relative humidity  [%] :      50
 Density        [kg/m³] :       1,2
 Sound speed      [m/s] :     343
 Impedance      [Ns/m³] :     412
 Diss. coeff. [0.001/m] :      0,10     0,30     0,63     1,07     2,28     6,83    24,23    83,90      (estimated)

#DATAFIELDS
 TYPE DELAY ORDER AZIMUTH ELEVATION SPL125 SPL250 SPL500 SPL1K SPL2K SPL4K SPL8K SPL16K
#DATA
d	     0,0000	 0	104,57	 90,05	  30,9	  39,9	  43,6	  44,5	  46,1	  47,0	  45,9	  25,8
s	     0,6258	 1	104,59	100,29	  30,1	  39,3	  43,0	  43,8	  45,4	  46,4	  45,2	  25,0
*	    19,8326	 1	261,42	109,04	  -4,1	   5,1	   8,8	   9,6	  11,2	  12,0	  10,3	 -11,6
*	    18,7701	 1	218,09	105,88	  -5,6	   3,6	   7,2	   8,0	   9,6	  10,5	   8,8	 -13,0
*	    22,9671	 1	196,23	100,71	 -10,2	  -1,1	   2,6	   3,4	   5,0	   5,8	   4,1	 -18,1
*	     6,0674	 1	296,15	150,48	  10,5	  19,6	  23,3	  24,1	  25,7	  26,7	  25,3	   4,7
*	     6,3509	 1	175,40	116,00	   2,6	  11,8	  15,4	  16,3	  17,9	  18,8	  17,5	  -3,2
*	    12,0149	 1	169,10	102,83	  -5,6	   3,6	   7,2	   8,1	   9,7	  10,5	   9,1	 -12,1
*	     3,0930	 1	 62,79	116,77	   3,8	  13,0	  16,7	  17,5	  19,1	  20,1	  18,8	  -1,6
*	     1,2316	 1	119,21	109,90	   1,8	  11,0	  14,6	  15,5	  17,1	  18,0	  16,8	  -3,4
*	     5,2422	 1	139,54	102,00	  -3,6	   5,6	   9,3	  10,1	  11,7	  12,6	  11,4	  -9,2
*	     4,8555	 1	 68,72	103,27	  -2,8	   6,3	  10,0	  10,8	  12,4	  13,4	  12,1	  -8,5
*	     0,8009	 1	 98,43	102,19	  -1,5	   7,7	  11,4	  12,2	  13,8	  14,8	  13,6	  -6,6
*	     1,9591	 1	118,94	 99,55	  -2,7	   6,5	  10,2	  11,0	  12,6	  13,6	  12,4	  -7,9
*	     8,2261	 1	 70,47	 98,82	  -6,1	   3,0	   6,7	   7,5	   9,2	  10,1	   8,7	 -12,2
*	     2,3780	 1	 90,28	 98,52	  -2,7	   6,4	  10,1	  11,0	  12,6	  13,5	  12,3	  -8,1
*	     0,7866	 1	106,78	 97,50	  -0,5	   8,7	  12,4	  13,2	  14,8	  15,8	  14,6	  -5,6
s	     0,8403	 1	104,55	 79,07	  28,5	  37,6	  41,3	  41,8	  43,4	  45,1	  44,3	  23,4
*	    36,6822	 1	212,56	 79,35	 -12,6	  -2,7	   1,1	   1,9	   3,4	   4,9	   3,2	 -18,5
*	    33,3840	 1	231,00	 76,80	 -10,2	  -0,3	   3,5	   4,3	   5,9	   7,3	   5,7	 -15,7
*	    34,1240	 1	256,58	 75,49	  -9,6	   0,3	   4,1	   4,9	   6,5	   7,9	   6,3	 -15,2
*	    23,3942	 1	194,95	 76,67	  -7,4	   2,5	   6,3	   7,1	   8,7	  10,2	   8,9	 -11,6
*	    18,6301	 1	214,55	 69,92	  -2,7	   7,2	  11,1	  11,8	  13,4	  15,0	  13,8	  -6,3
*	    18,6985	 1	257,53	 64,11	  -0,3	   9,6	  13,4	  14,2	  15,8	  17,3	  16,1	  -4,0
*	    12,8866	 1	168,63	 75,01	  -3,2	   6,7	  10,6	  11,3	  12,9	  14,6	  13,5	  -6,1
*	     6,9536	 1	171,85	 61,37	   4,2	  14,1	  18,0	  18,7	  20,3	  22,0	  21,1	   2,0
*	     5,6318	 1	275,60	 12,12	  12,4	  22,3	  26,2	  26,9	  28,6	  30,2	  29,3	  10,4
*	     6,2602	 1	141,02	 76,48	  -1,1	   8,7	  12,6	  13,4	  15,0	  16,6	  15,7	  -3,3
*	     1,8236	 1	122,60	 68,39	   3,8	  13,7	  17,5	  18,3	  19,9	  21,6	  20,8	   2,2
*	     2,7305	 1	 73,01	 59,73	   6,3	  16,2	  20,0	  20,8	  22,4	  24,1	  23,3	   4,6
*	     2,8164	 1	121,51	 79,39	   0,0	   9,9	  13,8	  14,5	  16,1	  17,8	  17,0	  -1,7
*	     0,8934	 1	102,42	 76,44	   1,5	  11,4	  15,2	  16,0	  17,6	  19,3	  18,5	   0,0
*	     4,0753	 1	 74,32	 74,80	   0,5	  10,4	  14,2	  15,0	  16,6	  18,3	  17,4	  -1,4
*	     1,2907	 1	109,64	 81,82	   2,6	  12,5	  16,3	  17,1	  18,7	  20,4	  19,6	   1,1
*	     1,8886	 1	 93,88	 80,61	   0,9	  10,8	  14,6	  15,4	  17,0	  18,7	  17,9	  -0,7
*	     6,9981	 1	 74,74	 80,08	  -2,3	   7,6	  11,4	  12,2	  13,8	  15,5	  14,5	  -4,5
*	     1,6869	 1	102,24	 83,53	   8,1	  18,0	  21,9	  22,6	  24,3	  26,0	  25,2	   6,6
*	     5,2859	 1	 89,37	 82,93	   1,0	  10,9	  14,8	  15,5	  17,2	  18,8	  18,0	  -1,0
*	    12,0599	 1	 74,94	 82,70	  -4,3	   5,5	   9,4	  10,1	  11,7	  13,4	  12,3	  -7,2
s	     1,8041	 1	108,57	 90,06	  29,4	  38,9	  42,7	  43,6	  45,1	  45,9	  45,1	  24,8
*	     2,3892	 1	110,08	 87,05	  12,1	  21,6	  25,4	  26,3	  27,9	  28,7	  27,9	   7,5
s	     2,0514	 1	103,10	 90,07	  29,3	  38,8	  42,6	  43,5	  45,1	  45,9	  45,1	  24,8
*	    21,5982	 1	 68,05	 91,53	  -8,1	   1,4	   5,2	   6,1	   7,6	   8,3	   7,0	 -15,1
*	    10,9692	 1	 84,27	 91,55	  -0,9	   8,6	  12,4	  13,2	  14,8	  15,5	  14,5	  -6,6
*	     3,4470	 1	 99,21	 91,46	  14,7	  24,2	  28,1	  28,9	  30,5	  31,3	  30,5	  10,0
*	    17,4901	 1	 74,20	 85,80	 -17,4	  -8,3	  -4,6	  -3,8	  -2,2	  -1,3	   1,0	 -19,0
*	    17,2259	 1	 74,19	 88,58	 -17,3	  -8,1	  -4,5	  -3,6	  -2,0	  -1,2	   1,2	 -18,8
*	    15,6707	 1	 76,98	 85,81	 -16,3	  -7,1	  -3,4	  -2,6	  -1,0	  -0,2	   2,3	 -17,6
*	    15,3916	 1	 76,97	 88,58	 -16,1	  -7,0	  -3,3	  -2,5	  -0,9	  -0,0	   2,4	 -17,4
*	    13,9445	 1	 79,76	 85,83	 -15,0	  -5,9	  -2,2	  -1,4	   0,2	   1,1	   3,5	 -16,1
*	    13,6477	 1	 79,76	 88,60	 -14,9	  -5,7	  -2,0	  -1,2	   0,4	   1,3	   3,7	 -15,9
*	    12,3124	 1	 82,52	 85,85	 -13,7	  -4,5	  -0,9	  -0,0	   1,6	   2,4	   4,9	 -14,6
*	    11,9939	 1	 82,52	 88,61	 -13,5	  -4,3	  -0,6	   0,2	   1,8	   2,7	   5,2	 -14,3
*	    10,7750	 1	 85,25	 85,89	 -12,2	  -3,1	   0,6	   1,4	   3,0	   3,9	   6,5	 -12,9
*	    10,4295	 1	 85,25	 88,63	 -12,0	  -2,8	   0,9	   1,7	   3,3	   4,2	   6,7	 -12,6
*	     9,3340	 1	 87,93	 85,92	 -10,6	  -1,4	   2,2	   3,1	   4,7	   5,6	   8,2	 -11,1
*	     8,9537	 1	 87,93	 88,64	 -10,3	  -1,1	   2,6	   3,4	   5,0	   5,9	   8,5	 -10,7
*	     7,9925	 1	 90,55	 85,98	  -8,7	   0,4	   4,1	   4,9	   6,5	   7,5	  10,1	  -9,1
*	     7,5655	 1	 90,55	 88,66	  -8,3	   0,9	   4,6	   5,4	   7,0	   7,9	  10,5	  -8,6
*	     6,7577	 1	 93,12	 86,04	  -6,6	   2,6	   6,3	   7,1	   8,7	   9,6	  12,3	  -6,8
*	     6,2651	 1	 93,12	 88,69	  -5,9	   3,2	   6,9	   7,7	   9,3	  10,3	  12,9	  -6,1
*	     5,6455	 1	 95,61	 86,11	  -4,0	   5,2	   8,9	   9,7	  11,3	  12,2	  14,9	  -4,0
*	     5,0550	 1	 95,61	 88,71	  -3,0	   6,1	   9,8	  10,6	  12,3	  13,2	  15,9	  -3,0
*	     4,6945	 1	 98,03	 86,17	  -0,9	   8,3	  12,0	  12,8	  14,4	  15,3	  18,0	  -0,8
*	     3,9462	 1	 98,03	 88,74	   0,8	  10,0	  13,6	  14,5	  16,1	  17,0	  19,7	   0,9
s	     2,3241	 2	103,76	 90,07	  28,3	  38,3	  42,3	  43,1	  44,7	  45,4	  44,9	  24,6
s	     2,4045	 2	108,60	 99,88	  29,0	  38,7	  42,5	  43,3	  44,9	  45,8	  44,9	  24,5
s	     2,6104	 2	108,54	 79,52	  28,0	  37,7	  41,6	  42,1	  43,7	  45,3	  44,8	  24,5
s	     2,6485	 2	103,12	 99,84	  29,0	  38,6	  42,5	  43,3	  44,9	  45,7	  44,8	  24,5
s	     2,7472	 2	104,61	110,64	  27,9	  37,2	  40,8	  41,3	  42,9	  44,7	  43,8	  22,7
s	     2,8533	 2	103,08	 79,59	  27,9	  37,7	  41,5	  42,1	  43,7	  45,3	  44,8	  24,4
s	     2,9176	 3	103,78	 99,78	  28,0	  38,1	  42,1	  42,9	  44,5	  45,2	  44,7	  24,3
s	     2,9516	 2	104,53	 69,56	  28,4	  37,8	  41,5	  42,1	  43,7	  45,4	  44,5	  24,1
s	     3,1212	 3	103,74	 79,66	  26,9	  37,2	  41,1	  41,7	  43,3	  44,7	  44,6	  24,2
s	     4,4447	 3	108,62	109,86	  27,4	  37,3	  41,2	  41,7	  43,3	  44,9	  44,3	  23,8
*	     4,5573	 1	123,64	 97,55	 -17,1	  -7,7	  -3,8	  -3,0	  -1,4	  -0,6	  -1,5	 -22,0
s	     4,6416	 3	108,52	 70,34	  27,3	  37,3	  41,1	  41,7	  43,2	  44,9	  44,3	  23,7
s	     4,6780	 3	103,13	109,77	  27,3	  37,3	  41,1	  41,7	  43,2	  44,8	  44,3	  23,7
*	     4,7378	 1	 93,83	 94,37	  -5,7	   4,0	   8,7	   9,8	  11,5	  12,4	  11,2	  -9,3
*	     9,0763	 1	 84,78	 94,52	 -11,6	  -1,9	   2,8	   3,9	   5,6	   6,5	   5,2	 -15,8
*	    14,4895	 1	 75,24	 94,56	 -15,7	  -6,1	  -1,3	  -0,2	   1,4	   2,2	   0,8	 -20,6
s	     4,8739	 3	103,06	 70,46	  27,3	  37,3	  41,1	  41,6	  43,2	  44,8	  44,2	  23,7
s	     4,9355	 4	103,80	109,66	  26,3	  36,8	  40,7	  41,3	  42,8	  44,3	  44,1	  23,5
s	     5,1303	 4	103,73	 70,57	  26,3	  36,8	  40,7	  41,3	  42,8	  44,3	  44,1	  23,5
s	     5,6033	 1	 35,98	 89,92	  28,6	  37,7	  41,4	  42,3	  43,9	  44,6	  43,3	  21,9
*	    12,2923	 1	 64,86	 93,40	  -1,4	   7,7	  11,4	  12,3	  13,8	  14,5	  14,3	  -5,3
*	    10,0296	 1	 62,90	 93,93	  -0,1	   9,0	  12,7	  13,6	  15,2	  15,9	  15,6	  -3,7
*	     8,2616	 1	 60,09	 94,69	   1,5	  10,5	  14,3	  15,2	  16,7	  17,5	  17,3	  -1,9
*	     8,4731	 1	 60,14	 81,85	   1,4	  10,4	  14,2	  15,0	  16,6	  17,3	  17,2	  -2,0
*	     6,9311	 1	 55,70	 95,83	   3,6	  12,6	  16,4	  17,3	  18,8	  19,6	  19,4	   0,4
*	     7,1804	 1	 55,77	 79,54	   3,4	  12,4	  16,2	  17,1	  18,6	  19,4	  19,2	   0,1
*	     6,0431	 1	 48,11	 97,72	   6,5	  15,5	  19,3	  20,1	  21,7	  22,4	  22,3	   3,3
*	     6,3571	 1	 48,23	 75,77	   6,1	  15,2	  18,9	  19,8	  21,4	  22,1	  22,0	   3,0
*	     5,7830	 1	 32,77	101,07	  10,3	  19,4	  23,1	  24,0	  25,6	  26,3	  26,2	   7,2
*	     6,2115	 1	 32,99	 69,28	   9,7	  18,7	  22,4	  23,3	  24,9	  25,6	  25,5	   6,5
*	     6,9619	 1	358,74	105,33	  13,8	  22,8	  26,6	  27,4	  29,0	  29,7	  29,6	  10,5
*	     7,5326	 1	359,12	 61,16	  12,5	  21,5	  25,3	  26,2	  27,7	  28,5	  28,3	   9,2
*	    11,1281	 1	314,04	103,20	  11,2	  20,2	  24,0	  24,8	  26,4	  27,1	  26,8	   7,4
*	    11,6393	 1	314,27	 63,90	  10,2	  19,2	  22,9	  23,8	  25,4	  26,1	  25,8	   6,3
*	    17,6121	 1	289,94	 98,63	   5,0	  14,1	  17,8	  18,7	  20,2	  20,9	  20,5	   0,5
*	    17,9722	 1	290,01	 71,82	   4,6	  13,6	  17,4	  18,2	  19,8	  20,4	  20,0	  -0,0
*	    24,9427	 1	278,95	 95,94	  -0,4	   8,7	  12,4	  13,3	  14,8	  15,4	  14,8	  -5,8
*	    25,2073	 1	278,98	 76,86	  -0,6	   8,4	  12,2	  13,0	  14,6	  15,2	  14,6	  -6,1
*	    32,6042	 1	273,10	 94,41	  -4,8	   4,2	   8,0	   8,8	  10,4	  10,9	  10,1	 -11,2
*	    32,8120	 1	273,11	 79,83	  -4,9	   4,1	   7,9	   8,7	  10,2	  10,8	  10,0	 -11,4
s	     5,8913	 3	104,63	119,17	  27,6	  37,2	  40,9	  41,4	  43,0	  44,8	  43,8	  23,1
*	     6,0904	 1	106,40	 84,27	  -3,8	   5,7	   9,5	  10,4	  11,9	  12,7	  11,8	  -8,9
s	     6,1563	 2	 35,92	 98,97	  28,8	  38,0	  41,8	  42,6	  44,2	  45,0	  43,8	  23,1
s	     6,3463	 2	 36,04	 80,21	  27,3	  36,4	  40,1	  40,6	  42,2	  43,7	  43,0	  21,5
s	     6,4620	 3	104,50	 60,51	  26,0	  35,5	  39,2	  39,4	  41,0	  43,5	  42,9	  21,4
s	     6,8647	 4	103,15	116,10	  24,7	  35,3	  40,3	  41,0	  42,6	  44,3	  43,7	  22,9
s	     7,4226	 2	 37,70	 89,94	  28,1	  37,6	  41,5	  42,4	  43,9	  44,6	  43,8	  23,0
s	     7,4810	 4	108,65	118,16	  26,6	  36,7	  40,6	  41,1	  42,6	  44,3	  43,6	  22,7
s	     7,7819	 3	 37,17	 89,94	  27,1	  37,1	  41,2	  42,0	  43,5	  44,0	  43,6	  22,8
s	     7,9011	 2	 32,88	 89,92	  28,0	  37,5	  41,5	  42,3	  43,8	  44,5	  43,7	  22,8
s	     7,9555	 3	 37,64	 98,67	  27,8	  37,5	  41,4	  42,2	  43,7	  44,4	  43,6	  22,7
s	     8,0336	 4	108,49	 61,53	  25,5	  35,7	  39,5	  39,8	  41,4	  43,8	  43,4	  22,6
s	     8,0438	 3	 35,86	108,24	  26,7	  36,1	  39,8	  40,2	  41,8	  43,4	  42,5	  20,9
s	     8,1386	 3	 37,76	 80,58	  26,7	  36,5	  40,4	  41,0	  42,5	  44,0	  43,5	  22,7
s	     8,2266	 3	 36,10	 71,67	  27,2	  36,7	  40,5	  41,0	  42,6	  44,1	  43,3	  22,4
s	     8,2502	 4	103,04	 61,68	  25,4	  35,7	  39,5	  39,8	  41,3	  43,7	  43,4	  22,5
s	     8,3110	 4	 37,11	 98,60	  26,7	  37,0	  41,0	  41,8	  43,3	  43,9	  43,4	  22,5
s	     8,4289	 3	 32,82	 98,56	  27,7	  37,4	  41,3	  42,1	  43,7	  44,3	  43,5	  22,6
s	     8,4895	 5	103,71	 61,83	  24,4	  35,2	  39,1	  39,4	  40,9	  43,2	  43,2	  22,3
s	     8,4928	 4	 37,23	 80,65	  25,7	  36,0	  40,1	  40,7	  42,1	  43,4	  43,3	  22,4
s	     8,6104	 3	 32,95	 80,64	  26,6	  36,5	  40,4	  40,9	  42,5	  43,9	  43,4	  22,5
s	     9,7774	 4	 37,58	107,63	  26,2	  36,2	  40,1	  40,7	  42,2	  43,6	  43,1	  22,1
s	     9,9541	 4	 37,82	 72,32	  26,2	  36,2	  40,1	  40,6	  42,1	  43,6	  43,0	  22,0
s	    10,1204	 5	 37,05	107,51	  25,2	  35,7	  39,7	  40,3	  41,8	  43,1	  42,9	  21,9
s	    10,2343	 4	 32,76	107,45	  26,1	  36,1	  40,0	  40,6	  42,1	  43,5	  43,0	  21,9
s	    10,2960	 5	 37,29	 72,44	  25,2	  35,7	  39,7	  40,3	  41,7	  43,1	  42,9	  21,8
s	    10,3025	 4	104,66	127,04	  25,1	  34,8	  38,5	  38,6	  40,2	  42,7	  41,9	  20,1
s	    10,4095	 4	 33,01	 72,45	  26,1	  36,1	  40,0	  40,6	  42,1	  43,5	  42,9	  21,9
s	    10,6518	 4	104,48	 53,35	  25,6	  35,5	  39,1	  39,3	  40,9	  43,5	  42,7	  21,6
s	    10,8737	 4	 35,80	116,08	  26,5	  36,2	  40,0	  40,5	  42,0	  43,6	  42,6	  21,5
s	    11,7569	 5	 37,54	113,45	  23,7	  34,3	  39,3	  40,1	  41,7	  43,1	  42,6	  21,4
s	    11,9635	 5	103,17	125,74	  24,6	  35,0	  38,8	  39,0	  40,6	  43,0	  42,5	  21,3
s	    12,0874	 6	 37,01	113,30	  22,6	  33,8	  39,0	  39,7	  41,2	  42,6	  42,4	  21,2
s	    12,1018	 5	108,68	126,38	  25,6	  35,8	  39,7	  40,2	  41,7	  43,2	  42,5	  21,3
s	    12,1018	 5	108,47	 54,49	  24,6	  35,0	  38,8	  39,0	  40,6	  43,0	  42,5	  21,3
s	    12,1864	 6	103,84	125,57	  23,6	  34,5	  38,5	  38,7	  40,2	  42,5	  42,4	  21,2
s	    12,5236	 6	103,69	 54,83	  23,5	  34,5	  38,4	  38,6	  40,2	  42,5	  42,3	  21,1
s	    12,9515	 5	 32,70	115,01	  25,5	  35,7	  39,6	  40,1	  41,6	  43,0	  42,3	  21,0
s	    13,3424	 6	 37,35	 64,37	  23,4	  34,2	  38,3	  38,5	  40,0	  42,1	  42,1	  20,8
s	    13,4496	 5	 33,07	 64,40	  24,4	  34,6	  38,6	  38,8	  40,3	  42,5	  42,2	  20,9
s	    13,7909	 7	112,48	125,12	  23,1	  34,1	  38,1	  38,4	  39,8	  42,0	  41,9	  20,6
s	    14,6128	 6	113,83	 56,30	  21,7	  32,8	  37,7	  38,2	  39,8	  42,2	  41,7	  20,2
s	    14,8999	 5	 35,73	123,49	  24,1	  33,9	  37,6	  37,8	  39,3	  41,7	  40,9	  18,7
s	    15,1410	 5	104,68	133,15	  24,6	  34,7	  38,4	  38,5	  40,1	  42,7	  41,7	  20,2
s	    15,9374	 5	104,46	 46,90	  23,0	  33,0	  36,6	  36,5	  38,1	  41,3	  40,7	  18,4
s	    16,4303	 6	 37,47	122,53	  23,7	  34,1	  38,0	  38,3	  39,8	  42,0	  41,6	  20,0
s	    16,4449	 8	112,68	 57,51	  19,8	  31,9	  37,0	  37,5	  39,0	  41,2	  41,3	  19,7
s	    16,4797	 6	108,70	131,94	  23,7	  34,3	  38,1	  38,3	  39,8	  42,2	  41,6	  20,0
s	    16,6113	 7	113,85	 58,69	  18,7	  30,8	  36,9	  37,6	  39,2	  41,5	  41,4	  19,8
s	    16,6652	 6	103,19	131,79	  23,7	  34,2	  38,1	  38,2	  39,8	  42,2	  41,5	  19,9
s	    16,7345	 7	 36,94	122,34	  22,7	  33,6	  37,7	  37,9	  39,4	  41,5	  41,4	  19,8
s	    16,8356	 6	 32,64	122,25	  23,6	  34,1	  38,0	  38,2	  39,7	  41,9	  41,5	  19,9
s	    16,8702	 7	103,86	131,61	  22,7	  33,8	  37,7	  37,9	  39,4	  41,7	  41,4	  19,7
s	    17,4411	 6	103,00	 48,27	  22,5	  33,2	  37,0	  36,9	  38,5	  41,7	  41,4	  19,7
s	    17,4611	 6	 33,13	 57,30	  24,6	  34,8	  38,8	  39,3	  40,7	  42,0	  41,4	  19,7
s	    17,6435	 7	103,67	 48,44	  21,5	  32,7	  36,7	  36,6	  38,1	  41,2	  41,2	  19,5
s	    17,6521	 6	108,44	 47,68	  23,5	  34,0	  37,9	  38,1	  39,6	  41,8	  41,3	  19,6
*	    18,5909	 1	 64,34	 87,46	  -2,8	   6,4	  10,1	  10,9	  12,5	  13,3	  11,7	 -10,1
s	    20,1190	 6	 36,29	 50,29	  22,1	  32,2	  35,9	  35,8	  37,3	  40,4	  39,9	  17,2
s	    20,2276	 7	 37,42	127,71	  20,9	  32,0	  37,0	  37,5	  39,0	  41,3	  40,8	  18,8
*	    20,7506	 1	 67,89	 90,70	 -13,0	  -3,9	  -0,2	   0,7	   2,2	   2,9	   2,4	 -17,9
*	    20,8750	 1	 67,89	 93,18	 -13,0	  -4,0	  -0,2	   0,6	   2,2	   2,8	   2,3	 -18,0
s	    20,9576	 6	104,70	138,61	  22,0	  32,2	  35,8	  35,6	  37,2	  40,5	  39,7	  17,0
s	    21,1756	 7	 32,58	128,08	  22,8	  33,4	  37,3	  37,5	  39,0	  41,2	  40,6	  18,6
s	    21,3928	 6	104,44	 41,93	  22,5	  32,8	  36,5	  36,4	  38,0	  41,2	  40,4	  18,4
s	    21,5238	 7	 37,99	 51,36	  21,7	  32,4	  36,3	  36,3	  37,8	  40,8	  40,5	  18,5
s	    21,8038	 8	 37,46	 51,56	  20,7	  32,0	  36,0	  35,9	  37,4	  40,3	  40,4	  18,3
*	    22,3092	 1	 66,77	 85,82	 -20,3	 -11,3	  -7,5	  -6,6	  -5,1	  -4,5	  -5,0	 -25,4
*	    22,0942	 1	 66,77	 88,26	 -20,2	 -11,2	  -7,4	  -6,5	  -5,0	  -4,4	  -4,9	 -25,3
s	    22,3441	 7	103,21	137,25	  21,6	  32,5	  36,3	  36,2	  37,7	  40,9	  40,4	  18,3
s	    22,5311	 8	103,88	137,07	  20,6	  32,0	  35,9	  35,8	  37,3	  40,4	  40,3	  18,1
s	    22,6021	 7	108,73	137,75	  22,6	  33,2	  37,1	  37,3	  38,8	  41,0	  40,4	  18,2
s	    22,6021	 7	108,41	 43,12	  21,6	  32,4	  36,2	  36,1	  37,7	  40,8	  40,4	  18,2
s	    22,7700	 7	102,99	 43,30	  21,5	  32,4	  36,2	  36,1	  37,6	  40,8	  40,3	  18,2
s	    22,9558	 8	103,65	 43,47	  20,5	  31,9	  35,9	  35,8	  37,3	  40,3	  40,2	  18,0
s	    24,8258	 7	 35,61	134,85	  21,3	  31,5	  35,2	  35,0	  36,6	  39,7	  39,0	  15,9
s	    25,1349	 8	113,76	 44,69	  19,8	  31,1	  36,1	  36,5	  38,0	  40,3	  39,6	  17,2
s	    26,1336	 8	 37,35	133,79	  20,9	  31,8	  35,7	  35,6	  37,1	  40,1	  39,7	  17,2
s	    26,7856	 7	104,72	142,82	  21,5	  32,1	  35,7	  35,6	  37,1	  40,4	  39,4	  16,9
s	    26,8817	 8	 32,51	133,83	  21,8	  32,5	  36,5	  36,6	  38,1	  40,2	  39,5	  17,0
s	    26,8817	 8	 33,25	 46,67	  20,8	  31,7	  35,6	  35,5	  37,0	  40,0	  39,5	  17,0
s	    27,7120	 7	104,42	 37,49	  19,9	  30,3	  34,0	  33,5	  35,1	  39,1	  38,5	  15,1
s	    27,9016	 8	108,76	141,64	  20,4	  31,5	  35,3	  35,1	  36,6	  39,8	  39,1	  16,5
s	    28,0568	 8	103,23	141,50	  20,6	  31,7	  35,5	  35,3	  36,9	  40,0	  39,3	  16,7
s	    28,9666	 8	102,97	 38,81	  19,5	  30,6	  34,5	  34,1	  35,6	  39,5	  39,2	  16,5
s	    29,2721	 8	108,38	 38,35	  20,5	  31,4	  35,3	  35,2	  36,7	  39,7	  39,2	  16,4
s	    31,2241	 8	 36,41	 40,82	  19,2	  29,7	  33,4	  33,0	  34,5	  38,4	  37,8	  14,2
s	    32,4570	 1	239,62	 89,38	  24,7	  34,2	  38,0	  38,9	  40,4	  41,0	  39,4	  16,4
*	    36,1438	 1	271,35	 81,75	   4,5	  14,0	  17,8	  18,7	  20,2	  20,8	  19,1	  -4,3
*	    32,7979	 1	233,61	 82,11	   5,0	  14,5	  18,3	  19,1	  20,6	  21,2	  19,7	  -3,4
*	    38,1018	 1	208,10	 84,28	   1,3	  10,8	  14,6	  15,5	  17,0	  17,5	  15,8	  -7,7
s	    32,8117	 2	239,64	 95,19	  24,2	  33,9	  37,7	  38,5	  40,0	  40,7	  39,0	  16,0
s	    32,9341	 2	239,59	 83,13	  22,7	  32,3	  36,0	  36,6	  38,1	  39,5	  38,2	  14,4
s	    33,4095	 8	104,75	146,61	  19,0	  29,6	  33,2	  32,7	  34,3	  38,3	  37,5	  13,6
s	    33,4892	 2	237,06	 89,39	  23,7	  33,7	  37,6	  38,5	  39,9	  40,4	  39,2	  16,0
s	    33,8391	 3	237,09	 95,12	  23,4	  33,6	  37,5	  38,3	  39,8	  40,3	  39,0	  15,9
s	    33,8941	 8	104,40	 34,04	  19,4	  30,2	  33,9	  33,5	  35,0	  39,0	  38,2	  15,1
s	    33,9598	 3	237,04	 83,23	  22,4	  32,6	  36,6	  37,2	  38,6	  39,9	  39,0	  15,8
s	    34,0402	 3	239,67	101,32	  22,3	  32,1	  35,9	  36,3	  37,9	  39,3	  37,9	  14,0
s	    34,1607	 3	239,57	 77,46	  22,8	  32,8	  36,6	  37,1	  38,6	  40,1	  38,7	  15,5
s	    34,7007	 2	240,09	 89,38	  23,5	  33,5	  37,5	  38,3	  39,8	  40,3	  39,0	  15,8
s	    34,8576	 3	239,68	 89,38	  22,5	  33,0	  37,1	  38,0	  39,4	  39,8	  38,8	  15,6
s	    35,0451	 3	240,12	 95,02	  23,3	  33,4	  37,4	  38,2	  39,7	  40,2	  38,8	  15,6
s	    35,0512	 4	237,12	101,17	  22,0	  32,5	  36,4	  36,9	  38,4	  39,7	  38,7	  15,5
s	    35,1639	 3	240,07	 83,31	  22,2	  32,5	  36,4	  37,0	  38,5	  39,8	  38,8	  15,5
s	    35,1701	 4	237,01	 77,63	  22,0	  32,5	  36,4	  36,9	  38,4	  39,7	  38,7	  15,4
s	    35,2013	 4	239,70	 95,01	  22,3	  33,0	  37,1	  37,9	  39,3	  39,7	  38,7	  15,4
s	    35,3199	 4	239,65	 83,33	  21,2	  32,0	  36,1	  36,7	  38,1	  39,3	  38,7	  15,4
s	    35,7551	 2	278,45	 89,33	  24,1	  33,7	  37,6	  38,4	  39,9	  40,3	  38,8	  15,5
s	    35,9316	 4	239,69	106,78	  22,4	  32,5	  36,4	  36,8	  38,3	  39,8	  38,3	  15,0
s	    36,0948	 3	278,44	 94,89	  23,7	  33,4	  37,3	  38,1	  39,5	  40,0	  38,4	  15,1
s	    36,2121	 3	278,46	 83,34	  22,1	  31,7	  35,6	  36,1	  37,6	  38,8	  37,6	  13,5
s	    36,2385	 4	240,14	100,98	  21,9	  32,3	  36,3	  36,8	  38,3	  39,6	  38,5	  15,2
s	    36,2836	 4	239,54	 71,61	  20,8	  30,9	  34,7	  34,8	  36,4	  38,6	  37,5	  13,4
s	    36,3556	 4	240,05	 77,80	  21,9	  32,3	  36,3	  36,8	  38,3	  39,6	  38,5	  15,1
s	    36,3924	 5	239,72	100,96	  20,9	  31,9	  35,9	  36,5	  37,9	  39,1	  38,4	  15,0
s	    36,5092	 5	239,63	 77,82	  20,9	  31,8	  35,9	  36,5	  37,9	  39,1	  38,4	  15,0
s	    36,9184	 5	237,14	106,57	  21,6	  32,2	  36,2	  36,6	  38,1	  39,5	  38,3	  14,9
s	    37,1825	 3	280,78	 89,34	  23,0	  33,1	  37,1	  37,9	  39,4	  39,7	  38,5	  15,1
s	    37,2660	 5	236,98	 71,85	  20,5	  31,3	  35,2	  35,4	  36,9	  39,0	  38,3	  14,8
s	    37,2724	 4	278,44	100,77	  21,8	  31,6	  35,4	  35,9	  37,4	  38,6	  37,4	  13,1
s	    37,3880	 4	278,46	 77,90	  22,3	  32,3	  36,1	  36,7	  38,1	  39,4	  38,1	  14,7
s	    37,5161	 4	280,77	 94,80	  22,8	  33,0	  37,0	  37,8	  39,2	  39,6	  38,3	  14,9
s	    37,6313	 4	280,79	 83,46	  21,7	  32,0	  36,1	  36,6	  38,1	  39,2	  38,3	  14,8
s	    37,9062	 3	277,80	 89,33	  22,9	  33,0	  37,0	  37,9	  39,3	  39,6	  38,4	  14,9
s	    38,0780	 5	240,16	106,30	  21,4	  32,1	  36,0	  36,5	  38,0	  39,3	  38,2	  14,6
s	    38,1289	 4	278,18	 89,33	  21,9	  32,5	  36,7	  37,5	  38,9	  39,1	  38,3	  14,7
s	    38,2283	 6	239,75	106,27	  20,5	  31,6	  35,7	  36,2	  37,6	  38,8	  38,0	  14,5
s	    38,2368	 4	277,79	 94,75	  22,7	  32,9	  36,9	  37,7	  39,2	  39,5	  38,2	  14,7
s	    38,3509	 4	277,80	 83,51	  21,6	  32,0	  36,0	  36,6	  38,0	  39,1	  38,2	  14,7
s	    38,4206	 5	240,02	 72,10	  20,4	  31,1	  35,1	  35,3	  36,8	  38,9	  38,1	  14,5
s	    38,4586	 5	278,18	 94,74	  21,7	  32,4	  36,6	  37,4	  38,8	  39,0	  38,1	  14,5
s	    38,5703	 6	239,60	 72,14	  19,4	  30,7	  34,7	  35,0	  36,4	  38,4	  38,0	  14,4
s	    38,5724	 5	278,19	 83,52	  20,6	  31,5	  35,7	  36,2	  37,6	  38,6	  38,1	  14,5
s	    38,6730	 5	280,76	100,58	  21,4	  31,9	  35,9	  36,4	  37,9	  39,0	  38,1	  14,5
s	    38,7172	 5	239,72	112,32	  20,4	  30,6	  34,3	  34,5	  36,0	  38,2	  37,0	  12,7
s	    38,7865	 5	280,80	 78,11	  21,4	  31,9	  35,9	  36,4	  37,9	  39,0	  38,0	  14,5
s	    38,9439	 5	239,52	 66,50	  20,8	  31,2	  35,0	  35,2	  36,8	  39,0	  37,8	  14,2
s	    39,0885	 5	278,43	106,03	  21,9	  32,0	  35,9	  36,4	  37,9	  39,2	  37,8	  14,2
s	    39,3834	 5	277,79	100,48	  21,3	  31,8	  35,8	  36,4	  37,8	  38,9	  38,0	  14,3
s	    39,4960	 5	277,81	 78,20	  21,3	  31,8	  35,8	  36,4	  37,8	  38,9	  37,9	  14,3
s	    39,6021	 6	278,17	100,45	  20,3	  31,3	  35,5	  36,0	  37,4	  38,5	  37,8	  14,2
s	    39,7143	 6	278,20	 78,23	  20,3	  31,3	  35,5	  36,0	  37,4	  38,4	  37,8	  14,1
s	    39,8944	 6	237,17	112,43	  21,0	  31,7	  35,7	  36,2	  37,6	  38,8	  37,8	  14,1
s	    39,8944	 6	236,96	 66,80	  20,0	  30,9	  34,9	  35,1	  36,5	  38,6	  37,8	  14,1
s	    40,4582	 6	280,75	105,75	  21,0	  31,7	  35,7	  36,2	  37,6	  38,8	  37,7	  14,0
s	    40,7910	 6	280,81	 72,56	  19,9	  30,7	  34,7	  35,0	  36,4	  38,3	  37,7	  13,9
s	    40,7914	 6	240,19	111,72	  19,9	  30,8	  34,8	  35,0	  36,4	  38,5	  37,7	  13,9
s	    40,9368	 7	239,77	111,68	  18,9	  30,4	  34,4	  34,6	  36,0	  38,1	  37,5	  13,7
s	    41,0124	 6	240,00	 67,11	  19,9	  30,8	  34,7	  34,9	  36,4	  38,5	  37,6	  13,8
s	    41,1236	 2	139,31	 90,10	  22,8	  32,4	  36,2	  37,1	  38,5	  39,0	  37,0	  12,5
s	    41,1534	 6	277,78	105,61	  20,9	  31,6	  35,6	  36,1	  37,5	  38,7	  37,6	  13,8
s	    41,1575	 7	239,58	 67,15	  18,9	  30,3	  34,4	  34,6	  36,0	  38,0	  37,5	  13,7
s	    41,3674	 7	278,16	105,57	  19,9	  31,1	  35,3	  35,8	  37,1	  38,2	  37,5	  13,6
s	    41,4415	 3	139,34	 95,31	  22,6	  32,3	  36,2	  37,0	  38,4	  38,9	  36,9	  12,3
s	    41,6965	 7	278,20	 72,75	  18,8	  30,1	  34,3	  34,6	  35,9	  37,8	  37,4	  13,6
s	    41,7691	 6	278,42	111,39	  19,8	  30,1	  33,9	  34,1	  35,5	  37,6	  36,5	  11,9
s	    41,9330	 6	239,74	117,09	  20,3	  30,9	  34,7	  34,8	  36,3	  38,6	  37,3	  13,4
s	    41,9876	 6	278,48	 67,33	  20,3	  30,7	  34,6	  34,8	  36,3	  38,4	  37,3	  13,4
s	    42,1785	 3	137,89	 90,11	  22,5	  32,5	  36,6	  37,4	  38,8	  39,1	  37,8	  13,9
s	    42,4772	 6	239,49	 61,41	  18,7	  29,2	  33,0	  32,8	  34,3	  37,3	  36,4	  11,7
s	    42,4924	 4	137,92	 95,25	  22,2	  32,5	  36,5	  37,3	  38,7	  39,0	  37,6	  13,7
s	    42,8500	 7	237,19	116,78	  19,5	  30,6	  34,5	  34,7	  36,1	  38,3	  37,3	  13,3
s	    43,0957	 7	280,75	111,03	  19,4	  30,4	  34,4	  34,6	  36,0	  38,0	  37,2	  13,3
s	    43,5293	 7	280,81	 67,33	  20,4	  31,2	  35,3	  35,8	  37,1	  38,2	  37,2	  13,2
s	    43,6622	 7	236,93	 61,40	  19,4	  30,4	  34,4	  34,6	  36,0	  38,0	  37,1	  13,1
s	    43,7695	 7	277,77	110,85	  19,4	  30,3	  34,4	  34,6	  36,0	  37,9	  37,1	  13,1
s	    43,9296	 7	240,21	116,40	  19,4	  30,5	  34,4	  34,6	  36,0	  38,1	  37,1	  13,1
s	    43,9770	 8	278,16	110,80	  18,4	  29,9	  34,0	  34,2	  35,6	  37,5	  37,0	  12,9
s	    43,9829	 7	277,82	 67,87	  19,4	  30,3	  34,4	  34,5	  36,0	  37,9	  37,1	  13,1
s	    44,0697	 8	239,79	116,36	  18,4	  30,0	  34,1	  34,2	  35,6	  37,7	  37,0	  12,9
s	    44,1899	 8	278,21	 67,92	  18,4	  29,8	  34,0	  34,2	  35,6	  37,4	  37,0	  12,9
s	    44,2497	 5	139,41	105,78	  21,3	  31,5	  35,4	  35,8	  37,3	  38,6	  37,0	  13,0
s	    44,2659	 3	140,17	 84,68	  21,8	  31,7	  35,5	  36,0	  37,5	  38,9	  37,3	  13,2
s	    44,2733	 3	140,33	 90,10	  22,3	  32,3	  36,3	  37,2	  38,6	  38,9	  37,5	  13,4
s	    44,4612	 7	239,97	 62,11	  18,3	  29,5	  33,4	  33,3	  34,8	  37,7	  37,0	  12,9
s	    44,5228	 4	139,99	 90,10	  21,3	  31,8	  36,0	  36,9	  38,2	  38,4	  37,4	  13,3
s	    44,5679	 5	139,21	 74,08	  19,7	  29,8	  33,7	  33,9	  35,3	  37,3	  36,2	  11,4
s	    44,5797	 4	140,37	 95,12	  22,0	  32,2	  36,3	  37,1	  38,5	  38,8	  37,3	  13,2
s	    44,6004	 8	239,55	 62,16	  17,3	  29,0	  33,1	  33,0	  34,4	  37,2	  36,9	  12,8
s	    44,8282	 5	140,02	 95,11	  21,0	  31,8	  35,9	  36,7	  38,1	  38,3	  37,2	  13,1
s	    44,8720	 7	278,42	116,03	  19,8	  30,4	  34,3	  34,4	  35,9	  38,0	  36,7	  12,6
s	    45,2284	 4	140,27	100,49	  20,9	  30,9	  34,6	  35,0	  36,5	  37,9	  36,2	  11,3
s	    45,2829	 4	138,78	 84,75	  20,9	  31,4	  35,3	  35,8	  37,3	  38,5	  37,3	  13,1
s	    45,3979	 7	278,48	 62,37	  18,2	  28,8	  32,6	  32,4	  33,9	  36,7	  35,9	  10,9
s	    45,5814	 6	137,79	 74,28	  19,4	  30,2	  34,2	  34,5	  35,9	  37,8	  37,0	  12,8
s	    45,8561	 5	140,27	 79,40	  21,7	  31,9	  36,1	  36,9	  38,2	  38,4	  37,1	  12,9
s	    45,9958	 7	239,76	121,81	  18,1	  28,8	  32,6	  32,4	  33,9	  36,9	  35,8	  10,8
s	    46,1011	 6	139,92	 79,43	  20,7	  31,5	  35,7	  36,5	  37,8	  37,9	  36,9	  12,7
s	    46,1519	 8	280,74	115,62	  18,9	  30,1	  34,1	  34,2	  35,6	  37,6	  36,7	  12,5
s	    46,2343	 5	138,88	100,38	  20,6	  31,2	  35,2	  35,7	  37,1	  38,4	  37,0	  12,8
s	    46,3077	 7	239,47	 57,07	  18,6	  29,5	  33,3	  33,1	  34,6	  37,6	  36,6	  12,3
s	    46,7746	 6	139,44	110,86	  19,3	  29,6	  33,4	  33,6	  35,0	  37,0	  35,8	  10,8
s	    46,8820	 6	140,30	105,30	  19,3	  29,6	  33,4	  33,5	  35,0	  37,0	  35,8	  10,7
s	    47,1797	 8	237,22	121,78	  18,8	  30,0	  34,0	  34,1	  35,5	  37,5	  36,6	  12,2
s	    47,1797	 8	236,91	 57,44	  17,8	  29,2	  33,1	  33,0	  34,4	  37,3	  36,6	  12,2
s	    47,3170	 8	277,83	 63,00	  17,8	  29,0	  33,0	  33,0	  34,4	  37,1	  36,5	  12,2
s	    47,4102	 6	138,90	103,99	  18,3	  29,6	  34,6	  35,3	  36,8	  38,1	  36,7	  12,4
s	    47,4234	 4	141,13	 84,87	  20,7	  31,2	  35,1	  35,6	  37,1	  38,3	  37,0	  12,6
s	    47,5966	 6	140,24	 74,64	  19,2	  30,0	  34,0	  34,3	  35,7	  37,6	  36,7	  12,4
s	    47,6641	 5	140,79	 84,89	  19,7	  30,7	  34,8	  35,3	  36,7	  37,8	  36,8	  12,4
s	    47,7632	 7	138,01	110,63	  19,0	  29,9	  34,0	  34,2	  35,6	  37,5	  36,6	  12,2
s	    47,8369	 7	139,89	 74,68	  18,2	  29,5	  33,7	  33,9	  35,3	  37,1	  36,6	  12,2
s	    47,8694	 7	138,91	105,14	  19,0	  29,9	  34,0	  34,2	  35,6	  37,5	  36,6	  12,2
s	    47,9022	 8	240,24	121,05	  17,7	  29,1	  33,0	  32,9	  34,3	  37,3	  36,5	  12,1
s	    48,2075	 8	239,95	 57,84	  17,7	  29,1	  33,0	  32,9	  34,3	  37,2	  36,4	  12,0
s	    48,3523	 5	141,23	100,13	  20,4	  31,0	  35,0	  35,4	  36,9	  38,2	  36,7	  12,3
s	    48,5905	 6	140,89	100,11	  19,4	  30,6	  34,6	  35,1	  36,5	  37,7	  36,6	  12,1
s	    48,8034	 8	278,41	120,64	  17,6	  28,4	  32,2	  32,0	  33,5	  36,3	  35,3	  10,1
s	    49,0808	 7	141,25	 79,78	  19,1	  30,2	  34,5	  35,0	  36,3	  37,1	  36,4	  11,9
s	    49,0980	 6	140,08	 70,75	  18,6	  29,5	  34,4	  35,1	  36,6	  37,9	  36,3	  11,8
s	    49,1057	 8	278,49	 58,13	  18,1	  29,0	  32,9	  32,8	  34,2	  37,1	  36,1	  11,6
s	    49,3171	 8	140,91	 79,81	  18,1	  29,7	  34,1	  34,6	  35,9	  36,7	  36,3	  11,8
s	    49,7305	 7	140,46	110,16	  18,8	  29,8	  33,8	  34,0	  35,4	  37,3	  36,3	  11,8
s	    49,9497	 6	141,26	104,78	  20,0	  30,8	  34,8	  35,2	  36,6	  38,0	  36,4	  11,8
s	    49,9652	 8	140,11	110,11	  17,8	  29,3	  33,4	  33,6	  35,0	  36,8	  36,2	  11,6
s	    50,0616	 7	138,69	 70,98	  17,8	  29,1	  34,3	  35,0	  36,4	  37,6	  36,3	  11,7
s	    50,1127	 3	  9,00	 89,89	  21,7	  31,3	  35,3	  36,1	  37,5	  37,7	  35,7	  10,3
s	    50,2066	 7	139,14	 64,65	  17,7	  28,3	  32,1	  32,0	  33,4	  36,2	  35,2	   9,9
s	    50,2552	 8	239,79	125,79	  18,0	  29,0	  32,8	  32,7	  34,2	  37,2	  35,9	  11,3
s	    50,3996	 4	  8,96	 94,59	  21,5	  31,2	  35,2	  36,0	  37,4	  37,6	  35,5	  10,2
s	    50,9479	 8	239,44	 52,83	  16,4	  27,4	  31,1	  30,6	  32,1	  35,9	  35,0	   9,6
s	    51,0657	 4	 10,32	 89,90	  21,4	  31,5	  35,6	  36,4	  37,8	  37,9	  36,5	  11,8
s	    51,1587	 8	137,72	 64,94	  17,4	  28,7	  32,7	  32,6	  34,0	  36,7	  36,0	  11,3
s	    51,3498	 5	 10,28	 94,56	  21,1	  31,4	  35,5	  36,3	  37,7	  37,8	  36,3	  11,6
s	    51,4951	 5	  9,08	 80,20	  20,6	  30,6	  34,6	  35,1	  36,5	  37,6	  36,1	  11,4
s	    51,6682	 8	140,05	 66,72	  15,9	  27,3	  32,3	  32,4	  33,9	  36,7	  35,7	  11,0
s	    51,9064	 7	141,04	 71,73	  16,6	  28,2	  33,2	  33,6	  35,1	  37,2	  36,0	  11,3
s	    52,1356	 8	140,70	 71,78	  15,6	  27,7	  32,9	  33,3	  34,7	  36,7	  35,9	  11,1
s	    52,4342	 6	 10,39	 80,31	  19,8	  30,3	  34,5	  35,0	  36,3	  37,2	  36,1	  11,3
s	    52,8174	 8	139,12	 61,54	  15,8	  27,2	  32,1	  32,3	  33,8	  36,6	  35,6	  10,8
s	    52,9432	 6	  8,88	104,10	  20,3	  30,5	  34,4	  34,9	  36,3	  37,4	  35,8	  10,9
s	    53,0558	 8	140,17	 65,47	  17,2	  28,5	  32,5	  32,4	  33,8	  36,5	  35,8	  10,9
s	    53,2734	 4	  8,31	 84,98	  20,7	  30,7	  34,5	  35,1	  36,5	  37,7	  36,0	  11,1
s	    53,3285	 4	  8,16	 89,89	  21,2	  31,3	  35,4	  36,2	  37,6	  37,7	  36,2	  11,3
s	    53,4406	 8	139,51	119,74	  17,2	  27,9	  31,8	  31,6	  33,0	  35,8	  34,7	   9,1
s	    53,5544	 5	  8,49	 89,89	  20,2	  30,8	  35,0	  35,9	  37,2	  37,2	  36,1	  11,2
s	    53,6059	 5	  8,13	 94,43	  20,9	  31,2	  35,3	  36,1	  37,5	  37,6	  36,1	  11,1
s	    53,8310	 6	  8,45	 94,43	  19,9	  30,7	  35,0	  35,8	  37,1	  37,1	  35,9	  11,0
s	    54,1458	 5	  8,20	 99,31	  19,9	  29,9	  33,7	  34,1	  35,5	  36,7	  35,0	   9,2
s	    54,1952	 5	  9,60	 85,04	  19,9	  30,4	  34,4	  34,9	  36,3	  37,3	  36,0	  11,0
s	    54,6650	 6	  8,24	 80,53	  19,6	  30,1	  34,3	  34,8	  36,1	  37,0	  35,8	  10,8
s	    54,8877	 7	  8,56	 80,55	  18,6	  29,7	  33,9	  34,4	  35,7	  36,5	  35,7	  10,7
s	    55,0593	 6	  9,48	 99,23	  19,6	  30,2	  34,3	  34,7	  36,1	  37,2	  35,8	  10,7
s	    55,9296	 6	  8,39	 75,77	  18,4	  28,7	  32,6	  32,7	  34,1	  36,1	  34,6	   8,8
s	    56,0663	 7	  8,05	103,64	  19,2	  30,0	  34,1	  34,5	  35,9	  36,8	  35,5	  10,4
s	    56,1294	 7	  9,45	102,52	  17,2	  28,6	  33,7	  34,4	  35,8	  36,9	  35,5	  10,4
s	    56,3463	 7	  8,28	 75,83	  18,2	  29,0	  33,1	  33,4	  34,7	  36,4	  35,5	  10,3
s	    56,4936	 5	  7,52	 85,14	  19,6	  30,1	  34,2	  34,7	  36,1	  37,1	  35,7	  10,5
s	    56,5652	 8	  8,60	 75,87	  17,2	  28,5	  32,8	  33,0	  34,3	  35,9	  35,3	  10,2
s	    56,7122	 6	  7,83	 85,15	  18,7	  29,7	  33,8	  34,3	  35,7	  36,6	  35,6	  10,4
s	    56,8266	 7	  9,67	 75,92	  18,1	  29,1	  33,1	  33,3	  34,7	  36,6	  35,4	  10,2
s	    57,3377	 6	  7,41	 99,00	  19,4	  30,0	  34,1	  34,5	  35,9	  37,0	  35,5	  10,2
s	    57,5544	 7	  7,72	 98,98	  18,4	  29,6	  33,7	  34,2	  35,5	  36,5	  35,3	  10,1
s	    58,3855	 8	  9,20	 66,65	  16,8	  27,4	  31,3	  31,1	  32,5	  35,1	  34,1	   8,0
s	    58,4767	 8	  8,01	108,49	  18,8	  29,6	  33,8	  34,2	  35,5	  36,3	  35,1	   9,8
s	    58,7928	 8	  7,37	103,26	  17,8	  28,8	  32,9	  33,1	  34,4	  36,1	  35,1	   9,7
s	    59,8117	 8	  8,09	111,30	  16,2	  27,5	  32,4	  32,8	  34,3	  36,3	  34,7	   9,3
s	    60,7521	 8	  7,62	 72,81	  16,6	  28,0	  33,2	  33,9	  35,3	  36,2	  34,8	   9,3
s	    61,3876	 3	209,35	 89,61	  20,0	  30,0	  34,0	  34,8	  36,2	  36,4	  34,3	   7,9
s	    61,6433	 4	209,38	 93,80	  19,7	  29,9	  33,9	  34,7	  36,1	  36,3	  34,1	   7,8
s	    61,7317	 4	209,32	 85,10	  18,7	  29,0	  33,0	  33,6	  34,9	  35,9	  34,1	   7,7
s	    62,5335	 5	209,41	 98,27	  18,4	  28,7	  32,7	  33,1	  34,5	  35,5	  33,9	   7,5
s	    63,0148	 4	210,27	 89,61	  19,6	  30,1	  34,3	  35,1	  36,5	  36,5	  35,0	   9,3
s	    63,2666	 5	210,29	 93,73	  19,3	  30,1	  34,2	  35,0	  36,4	  36,5	  34,9	   9,1
s	    63,3536	 5	210,24	 85,17	  18,3	  29,1	  33,3	  33,9	  35,2	  36,0	  34,9	   9,1
s	    63,9172	 6	209,44	102,32	  18,6	  29,2	  33,3	  33,7	  35,1	  36,1	  34,4	   8,6
s	    63,9364	 4	208,04	 89,63	  19,5	  30,1	  34,2	  35,1	  36,4	  36,4	  34,9	   9,1
s	    64,1432	 6	210,33	 98,13	  18,0	  29,0	  33,2	  33,7	  35,0	  35,9	  34,7	   8,8
s	    64,1764	 6	209,26	 76,61	  17,0	  27,6	  31,6	  31,7	  33,1	  34,9	  33,6	   7,0
s	    64,1860	 5	208,07	 93,72	  19,3	  30,0	  34,2	  35,0	  36,3	  36,4	  34,8	   8,9
s	    64,2723	 5	208,01	 85,22	  18,2	  29,1	  33,2	  33,8	  35,1	  36,0	  34,7	   8,9
s	    64,3310	 5	208,27	 89,62	  18,5	  29,6	  33,9	  34,7	  36,0	  35,9	  34,7	   8,9
s	    64,5797	 6	208,30	 93,70	  18,3	  29,5	  33,8	  34,6	  35,9	  35,9	  34,6	   8,7
s	    64,6657	 6	208,24	 85,24	  17,2	  28,6	  32,9	  33,4	  34,7	  35,5	  34,6	   8,7
s	    65,0551	 6	208,10	 98,07	  18,0	  29,0	  33,1	  33,6	  35,0	  35,8	  34,5	   8,6
s	    65,2293	 6	207,98	 80,87	  19,0	  29,7	  34,0	  34,8	  36,1	  36,0	  34,5	   8,6
s	    65,4456	 7	208,33	 98,04	  17,0	  28,5	  32,8	  33,3	  34,6	  35,3	  34,4	   8,4
s	    65,5062	 7	210,35	102,13	  17,7	  28,9	  33,0	  33,5	  34,8	  35,8	  34,4	   8,4
s	    65,6192	 7	208,21	 80,91	  18,0	  29,2	  33,6	  34,4	  35,7	  35,5	  34,4	   8,4
s	    65,7616	 7	210,18	 76,80	  16,6	  27,9	  32,1	  32,3	  33,6	  35,3	  34,4	   8,4
s	    65,9831	 7	209,47	106,55	  16,6	  27,4	  31,4	  31,5	  32,9	  34,7	  33,3	   6,5
s	    66,1527	 7	209,23	 72,70	  17,1	  28,1	  32,1	  32,3	  33,7	  35,5	  34,1	   8,1
s	    66,4066	 7	208,13	102,04	  17,6	  28,8	  33,0	  33,4	  34,8	  35,7	  34,3	   8,2
s	    66,5380	 4	304,24	 89,46	  19,3	  29,4	  33,5	  34,3	  35,6	  35,6	  33,6	   6,8
s	    66,6599	 7	207,95	 76,93	  16,6	  27,9	  32,0	  32,2	  33,6	  35,2	  34,2	   8,2
s	    66,7817	 5	304,22	 93,46	  19,1	  29,3	  33,4	  34,2	  35,5	  35,6	  33,4	   6,6
s	    66,7923	 8	208,36	101,99	  16,6	  28,3	  32,6	  33,1	  34,4	  35,2	  34,1	   8,0
s	    66,8659	 5	304,26	 85,17	  18,0	  28,4	  32,5	  33,1	  34,4	  35,2	  33,4	   6,6
s	    67,0447	 8	208,18	 76,97	  15,6	  27,4	  31,7	  31,9	  33,2	  34,7	  34,1	   8,0
s	    67,5422	 8	210,39	106,30	  16,3	  27,7	  31,9	  32,1	  33,4	  35,1	  34,0	   7,9
s	    67,6301	 6	304,20	 97,71	  17,7	  28,1	  32,2	  32,6	  33,9	  34,8	  33,2	   6,3
s	    67,7093	 8	210,15	 72,94	  16,3	  27,7	  31,9	  32,1	  33,4	  35,1	  34,0	   7,9
s	    67,7137	 6	304,28	 81,22	  18,3	  28,8	  32,9	  33,4	  34,7	  35,6	  34,0	   7,8
s	    67,8868	 8	206,69	 81,10	  16,5	  28,1	  32,5	  33,0	  34,2	  34,9	  34,0	   7,8
s	    68,4260	 8	208,16	106,18	  16,2	  27,7	  31,8	  32,0	  33,3	  35,0	  33,9	   7,7
s	    68,6133	 8	209,50	110,60	  17,7	  28,6	  32,7	  33,2	  34,5	  35,4	  33,7	   7,4
s	    68,8217	 8	209,19	 68,67	  15,2	  26,2	  30,2	  30,0	  31,4	  34,0	  32,9	   5,8
s	    68,9503	 7	304,18	101,59	  17,9	  28,7	  32,8	  33,2	  34,5	  35,4	  33,7	   7,5
s	    69,1886	 5	305,43	 89,47	  18,9	  29,5	  33,7	  34,5	  35,8	  35,7	  34,2	   7,9
s	    69,1978	 7	304,30	 77,06	  16,4	  27,0	  31,1	  31,2	  32,6	  34,2	  32,9	   5,9
s	    69,4265	 6	305,41	 93,37	  18,6	  29,4	  33,7	  34,4	  35,7	  35,6	  34,0	   7,7
s	    69,5087	 6	305,45	 85,28	  17,6	  28,5	  32,7	  33,3	  34,5	  35,2	  34,0	   7,7
s	    69,5647	 6	305,20	 89,47	  17,9	  29,0	  33,4	  34,2	  35,4	  35,2	  34,0	   7,7
s	    69,8017	 7	305,18	 93,36	  17,6	  28,9	  33,3	  34,1	  35,3	  35,1	  33,9	   7,5
s	    69,8837	 7	305,22	 85,29	  16,6	  28,0	  32,4	  32,9	  34,1	  34,7	  33,9	   7,5
s	    70,2549	 7	305,39	 97,53	  17,3	  28,4	  32,6	  33,1	  34,4	  35,1	  33,8	   7,4
s	    70,3365	 7	305,46	 81,42	  17,3	  28,4	  32,6	  33,1	  34,4	  35,1	  33,8	   7,4
s	    70,6274	 8	305,16	 97,50	  16,3	  27,9	  32,3	  32,8	  34,0	  34,6	  33,7	   7,3
s	    70,7087	 8	305,24	 81,45	  16,3	  27,9	  32,3	  32,8	  34,0	  34,6	  33,7	   7,2
s	    70,9242	 8	304,16	105,64	  16,0	  26,9	  30,9	  31,0	  32,3	  34,0	  32,6	   5,4
s	    71,0863	 8	304,31	 73,31	  16,5	  27,5	  31,6	  31,8	  33,1	  34,8	  33,4	   6,9
s	    71,5446	 8	305,37	101,32	  17,0	  28,2	  32,5	  32,9	  34,2	  35,0	  33,6	   7,1
s	    71,7865	 8	305,48	 77,36	  16,0	  27,3	  31,5	  31,8	  33,0	  34,5	  33,6	   7,0
s	    72,7100	 5	214,96	 89,59	  17,1	  28,2	  32,5	  33,3	  34,6	  34,5	  32,8	   5,4
s	    72,9405	 6	214,99	 93,37	  16,9	  28,1	  32,4	  33,2	  34,4	  34,4	  32,6	   5,2
s	    73,0202	 6	214,94	 85,52	  15,8	  27,2	  31,5	  32,0	  33,3	  34,0	  32,6	   5,2
s	    73,7439	 7	215,01	 97,40	  15,6	  26,9	  31,2	  31,6	  32,9	  33,6	  32,4	   5,0
s	    74,4903	 6	215,71	 89,59	  16,8	  28,3	  32,8	  33,6	  34,8	  34,6	  33,5	   6,7
s	    74,7174	 7	215,73	 93,31	  16,5	  28,3	  32,7	  33,5	  34,7	  34,5	  33,3	   6,6
s	    74,7959	 7	215,68	 85,58	  15,5	  27,3	  31,8	  32,3	  33,5	  34,1	  33,3	   6,5
s	    74,8641	 7	215,49	 89,59	  15,8	  27,8	  32,4	  33,2	  34,4	  34,1	  33,3	   6,5
s	    74,9951	 8	215,04	101,08	  15,8	  27,4	  31,8	  32,2	  33,5	  34,2	  33,0	   6,2
s	    75,0125	 6	213,66	 89,60	  16,7	  28,3	  32,7	  33,5	  34,8	  34,6	  33,4	   6,6
s	    75,0904	 8	215,51	 93,30	  15,5	  27,8	  32,4	  33,1	  34,3	  34,0	  33,2	   6,4
s	    75,1687	 8	215,46	 85,60	  14,5	  26,8	  31,4	  32,0	  33,1	  33,6	  33,2	   6,4
s	    75,2298	 8	214,88	 77,83	  14,2	  25,8	  30,1	  30,2	  31,5	  33,0	  32,1	   4,6
s	    75,2385	 7	213,69	 93,31	  16,5	  28,2	  32,7	  33,4	  34,7	  34,5	  33,3	   6,4
s	    75,3166	 7	213,64	 85,61	  15,4	  27,3	  31,7	  32,3	  33,5	  34,1	  33,3	   6,4
s	    75,5085	 8	215,76	 97,28	  15,2	  27,2	  31,7	  32,2	  33,4	  34,0	  33,1	   6,3
s	    76,0261	 8	213,71	 97,26	  15,2	  27,2	  31,6	  32,1	  33,3	  34,0	  33,1	   6,2
s	    76,1842	 8	213,61	 81,67	  16,2	  28,0	  32,5	  33,3	  34,4	  34,1	  33,1	   6,2
s	    91,8860	 4	149,60	 90,11	  17,5	  27,6	  31,7	  32,5	  33,7	  33,6	  30,8	   1,8
s	    92,0836	 5	149,63	 93,35	  17,2	  27,5	  31,6	  32,4	  33,6	  33,5	  30,7	   1,6
s	    92,8408	 6	149,56	 83,41	  15,9	  26,5	  30,6	  31,1	  32,3	  33,0	  30,5	   1,4
s	    93,8489	 7	149,67	 99,99	  16,2	  26,9	  31,0	  31,4	  32,7	  33,4	  31,1	   2,6
s	    95,0619	 5	149,93	 86,70	  16,5	  27,0	  31,0	  31,5	  32,8	  33,6	  31,2	   2,6
s	    95,1807	 8	149,52	 77,65	  12,8	  24,3	  29,5	  29,9	  31,3	  32,7	  30,8	   2,2
s	    95,2507	 5	150,00	 90,11	  17,0	  27,6	  31,9	  32,7	  33,9	  33,6	  31,4	   2,8
s	    95,4076	 6	149,77	 90,11	  16,1	  27,2	  31,5	  32,3	  33,5	  33,1	  31,3	   2,7
s	    95,4434	 6	150,03	 93,27	  16,8	  27,6	  31,8	  32,6	  33,8	  33,5	  31,3	   2,6
s	    95,4452	 5	149,02	 90,12	  17,5	  27,9	  31,9	  32,7	  34,0	  34,0	  30,4	   1,0
s	    95,6001	 7	149,79	 93,27	  15,8	  27,1	  31,5	  32,2	  33,4	  33,1	  31,2	   2,5
s	    95,6376	 6	149,04	 93,27	  16,8	  27,7	  31,8	  32,6	  33,8	  33,8	  31,3	   2,6
s	    95,6697	 6	150,00	 96,67	  16,3	  26,9	  30,9	  31,4	  32,7	  33,5	  31,0	   2,4
s	    95,7042	 6	148,99	 86,72	  16,3	  26,9	  30,9	  31,4	  32,7	  33,5	  30,2	   0,8
s	    96,1822	 7	149,96	 83,57	  15,5	  26,6	  30,8	  31,3	  32,5	  33,0	  31,1	   2,4
s	    96,3092	 7	149,06	 96,65	  16,0	  26,9	  30,9	  31,3	  32,6	  33,4	  30,1	   0,6
s	    96,3381	 8	149,72	 83,58	  14,5	  26,1	  30,5	  31,0	  32,1	  32,6	  31,0	   2,3
s	    96,3754	 7	148,97	 83,59	  15,5	  26,7	  30,8	  31,3	  32,5	  33,2	  31,1	   2,4
s	    97,0622	 8	149,08	 98,99	  13,2	  25,1	  30,3	  31,0	  32,3	  33,0	  30,9	   2,1
s	    97,1661	 8	150,07	 99,75	  15,2	  26,4	  30,7	  31,1	  32,3	  32,9	  30,9	   2,1
s	    97,2234	 4	 83,98	 96,83	  14,9	  25,3	  30,1	  30,8	  32,2	  33,2	  30,3	   0,8
s	    98,3069	 8	150,04	103,07	  14,1	  25,1	  29,0	  29,1	  30,4	  32,0	  29,7	   0,1
s	    98,5793	 7	150,08	 86,79	  14,6	  26,1	  30,4	  30,9	  32,1	  32,7	  30,9	   2,0
s	    99,1719	 8	150,15	 96,51	  14,4	  26,0	  30,3	  30,8	  32,0	  32,6	  30,7	   1,7
s	    99,5145	 5	 83,84	 96,72	  14,5	  25,6	  30,6	  31,3	  32,7	  33,6	  31,0	   2,0
s	    99,5996	 6	 84,08	 96,72	  13,5	  25,1	  30,3	  31,0	  32,4	  33,2	  30,9	   1,9
s	   101,4354	 5	  0,34	 89,89	  16,7	  26,8	  31,0	  31,8	  33,0	  32,6	  29,8	  -0,1
s	   101,6199	 6	  0,32	 92,91	  16,4	  26,7	  30,9	  31,7	  32,9	  32,5	  29,6	  -0,3
s	   102,3271	 7	  0,39	 83,63	  15,1	  25,7	  29,9	  30,4	  31,6	  32,0	  29,5	  -0,5
s	   103,2693	 8	  0,27	 99,12	  15,4	  26,1	  30,3	  30,7	  31,9	  32,4	  30,1	   0,7
s	   104,2844	 8	 84,01	 71,52	  12,0	  23,5	  28,4	  28,4	  29,9	  32,5	  30,0	   0,5
s	   104,6091	 6	  0,06	 86,70	  15,7	  26,3	  30,4	  30,8	  32,1	  32,7	  30,1	   0,7
s	   104,8170	 6	359,99	 89,89	  16,2	  26,9	  31,2	  32,0	  33,1	  32,7	  30,4	   0,9
s	   104,9637	 7	  0,21	 89,89	  15,3	  26,4	  30,9	  31,7	  32,8	  32,2	  30,2	   0,8
s	   104,9675	 6	  0,92	 89,89	  16,7	  27,2	  31,3	  32,0	  33,2	  33,0	  29,3	  -0,9
s	   104,9972	 7	359,97	 92,84	  16,0	  26,8	  31,1	  31,9	  33,0	  32,6	  30,2	   0,8
s	   105,1438	 8	  0,19	 92,84	  15,0	  26,3	  30,8	  31,6	  32,7	  32,1	  30,1	   0,6
s	   105,1475	 7	  0,89	 92,84	  16,0	  26,9	  31,2	  31,9	  33,1	  32,8	  30,2	   0,7
s	   105,1775	 7	359,99	 96,02	  15,5	  26,2	  30,3	  30,7	  32,0	  32,6	  30,0	   0,5
s	   105,2098	 7	  0,94	 86,72	  15,5	  26,2	  30,3	  30,7	  32,0	  32,6	  29,2	  -1,1
s	   105,3252	 5	194,59	 89,77	  15,7	  26,3	  30,5	  31,3	  32,5	  32,1	  29,4	  -0,9
s	   105,5047	 6	194,62	 92,71	  15,4	  26,2	  30,4	  31,2	  32,4	  32,1	  29,3	  -1,0
s	   105,6882	 8	  0,04	 83,77	  14,7	  25,8	  30,1	  30,6	  31,8	  32,1	  30,1	   0,5
s	   105,7758	 8	  0,87	 96,00	  15,2	  26,1	  30,2	  30,6	  31,8	  32,5	  29,0	  -1,3
s	   105,8378	 8	  0,97	 83,79	  14,7	  25,9	  30,2	  30,6	  31,8	  32,3	  30,0	   0,5
s	   106,1934	 7	194,54	 83,68	  14,2	  25,2	  29,4	  29,9	  31,1	  31,6	  29,1	  -1,2
s	   106,3489	 8	  0,11	 80,62	  13,6	  24,5	  28,5	  28,6	  29,8	  31,2	  29,0	  -1,4
s	   106,4716	 6	195,38	 89,76	  15,4	  26,5	  30,9	  31,7	  32,8	  32,4	  30,2	   0,6
s	   106,6498	 7	195,40	 92,69	  15,2	  26,4	  30,8	  31,6	  32,7	  32,3	  30,1	   0,5
s	   106,7443	 2	 83,39	 90,35	  17,8	  27,7	  31,6	  32,4	  33,8	  33,8	  30,6	   1,0
s	   106,9222	 3	 83,39	 93,26	  17,5	  27,7	  31,6	  32,3	  33,7	  33,7	  30,5	   0,8
s	   106,9837	 3	 83,40	 87,21	  17,2	  27,2	  30,9	  31,4	  32,8	  33,7	  30,5	   0,8
s	   107,1112	 8	194,66	 98,76	  14,4	  25,6	  29,8	  30,3	  31,5	  32,0	  29,7	   0,0
s	   107,3332	 8	195,33	 83,72	  13,9	  25,4	  29,8	  30,3	  31,4	  31,8	  29,9	   0,2
s	   107,6043	 4	 83,40	 84,31	  16,0	  26,4	  30,3	  30,8	  32,2	  33,0	  30,1	   0,4
s	   107,9897	 7	359,73	 86,77	  14,8	  25,8	  30,1	  30,5	  31,7	  32,2	  30,0	   0,2
s	   108,1334	 8	359,94	 86,77	  13,8	  25,4	  29,7	  30,2	  31,4	  31,7	  29,8	   0,1
s	   108,2172	 6	194,01	 86,66	  14,8	  25,8	  29,9	  30,4	  31,6	  32,2	  29,8	   0,0
s	   108,3894	 6	193,95	 89,78	  15,3	  26,4	  30,7	  31,5	  32,7	  32,2	  30,0	   0,2
s	   108,4222	 3	 63,90	 90,30	  17,4	  27,5	  31,5	  32,3	  33,6	  33,4	  30,4	   0,6
s	   108,5135	 5	 83,39	 99,25	  15,7	  26,3	  30,3	  30,7	  32,0	  32,9	  29,9	   0,1
s	   108,5453	 8	359,66	 95,88	  14,5	  25,8	  30,0	  30,4	  31,6	  32,1	  29,8	  -0,0
s	   108,5653	 7	193,97	 92,66	  15,0	  26,3	  30,7	  31,4	  32,6	  32,2	  29,9	   0,1
s	   108,5980	 4	 63,89	 93,19	  17,2	  27,4	  31,4	  32,2	  33,5	  33,3	  30,2	   0,4
s	   108,6676	 7	194,14	 89,78	  14,3	  25,9	  30,4	  31,2	  32,3	  31,7	  29,9	   0,1
s	   108,6960	 5	 83,40	 81,23	  14,9	  25,1	  28,9	  28,9	  30,3	  32,1	  29,1	  -1,5
s	   108,7719	 7	194,08	 95,77	  14,5	  25,7	  29,8	  30,3	  31,5	  32,1	  29,6	  -0,2
s	   108,8432	 8	194,16	 92,65	  14,1	  25,8	  30,4	  31,1	  32,2	  31,7	  29,8	  -0,1
s	   109,0528	 3	 83,27	 90,35	  16,7	  27,1	  31,2	  32,0	  33,3	  33,2	  30,3	   0,5
s	   109,1649	 4	 62,60	 90,30	  16,4	  27,0	  31,1	  31,9	  33,1	  32,9	  30,2	   0,3
s	   109,2279	 4	 83,27	 93,22	  16,4	  27,1	  31,1	  31,9	  33,2	  33,1	  30,2	   0,3
s	   109,2401	 8	193,90	 83,81	  13,8	  25,3	  29,7	  30,2	  31,3	  31,7	  29,7	  -0,1
s	   109,2885	 4	 83,28	 87,26	  16,1	  26,6	  30,5	  31,0	  32,3	  33,1	  30,2	   0,3
s	   109,2971	 4	 62,78	 87,21	  16,1	  26,6	  30,5	  31,0	  32,3	  33,1	  30,2	   0,3
s	   109,3399	 5	 62,59	 93,17	  16,2	  26,9	  31,0	  31,8	  33,0	  32,8	  30,0	   0,2
s	   109,3417	 7	194,78	 86,68	  14,0	  25,5	  29,8	  30,2	  31,4	  31,9	  29,8	  -0,0
s	   109,8924	 8	194,85	 95,72	  13,7	  25,4	  29,7	  30,1	  31,3	  31,8	  29,7	  -0,2
s	   109,8997	 5	 83,28	 84,40	  15,1	  26,1	  30,1	  30,6	  31,9	  32,6	  30,0	   0,1
s	   109,9083	 5	 62,79	 84,36	  15,6	  26,3	  30,2	  30,6	  31,9	  32,8	  29,8	  -0,2
s	   109,9743	 6	 83,38	102,29	  14,6	  25,0	  28,7	  28,8	  30,2	  32,0	  28,9	  -1,8
s	   110,0949	 6	 83,41	 78,41	  15,1	  25,7	  29,5	  29,6	  30,9	  32,7	  29,6	  -0,3
s	   110,1718	 6	 63,86	 99,11	  15,4	  26,1	  30,1	  30,5	  31,8	  32,5	  29,6	  -0,3
s	   110,6953	 7	 61,40	 96,21	  12,6	  23,7	  28,8	  29,5	  30,7	  31,3	  28,7	  -2,1
s	   110,7053	 4	 64,07	 90,31	  16,3	  26,9	  31,0	  31,8	  33,1	  32,8	  30,0	   0,0
s	   110,7953	 6	 83,26	 99,12	  14,9	  26,0	  30,0	  30,5	  31,8	  32,5	  29,8	  -0,2
s	   110,8219	 5	 63,86	 90,31	  15,4	  26,4	  30,7	  31,5	  32,7	  32,3	  29,9	  -0,1
s	   110,8785	 5	 64,06	 93,15	  16,1	  26,8	  31,0	  31,7	  33,0	  32,7	  29,9	  -0,1
s	   110,9061	 7	 62,57	 99,07	  14,6	  25,8	  29,9	  30,4	  31,6	  32,2	  29,7	  -0,3
s	   110,9751	 6	 83,28	 81,37	  14,6	  25,5	  29,4	  29,5	  30,9	  32,5	  29,8	  -0,2
s	   110,9950	 6	 63,85	 93,14	  15,1	  26,4	  30,6	  31,4	  32,6	  32,3	  29,8	  -0,2
s	   111,0767	 6	 62,80	 81,10	  14,8	  25,3	  29,3	  29,7	  30,9	  31,7	  28,7	  -2,0
s	   111,5672	 5	 62,97	 87,26	  15,0	  26,0	  30,0	  30,5	  31,8	  32,5	  29,8	  -0,2
s	   111,6169	 7	 63,85	102,12	  13,6	  24,3	  28,3	  28,4	  29,7	  31,2	  28,6	  -2,2
s	   111,6947	 6	 62,76	 87,26	  14,1	  25,5	  29,7	  30,2	  31,4	  32,0	  29,7	  -0,4
s	   111,7063	 7	 83,38	105,06	  14,8	  25,6	  29,3	  29,4	  30,8	  32,6	  29,4	  -0,7
s	   112,1694	 6	 62,98	 84,45	  14,8	  25,9	  30,0	  30,4	  31,7	  32,4	  29,7	  -0,4
s	   112,2345	 7	 83,26	102,12	  14,3	  25,3	  29,3	  29,4	  30,7	  32,4	  29,6	  -0,6
s	   112,2963	 7	 62,77	 84,45	  13,8	  25,4	  29,6	  30,1	  31,3	  32,0	  29,6	  -0,6
s	   112,3442	 8	 62,55	102,06	  13,3	  24,7	  28,9	  29,0	  30,3	  31,7	  29,4	  -0,7
s	   112,3532	 7	 83,28	 78,59	  14,3	  25,3	  29,2	  29,4	  30,7	  32,4	  29,5	  -0,6
s	   112,4291	 7	 64,04	 98,99	  14,5	  25,7	  29,9	  30,3	  31,5	  32,1	  29,5	  -0,6
s	   112,4825	 7	 62,82	 78,33	  15,0	  25,9	  29,9	  30,3	  31,6	  32,3	  29,3	  -0,8
s	   112,5444	 8	 63,83	 98,98	  13,6	  25,2	  29,5	  30,0	  31,2	  31,7	  29,4	  -0,7
s	   112,9450	 8	 61,61	 96,13	  12,3	  24,0	  29,3	  30,0	  31,3	  31,7	  29,4	  -0,8
s	   113,3208	 7	 63,00	 81,24	  14,5	  25,7	  29,8	  30,2	  31,5	  32,1	  29,5	  -0,8
s	   113,3306	 8	 63,84	104,86	  13,8	  24,9	  28,9	  29,0	  30,3	  31,8	  29,1	  -1,1
s	   113,4468	 8	 62,78	 81,25	  13,5	  25,2	  29,5	  29,9	  31,1	  31,6	  29,3	  -0,9
s	   113,4939	 8	138,47	 87,19	  13,5	  25,2	  29,5	  29,9	  31,1	  31,6	  29,3	  -0,9
s	   113,5813	 8	 83,41	 73,41	  10,7	  22,6	  27,6	  27,7	  29,0	  31,5	  29,1	  -1,2
s	   113,8532	 8	 64,03	101,95	  13,2	  24,7	  28,8	  29,0	  30,2	  31,6	  29,3	  -1,0
s	   113,9414	 8	 83,26	104,84	  14,0	  25,2	  29,1	  29,2	  30,5	  32,2	  29,3	  -1,0
s	   113,9619	 8	 83,38	107,96	  12,9	  23,8	  27,5	  27,2	  28,6	  31,2	  28,3	  -2,8
s	   114,0543	 6	318,21	 89,58	  15,0	  25,6	  29,9	  30,7	  31,8	  31,3	  28,5	  -2,6
s	   114,2238	 7	318,19	 92,36	  14,7	  25,5	  29,8	  30,6	  31,7	  31,2	  28,3	  -2,7
s	   114,7065	 8	 63,01	 78,50	  14,2	  25,5	  29,7	  30,1	  31,3	  31,9	  29,2	  -1,1
s	   114,8742	 8	318,24	 83,83	  13,4	  24,5	  28,8	  29,3	  30,5	  30,7	  28,2	  -2,9
s	   115,1371	 7	317,45	 89,58	  14,7	  25,8	  30,3	  31,1	  32,2	  31,5	  29,3	  -1,1
s	   115,3054	 8	317,43	 92,34	  14,4	  25,8	  30,2	  31,0	  32,1	  31,4	  29,2	  -1,2
s	   116,6541	 7	103,71	 96,03	  12,3	  24,0	  29,2	  29,9	  31,2	  31,7	  29,2	  -1,4
s	   116,9288	 8	103,89	 96,02	  11,3	  23,5	  28,9	  29,6	  30,8	  31,3	  29,0	  -1,5
s	   116,9762	 7	318,73	 86,65	  14,1	  25,1	  29,3	  29,8	  31,0	  31,4	  28,9	  -1,7
s	   117,1680	 7	318,78	 89,59	  14,6	  25,7	  30,2	  30,9	  32,0	  31,4	  29,1	  -1,5
s	   117,3342	 8	318,77	 92,31	  14,3	  25,6	  30,1	  30,9	  31,9	  31,3	  29,0	  -1,6
s	   117,4309	 8	318,60	 89,59	  13,6	  25,2	  29,8	  30,6	  31,7	  30,9	  29,0	  -1,6
s	   117,5005	 8	318,67	 95,25	  13,8	  25,0	  29,2	  29,7	  30,9	  31,3	  28,7	  -1,9
s	   118,0392	 8	317,98	 86,66	  13,3	  24,8	  29,2	  29,6	  30,8	  31,1	  28,9	  -1,7
s	   119,5643	 7	 43,80	 95,80	  12,2	  23,2	  28,3	  28,9	  30,2	  30,7	  27,9	  -3,7
s	   120,0991	 8	319,28	 86,71	  13,1	  24,7	  29,1	  29,5	  30,7	  30,9	  28,7	  -2,1
s	   121,4190	 8	 42,75	 95,73	  11,8	  23,5	  28,9	  29,6	  30,8	  31,2	  28,6	  -2,3
s	   121,5427	 8	 44,23	 95,74	  11,8	  23,5	  28,8	  29,5	  30,8	  31,2	  28,6	  -2,3
s	   123,1352	 4	102,36	 90,35	  14,9	  25,4	  29,6	  30,4	  31,6	  31,2	  27,9	  -4,0
s	   123,2954	 5	102,37	 92,98	  14,7	  25,4	  29,5	  30,3	  31,5	  31,2	  27,8	  -4,1
s	   123,3508	 5	102,36	 87,52	  13,6	  24,5	  28,6	  29,1	  30,3	  30,8	  27,7	  -4,1
s	   124,6132	 6	285,98	 89,46	  13,6	  24,7	  29,1	  29,9	  31,0	  30,4	  27,5	  -4,5
s	   124,7305	 7	102,37	 98,38	  13,6	  24,8	  28,9	  29,4	  30,6	  31,1	  28,2	  -3,0
s	   124,7427	 5	103,43	 90,35	  14,6	  25,6	  29,9	  30,7	  31,9	  31,4	  28,6	  -2,6
s	   124,7720	 7	285,98	 92,06	  13,4	  24,7	  29,0	  29,8	  30,9	  30,4	  27,4	  -4,6
s	   124,8270	 7	285,99	 86,65	  12,4	  23,7	  28,1	  28,6	  29,7	  29,9	  27,4	  -4,6
s	   124,8953	 7	102,35	 82,12	  12,1	  23,2	  27,3	  27,4	  28,6	  29,9	  27,4	  -4,6
s	   124,9014	 6	103,44	 92,95	  14,4	  25,6	  29,9	  30,6	  31,8	  31,4	  28,5	  -2,7
s	   124,9563	 6	103,43	 87,55	  13,3	  24,7	  28,9	  29,4	  30,6	  31,0	  28,5	  -2,7
s	   125,2175	 5	102,00	 90,35	  14,6	  25,6	  29,9	  30,7	  31,9	  31,4	  28,6	  -2,7
s	   125,3267	 8	285,97	 94,85	  12,1	  23,5	  27,8	  28,2	  29,3	  29,6	  27,2	  -4,8
s	   125,3757	 6	102,00	 92,95	  14,3	  25,6	  29,8	  30,6	  31,8	  31,3	  28,5	  -2,8
s	   125,3814	 8	285,99	 84,06	  12,6	  24,2	  28,5	  29,0	  30,1	  30,4	  28,0	  -3,3
s	   125,4305	 6	102,00	 87,56	  13,3	  24,6	  28,9	  29,4	  30,6	  30,9	  28,5	  -2,8
s	   125,4781	 6	102,18	 90,35	  13,6	  25,1	  29,6	  30,4	  31,5	  30,9	  28,5	  -2,8
s	   125,5670	 7	103,42	 84,76	  14,1	  25,4	  29,7	  30,5	  31,6	  31,1	  28,4	  -3,0
s	   125,6361	 7	102,18	 92,94	  13,4	  25,1	  29,5	  30,3	  31,4	  30,9	  28,4	  -3,0
s	   125,6907	 7	102,17	 87,56	  12,3	  24,2	  28,6	  29,1	  30,2	  30,5	  28,3	  -3,0
s	   126,0504	 8	102,38	101,14	  11,8	  23,1	  27,2	  27,3	  28,5	  29,8	  27,2	  -4,9
s	   126,1594	 8	102,34	 79,57	  12,3	  23,8	  27,9	  28,0	  29,3	  30,6	  28,0	  -3,4
s	   126,3228	 8	103,45	 98,31	  12,8	  24,5	  28,8	  29,2	  30,4	  30,8	  28,2	  -3,2
s	   126,4075	 5	 46,55	 90,24	  14,5	  25,1	  29,3	  30,1	  31,3	  30,8	  27,5	  -4,7
s	   126,4123	 7	287,01	 89,46	  13,3	  24,9	  29,4	  30,2	  31,3	  30,6	  28,3	  -3,1
s	   126,4860	 8	103,42	 82,20	  11,8	  23,6	  27,8	  28,0	  29,2	  30,4	  28,2	  -3,2
s	   126,5646	 6	 46,53	 92,81	  14,3	  25,0	  29,3	  30,0	  31,2	  30,7	  27,4	  -4,8
s	   126,5695	 8	287,00	 92,03	  13,1	  24,9	  29,4	  30,1	  31,2	  30,5	  28,2	  -3,2
s	   126,6189	 6	 46,56	 87,46	  14,0	  24,5	  28,6	  29,1	  30,3	  30,7	  27,3	  -4,8
s	   126,6238	 8	287,01	 86,69	  12,1	  23,9	  28,4	  29,0	  30,0	  30,1	  28,2	  -3,2
s	   126,6258	 7	285,58	 89,46	  13,3	  24,9	  29,4	  30,2	  31,3	  30,6	  28,3	  -3,1
s	   126,7827	 8	285,57	 92,03	  13,1	  24,9	  29,4	  30,1	  31,2	  30,5	  28,1	  -3,3
s	   126,7931	 8	102,01	 98,29	  12,8	  24,5	  28,8	  29,2	  30,3	  30,8	  28,1	  -3,3
s	   126,8370	 8	285,59	 86,69	  12,0	  23,9	  28,4	  28,9	  30,0	  30,1	  28,1	  -3,3
s	   126,9184	 8	285,75	 89,46	  12,3	  24,4	  29,1	  29,9	  30,9	  30,1	  28,1	  -3,3
s	   126,9559	 7	125,47	 90,28	  13,3	  24,9	  29,4	  30,2	  31,3	  30,6	  28,2	  -3,2
s	   126,9559	 8	101,99	 82,22	  11,8	  23,5	  27,8	  28,0	  29,2	  30,3	  28,1	  -3,3
s	   127,1125	 8	125,48	 92,84	  13,1	  24,8	  29,3	  30,1	  31,2	  30,5	  28,1	  -3,3
s	   127,1667	 8	125,45	 87,51	  12,0	  23,9	  28,4	  28,9	  30,0	  30,1	  28,1	  -3,3
s	   127,1675	 7	 46,58	 84,90	  13,5	  24,5	  28,8	  29,2	  30,4	  30,7	  28,0	  -3,5
s	   127,3313	 8	125,32	 90,28	  12,3	  24,4	  29,1	  29,9	  30,9	  30,1	  28,1	  -3,4
s	   127,9721	 8	 46,50	 98,12	  13,2	  24,5	  28,7	  29,1	  30,3	  30,6	  27,8	  -3,7
s	   128,0229	 7	124,74	 90,28	  13,2	  24,8	  29,3	  30,1	  31,2	  30,5	  28,1	  -3,4
s	   128,1338	 8	 46,59	 82,17	  12,4	  23,3	  27,3	  27,4	  28,6	  29,8	  27,0	  -5,3
s	   128,1786	 8	124,75	 92,83	  13,0	  24,8	  29,3	  30,0	  31,1	  30,4	  28,0	  -3,5
s	   128,2324	 8	124,73	 87,54	  12,0	  23,9	  28,4	  28,9	  29,9	  30,0	  28,0	  -3,5
s	   128,4498	 6	 46,93	 90,24	  14,2	  25,3	  29,6	  30,4	  31,5	  30,9	  28,2	  -3,3
s	   128,6051	 7	 46,91	 92,78	  14,0	  25,2	  29,6	  30,3	  31,4	  30,9	  28,1	  -3,5
s	   128,6588	 7	 46,94	 87,50	  13,7	  24,7	  28,9	  29,4	  30,6	  30,9	  28,1	  -3,5
s	   128,7293	 7	 46,75	 90,24	  13,2	  24,8	  29,3	  30,1	  31,2	  30,5	  28,1	  -3,5
s	   128,8843	 8	 46,74	 92,78	  13,0	  24,7	  29,3	  30,0	  31,1	  30,4	  28,0	  -3,6
s	   128,9379	 8	 46,77	 87,50	  12,7	  24,2	  28,6	  29,1	  30,2	  30,4	  28,0	  -3,7
s	   129,2008	 8	 46,96	 84,97	  12,7	  24,2	  28,6	  29,0	  30,2	  30,4	  27,9	  -3,7
s	   131,1076	 4	248,75	 91,98	  14,0	  24,8	  29,8	  30,8	  32,1	  32,0	  28,2	  -3,6
s	   131,8571	 7	 83,44	 95,55	  10,8	  22,9	  28,2	  28,9	  30,1	  30,6	  27,8	  -4,1
s	   132,5514	 5	265,52	 91,93	  13,7	  24,6	  29,6	  30,6	  31,9	  31,7	  28,0	  -4,0
s	   132,6926	 8	 83,44	 98,03	  10,5	  22,8	  28,1	  28,7	  30,0	  30,5	  27,6	  -4,3
s	   133,4196	 5	248,84	 91,95	  12,9	  24,2	  29,4	  30,3	  31,6	  31,4	  27,9	  -4,1
s	   133,8444	 7	248,71	 79,17	  10,9	  22,5	  27,4	  27,8	  29,2	  30,7	  27,4	  -4,6
s	   134,1563	 8	 83,33	 95,49	   9,7	  22,3	  27,7	  28,4	  29,6	  30,0	  27,5	  -4,6
s	   134,8446	 6	265,39	 91,90	  12,6	  24,0	  29,2	  30,2	  31,4	  31,1	  27,7	  -4,5
s	   134,9453	 7	265,57	 91,90	  11,6	  23,5	  28,9	  29,9	  31,1	  30,6	  27,5	  -4,6
s	   135,2659	 8	265,51	 79,22	  10,6	  22,2	  27,3	  27,7	  28,9	  30,3	  27,2	  -5,0
s	   136,1210	 8	248,80	 79,30	  10,1	  22,1	  27,3	  27,6	  28,9	  30,3	  27,3	  -4,9
s	   141,3713	 3	249,13	 89,48	  15,0	  25,4	  29,5	  30,3	  31,5	  31,2	  27,4	  -5,3
s	   141,5618	 5	 82,99	 90,37	  13,0	  24,5	  28,8	  29,6	  30,8	  30,2	  27,2	  -5,5
s	   141,5655	 4	249,12	 86,93	  14,5	  24,9	  28,8	  29,2	  30,5	  31,1	  27,3	  -5,4
s	   141,7059	 6	 82,99	 92,73	  12,8	  24,5	  28,8	  29,5	  30,7	  30,2	  27,1	  -5,7
s	   141,7558	 6	 82,99	 87,82	  12,5	  24,0	  28,1	  28,6	  29,8	  30,2	  27,1	  -5,7
s	   142,0198	 5	249,14	 94,38	  12,7	  23,5	  27,5	  27,9	  29,1	  29,6	  26,1	  -7,4
s	   142,0627	 7	 82,99	 94,69	   9,5	  22,0	  27,4	  28,1	  29,3	  29,6	  26,9	  -5,8
s	   142,0696	 5	249,12	 84,57	  14,0	  24,6	  28,5	  28,9	  30,2	  30,8	  26,9	  -5,8
s	   142,2593	 7	 83,00	 85,47	  12,3	  23,9	  28,1	  28,5	  29,7	  30,1	  26,9	  -5,9
s	   142,7349	 4	264,95	 89,45	  14,7	  25,2	  29,3	  30,1	  31,3	  30,8	  27,2	  -5,6
s	   142,8093	 6	249,15	 96,72	  13,7	  24,5	  28,4	  28,8	  30,0	  30,7	  26,8	  -6,1
s	   142,9277	 5	264,95	 86,92	  14,2	  24,6	  28,6	  29,1	  30,3	  30,8	  27,1	  -5,8
s	   142,9580	 6	249,11	 82,06	  11,4	  22,5	  26,5	  26,6	  27,8	  29,1	  26,0	  -7,7
s	   143,1110	 6	 65,00	 90,33	  12,7	  24,3	  28,7	  29,5	  30,5	  29,9	  27,0	  -5,9
s	   143,1468	 8	 83,00	 82,96	  11,0	  22,9	  27,1	  27,2	  28,4	  29,6	  26,7	  -6,1
s	   143,2540	 7	 64,99	 92,67	  12,5	  24,2	  28,6	  29,4	  30,4	  29,8	  26,8	  -6,0
s	   143,3786	 6	264,96	 94,32	  12,4	  23,2	  27,3	  27,7	  28,9	  29,2	  25,9	  -7,7
s	   143,4280	 6	264,95	 84,58	  13,7	  24,3	  28,3	  28,7	  30,0	  30,4	  26,7	  -6,2
s	   143,6872	 4	249,21	 89,48	  13,9	  24,9	  29,1	  29,8	  31,0	  30,6	  27,1	  -5,8
s	   143,7534	 8	 64,98	 95,19	  11,2	  23,2	  27,6	  28,1	  29,2	  29,3	  26,7	  -6,2
s	   143,7905	 7	249,10	 80,31	   9,7	  21,6	  26,7	  27,1	  28,4	  29,7	  26,6	  -6,4
s	   143,8724	 6	 82,90	 90,37	  11,9	  24,0	  28,4	  29,2	  30,3	  29,6	  26,9	  -6,0
s	   143,8790	 5	249,20	 86,96	  13,4	  24,3	  28,3	  28,8	  30,0	  30,5	  27,0	  -5,9
s	   144,0009	 7	249,16	 99,21	  11,9	  22,8	  26,6	  26,7	  27,9	  29,4	  25,8	  -7,9
s	   144,0147	 7	 82,90	 92,70	  11,7	  23,9	  28,4	  29,1	  30,2	  29,6	  26,8	  -6,2
s	   144,0640	 7	 82,90	 87,86	  11,4	  23,4	  27,7	  28,2	  29,3	  29,6	  26,8	  -6,2
s	   144,1623	 7	264,96	 96,64	  13,4	  24,3	  28,2	  28,6	  29,8	  30,4	  26,5	  -6,4
s	   144,3276	 6	249,22	 94,32	  12,4	  23,8	  28,0	  28,5	  29,6	  30,0	  26,9	  -6,1
s	   144,3671	 8	 82,89	 94,64	   8,4	  21,4	  27,0	  27,7	  28,8	  29,0	  26,6	  -6,3
s	   144,3768	 6	249,20	 84,64	  13,1	  24,2	  28,3	  28,7	  29,9	  30,4	  26,9	  -6,1
s	   144,5613	 8	 82,90	 85,53	  11,2	  23,3	  27,6	  28,0	  29,2	  29,5	  26,6	  -6,4
s	   145,0339	 5	264,84	 89,45	  13,6	  24,6	  28,9	  29,7	  30,8	  30,2	  26,9	  -6,1
s	   145,1074	 7	249,23	 96,63	  12,9	  24,2	  28,2	  28,6	  29,8	  30,4	  26,7	  -6,4
s	   145,1291	 6	265,01	 89,45	  12,6	  24,2	  28,6	  29,4	  30,4	  29,8	  26,8	  -6,2
s	   145,2243	 6	264,83	 86,95	  13,1	  24,1	  28,2	  28,6	  29,8	  30,2	  26,8	  -6,3
s	   145,2542	 7	249,19	 82,15	  11,1	  22,8	  27,0	  27,2	  28,3	  29,5	  26,7	  -6,4
s	   145,3194	 7	265,01	 86,95	  12,1	  23,6	  27,9	  28,3	  29,5	  29,7	  26,7	  -6,4
s	   145,3454	 8	264,96	 99,12	  11,6	  22,6	  26,5	  26,5	  27,7	  29,0	  25,5	  -8,3
s	   145,4187	 8	249,16	101,50	  12,1	  23,4	  27,3	  27,3	  28,6	  30,1	  26,3	  -6,8
s	   145,6630	 8	249,09	 77,29	  10,6	  21,7	  25,6	  25,3	  26,6	  28,8	  25,5	  -8,3
s	   145,6697	 7	264,84	 94,26	  12,1	  23,6	  27,9	  28,3	  29,4	  29,7	  26,6	  -6,4
s	   145,7185	 7	264,83	 84,64	  12,8	  24,0	  28,1	  28,5	  29,7	  30,1	  26,6	  -6,5
s	   145,7646	 8	265,02	 94,26	  11,1	  23,1	  27,5	  28,0	  29,1	  29,2	  26,5	  -6,6
s	   145,8134	 8	265,01	 84,65	  11,9	  23,5	  27,8	  28,2	  29,3	  29,6	  26,5	  -6,6
s	   146,0765	 8	249,18	 80,42	   8,8	  21,2	  26,5	  26,9	  28,1	  29,3	  26,5	  -6,6
s	   146,2844	 8	249,24	 99,10	  11,6	  23,1	  27,2	  27,3	  28,5	  29,8	  26,5	  -6,7
s	   146,4439	 8	264,84	 96,55	  12,6	  23,9	  28,1	  28,4	  29,6	  30,0	  26,5	  -6,7
s	   146,5292	 8	118,79	 95,10	   9,8	  21,5	  26,8	  27,5	  28,7	  28,9	  25,4	  -8,5
s	   146,7973	 7	231,08	 91,85	  11,1	  23,0	  28,3	  29,3	  30,5	  29,9	  26,6	  -6,6
s	   147,5495	 6	154,35	 90,11	  13,8	  24,5	  28,7	  29,5	  30,6	  30,0	  26,4	  -6,9
s	   147,6891	 7	154,37	 92,40	  13,5	  24,5	  28,7	  29,4	  30,5	  29,9	  26,2	  -7,0
s	   147,7374	 7	154,33	 87,65	  12,5	  23,5	  27,8	  28,2	  29,3	  29,5	  26,2	  -7,0
s	   148,0145	 7	153,66	 90,12	  13,5	  24,5	  28,7	  29,4	  30,5	  29,9	  25,4	  -8,6
s	   148,1537	 8	153,68	 92,40	  12,8	  24,2	  28,6	  29,3	  30,3	  29,7	  26,3	  -7,0
s	   148,1769	 8	154,39	 94,86	  12,3	  23,5	  27,7	  28,1	  29,2	  29,5	  26,1	  -7,2
s	   148,2251	 8	154,32	 85,37	  12,3	  23,5	  27,7	  28,1	  29,2	  29,5	  26,1	  -7,2
s	   151,0914	 8	154,38	 90,11	  11,9	  23,7	  28,2	  28,9	  29,9	  29,1	  26,1	  -7,5
s	   151,1644	 8	154,53	 87,69	  11,6	  23,2	  27,5	  28,0	  29,0	  29,1	  26,1	  -7,5
s	   151,1646	 8	153,83	 87,70	  12,1	  23,5	  27,6	  28,0	  29,1	  29,5	  25,1	  -9,3
s	   151,7357	 7	187,20	 89,86	  13,0	  23,6	  27,9	  28,7	  29,7	  28,8	  25,1	  -9,3
s	   151,8723	 8	187,22	 92,09	  12,8	  23,6	  27,8	  28,6	  29,6	  28,8	  24,9	  -9,5
s	   152,6089	 8	187,84	 89,85	  12,8	  23,9	  28,3	  29,1	  30,0	  29,1	  25,9	  -7,8
s	   153,6653	 6	116,66	 90,33	  12,2	  23,3	  27,7	  28,4	  29,5	  28,7	  25,1	  -9,5
s	   153,8006	 7	116,67	 92,54	  12,0	  23,3	  27,6	  28,3	  29,4	  28,7	  25,0	  -9,6
s	   153,8474	 7	116,66	 87,94	  11,7	  22,8	  27,0	  27,4	  28,5	  28,7	  25,0	  -9,6
s	   154,0491	 7	116,79	 90,33	  12,0	  23,6	  28,1	  28,9	  29,9	  29,0	  26,0	  -7,9
s	   154,1841	 8	116,80	 92,54	  11,8	  23,5	  28,0	  28,8	  29,8	  28,9	  25,8	  -8,0
s	   154,2308	 8	116,78	 87,95	  11,5	  23,0	  27,4	  27,8	  28,9	  28,9	  25,8	  -8,0
s	   154,3199	 8	116,65	 85,73	  10,7	  22,3	  26,6	  27,1	  28,1	  28,2	  24,8	  -9,8
s	   154,6846	 6	 97,80	 90,37	  12,2	  23,7	  28,1	  28,9	  30,0	  29,2	  26,0	  -7,9
s	   154,7349	 8	186,86	 87,48	  11,2	  22,8	  27,1	  27,6	  28,6	  28,7	  25,6	  -8,3
s	   154,8657	 7	 97,79	 88,00	  12,4	  23,6	  27,7	  28,1	  29,3	  29,6	  25,9	  -8,0
s	   154,9877	 8	186,83	 89,86	  11,7	  23,4	  28,0	  28,7	  29,7	  28,7	  25,8	  -8,1
s	   155,1522	 8	 97,80	 94,41	   9,4	  21,6	  27,0	  27,6	  28,8	  29,0	  25,8	  -8,2
s	   155,4259	 7	116,22	 90,33	  11,9	  23,5	  28,0	  28,8	  29,8	  28,9	  25,9	  -8,1
s	   155,5599	 8	116,23	 92,53	  11,7	  23,5	  28,0	  28,7	  29,7	  28,9	  25,7	  -8,2
s	   155,6063	 8	116,21	 87,96	  11,4	  23,0	  27,3	  27,8	  28,8	  28,9	  25,7	  -8,3
s	   155,8063	 8	116,35	 90,33	  10,9	  23,1	  27,7	  28,5	  29,4	  28,4	  25,7	  -8,3
s	   156,8427	 7	 97,54	 90,37	  11,1	  23,2	  27,7	  28,5	  29,5	  28,7	  25,7	  -8,3
s	   157,0219	 8	 97,54	 88,03	  11,4	  23,0	  27,3	  27,7	  28,8	  29,0	  25,6	  -8,5
s	   157,0619	 8	 97,70	 90,37	  10,1	  22,7	  27,4	  28,2	  29,1	  28,2	  25,6	  -8,5
s	   157,2745	 7	356,13	 89,89	  13,1	  23,9	  28,2	  28,9	  30,0	  29,2	  25,5	  -8,7
s	   157,4073	 8	356,11	 92,06	  12,9	  23,9	  28,2	  28,8	  29,9	  29,1	  25,4	  -8,8
s	   157,7168	 8	356,79	 89,89	  12,9	  23,8	  28,1	  28,8	  29,9	  29,1	  24,5	 -10,4
s	   159,3887	 7	280,32	 89,46	  11,8	  23,4	  27,8	  28,6	  29,6	  28,7	  25,5	  -8,8
s	   159,5201	 8	280,31	 91,62	  11,5	  23,3	  27,8	  28,5	  29,5	  28,7	  25,4	  -8,9
s	   159,5655	 8	280,32	 87,14	  10,5	  22,4	  26,9	  27,4	  28,4	  28,2	  25,4	  -8,9
s	   159,6337	 8	280,47	 89,46	  10,8	  22,9	  27,5	  28,3	  29,3	  28,2	  25,4	  -8,9
s	   160,3193	 7	 32,25	 90,16	  11,7	  22,8	  27,3	  28,0	  29,1	  28,1	  24,4	 -10,7
s	   160,3549	 7	281,28	 89,46	  11,7	  23,3	  27,8	  28,6	  29,6	  28,7	  25,5	  -8,9
s	   160,4501	 8	 32,24	 92,31	  11,5	  22,8	  27,2	  28,0	  29,0	  28,1	  24,3	 -10,9
s	   160,4953	 8	 32,27	 87,86	  10,5	  21,9	  26,3	  26,8	  27,8	  27,6	  24,3	 -10,9
s	   160,5309	 8	281,29	 87,16	  10,5	  22,3	  26,8	  27,3	  28,3	  28,2	  25,3	  -9,1
s	   160,7110	 8	355,95	 89,88	  12,2	  23,5	  28,0	  28,7	  29,7	  28,8	  25,3	  -9,1
s	   162,0224	 8	 32,70	 90,17	  11,4	  23,1	  27,6	  28,4	  29,4	  28,3	  25,2	  -9,3
s	   162,7305	 8	 31,54	 90,16	  11,4	  23,0	  27,6	  28,4	  29,3	  28,3	  25,2	  -9,4
s	   163,6988	 8	325,15	 89,65	  12,3	  22,9	  27,3	  28,0	  29,0	  27,9	  24,0	 -11,5
s	   176,2064	 6	249,23	 89,49	  10,5	  22,5	  27,0	  27,7	  28,8	  27,9	  24,3	 -11,5
s	   176,3696	 7	249,22	 87,35	  10,0	  22,0	  26,3	  26,7	  27,8	  27,9	  24,2	 -11,6
s	   176,7516	 8	249,24	 93,61	   9,0	  21,5	  26,0	  26,4	  27,4	  27,4	  24,1	 -11,8
s	   176,7935	 8	249,22	 85,37	   9,8	  21,9	  26,2	  26,6	  27,7	  27,8	  24,1	 -11,8
s	   177,5112	 7	264,37	 89,46	  10,3	  22,3	  26,9	  27,6	  28,6	  27,6	  24,1	 -11,8
s	   177,6735	 8	264,37	 87,34	   9,8	  21,8	  26,1	  26,6	  27,6	  27,5	  24,0	 -11,9
s	   178,5227	 7	249,30	 89,49	   9,5	  22,0	  26,6	  27,3	  28,3	  27,3	  24,1	 -12,0
s	   178,6842	 8	249,29	 87,37	   9,0	  21,4	  25,9	  26,3	  27,3	  27,3	  23,9	 -12,1
s	   181,3786	 8	221,23	 89,62	  10,8	  22,4	  26,8	  27,6	  28,5	  27,4	  23,7	 -12,6
s	   182,6508	 8	219,60	 89,63	  12,4	  23,2	  27,3	  28,0	  28,9	  28,0	  23,5	 -12,9
s	   188,8294	 8	293,38	 89,50	  10,5	  21,8	  26,1	  26,8	  27,7	  26,7	  22,1	 -15,6
s	   198,0480	 8	156,72	 90,11	  10,5	  21,8	  26,2	  26,9	  27,9	  26,7	  22,3	 -15,5
s	   201,3831	 8	 55,19	 92,09	   9,6	  21,0	  26,2	  27,1	  28,1	  27,2	  22,2	 -15,9
s	   206,4236	 5	 80,22	 92,14	   9,9	  21,2	  26,3	  27,2	  28,4	  27,7	  22,2	 -16,3
s	   207,3807	 7	 80,22	 95,75	   8,9	  20,3	  25,3	  25,8	  27,0	  27,3	  21,7	 -16,9
s	   208,2651	 8	 80,22	 97,61	   6,3	  18,2	  23,3	  23,5	  24,7	  25,6	  20,7	 -18,7
s	   208,7449	 6	 80,18	 92,12	   8,8	  20,6	  25,9	  26,8	  27,9	  27,1	  22,0	 -16,7
s	   209,6932	 8	 80,17	 95,70	   8,1	  20,0	  25,1	  25,7	  26,8	  27,0	  21,7	 -17,1
s	   210,8293	 8	106,13	 90,38	   8,1	  20,1	  24,8	  25,5	  26,4	  25,0	  20,6	 -19,1
s	   212,3215	 8	 55,28	 90,31	   9,7	  21,3	  25,7	  26,4	  27,2	  26,0	  21,4	 -17,6
s	   216,7687	 4	 80,03	 90,39	  11,0	  22,0	  26,1	  26,8	  27,9	  26,9	  21,6	 -17,8
s	   216,9064	 5	 80,04	 88,59	  11,2	  21,8	  25,7	  26,0	  27,2	  27,3	  21,5	 -17,9
s	   217,2640	 6	 80,04	 86,91	  10,2	  21,3	  25,3	  25,7	  26,8	  26,8	  21,4	 -18,1
s	   217,8954	 7	 80,04	 85,12	   8,2	  19,4	  23,4	  23,4	  24,5	  25,3	  20,2	 -20,1
s	   218,7090	 8	 80,04	 83,46	   8,5	  20,0	  24,0	  24,1	  25,2	  26,0	  20,8	 -18,8
s	   219,0917	 5	 79,99	 90,39	   9,9	  21,4	  25,7	  26,4	  27,4	  26,4	  21,3	 -18,3
s	   219,2281	 6	 80,00	 88,60	  10,2	  21,3	  25,3	  25,6	  26,7	  26,7	  21,2	 -18,4
s	   219,5475	 7	 79,99	 93,84	   9,2	  20,8	  25,0	  25,3	  26,4	  26,3	  21,1	 -18,6
s	   219,5826	 7	 80,00	 86,94	   9,2	  20,8	  24,9	  25,3	  26,4	  26,3	  21,1	 -18,6
s	   219,5986	 8	 56,66	 91,98	   8,0	  19,9	  25,3	  26,2	  27,2	  26,1	  21,0	 -18,7
s	   220,2084	 8	 80,00	 85,16	   7,9	  19,8	  24,0	  24,0	  25,1	  25,8	  20,9	 -18,8
s	   225,7310	 6	 91,04	 90,40	   9,5	  21,0	  25,4	  26,1	  27,1	  25,8	  20,8	 -19,4
s	   225,8640	 7	 91,04	 88,66	   9,7	  20,9	  25,0	  25,3	  26,4	  26,2	  20,7	 -19,6
s	   226,2097	 8	 91,04	 87,04	   8,8	  20,4	  24,6	  25,0	  26,0	  25,7	  20,5	 -19,7
s	   227,9768	 7	 90,91	 90,40	   8,5	  20,5	  25,0	  25,7	  26,6	  25,3	  20,5	 -19,9
s	   228,1088	 8	 90,91	 88,67	   8,7	  20,3	  24,6	  24,9	  25,9	  25,6	  20,4	 -20,0
s	   228,1320	 8	 91,03	 90,40	   7,5	  20,0	  24,7	  25,4	  26,2	  24,8	  20,4	 -20,0
s	   230,5500	 8	 56,68	 90,33	   8,2	  20,2	  24,8	  25,6	  26,4	  24,9	  20,2	 -20,4
s	   239,5015	 8	 80,38	 91,94	   5,9	  18,7	  24,2	  25,1	  26,1	  24,9	  19,6	 -21,8
s	   241,5281	 7	251,39	 92,68	   7,2	  19,0	  24,1	  24,7	  25,8	  25,7	  19,6	 -22,0
s	   243,8489	 8	251,43	 92,66	   6,2	  18,5	  23,7	  24,3	  25,3	  25,1	  19,3	 -22,5
s	   246,3067	 8	102,04	 90,39	   6,9	  19,0	  23,6	  24,3	  25,1	  23,5	  18,1	 -24,7
s	   249,8566	 7	 80,21	 90,40	   7,0	  19,5	  24,1	  24,8	  25,6	  24,2	  19,0	 -23,3
s	   249,9787	 8	 80,21	 88,80	   6,5	  19,0	  23,4	  23,8	  24,7	  24,1	  18,9	 -23,4
s	   251,5672	 5	251,53	 89,50	   8,9	  20,4	  24,7	  25,4	  26,3	  25,0	  19,2	 -23,4
s	   251,6573	 6	251,54	 90,98	   8,7	  20,3	  24,6	  25,3	  26,2	  25,0	  19,0	 -23,5
s	   251,6885	 6	251,53	 87,91	   9,2	  20,2	  24,2	  24,6	  25,6	  25,4	  19,0	 -23,5
s	   251,8274	 8	 69,00	 88,78	   8,0	  19,6	  23,8	  24,2	  25,1	  24,7	  18,8	 -23,7
s	   252,0038	 7	251,52	 86,44	   8,2	  19,8	  23,9	  24,2	  25,2	  24,9	  18,9	 -23,7
s	   252,1790	 8	 80,17	 90,40	   6,0	  19,0	  23,7	  24,4	  25,2	  23,6	  18,8	 -23,8
s	   252,4208	 6	261,42	 89,49	   8,7	  20,2	  24,5	  25,2	  26,1	  24,7	  19,0	 -23,6
s	   252,4675	 8	251,54	 94,04	   7,7	  19,5	  23,6	  23,9	  24,9	  24,6	  18,5	 -24,1
s	   252,5107	 7	261,42	 90,96	   8,4	  20,1	  24,5	  25,2	  26,1	  24,7	  18,9	 -23,7
s	   252,5418	 7	261,42	 87,90	   8,2	  19,6	  23,8	  24,2	  25,2	  24,7	  18,9	 -23,7
s	   252,5608	 8	251,52	 84,85	   6,2	  17,9	  21,9	  21,9	  22,9	  23,4	  17,7	 -25,6
s	   252,8251	 8	261,42	 92,54	   7,9	  19,6	  23,8	  24,1	  25,1	  24,6	  18,7	 -23,9
s	   252,8562	 8	261,42	 86,43	   7,2	  19,2	  23,5	  23,9	  24,8	  24,2	  18,7	 -23,9
s	   253,8917	 6	251,56	 89,51	   7,9	  19,9	  24,3	  25,0	  25,9	  24,5	  18,9	 -23,8
s	   254,0121	 7	251,56	 87,93	   8,1	  19,7	  23,8	  24,2	  25,2	  24,8	  18,8	 -24,0
s	   254,3249	 8	251,56	 86,46	   7,1	  19,3	  23,5	  23,9	  24,8	  24,4	  18,6	 -24,1
s	   254,7386	 7	261,37	 89,49	   7,6	  19,7	  24,2	  24,9	  25,7	  24,2	  18,7	 -24,1
s	   254,8587	 8	261,37	 87,91	   7,1	  19,1	  23,5	  23,8	  24,7	  24,1	  18,6	 -24,2
s	   259,3524	 8	239,90	 89,54	   7,3	  19,5	  24,0	  24,6	  25,5	  24,0	  18,3	 -24,9
s	   261,0815	 8	240,67	 88,00	   6,2	  18,6	  23,0	  23,4	  24,3	  23,7	  18,2	 -25,2
s	   261,0836	 8	240,59	 89,54	   6,5	  19,0	  23,7	  24,4	  25,1	  23,5	  18,2	 -25,2
s	   262,0026	 8	271,08	 89,48	   7,2	  19,3	  23,9	  24,6	  25,3	  23,6	  18,1	 -25,3
#END
