#HEADER
CATT-Acoustic v8.0b    Copyright © CATT 1988-2003

 Project                : Aula Optica 

 GEOMETRICAL INFORMATION
 Src id and loc     [m] :   A0           0,400        0,600        1,300
 Rec id and loc     [m] :   04           8,000        1,600        1,200

 04       22,3292

 VARIABLE SOURCE DATA
 Directivity
   Type (library)       :  OMNI.SD0
   Dir. Index (DI) [dB] :       0,0      0,0      0,0      0,0      0,0      0,0      0,0      0,0
 Level
   On axis 1m      [dB] :      54,1     63,1     66,8     67,7     69,4     70,6     70,6     54,2
   Total power     [dB] :      65,0     74,0     77,7     78,6     80,3     81,5     81,5     65,1
   Auxiliary delay [ms] :       0,0

 VARIABLE AIR DATA
 Temperature       [°C] :      20
 Relative humidity  [%] :      50
 Density        [kg/m³] :       1,2
 Sound speed      [m/s] :     343
 Impedance      [Ns/m³] :     412
 Diss. coeff. [0.001/m] :      0,10     0,30     0,63     1,07     2,28     6,83    24,23    83,90      (estimated)

#DATAFIELDS
 TYPE DELAY ORDER AZIMUTH ELEVATION SPL125 SPL250 SPL500 SPL1K SPL2K SPL4K SPL8K SPL16K
#DATA
d	     0,0000	 0	120,00	 89,91	  36,4	  45,4	  49,1	  50,0	  51,6	  52,7	  52,1	  33,7
s	     0,7179	 1	128,64	 89,87	  34,9	  44,4	  48,3	  49,2	  50,8	  51,7	  51,5	  33,0
*	     1,2766	 1	127,31	 83,38	  15,2	  24,7	  28,6	  29,4	  31,0	  32,0	  31,7	  13,2
s	     1,1555	 1	120,13	108,72	  35,3	  44,5	  48,1	  49,0	  50,6	  51,7	  51,1	  32,6
*	    59,8149	 1	329,59	 96,13	 -18,1	  -9,0	  -5,3	  -4,5	  -3,0	  -2,3	  -4,5	 -28,2
*	    52,2764	 1	315,23	 97,08	 -15,3	  -6,1	  -2,5	  -1,7	  -0,1	   0,6	  -1,4	 -24,4
*	    48,2331	 1	296,74	 97,63	 -13,7	  -4,5	  -0,8	  -0,0	   1,5	   2,3	   0,4	 -22,3
*	    46,6400	 1	341,87	 97,82	 -13,4	  -4,2	  -0,6	   0,3	   1,8	   2,6	   0,8	 -21,8
*	    37,2350	 1	325,79	100,05	  -8,8	   0,3	   4,0	   4,8	   6,4	   7,2	   5,6	 -16,1
*	    31,8521	 1	299,95	101,94	  -5,8	   3,4	   7,1	   7,9	   9,5	  10,4	   8,9	 -12,3
*	    35,6816	 1	  0,37	 99,68	  -8,8	   0,3	   4,0	   4,8	   6,4	   7,3	   5,7	 -15,9
*	    23,8681	 1	347,48	104,89	  -1,5	   7,7	  11,4	  12,2	  13,8	  14,7	  13,5	  -7,0
*	    15,9566	 1	310,20	114,35	   6,0	  15,1	  18,8	  19,7	  21,3	  22,3	  21,2	   1,4
*	    28,3835	 1	 24,36	100,58	  -5,7	   3,4	   7,1	   7,9	   9,6	  10,5	   9,1	 -11,8
*	    14,7864	 1	 27,16	108,02	   3,8	  12,9	  16,6	  17,4	  19,1	  20,1	  19,0	  -0,7
*	     4,1530	 1	 46,74	141,43	  18,0	  27,1	  30,8	  31,7	  33,3	  34,4	  33,6	  14,9
*	    25,7570	 1	 47,18	 99,77	  -4,9	   4,3	   7,9	   8,8	  10,4	  11,3	  10,0	 -10,7
*	    12,0815	 1	 62,09	104,18	   3,9	  13,1	  16,8	  17,6	  19,3	  20,3	  19,3	  -0,2
*	     2,5782	 1	 95,95	110,08	  12,4	  21,6	  25,3	  26,1	  27,8	  28,9	  28,1	   9,5
s	     1,5425	 1	119,86	 69,93	  33,6	  42,7	  46,3	  46,9	  48,5	  50,4	  50,1	  30,8
*	    64,4652	 1	294,83	 81,54	 -16,4	  -6,5	  -2,7	  -1,9	  -0,4	   1,0	  -0,9	 -23,3
*	    67,0686	 1	309,16	 81,95	 -17,2	  -7,3	  -3,5	  -2,7	  -1,2	   0,2	  -1,8	 -24,4
*	    72,6804	 1	321,66	 82,72	 -18,9	  -9,1	  -5,2	  -4,5	  -3,0	  -1,6	  -3,7	 -26,9
*	    48,1019	 1	295,64	 78,90	 -10,4	  -0,6	   3,3	   4,0	   5,6	   7,1	   5,6	 -15,3
*	    51,3497	 1	314,48	 79,77	 -11,8	  -1,9	   1,9	   2,7	   4,3	   5,7	   4,2	 -17,1
*	    58,1806	 1	329,47	 81,24	 -14,4	  -4,5	  -0,7	   0,1	   1,6	   3,1	   1,3	 -20,5
*	    31,8757	 1	297,31	 73,62	  -2,6	   7,2	  11,1	  11,9	  13,5	  15,1	  14,0	  -5,5
*	    36,2088	 1	324,30	 76,05	  -5,1	   4,7	   8,6	   9,3	  10,9	  12,5	  11,4	  -8,5
*	    44,8074	 1	341,63	 79,26	  -9,4	   0,4	   4,3	   5,0	   6,6	   8,2	   6,8	 -13,9
*	    16,1313	 1	302,79	 58,55	   8,8	  18,7	  22,6	  23,3	  25,0	  26,7	  26,0	   7,9
*	    22,5528	 1	345,67	 69,75	   2,7	  12,5	  16,4	  17,2	  18,8	  20,5	  19,6	   1,0
*	    33,5352	 1	  0,62	 77,20	  -4,6	   5,3	   9,2	   9,9	  11,5	  13,1	  12,0	  -7,6
*	     4,2252	 1	 62,80	 21,40	  20,7	  30,6	  34,5	  35,3	  36,9	  38,7	  38,4	  21,3
*	    13,0470	 1	 29,07	 65,89	   8,5	  18,4	  22,2	  23,0	  24,6	  26,4	  25,8	   8,0
*	    25,8805	 1	 26,04	 76,57	  -1,1	   8,7	  12,6	  13,4	  15,0	  16,6	  15,7	  -3,3
*	     2,1305	 1	104,60	 65,80	  16,1	  26,0	  29,8	  30,6	  32,3	  34,1	  33,8	  16,9
*	    10,0386	 1	 66,90	 72,54	   8,7	  18,6	  22,5	  23,2	  24,9	  26,6	  26,2	   8,6
*	    22,9429	 1	 50,21	 78,31	  -0,2	   9,7	  13,6	  14,3	  16,0	  17,6	  16,8	  -1,9
*	     3,2433	 1	108,29	 76,80	  17,2	  27,0	  30,9	  31,7	  33,3	  35,2	  34,8	  17,9
*	    12,0208	 1	 84,02	 78,42	   7,4	  17,3	  21,2	  21,9	  23,6	  25,3	  24,8	   7,0
*	    24,6766	 1	 67,18	 80,78	  -1,2	   8,7	  12,6	  13,3	  15,0	  16,6	  15,8	  -3,1
s	     1,8392	 2	128,80	108,13	  34,3	  44,0	  47,8	  48,7	  50,3	  51,3	  50,9	  32,4
*	     4,2914	 1	122,88	 78,42	  10,7	  19,7	  23,5	  24,4	  26,0	  26,9	  27,3	  10,2
*	     3,1151	 1	124,01	 77,15	   9,7	  18,8	  22,5	  23,4	  25,0	  25,9	  26,4	   9,4
*	     2,5332	 1	125,40	 75,60	   8,1	  17,1	  20,9	  21,8	  23,4	  24,3	  24,8	   7,8
*	     2,2722	 1	127,16	 73,68	   6,7	  15,7	  19,5	  20,4	  22,0	  22,9	  23,4	   6,5
*	     2,2012	 1	129,48	 71,24	   5,8	  14,8	  18,6	  19,5	  21,1	  22,0	  22,5	   5,6
*	     2,2728	 1	132,61	 68,08	   5,4	  14,5	  18,2	  19,1	  20,7	  21,6	  22,1	   5,2
*	     2,4869	 1	137,08	 63,92	   5,5	  14,6	  18,4	  19,2	  20,8	  21,7	  22,2	   5,3
s	     2,3119	 1	119,29	 89,98	  34,4	  43,9	  47,7	  48,6	  50,2	  51,1	  50,8	  32,2
*	    35,4085	 1	 68,58	 92,00	  -8,0	   1,5	   5,3	   6,2	   7,7	   8,4	   7,3	 -14,3
*	    18,3619	 1	 85,95	 92,36	   2,0	  11,5	  15,3	  16,2	  17,8	  18,6	  17,9	  -2,1
*	     5,0697	 1	110,42	 92,51	  20,1	  29,6	  33,4	  34,3	  35,9	  36,8	  36,5	  17,6
*	    28,9638	 1	 74,30	 84,82	 -16,4	  -7,2	  -3,5	  -2,7	  -1,1	  -0,2	   2,4	 -16,9
*	    28,6709	 1	 74,28	 88,36	 -16,2	  -7,0	  -3,4	  -2,6	  -0,9	  -0,0	   2,5	 -16,7
*	    26,0455	 1	 77,20	 84,60	 -14,7	  -5,6	  -1,9	  -1,1	   0,6	   1,5	   4,1	 -14,9
*	    25,7326	 1	 77,19	 88,27	 -14,5	  -5,4	  -1,7	  -0,9	   0,7	   1,7	   4,3	 -14,7
*	    23,2104	 1	 80,33	 84,37	 -13,0	  -3,8	  -0,1	   0,7	   2,3	   3,2	   6,0	 -12,8
*	    22,8744	 1	 80,32	 88,19	 -12,8	  -3,6	   0,1	   0,9	   2,5	   3,4	   6,2	 -12,5
*	    20,4690	 1	 83,68	 84,16	 -11,1	  -2,0	   1,7	   2,5	   4,1	   5,1	   7,9	 -10,6
*	    20,1059	 1	 83,68	 88,10	 -10,9	  -1,7	   1,9	   2,8	   4,4	   5,4	   8,2	 -10,3
*	    17,8328	 1	 87,26	 83,95	  -9,2	  -0,0	   3,7	   4,5	   6,1	   7,1	  10,0	  -8,3
*	    17,4371	 1	 87,26	 88,02	  -8,9	   0,3	   4,0	   4,8	   6,4	   7,4	  10,3	  -8,0
*	    15,3147	 1	 91,07	 83,75	  -7,1	   2,1	   5,8	   6,6	   8,3	   9,2	  12,2	  -5,9
*	    14,8789	 1	 91,07	 87,94	  -6,7	   2,5	   6,2	   7,0	   8,6	   9,6	  12,6	  -5,4
*	    12,9298	 1	 95,09	 83,58	  -4,7	   4,4	   8,1	   9,0	  10,6	  11,6	  14,6	  -3,2
*	    12,4422	 1	 95,09	 87,87	  -4,2	   4,9	   8,6	   9,5	  11,1	  12,1	  15,1	  -2,7
*	    10,6966	 1	 99,30	 83,44	  -2,1	   7,0	  10,7	  11,6	  13,2	  14,2	  17,3	  -0,4
*	    10,1389	 1	 99,31	 87,80	  -1,4	   7,7	  11,4	  12,2	  13,9	  14,9	  18,0	   0,4
*	     8,6420	 1	103,65	 83,31	   0,8	  10,0	  13,7	  14,5	  16,2	  17,2	  20,3	   2,9
*	     7,9825	 1	103,66	 87,74	   1,9	  11,0	  14,7	  15,5	  17,2	  18,2	  21,4	   4,0
*	     6,8137	 1	108,11	 83,22	   4,3	  13,4	  17,1	  18,0	  19,6	  20,7	  23,8	   6,5
*	     5,9933	 1	108,13	 87,71	   6,0	  15,2	  18,8	  19,7	  21,3	  22,4	  25,6	   8,3
*	     2,4072	 1	151,72	124,69	  -5,6	   3,9	   7,7	   8,6	  10,2	  11,2	  10,9	  -7,7
s	     2,4219	 2	128,47	 69,20	  34,1	  43,6	  47,6	  48,4	  50,0	  50,8	  50,7	  32,1
*	     2,5110	 1	110,63	 98,27	  -8,1	   1,6	   6,3	   7,5	   9,2	  10,2	   9,6	  -9,0
s	     3,3637	 2	119,40	107,12	  33,8	  43,5	  47,3	  48,1	  49,7	  50,7	  50,3	  31,6
s	     3,7179	 2	119,17	 71,74	  32,6	  42,4	  46,2	  46,8	  48,4	  50,2	  50,2	  31,5
s	     4,8152	 2	120,27	125,31	  32,3	  41,6	  45,2	  45,7	  47,3	  49,2	  48,8	  29,2
s	     5,1507	 2	119,73	 55,00	  32,7	  42,1	  45,8	  46,4	  48,0	  49,9	  49,4	  30,6
*	     5,5583	 1	113,26	 98,10	   1,6	  11,2	  16,0	  17,1	  18,8	  19,8	  19,2	   0,3
s	     5,7372	 3	128,32	 55,79	  31,5	  41,5	  45,3	  45,9	  47,5	  49,2	  49,1	  30,2
*	     5,7615	 1	124,15	 79,12	   2,1	  11,6	  15,4	  16,3	  17,9	  18,8	  18,4	  -0,5
*	     6,1799	 1	120,26	 79,43	  -8,4	   1,1	   4,9	   5,8	   7,4	   8,3	   7,9	 -11,0
s	     6,7468	 3	119,53	122,73	  31,4	  41,4	  45,2	  45,8	  47,4	  49,1	  49,0	  30,0
s	     7,0602	 3	119,06	 57,63	  31,4	  41,3	  45,1	  45,7	  47,3	  49,0	  48,9	  29,9
*	     8,7441	 1	 97,40	 97,45	   1,3	  11,0	  15,7	  16,9	  18,6	  19,6	  18,8	  -0,4
*	    16,7542	 1	 83,50	 96,82	  -6,3	   3,3	   8,1	   9,2	  10,9	  11,8	  10,9	  -9,0
*	    26,0184	 1	 72,52	 96,05	 -12,4	  -2,7	   2,0	   3,1	   4,8	   5,7	   4,5	 -16,2
s	     9,4512	 5	137,63	 59,01	  28,5	  39,4	  44,6	  45,6	  47,2	  47,9	  47,9	  28,7
s	     9,6694	 6	138,73	 59,24	  27,5	  38,9	  44,2	  45,3	  46,8	  47,4	  47,7	  28,5
s	     9,7330	 3	120,40	136,52	  31,1	  40,7	  44,4	  44,9	  46,6	  48,4	  47,8	  28,6
s	    10,5791	 3	119,60	 43,38	  29,3	  38,9	  42,5	  42,8	  44,4	  47,0	  46,8	  26,7
s	    10,6512	 4	129,14	136,26	  30,9	  40,8	  44,7	  45,5	  47,1	  47,9	  47,4	  28,1
s	    11,3839	 4	119,64	133,70	  29,9	  40,1	  43,9	  44,4	  46,0	  47,8	  47,4	  28,0
s	    11,4945	 4	128,15	 43,54	  29,2	  39,2	  43,1	  43,6	  45,2	  46,8	  46,4	  26,2
s	    12,1896	 4	118,94	 46,21	  28,7	  38,9	  42,8	  43,0	  44,6	  47,1	  47,2	  27,7
s	    16,0090	 4	120,54	145,04	  27,8	  37,5	  41,2	  41,3	  43,0	  45,6	  45,1	  24,6
s	    16,4840	 4	119,47	 35,77	  28,2	  38,1	  41,8	  42,0	  43,6	  46,3	  45,8	  26,0
s	    16,9015	 5	129,31	144,61	  27,7	  37,8	  41,7	  42,3	  43,8	  45,4	  44,8	  24,1
s	    17,3744	 5	128,00	 36,07	  28,1	  38,2	  42,2	  42,7	  44,2	  45,8	  45,5	  25,5
s	    17,4000	 5	119,77	142,33	  27,3	  37,7	  41,5	  41,7	  43,3	  45,8	  45,7	  25,8
s	    17,8586	 5	118,82	 38,48	  27,2	  37,6	  41,4	  41,6	  43,2	  45,7	  45,6	  25,6
s	    22,3833	 5	120,67	150,70	  26,7	  36,8	  40,5	  40,7	  42,3	  44,9	  44,3	  23,9
s	    23,2477	 6	129,47	150,21	  26,6	  37,0	  40,9	  41,4	  42,9	  44,5	  43,9	  23,5
s	    23,3964	 5	119,34	 29,89	  25,0	  35,0	  38,7	  38,5	  40,2	  43,5	  43,2	  22,0
s	    23,5816	 6	119,89	148,20	  25,8	  36,4	  40,2	  40,4	  41,9	  44,5	  44,1	  23,6
s	    24,5688	 6	118,71	 32,36	  24,6	  35,3	  39,1	  39,0	  40,6	  43,8	  43,9	  23,3
s	    24,7638	 6	127,82	 29,89	  25,8	  36,1	  40,1	  40,6	  42,0	  43,4	  42,8	  21,5
s	    29,6092	 6	120,82	155,19	  23,7	  33,9	  37,5	  37,3	  38,9	  42,3	  41,8	  20,0
s	    30,1357	 6	119,22	 25,84	  24,1	  34,5	  38,1	  38,0	  39,6	  43,0	  42,5	  21,4
s	    30,3197	 1	 47,37	 90,24	  27,8	  36,8	  40,6	  41,4	  43,0	  43,7	  42,2	  20,4
*	    30,4708	 1	 50,21	 93,73	   5,9	  15,0	  18,7	  19,6	  21,1	  21,8	  21,6	   2,2
*	    30,6555	 1	 41,17	 93,87	   6,0	  15,0	  18,7	  19,6	  21,2	  21,9	  21,6	   2,2
*	    31,9580	 1	 31,08	 93,91	   5,5	  14,6	  18,3	  19,2	  20,7	  21,4	  21,2	   1,6
*	    32,1417	 1	 31,20	 83,34	   5,4	  14,5	  18,2	  19,1	  20,6	  21,3	  21,1	   1,5
*	    34,3750	 1	 20,42	 93,82	   4,6	  13,6	  17,4	  18,3	  19,8	  20,5	  20,2	   0,4
*	    34,5559	 1	 20,55	 83,15	   4,5	  13,5	  17,3	  18,2	  19,7	  20,4	  20,1	   0,3
*	    37,8526	 1	  9,90	 93,60	   3,2	  12,3	  16,0	  16,9	  18,4	  19,1	  18,6	  -1,4
*	    38,0265	 1	 10,03	 83,18	   3,1	  12,2	  15,9	  16,8	  18,3	  19,0	  18,6	  -1,5
*	    42,2774	 1	  0,17	 93,29	   1,5	  10,5	  14,3	  15,1	  16,7	  17,3	  16,7	  -3,7
*	    42,4410	 1	  0,30	 83,40	   1,4	  10,4	  14,2	  15,0	  16,6	  17,2	  16,6	  -3,8
*	    47,4964	 1	351,63	 92,95	  -0,5	   8,5	  12,2	  13,1	  14,6	  15,2	  14,5	  -6,4
*	    47,6482	 1	351,75	 83,77	  -0,6	   8,4	  12,2	  13,0	  14,6	  15,1	  14,5	  -6,5
*	    53,3506	 1	344,37	 92,59	  -2,7	   6,4	  10,1	  11,0	  12,5	  13,0	  12,2	  -9,2
*	    53,4901	 1	344,47	 84,18	  -2,7	   6,3	  10,0	  10,9	  12,4	  13,0	  12,1	  -9,3
*	    59,6984	 1	338,31	 92,28	  -4,8	   4,2	   7,9	   8,8	  10,3	  10,8	   9,8	 -12,2
*	    59,8263	 1	338,40	 84,60	  -4,9	   4,1	   7,9	   8,7	  10,2	  10,8	   9,7	 -12,3
*	    66,4257	 1	333,27	 91,99	  -7,0	   2,1	   5,8	   6,7	   8,1	   8,6	   7,4	 -15,2
*	    66,5429	 1	333,36	 84,99	  -7,0	   2,0	   5,8	   6,6	   8,1	   8,6	   7,4	 -15,2
*	    73,4448	 1	329,09	 91,73	  -9,0	   0,0	   3,8	   4,6	   6,1	   6,5	   5,1	 -18,1
*	    73,5526	 1	329,17	 85,35	  -9,0	  -0,0	   3,7	   4,6	   6,0	   6,5	   5,1	 -18,1
s	    30,6442	 7	120,01	152,94	  23,3	  34,2	  38,0	  37,9	  39,4	  42,7	  42,5	  21,4
s	    30,8201	 2	 47,29	 98,43	  28,0	  37,2	  40,9	  41,8	  43,3	  44,1	  42,8	  21,6
s	    30,9700	 7	129,66	154,97	  24,5	  34,9	  38,9	  39,4	  40,9	  42,3	  41,4	  19,5
s	    30,9700	 7	127,69	 26,21	  24,0	  34,7	  38,6	  38,7	  40,3	  42,6	  42,2	  21,1
s	    31,1606	 7	118,60	 28,09	  23,2	  34,1	  37,9	  37,8	  39,3	  42,6	  42,4	  21,2
s	    31,3411	 2	 49,63	 90,27	  27,4	  36,9	  40,8	  41,7	  43,2	  43,8	  42,9	  21,7
s	    31,8321	 3	 49,56	 98,30	  27,1	  36,8	  40,7	  41,5	  43,0	  43,7	  42,7	  21,5
s	    32,5355	 3	 47,21	106,90	  25,9	  35,3	  39,0	  39,4	  41,0	  42,5	  41,5	  19,5
*	    33,2739	 1	 49,64	 86,92	   5,0	  14,2	  17,9	  18,7	  20,3	  21,1	  19,6	  -1,7
*	    34,9497	 1	 59,67	 87,38	   4,3	  13,4	  17,1	  17,9	  19,5	  20,4	  18,8	  -2,7
s	    33,5103	 2	 45,86	 90,24	  27,0	  36,6	  40,5	  41,3	  42,8	  43,4	  42,5	  21,1
s	    33,5164	 4	 49,48	106,62	  25,6	  35,6	  39,5	  40,0	  41,5	  42,9	  42,3	  20,9
s	    33,7221	 2	 46,13	 81,88	  26,0	  35,2	  38,9	  39,3	  40,9	  42,6	  41,4	  19,3
s	    33,7438	 3	 46,41	 90,25	  26,0	  36,1	  40,1	  41,0	  42,4	  42,9	  42,3	  20,9
s	    33,9823	 3	 45,79	 97,97	  26,7	  36,4	  40,4	  41,2	  42,7	  43,3	  42,3	  20,9
s	    34,2139	 4	 46,34	 97,95	  25,7	  36,0	  40,0	  40,8	  42,3	  42,8	  42,1	  20,7
s	    34,6826	 3	 48,29	 82,04	  25,6	  35,5	  39,4	  39,9	  41,5	  43,0	  42,2	  20,7
*	    34,7834	 1	 67,58	 91,02	  -4,3	   4,8	   8,5	   9,4	  10,9	  11,6	  11,3	  -8,5
*	    34,9154	 1	 67,57	 93,93	  -4,3	   4,7	   8,5	   9,3	  10,9	  11,5	  11,2	  -8,6
s	    34,8294	 3	118,94	 90,37	  25,1	  35,6	  39,7	  40,6	  42,0	  42,6	  42,1	  20,6
s	    35,2907	 4	118,99	 97,92	  24,8	  35,5	  39,6	  40,4	  41,9	  42,4	  41,9	  20,4
s	    35,5375	 4	118,88	 81,68	  24,8	  35,3	  39,5	  40,4	  41,8	  42,2	  41,9	  20,3
s	    35,6042	 4	 47,60	 65,89	  24,2	  33,8	  37,5	  37,7	  39,3	  41,6	  40,8	  18,5
s	    35,6042	 4	 45,71	106,00	  25,2	  35,2	  39,1	  39,7	  41,2	  42,6	  41,9	  20,3
s	    35,8032	 4	 48,35	 76,47	  23,2	  33,8	  38,7	  39,5	  41,1	  42,7	  41,8	  20,3
s	    35,8293	 5	 46,26	105,94	  24,2	  34,7	  38,8	  39,3	  40,8	  42,1	  41,7	  20,1
*	    36,7139	 1	 67,06	 85,36	 -20,5	 -11,5	  -7,7	  -6,8	  -5,3	  -4,6	  -5,0	 -25,0
*	    36,4835	 1	 67,05	 88,18	 -20,4	 -11,4	  -7,6	  -6,7	  -5,2	  -4,5	  -4,9	 -24,8
s	    36,5339	 5	 49,84	 66,33	  23,8	  34,1	  38,0	  38,3	  39,8	  42,0	  41,6	  20,0
s	    36,5368	 7	120,95	158,36	  22,9	  33,4	  37,1	  36,9	  38,5	  41,9	  41,1	  19,5
s	    36,9082	 3	 44,76	 82,33	  25,3	  35,2	  39,0	  39,6	  41,1	  42,6	  41,7	  20,1
s	    36,9798	 4	 45,85	111,43	  23,5	  33,8	  38,6	  39,3	  41,0	  42,7	  41,4	  19,7
s	    37,0312	 5	118,84	 75,01	  23,1	  34,0	  38,1	  38,7	  40,1	  41,5	  41,3	  19,6
s	    37,1283	 4	 45,28	 82,37	  24,3	  34,7	  38,7	  39,2	  40,7	  42,2	  41,6	  19,9
s	    37,1455	 4	118,69	 90,38	  23,8	  34,8	  39,1	  39,9	  41,3	  41,7	  41,6	  19,9
s	    37,4521	 8	120,13	156,32	  22,0	  33,1	  36,9	  36,7	  38,3	  41,5	  41,1	  19,4
s	    37,5889	 5	118,74	 97,64	  23,5	  34,7	  39,0	  39,8	  41,2	  41,6	  41,4	  19,7
s	    37,6165	 7	119,09	 22,53	  21,2	  31,7	  35,3	  34,8	  36,4	  40,5	  40,1	  17,7
s	    37,8263	 5	118,64	 82,03	  23,5	  34,5	  38,9	  39,7	  41,1	  41,4	  41,4	  19,6
s	    37,8876	 8	129,82	158,08	  23,8	  34,4	  38,3	  38,7	  40,2	  41,6	  40,8	  19,0
s	    37,8884	 5	 48,03	111,12	  22,7	  33,5	  38,4	  39,1	  40,7	  42,3	  41,3	  19,6
s	    38,2037	 5	 45,34	 77,01	  21,9	  33,0	  38,1	  38,8	  40,4	  41,8	  41,3	  19,5
s	    38,2092	 5	 47,65	 60,98	  22,1	  32,6	  37,4	  37,9	  39,5	  41,8	  41,1	  19,3
s	    38,5155	 8	118,48	 24,55	  20,8	  32,0	  35,8	  35,4	  36,9	  40,9	  40,9	  19,1
s	    38,5183	 5	 46,08	 67,13	  23,6	  33,8	  37,7	  38,0	  39,5	  41,7	  41,2	  19,4
s	    38,7326	 6	 46,63	 67,23	  22,6	  33,3	  37,4	  37,6	  39,1	  41,2	  41,1	  19,2
s	    38,9019	 2	181,31	 89,71	  25,5	  35,0	  38,9	  39,8	  41,3	  41,8	  40,5	  17,9
s	    38,9656	 8	127,52	 22,68	  22,1	  32,8	  36,8	  36,9	  38,4	  40,5	  39,8	  17,2
s	    39,0995	 6	 49,89	 61,47	  21,3	  32,2	  37,2	  37,7	  39,2	  41,4	  41,0	  19,2
s	    39,2645	 6	118,59	 75,59	  22,0	  33,5	  37,7	  38,3	  39,7	  40,9	  41,0	  19,1
s	    39,3326	 3	181,40	 96,76	  25,2	  34,9	  38,8	  39,6	  41,1	  41,7	  40,3	  17,6
s	    39,5064	 6	119,09	113,09	  23,5	  34,4	  38,6	  39,4	  40,8	  41,2	  40,7	  18,8
s	    39,7823	 3	179,30	 89,74	  25,1	  35,2	  39,2	  40,1	  41,5	  42,0	  41,2	  19,3
s	    39,9603	 6	118,78	 67,24	  21,9	  32,9	  37,1	  37,7	  39,1	  40,3	  39,8	  17,1
s	    39,9996	 5	 44,49	110,36	  22,4	  33,2	  38,1	  38,8	  40,4	  42,0	  41,0	  19,0
s	    40,2070	 4	179,39	 96,70	  24,8	  35,1	  39,1	  39,9	  41,4	  41,9	  41,0	  19,1
s	    40,2088	 6	 45,02	110,30	  21,4	  32,7	  37,7	  38,5	  40,0	  41,5	  40,8	  18,9
s	    41,6534	 7	118,84	112,30	  22,5	  33,9	  38,2	  39,0	  40,4	  40,7	  40,5	  18,4
s	    41,9481	 6	 47,00	125,56	  21,4	  32,0	  36,8	  37,3	  38,9	  41,2	  40,3	  18,2
s	    42,0921	 7	118,54	 68,06	  21,4	  32,9	  37,3	  37,8	  39,1	  40,2	  40,4	  18,3
s	    42,1730	 3	182,43	 89,71	  24,8	  34,9	  38,9	  39,8	  41,2	  41,6	  40,8	  18,7
s	    42,2893	 3	182,19	 82,46	  24,3	  34,2	  38,0	  38,6	  40,1	  41,6	  40,6	  18,4
s	    42,3753	 4	181,94	 89,72	  23,8	  34,4	  38,6	  39,4	  40,8	  41,1	  40,7	  18,5
s	    42,5821	 4	182,52	 96,41	  24,5	  34,8	  38,8	  39,6	  41,1	  41,5	  40,6	  18,5
s	    42,7831	 5	182,03	 96,39	  23,5	  34,3	  38,5	  39,3	  40,7	  41,0	  40,5	  18,3
s	    42,7873	 7	 49,28	125,07	  20,5	  31,7	  36,6	  37,1	  38,6	  40,8	  40,3	  18,1
s	    43,0542	 7	119,15	119,71	  21,3	  32,5	  36,7	  37,1	  38,5	  39,8	  39,2	  16,2
s	    43,1242	 4	180,26	 82,58	  23,4	  33,9	  37,8	  38,4	  39,9	  41,3	  40,5	  18,3
s	    43,3390	 7	118,74	 61,17	  21,7	  32,9	  37,1	  37,6	  39,0	  40,2	  39,9	  17,7
s	    43,5009	 5	181,01	 68,44	  22,1	  32,2	  36,1	  36,3	  37,8	  39,9	  39,3	  16,3
s	    43,5685	 4	182,47	103,52	  23,4	  33,3	  37,1	  37,5	  39,0	  40,6	  39,4	  16,4
s	    44,0713	 6	 44,40	118,52	  22,6	  33,2	  37,0	  37,1	  38,7	  41,0	  40,2	  17,9
s	    44,1550	 8	121,10	161,03	  20,1	  30,7	  34,3	  33,8	  35,4	  39,5	  38,9	  15,8
s	    44,2678	 7	 44,92	118,44	  21,6	  32,7	  36,6	  36,8	  38,3	  40,6	  40,0	  17,7
s	    44,3206	 6	179,01	 68,74	  21,8	  32,6	  36,6	  36,9	  38,3	  40,4	  40,1	  17,8
s	    44,3874	 5	180,54	103,37	  23,0	  33,7	  37,6	  38,1	  39,6	  41,0	  40,2	  17,9
s	    44,7039	 8	118,96	 20,11	  20,5	  31,3	  35,0	  34,5	  36,1	  40,2	  39,6	  17,2
s	    45,0882	 8	118,89	118,76	  20,8	  32,5	  36,8	  37,3	  38,7	  39,8	  39,8	  17,4
s	    45,3195	 5	182,54	108,70	  22,5	  33,0	  38,0	  39,0	  40,5	  41,2	  39,8	  17,4
s	    45,3645	 8	118,49	 62,13	  20,7	  32,5	  36,8	  37,3	  38,6	  39,7	  39,7	  17,3
s	    45,6315	 7	 45,49	125,29	  22,1	  32,8	  36,7	  36,8	  38,3	  40,6	  39,8	  17,3
s	    45,8235	 8	 46,04	125,19	  21,2	  32,3	  36,3	  36,5	  37,9	  40,1	  39,7	  17,2
s	    46,1174	 6	180,61	108,50	  21,6	  32,7	  37,8	  38,8	  40,3	  40,8	  39,8	  17,3
s	    46,2970	 6	 46,43	 54,39	  22,3	  32,2	  35,9	  36,0	  37,6	  39,9	  38,8	  15,5
s	    46,3765	 6	181,69	116,96	  21,5	  31,8	  35,7	  35,8	  37,3	  39,5	  38,8	  15,5
s	    46,5541	 6	182,15	 69,42	  21,5	  32,3	  36,3	  36,6	  38,0	  40,1	  39,8	  17,2
s	    46,6866	 6	182,69	 78,13	  19,8	  31,4	  36,6	  37,4	  38,8	  40,2	  39,7	  17,2
s	    46,7435	 7	181,66	 69,49	  20,5	  31,8	  36,0	  36,2	  37,6	  39,6	  39,6	  17,1
s	    46,7721	 5	183,49	102,86	  22,7	  33,4	  37,3	  37,8	  39,3	  40,7	  39,8	  17,3
s	    46,9045	 6	183,14	 76,58	  21,5	  32,3	  36,3	  36,5	  38,0	  40,0	  39,7	  17,1
s	    46,9609	 6	183,02	102,83	  21,7	  32,9	  37,0	  37,5	  38,9	  40,2	  39,7	  17,1
s	    47,0480	 8	119,20	125,19	  21,0	  32,4	  36,6	  37,0	  38,4	  39,7	  39,2	  16,6
s	    47,0837	 7	 48,58	 54,88	  22,0	  32,6	  36,5	  36,7	  38,1	  40,4	  39,6	  17,0
s	    47,0930	 7	182,67	 76,62	  20,5	  31,8	  36,0	  36,2	  37,6	  39,5	  39,6	  17,0
s	    47,1623	 7	179,68	116,65	  21,2	  32,2	  36,2	  36,4	  37,9	  39,9	  39,5	  17,0
s	    47,7289	 8	 49,21	130,57	  18,6	  30,0	  35,0	  35,2	  36,7	  39,7	  39,3	  16,7
s	    48,0532	 8	118,68	 54,96	  20,4	  31,7	  35,9	  36,4	  37,8	  38,8	  38,3	  14,8
s	    48,1755	 7	 46,90	132,25	  20,8	  31,0	  34,7	  34,6	  36,1	  39,2	  38,4	  14,9
s	    48,4437	 6	183,56	107,83	  21,3	  32,4	  37,5	  38,5	  40,0	  40,5	  39,4	  16,8
s	    48,5936	 7	 45,05	 56,29	  20,8	  31,6	  35,4	  35,3	  36,8	  40,0	  39,3	  16,6
s	    48,6281	 7	183,09	107,79	  20,3	  31,9	  37,2	  38,2	  39,6	  40,0	  39,3	  16,6
s	    48,7775	 8	 45,57	 56,40	  19,8	  31,1	  35,1	  35,0	  36,4	  39,5	  39,2	  16,4
s	    49,1474	 7	181,76	121,04	  19,5	  30,6	  35,6	  36,0	  37,6	  39,7	  39,0	  16,2
s	    49,3071	 7	182,80	115,75	  20,9	  31,9	  35,9	  36,2	  37,6	  39,6	  39,2	  16,4
s	    49,4893	 8	182,31	115,69	  20,0	  31,4	  35,6	  35,8	  37,2	  39,2	  39,1	  16,3
s	    49,5695	 6	184,33	 82,73	  22,2	  32,8	  36,9	  37,4	  38,8	  40,1	  39,3	  16,5
s	    49,7509	 7	183,88	 82,75	  21,2	  32,4	  36,5	  37,0	  38,4	  39,6	  39,1	  16,3
s	    49,9030	 8	179,75	120,70	  18,7	  30,3	  35,4	  35,9	  37,3	  39,4	  39,0	  16,2
s	    50,2451	 8	 42,45	 65,38	  16,6	  28,7	  35,0	  35,7	  37,2	  39,3	  38,9	  16,1
s	    50,5889	 8	 45,41	130,56	  20,3	  31,2	  35,1	  35,0	  36,5	  39,4	  38,9	  16,0
s	    53,1461	 7	181,82	 58,06	  19,5	  30,2	  33,9	  33,7	  35,3	  38,4	  37,6	  13,7
s	    53,4826	 8	 45,12	 51,19	  21,0	  31,8	  35,7	  35,8	  37,3	  39,5	  38,4	  15,3
s	    53,8621	 8	179,89	 58,42	  19,2	  30,5	  34,5	  34,4	  35,8	  38,8	  38,4	  15,2
s	    54,2658	 8	 47,90	 43,98	  18,8	  29,3	  33,0	  32,6	  34,1	  37,9	  37,3	  13,3
s	    56,2572	 8	182,86	 58,95	  19,9	  31,1	  35,1	  35,3	  36,7	  38,7	  38,0	  14,6
s	    57,4095	 8	182,85	126,51	  19,8	  30,4	  34,3	  34,3	  35,8	  38,0	  36,8	  12,6
s	    63,8781	 1	290,57	 89,10	  23,5	  33,0	  36,8	  37,6	  39,1	  39,6	  37,7	  13,7
*	    76,6582	 1	327,55	 85,96	  -2,7	   6,7	  10,5	  11,4	  12,8	  13,3	  11,1	 -14,1
*	    67,2650	 1	310,66	 85,21	   0,1	   9,6	  13,4	  14,2	  15,7	  16,2	  14,2	 -10,1
*	    64,0213	 1	289,89	 84,85	   1,1	  10,6	  14,4	  15,3	  16,8	  17,3	  15,4	  -8,7
s	    64,1846	 2	290,55	 94,12	  23,0	  32,6	  36,4	  37,2	  38,7	  39,3	  37,3	  13,2
s	    64,2904	 2	290,60	 83,70	  21,4	  31,0	  34,8	  35,3	  36,8	  38,1	  36,5	  11,7
s	    65,2489	 3	290,52	 99,44	  21,1	  30,9	  34,6	  35,1	  36,6	  37,9	  36,3	  11,3
s	    65,3534	 3	290,62	 78,76	  21,6	  31,6	  35,4	  35,9	  37,4	  38,7	  37,1	  12,9
s	    66,2069	 2	290,62	 89,10	  22,3	  32,3	  36,2	  37,0	  38,5	  38,9	  37,3	  13,0
s	    66,5054	 3	290,60	 93,99	  22,0	  32,2	  36,1	  36,9	  38,4	  38,8	  37,2	  12,8
s	    66,6084	 3	290,65	 83,84	  21,0	  31,3	  35,2	  35,8	  37,2	  38,4	  37,1	  12,8
s	    66,8957	 4	290,50	104,24	  21,2	  31,4	  35,2	  35,6	  37,1	  38,5	  36,8	  12,4
s	    67,2032	 4	290,64	 73,63	  19,7	  29,7	  33,5	  33,7	  35,1	  37,3	  35,9	  10,8
s	    67,5422	 4	290,57	 99,18	  20,7	  31,1	  35,1	  35,6	  37,0	  38,3	  36,9	  12,5
s	    67,6441	 4	290,67	 79,04	  20,7	  31,1	  35,1	  35,6	  37,0	  38,2	  36,9	  12,5
s	    69,1477	 5	290,55	103,86	  20,3	  30,9	  34,9	  35,3	  36,8	  38,0	  36,6	  12,0
s	    69,3382	 5	290,47	109,17	  19,2	  29,5	  33,2	  33,4	  34,8	  37,0	  35,5	  10,2
s	    69,4477	 5	290,69	 74,02	  19,2	  30,0	  33,9	  34,1	  35,6	  37,6	  36,5	  12,0
s	    69,5379	 5	290,67	 69,07	  19,7	  30,1	  33,9	  34,1	  35,6	  37,8	  36,3	  11,7
s	    71,5317	 6	290,53	108,68	  18,8	  29,7	  33,7	  33,9	  35,3	  37,3	  36,2	  11,4
s	    71,7267	 6	290,72	 69,56	  18,8	  29,7	  33,7	  33,8	  35,3	  37,3	  36,1	  11,4
s	    72,1817	 6	290,45	113,49	  19,3	  29,8	  33,6	  33,8	  35,3	  37,5	  35,8	  11,0
s	    72,6652	 6	290,69	 64,45	  17,7	  28,2	  31,9	  31,8	  33,3	  36,2	  35,0	   9,4
s	    74,3106	 7	290,50	112,92	  18,3	  29,4	  33,4	  33,5	  34,9	  37,0	  35,7	  10,7
s	    74,7835	 7	290,74	 65,03	  17,3	  28,5	  32,4	  32,3	  33,7	  36,6	  35,6	  10,6
s	    75,8069	 7	290,43	117,84	  17,2	  27,9	  31,6	  31,4	  32,9	  35,8	  34,5	   8,6
s	    76,0866	 7	290,72	 60,45	  17,7	  28,5	  32,3	  32,2	  33,7	  36,6	  35,2	  10,1
s	    76,1848	 2	321,51	 89,36	  21,3	  30,9	  34,8	  35,6	  37,0	  37,3	  35,0	   9,1
s	    76,4531	 3	321,47	 93,76	  21,6	  31,3	  35,2	  36,0	  37,4	  37,8	  35,6	  10,4
s	    76,5458	 3	321,56	 84,63	  20,1	  29,7	  33,5	  34,0	  35,5	  36,5	  34,8	   8,9
s	    77,3866	 4	321,42	 98,43	  19,8	  29,6	  33,4	  33,9	  35,3	  36,4	  34,6	   8,6
s	    77,4784	 4	321,61	 80,29	  20,3	  30,3	  34,1	  34,6	  36,1	  37,2	  35,4	  10,1
s	    77,8588	 8	290,48	117,20	  16,8	  28,1	  32,1	  31,9	  33,4	  36,2	  35,1	   9,8
s	    77,9262	 3	323,26	 89,38	  21,0	  31,0	  35,0	  35,9	  37,2	  37,4	  35,7	  10,4
s	    78,1328	 8	290,76	 61,09	  16,8	  28,1	  32,1	  31,9	  33,3	  36,2	  35,1	   9,8
s	    78,1899	 4	323,21	 93,70	  20,7	  30,9	  35,0	  35,8	  37,1	  37,4	  35,5	  10,2
s	    78,2290	 3	320,87	 89,36	  20,9	  31,0	  35,0	  35,8	  37,2	  37,4	  35,7	  10,3
s	    78,2810	 4	323,31	 84,73	  19,7	  30,0	  34,0	  34,6	  36,0	  36,9	  35,5	  10,2
s	    78,4919	 4	320,82	 93,66	  20,7	  30,9	  34,9	  35,7	  37,1	  37,3	  35,5	  10,1
s	    78,5070	 4	321,16	 89,36	  19,9	  30,5	  34,7	  35,5	  36,8	  36,9	  35,5	  10,1
s	    78,5827	 4	320,92	 84,72	  19,7	  30,0	  34,0	  34,6	  35,9	  36,9	  35,5	  10,1
s	    78,7692	 5	321,12	 93,66	  19,7	  30,4	  34,6	  35,4	  36,7	  36,9	  35,4	  10,0
s	    78,8360	 5	321,37	102,68	  19,9	  30,1	  34,0	  34,4	  35,9	  37,0	  35,1	   9,7
s	    78,8598	 5	321,21	 84,74	  18,7	  29,5	  33,7	  34,2	  35,5	  36,4	  35,4	  10,0
s	    79,1073	 5	321,66	 75,74	  18,4	  28,5	  32,3	  32,5	  33,9	  35,8	  34,3	   8,1
s	    79,1073	 5	323,17	 98,30	  19,4	  29,9	  33,9	  34,4	  35,8	  36,8	  35,3	   9,9
s	    79,1976	 5	323,36	 80,47	  19,4	  29,9	  33,9	  34,4	  35,8	  36,8	  35,3	   9,9
s	    79,4066	 5	320,78	 98,25	  19,4	  29,9	  33,9	  34,4	  35,8	  36,8	  35,3	   9,8
s	    79,4967	 5	320,96	 80,47	  19,4	  29,9	  33,9	  34,4	  35,8	  36,8	  35,3	   9,8
s	    79,6429	 8	290,40	121,58	  17,1	  28,2	  32,0	  31,8	  33,3	  36,2	  34,7	   9,2
s	    79,6815	 6	321,07	 98,23	  18,4	  29,4	  33,5	  34,1	  35,4	  36,3	  35,1	   9,7
s	    79,7712	 6	321,25	 80,50	  18,4	  29,4	  33,5	  34,0	  35,4	  36,3	  35,1	   9,6
s	    80,2699	 8	290,74	 56,46	  15,5	  26,5	  30,3	  29,8	  31,2	  35,0	  33,8	   7,5
s	    80,5325	 6	323,12	102,47	  19,0	  29,7	  33,7	  34,2	  35,6	  36,6	  35,0	   9,5
s	    80,7994	 6	323,40	 75,99	  18,0	  28,8	  32,8	  33,0	  34,4	  36,2	  35,0	   9,4
s	    80,8277	 6	320,73	102,41	  19,0	  29,7	  33,7	  34,2	  35,6	  36,6	  35,0	   9,4
s	    80,9967	 6	321,32	107,08	  18,0	  28,3	  32,1	  32,2	  33,6	  35,6	  34,0	   7,6
s	    81,0262	 3	258,97	 89,10	  20,0	  30,0	  34,0	  34,8	  36,2	  36,4	  34,3	   7,9
s	    81,0938	 6	321,01	 76,01	  18,0	  28,8	  32,8	  33,0	  34,4	  36,2	  35,0	   9,4
s	    81,0987	 7	321,02	102,38	  18,0	  29,2	  33,4	  33,8	  35,2	  36,1	  34,9	   9,3
s	    81,1739	 6	321,70	 71,67	  18,5	  28,9	  32,8	  33,0	  34,4	  36,3	  34,7	   9,1
s	    81,2820	 4	258,98	 93,29	  19,7	  29,9	  33,9	  34,7	  36,1	  36,3	  34,1	   7,8
s	    81,3642	 7	321,30	 76,04	  17,0	  28,3	  32,4	  32,7	  34,0	  35,7	  34,8	   9,2
s	    81,3704	 4	258,96	 84,59	  18,7	  29,0	  33,0	  33,6	  34,9	  35,9	  34,1	   7,8
s	    82,1723	 5	259,00	 97,75	  18,4	  28,7	  32,7	  33,1	  34,5	  35,5	  33,9	   7,5
s	    82,2600	 5	258,95	 80,45	  18,9	  29,4	  33,4	  33,9	  35,3	  36,3	  34,7	   9,0
s	    82,6583	 7	323,07	106,82	  17,6	  28,6	  32,6	  32,8	  34,2	  36,0	  34,7	   8,9
s	    82,8327	 7	323,45	 71,98	  17,6	  28,6	  32,6	  32,8	  34,1	  36,0	  34,7	   8,9
s	    82,9475	 7	320,69	106,74	  17,6	  28,6	  32,6	  32,8	  34,1	  36,0	  34,6	   8,9
s	    82,9765	 4	259,67	 89,10	  19,6	  30,1	  34,3	  35,1	  36,4	  36,5	  35,0	   9,2
s	    82,9971	 4	257,39	 89,10	  19,6	  30,1	  34,3	  35,1	  36,4	  36,5	  35,0	   9,2
s	    83,1214	 7	321,05	 72,00	  17,6	  28,5	  32,6	  32,7	  34,1	  35,9	  34,6	   8,8
s	    83,2131	 8	320,98	106,70	  16,6	  28,1	  32,2	  32,4	  33,7	  35,5	  34,5	   8,7
s	    83,2276	 5	259,68	 93,21	  19,3	  30,1	  34,2	  35,0	  36,3	  36,4	  34,8	   9,0
s	    83,2481	 5	257,40	 93,22	  19,3	  30,1	  34,2	  35,0	  36,3	  36,4	  34,8	   9,0
s	    83,2934	 5	259,41	 89,10	  18,6	  29,6	  33,9	  34,8	  36,0	  36,0	  34,8	   9,0
s	    83,3143	 5	259,66	 84,67	  18,3	  29,1	  33,3	  33,8	  35,2	  36,0	  34,8	   9,0
s	    83,3866	 8	321,34	 72,05	  16,6	  28,1	  32,2	  32,4	  33,7	  35,5	  34,5	   8,7
s	    83,5274	 7	321,28	110,99	  18,1	  28,7	  32,6	  32,7	  34,1	  36,1	  34,3	   8,5
s	    83,5437	 6	259,42	 93,20	  18,3	  29,6	  33,9	  34,7	  35,9	  35,9	  34,7	   8,9
s	    83,5563	 6	259,01	101,81	  18,6	  29,2	  33,3	  33,7	  35,1	  36,1	  34,4	   8,6
s	    83,6303	 6	259,40	 84,68	  17,3	  28,6	  32,9	  33,5	  34,8	  35,5	  34,7	   8,8
s	    83,8155	 6	258,94	 76,09	  17,0	  27,6	  31,6	  31,7	  33,1	  34,9	  33,6	   7,0
s	    83,9593	 7	321,75	 67,48	  16,5	  27,0	  30,9	  30,7	  32,1	  34,8	  33,5	   6,9
s	    84,1016	 6	259,69	 97,60	  18,0	  29,0	  33,2	  33,7	  35,0	  35,9	  34,6	   8,7
s	    84,1220	 6	257,41	 97,60	  18,0	  29,0	  33,2	  33,7	  35,0	  35,9	  34,6	   8,7
s	    84,1877	 6	259,65	 80,61	  18,0	  29,0	  33,2	  33,7	  35,0	  35,9	  34,6	   8,7
s	    84,2080	 6	257,36	 80,61	  18,0	  29,0	  33,2	  33,7	  35,0	  35,9	  34,6	   8,7
s	    84,4152	 7	259,43	 97,57	  17,0	  28,5	  32,8	  33,3	  34,6	  35,4	  34,5	   8,6
s	    84,5010	 7	259,39	 80,63	  17,0	  28,5	  32,8	  33,3	  34,6	  35,4	  34,5	   8,6
s	    84,9534	 3	 34,41	 90,27	  20,9	  30,6	  34,5	  35,3	  36,7	  37,0	  34,6	   8,7
s	    85,1499	 8	323,02	110,67	  17,2	  28,3	  32,3	  32,5	  33,9	  35,7	  34,3	   8,3
s	    85,1998	 4	 34,37	 94,31	  20,6	  30,5	  34,4	  35,1	  36,6	  36,9	  34,5	   8,5
s	    85,2850	 4	 34,46	 85,93	  19,6	  29,6	  33,5	  34,0	  35,4	  36,5	  34,5	   8,5
s	    85,4324	 8	320,64	110,59	  17,2	  28,3	  32,3	  32,5	  33,8	  35,7	  34,2	   8,3
s	    85,4583	 4	 35,62	 90,29	  20,6	  30,5	  34,4	  35,1	  36,5	  36,9	  33,7	   6,9
s	    85,4608	 7	259,70	101,58	  17,7	  28,9	  33,0	  33,5	  34,8	  35,7	  34,3	   8,4
s	    85,4809	 7	257,42	101,59	  17,7	  28,9	  33,0	  33,5	  34,8	  35,7	  34,3	   8,4
s	    85,5753	 8	323,50	 67,85	  16,1	  27,4	  31,4	  31,3	  32,7	  35,3	  34,2	   8,2
s	    85,6225	 7	259,02	106,04	  16,6	  27,4	  31,4	  31,5	  32,9	  34,7	  33,3	   6,5
s	    85,7036	 5	 35,58	 94,31	  19,9	  30,3	  34,3	  35,0	  36,4	  36,6	  34,5	   8,5
s	    85,7155	 7	259,64	 76,33	  16,6	  27,9	  32,1	  32,3	  33,6	  35,3	  34,3	   8,3
s	    85,7356	 7	257,35	 76,34	  16,6	  27,9	  32,1	  32,3	  33,6	  35,3	  34,3	   8,3
s	    85,7704	 8	259,44	101,55	  16,7	  28,4	  32,7	  33,1	  34,4	  35,2	  34,2	   8,2
s	    85,7884	 5	 35,67	 85,96	  19,3	  29,5	  33,4	  33,8	  35,3	  36,4	  33,5	   6,7
s	    85,7921	 7	258,93	 72,18	  17,1	  28,1	  32,1	  32,3	  33,7	  35,5	  34,1	   8,1
s	    85,8567	 8	321,10	 67,88	  16,1	  27,3	  31,4	  31,3	  32,6	  35,2	  34,2	   8,2
s	    86,0244	 8	259,38	 76,36	  15,6	  27,4	  31,7	  32,0	  33,2	  34,8	  34,2	   8,1
s	    86,3835	 6	 35,70	 82,96	  16,6	  27,7	  32,8	  33,6	  35,0	  36,0	  34,3	   8,3
s	    86,7763	 8	321,23	114,98	  16,0	  26,8	  30,6	  30,4	  31,8	  34,5	  33,1	   6,2
s	    87,0172	 6	 34,29	101,58	  17,0	  27,9	  32,8	  33,5	  35,0	  36,1	  34,0	   7,9
s	    87,0279	 8	321,80	 63,80	  16,5	  27,4	  31,3	  31,2	  32,6	  35,3	  33,8	   7,7
s	    87,4912	 8	259,71	105,74	  16,3	  27,7	  31,9	  32,1	  33,4	  35,1	  34,0	   7,8
s	    87,5110	 8	257,44	105,75	  16,3	  27,7	  31,9	  32,1	  33,4	  35,1	  34,0	   7,8
s	    87,5126	 7	 35,50	101,54	  16,3	  27,6	  32,7	  33,4	  34,8	  35,8	  34,1	   7,9
s	    87,6432	 6	 34,55	 77,73	  17,4	  27,7	  31,5	  31,7	  33,1	  35,0	  33,2	   6,2
s	    87,6579	 8	259,63	 72,48	  16,2	  27,7	  31,9	  32,1	  33,4	  35,1	  34,0	   7,8
s	    87,6777	 8	257,34	 72,49	  16,2	  27,7	  31,9	  32,1	  33,4	  35,1	  34,0	   7,8
s	    88,0472	 8	259,03	109,80	  16,7	  27,9	  31,9	  32,0	  33,4	  35,2	  33,7	   7,5
s	    88,1358	 7	 35,76	 77,80	  17,7	  28,3	  32,2	  32,3	  33,7	  35,7	  33,0	   6,0
s	    88,4937	 5	 34,33	 90,28	  18,9	  29,6	  33,8	  34,6	  35,9	  36,0	  34,2	   8,0
s	    88,6972	 5	 34,08	 86,06	  18,6	  29,1	  33,1	  33,6	  35,0	  35,9	  34,2	   7,9
s	    88,7323	 6	 34,29	 94,19	  18,7	  29,6	  33,7	  34,5	  35,8	  35,9	  34,1	   7,8
s	    88,8148	 6	 34,38	 86,07	  17,6	  28,6	  32,8	  33,3	  34,6	  35,5	  34,1	   7,8
s	    89,0375	 7	 34,58	 74,86	  15,6	  26,7	  31,7	  32,1	  33,6	  35,5	  33,7	   7,4
s	    89,3882	 7	 34,23	106,63	  17,1	  27,5	  31,4	  31,4	  32,8	  34,8	  32,9	   5,8
s	    89,3937	 7	 34,41	 83,15	  15,4	  27,0	  32,3	  33,0	  34,4	  35,3	  33,9	   7,6
s	    89,5240	 8	 35,79	 74,95	  14,8	  26,5	  31,6	  32,0	  33,4	  35,2	  33,8	   7,4
s	    89,8732	 8	 35,44	106,57	  17,3	  28,1	  32,0	  32,1	  33,5	  35,5	  32,7	   5,6
s	    90,2065	 7	 33,87	 98,61	  18,6	  28,9	  32,9	  33,3	  34,7	  35,7	  33,6	   7,2
s	    90,4928	 8	 34,21	101,23	  15,1	  26,9	  32,2	  32,9	  34,2	  35,1	  33,7	   7,2
s	    90,6879	 8	 35,04	 98,58	  18,3	  28,9	  32,8	  33,2	  34,6	  35,6	  32,6	   5,4
s	    90,9843	 7	 34,17	 78,11	  17,0	  27,9	  31,9	  32,1	  33,5	  35,2	  33,7	   7,2
s	    91,0996	 8	 34,47	 78,12	  16,0	  27,4	  31,6	  31,8	  33,1	  34,8	  33,6	   7,1
s	    92,1339	 8	 34,64	 70,03	  15,6	  26,4	  30,2	  30,0	  31,4	  34,1	  32,4	   5,1
s	    92,3380	 8	 34,20	 75,32	  14,6	  26,3	  31,4	  31,8	  33,2	  35,0	  33,5	   6,8
s	    93,6002	 8	 33,53	 98,36	  17,6	  28,5	  32,6	  33,0	  34,3	  35,2	  33,3	   6,6
s	    94,0893	 4	191,54	 89,71	  19,2	  29,4	  33,4	  34,2	  35,6	  35,7	  33,5	   6,7
s	    94,3164	 5	191,59	 93,43	  19,0	  29,4	  33,4	  34,1	  35,5	  35,6	  33,3	   6,5
s	    94,5547	 5	190,42	 89,72	  18,9	  29,3	  33,4	  34,1	  35,4	  35,6	  32,5	   5,0
s	    94,7810	 6	190,47	 93,43	  18,2	  29,1	  33,3	  34,0	  35,3	  35,4	  33,4	   6,6
s	    95,1080	 6	191,64	 97,40	  17,7	  28,3	  32,3	  32,8	  34,2	  35,1	  33,1	   6,3
s	    95,5694	 7	190,52	 97,39	  17,4	  28,3	  32,3	  32,7	  34,0	  35,0	  32,2	   4,5
s	    95,9938	 7	191,68	100,14	  15,4	  26,7	  31,8	  32,5	  33,9	  34,9	  32,9	   6,0
s	    96,4518	 8	190,55	100,12	  14,6	  26,5	  31,7	  32,4	  33,7	  34,6	  33,0	   6,0
s	    96,5726	 7	191,39	 78,12	  15,8	  26,6	  30,5	  30,6	  32,0	  33,7	  32,1	   4,3
s	    97,5226	 5	191,86	 89,71	  18,2	  28,9	  33,1	  33,9	  35,2	  35,2	  33,2	   6,1
s	    97,6316	 6	191,58	 89,71	  17,2	  28,5	  32,8	  33,6	  34,8	  34,7	  33,1	   6,0
s	    97,7433	 6	191,90	 93,32	  18,0	  28,9	  33,0	  33,8	  35,1	  35,1	  33,1	   6,0
s	    97,8195	 6	191,81	 85,81	  16,9	  28,0	  32,1	  32,6	  33,9	  34,7	  33,1	   6,0
s	    97,8520	 7	191,63	 93,32	  17,0	  28,4	  32,7	  33,5	  34,7	  34,7	  33,0	   5,9
s	    97,8633	 8	191,35	 75,45	  14,0	  25,6	  30,7	  31,1	  32,5	  34,3	  32,6	   5,5
s	    97,9282	 7	191,53	 85,82	  16,0	  27,5	  31,8	  32,3	  33,5	  34,2	  32,9	   5,8
s	    98,1884	 8	191,74	104,83	  15,4	  26,4	  30,4	  30,4	  31,8	  33,6	  31,8	   3,9
s	    98,4635	 8	191,50	 83,12	  13,7	  25,9	  31,3	  32,0	  33,3	  34,0	  32,8	   5,6
s	    99,3734	 8	191,99	 99,85	  14,4	  26,2	  31,5	  32,2	  33,5	  34,4	  32,7	   5,5
s	    99,9322	 8	190,57	 78,46	  15,8	  27,1	  31,0	  31,1	  32,5	  34,4	  31,6	   3,6
s	    99,9362	 8	191,71	 78,44	  15,3	  26,8	  30,9	  31,1	  32,4	  34,0	  32,6	   5,3
s	   102,7193	 7	 49,20	 86,70	  17,1	  28,0	  32,0	  32,4	  33,7	  34,7	  32,4	   4,9
s	   110,4637	 2	113,76	 90,57	  18,7	  28,7	  32,6	  33,5	  34,8	  34,9	  32,2	   4,0
s	   110,6629	 3	113,78	 93,83	  18,5	  28,7	  32,6	  33,4	  34,7	  34,9	  32,1	   3,8
s	   110,7318	 3	113,74	 87,05	  17,5	  27,7	  31,7	  32,2	  33,6	  34,5	  32,0	   3,8
s	   110,9466	 6	 91,17	100,70	  15,3	  26,1	  31,1	  31,8	  33,2	  34,2	  31,5	   3,2
s	   111,3577	 4	113,80	 97,32	  16,5	  26,7	  30,6	  31,0	  32,4	  33,3	  30,8	   1,8
s	   111,4262	 4	113,73	 83,81	  17,0	  27,4	  31,3	  31,8	  33,2	  34,1	  31,6	   3,3
s	   111,5923	 5	342,46	 89,65	  17,3	  27,8	  32,1	  32,9	  34,1	  33,9	  31,7	   3,4
s	   111,7898	 6	342,42	 92,88	  17,0	  27,8	  32,0	  32,8	  34,0	  33,8	  31,6	   3,3
s	   111,8581	 6	342,51	 86,16	  16,0	  26,9	  31,1	  31,6	  32,9	  33,4	  31,6	   3,3
s	   111,9678	 6	342,27	 89,65	  16,3	  27,4	  31,7	  32,6	  33,7	  33,4	  31,6	   3,2
s	   112,1647	 7	342,23	 92,87	  16,0	  27,3	  31,7	  32,4	  33,6	  33,3	  31,5	   3,1
s	   112,2329	 7	342,32	 86,17	  15,0	  26,4	  30,8	  31,3	  32,5	  32,9	  31,5	   3,1
s	   112,2389	 7	 89,76	100,60	  14,5	  25,8	  30,9	  31,6	  33,0	  33,8	  31,5	   3,1
s	   112,4423	 5	113,82	100,52	  16,7	  27,3	  31,2	  31,7	  33,0	  34,0	  31,4	   3,0
s	   112,4788	 7	342,38	 96,35	  15,7	  26,8	  31,0	  31,5	  32,7	  33,3	  31,4	   3,0
s	   112,5467	 7	342,55	 82,95	  15,7	  26,8	  31,0	  31,5	  32,7	  33,3	  31,4	   3,0
s	   112,6461	 5	113,71	 80,37	  15,1	  25,7	  29,6	  29,7	  31,1	  32,8	  30,6	   1,4
s	   112,6627	 5	341,55	 89,64	  17,2	  27,8	  32,0	  32,8	  34,0	  33,8	  31,6	   3,2
s	   112,7933	 3	113,74	 90,57	  17,6	  28,1	  32,2	  33,0	  34,3	  34,3	  31,8	   3,4
s	   112,8518	 8	342,19	 96,33	  14,7	  26,3	  30,7	  31,2	  32,3	  32,8	  31,3	   2,9
s	   112,8586	 6	341,51	 92,85	  16,9	  27,7	  32,0	  32,7	  33,9	  33,7	  31,5	   3,1
s	   112,9196	 8	342,36	 82,97	  14,7	  26,3	  30,7	  31,2	  32,3	  32,8	  31,3	   2,8
s	   112,9264	 6	341,59	 86,18	  15,9	  26,8	  31,0	  31,6	  32,8	  33,3	  31,5	   3,1
s	   112,9891	 4	113,76	 93,78	  17,4	  28,1	  32,1	  32,9	  34,2	  34,2	  31,7	   3,3
s	   113,0568	 4	113,72	 87,12	  16,4	  27,1	  31,2	  31,7	  33,0	  33,8	  31,7	   3,3
s	   113,0876	 7	 91,53	100,54	  14,4	  25,8	  30,9	  31,5	  32,9	  33,8	  31,4	   2,9
s	   113,2942	 8	 91,30	100,52	  13,5	  25,3	  30,5	  31,2	  32,5	  33,3	  31,2	   2,8
s	   113,5422	 7	341,47	 96,28	  15,7	  26,7	  30,9	  31,4	  32,7	  33,2	  31,3	   2,8
s	   113,5544	 8	342,34	 99,52	  15,4	  26,7	  30,9	  31,3	  32,6	  33,2	  31,2	   2,7
s	   113,6096	 7	341,63	 82,99	  15,7	  26,7	  30,9	  31,4	  32,6	  33,2	  31,3	   2,8
s	   113,6720	 5	113,78	 97,21	  16,1	  27,0	  31,1	  31,6	  32,9	  33,7	  31,5	   3,0
s	   113,7393	 5	113,70	 83,93	  16,1	  27,0	  31,1	  31,6	  32,9	  33,7	  31,5	   3,0
s	   113,7565	 8	342,59	 79,54	  14,4	  25,7	  30,0	  30,2	  31,4	  32,7	  31,2	   2,7
s	   114,0716	 6	113,83	103,90	  14,8	  25,6	  29,4	  29,5	  30,9	  32,6	  30,4	   1,1
s	   114,2059	 6	113,69	 77,25	  15,3	  26,2	  30,1	  30,3	  31,7	  33,4	  31,1	   2,6
s	   114,7382	 6	113,79	100,36	  15,8	  26,9	  31,0	  31,4	  32,7	  33,6	  31,3	   2,7
s	   114,8100	 8	341,68	 79,61	  14,3	  25,6	  29,9	  30,1	  31,3	  32,7	  31,1	   2,5
s	   114,9386	 6	113,69	 80,55	  14,8	  26,0	  30,1	  30,3	  31,6	  33,2	  31,3	   2,7
s	   115,9986	 7	113,85	106,96	  15,0	  26,1	  30,0	  30,1	  31,5	  33,2	  30,8	   2,1
s	   116,3294	 7	113,67	 73,97	  13,4	  24,4	  28,3	  28,1	  29,5	  32,0	  30,0	   0,5
s	   116,3406	 7	113,81	103,68	  14,5	  25,9	  29,9	  30,1	  31,4	  33,0	  31,0	   2,3
s	   116,4727	 7	113,67	 77,47	  14,4	  25,9	  29,9	  30,1	  31,4	  33,0	  31,0	   2,3
s	   118,2365	 8	113,83	106,69	  14,1	  25,7	  29,8	  29,9	  31,2	  32,9	  30,7	   1,8
s	   118,3943	 5	240,25	 89,22	  17,0	  27,1	  31,1	  31,9	  33,1	  32,9	  30,0	   0,3
s	   118,5004	 8	113,87	110,14	  13,1	  24,3	  28,1	  27,9	  29,2	  31,8	  29,7	   0,0
s	   118,5620	 8	113,65	 74,24	  13,1	  24,8	  28,8	  28,7	  30,0	  32,4	  30,7	   1,8
s	   118,5822	 6	240,27	 92,31	  16,8	  27,0	  31,1	  31,8	  33,0	  32,8	  29,8	   0,1
s	   118,6954	 8	113,65	 71,02	  13,6	  24,9	  28,8	  28,7	  30,0	  32,6	  30,5	   1,5
s	   118,7640	 3	 92,71	 90,64	  18,0	  28,0	  32,0	  32,8	  34,1	  34,1	  31,2	   2,3
s	   118,9514	 4	 92,72	 93,71	  17,8	  28,0	  32,0	  32,7	  34,0	  34,0	  31,1	   2,1
s	   119,0163	 4	 92,71	 87,33	  17,5	  27,4	  31,3	  31,8	  33,1	  34,0	  31,1	   2,1
s	   119,2382	 7	240,29	 95,60	  15,5	  26,0	  30,1	  30,5	  31,7	  32,3	  29,7	  -0,1
s	   119,3029	 7	240,21	 82,85	  15,5	  26,0	  30,1	  30,5	  31,7	  32,3	  29,7	  -0,1
s	   119,4150	 5	 92,72	 96,25	  13,7	  24,5	  29,6	  30,3	  31,6	  32,4	  29,9	   0,2
s	   119,6702	 5	 92,71	 84,28	  17,0	  27,1	  31,0	  31,4	  32,8	  33,7	  30,7	   1,7
s	   119,8328	 6	241,00	 89,22	  16,7	  27,3	  31,5	  32,3	  33,4	  33,1	  30,7	   1,7
s	   119,9853	 4	 91,39	 90,64	  16,9	  27,5	  31,6	  32,4	  33,7	  33,5	  31,0	   2,0
s	   120,0189	 7	241,01	 92,27	  16,5	  27,2	  31,4	  32,2	  33,3	  33,0	  30,6	   1,6
s	   120,1712	 5	 91,39	 93,68	  16,7	  27,4	  31,6	  32,3	  33,6	  33,5	  30,9	   1,8
s	   120,2355	 5	 91,39	 87,36	  16,4	  26,9	  30,9	  31,4	  32,7	  33,4	  30,9	   1,8
s	   120,2628	 8	240,31	 98,63	  14,8	  26,0	  30,2	  30,7	  31,9	  32,4	  30,3	   1,2
s	   120,4555	 8	240,19	 79,60	  14,2	  24,8	  28,8	  28,9	  30,1	  31,5	  29,4	  -0,4
s	   120,6308	 6	 91,39	 96,20	  13,4	  24,9	  30,2	  30,9	  32,2	  32,8	  30,7	   1,6
s	   120,6682	 8	241,04	 95,54	  15,2	  26,2	  30,4	  30,9	  32,0	  32,5	  30,4	   1,3
s	   120,7323	 8	240,95	 82,91	  15,2	  26,2	  30,4	  30,9	  32,0	  32,5	  30,4	   1,3
s	   120,8198	 6	 92,71	 81,03	  14,4	  25,0	  28,9	  29,1	  30,4	  31,9	  29,7	  -0,2
s	   120,8838	 6	 91,39	 84,33	  16,2	  26,8	  30,8	  31,3	  32,6	  33,4	  30,7	   1,6
s	   120,9587	 4	 93,03	 90,64	  16,9	  27,4	  31,6	  32,4	  33,6	  33,4	  30,9	   1,8
s	   121,1433	 5	 93,03	 93,66	  16,7	  27,4	  31,5	  32,3	  33,5	  33,4	  30,8	   1,6
s	   121,1539	 5	 92,81	 90,64	  15,9	  27,0	  31,2	  32,0	  33,3	  33,0	  30,8	   1,6
s	   121,1738	 6	239,40	 89,23	  16,6	  27,2	  31,4	  32,2	  33,3	  33,0	  30,6	   1,4
s	   121,2071	 5	 93,03	 87,38	  16,4	  26,9	  30,9	  31,3	  32,6	  33,4	  30,8	   1,6
s	   121,3383	 6	 92,81	 93,66	  15,7	  26,9	  31,2	  31,9	  33,2	  32,9	  30,7	   1,5
s	   121,3581	 7	239,42	 92,25	  16,4	  27,1	  31,3	  32,1	  33,2	  32,9	  30,5	   1,3
s	   121,4020	 6	 92,81	 87,39	  15,4	  26,4	  30,5	  31,0	  32,3	  32,9	  30,7	   1,5
s	   121,5243	 7	239,58	 89,23	  15,6	  26,7	  31,0	  31,9	  32,9	  32,5	  30,5	   1,3
s	   121,5998	 6	 93,03	 96,17	  13,4	  24,9	  30,1	  30,9	  32,2	  32,8	  30,6	   1,4
s	   121,7082	 8	239,60	 92,25	  15,4	  26,7	  31,0	  31,8	  32,8	  32,4	  30,3	   1,1
s	   121,7942	 7	 92,81	 96,16	  12,4	  24,4	  29,8	  30,5	  31,8	  32,3	  30,5	   1,3
s	   121,8511	 6	 93,03	 84,38	  16,1	  26,8	  30,8	  31,2	  32,5	  33,3	  30,6	   1,4
s	   122,0014	 8	239,44	 95,49	  15,1	  26,1	  30,3	  30,8	  31,9	  32,4	  30,3	   1,1
s	   122,0238	 7	 91,39	 81,11	  14,1	  25,4	  29,5	  29,7	  31,0	  32,4	  30,5	   1,2
s	   122,0452	 7	 92,81	 84,38	  15,1	  26,3	  30,4	  30,9	  32,1	  32,8	  30,5	   1,2
s	   122,1859	 4	135,77	 90,41	  16,8	  27,3	  31,5	  32,3	  33,6	  33,4	  30,8	   1,5
s	   122,2915	 7	 92,71	 78,07	  15,3	  26,0	  29,8	  29,9	  31,3	  33,0	  30,2	   1,0
s	   122,3689	 5	135,80	 93,41	  16,6	  27,3	  31,4	  32,2	  33,5	  33,3	  30,7	   1,4
s	   122,4323	 5	135,74	 87,18	  16,3	  26,8	  30,8	  31,3	  32,6	  33,3	  30,7	   1,4
s	   122,8216	 6	135,83	 95,89	  12,6	  23,9	  29,1	  29,8	  31,1	  31,7	  29,5	  -0,6
s	   122,9835	 7	 93,02	 81,18	  14,0	  25,3	  29,5	  29,7	  30,9	  32,3	  30,4	   1,1
s	   123,0708	 6	135,71	 84,20	  15,8	  26,5	  30,5	  30,9	  32,2	  33,0	  30,3	   0,9
s	   123,1760	 8	 92,80	 81,19	  13,1	  24,9	  29,1	  29,3	  30,5	  31,9	  30,3	   0,9
s	   123,4833	 8	 91,39	 78,18	  14,5	  25,7	  29,7	  29,8	  31,1	  32,7	  30,2	   0,9
s	   123,6020	 5	137,03	 90,40	  15,8	  26,8	  31,1	  31,9	  33,1	  32,8	  30,6	   1,2
s	   123,7832	 6	137,06	 93,37	  15,5	  26,8	  31,0	  31,8	  33,0	  32,7	  30,4	   1,0
s	   123,8623	 7	162,42	 90,11	  14,6	  26,2	  30,7	  31,5	  32,6	  32,1	  30,3	   0,9
s	   123,9852	 8	 92,72	106,11	  14,3	  25,4	  29,4	  29,5	  30,8	  32,4	  30,0	   0,5
s	   124,0433	 8	162,45	 93,08	  14,3	  26,1	  30,6	  31,4	  32,5	  32,0	  30,2	   0,8
s	   124,1059	 8	162,38	 86,92	  13,3	  25,2	  29,7	  30,2	  31,3	  31,6	  30,2	   0,8
s	   124,1937	 7	135,68	 81,03	  13,2	  24,3	  28,4	  28,6	  29,8	  31,2	  29,3	  -0,9
s	   124,2316	 7	137,09	 95,83	  12,3	  24,3	  29,6	  30,4	  31,6	  32,1	  30,3	   0,8
s	   124,2381	 8	162,24	 90,12	  13,6	  25,7	  30,3	  31,1	  32,2	  31,6	  30,2	   0,7
s	   124,2979	 8	 92,70	 74,96	  13,5	  24,2	  28,0	  27,8	  29,1	  31,6	  29,1	  -1,1
s	   124,3294	 5	135,41	 90,42	  15,7	  26,8	  31,1	  31,9	  33,1	  32,7	  30,5	   1,0
s	   124,4335	 8	 93,02	 78,26	  14,5	  25,6	  29,6	  29,7	  31,0	  32,6	  30,1	   0,7
s	   124,4784	 7	136,97	 84,25	  15,0	  26,2	  30,3	  30,7	  32,0	  32,6	  30,3	   0,8
s	   124,5098	 6	135,44	 93,37	  15,5	  26,7	  31,0	  31,8	  33,0	  32,7	  30,4	   0,9
s	   124,5571	 6	135,62	 90,42	  14,7	  26,3	  30,7	  31,5	  32,7	  32,3	  30,4	   0,9
s	   124,5722	 6	135,38	 87,23	  15,2	  26,2	  30,3	  30,8	  32,1	  32,7	  30,4	   0,9
s	   124,7372	 7	135,65	 93,37	  14,5	  26,2	  30,7	  31,4	  32,6	  32,2	  30,2	   0,7
s	   124,7995	 7	135,59	 87,24	  14,2	  25,7	  30,0	  30,5	  31,7	  32,2	  30,2	   0,7
s	   124,9329	 7	161,58	 90,13	  14,5	  26,1	  30,6	  31,4	  32,5	  32,0	  30,2	   0,7
s	   124,9559	 7	135,46	 95,82	  12,2	  24,2	  29,6	  30,3	  31,6	  32,1	  30,2	   0,7
s	   125,1126	 8	161,61	 93,07	  14,3	  26,0	  30,6	  31,3	  32,4	  31,9	  30,1	   0,6
s	   125,1826	 8	135,67	 95,81	  11,2	  23,7	  29,3	  30,0	  31,2	  31,6	  30,1	   0,6
s	   125,2015	 7	135,36	 84,30	  14,9	  26,1	  30,3	  30,7	  31,9	  32,6	  30,2	   0,7
s	   125,4279	 8	135,57	 84,30	  14,0	  25,6	  29,9	  30,4	  31,6	  32,1	  30,1	   0,5
s	   125,5080	 8	135,89	102,70	  12,9	  24,2	  28,3	  28,4	  29,6	  31,1	  29,0	  -1,3
s	   125,5906	 8	136,94	 81,11	  12,9	  24,7	  29,0	  29,2	  30,4	  31,7	  30,0	   0,5
s	   125,6319	 8	135,66	 78,14	  14,2	  25,3	  29,3	  29,4	  30,7	  32,3	  29,8	   0,2
s	   126,3083	 8	135,33	 81,17	  12,9	  24,7	  29,0	  29,1	  30,3	  31,6	  30,0	   0,3
s	   129,7906	 6	290,09	 89,18	  13,7	  25,7	  30,2	  31,0	  32,1	  31,7	  29,9	  -0,1
s	   129,9645	 7	290,08	 92,03	  13,4	  25,7	  30,1	  30,9	  32,0	  31,7	  29,7	  -0,2
s	   130,0580	 7	290,11	 85,89	  13,4	  25,5	  30,1	  30,9	  32,0	  31,4	  29,7	  -0,2
s	   130,6315	 8	290,12	 83,28	  12,2	  24,6	  29,1	  29,6	  30,7	  31,2	  29,6	  -0,4
s	   132,1187	 7	290,13	 89,18	  12,6	  25,1	  29,7	  30,5	  31,6	  31,1	  29,5	  -0,6
s	   132,2899	 8	290,12	 91,99	  12,3	  25,1	  29,7	  30,4	  31,5	  31,1	  29,4	  -0,7
s	   132,3821	 8	290,14	 85,94	  12,3	  24,9	  29,6	  30,4	  31,5	  30,8	  29,4	  -0,8
s	   136,6925	 8	 73,47	 99,04	  12,6	  24,0	  29,1	  29,8	  31,1	  31,6	  28,8	  -1,8
s	   137,6659	 8	271,49	 94,78	  11,3	  23,4	  28,8	  29,5	  30,7	  31,2	  28,9	  -1,7
s	   138,3529	 5	 30,42	 90,28	  16,2	  26,4	  30,5	  31,3	  32,5	  32,2	  29,0	  -1,7
s	   138,5175	 6	 30,39	 92,98	  15,9	  26,4	  30,5	  31,2	  32,4	  32,1	  28,8	  -1,9
s	   138,6904	 6	 31,24	 90,29	  15,9	  26,4	  30,4	  31,2	  32,4	  32,1	  28,0	  -3,5
s	   138,8547	 7	 31,21	 92,98	  15,2	  26,1	  30,4	  31,1	  32,2	  31,9	  28,9	  -1,8
s	   139,0925	 7	 30,36	 95,87	  14,7	  25,4	  29,5	  29,9	  31,1	  31,6	  28,7	  -2,1
s	   139,4285	 8	 31,18	 95,87	  14,4	  25,3	  29,4	  29,8	  31,0	  31,6	  27,7	  -3,8
s	   141,5713	 6	 30,31	 87,43	  14,8	  25,4	  29,4	  29,8	  31,1	  31,7	  28,6	  -2,4
s	   141,8155	 6	 30,25	 90,28	  15,3	  26,0	  30,2	  31,0	  32,2	  31,7	  28,8	  -2,2
s	   141,8951	 7	 30,45	 90,28	  14,3	  25,6	  29,9	  30,7	  31,8	  31,3	  28,7	  -2,4
s	   141,9022	 7	 31,11	 87,44	  14,5	  25,4	  29,3	  29,7	  31,0	  31,7	  27,6	  -4,1
s	   141,9767	 7	 30,22	 92,92	  15,0	  26,0	  30,2	  30,9	  32,1	  31,7	  28,6	  -2,4
s	   142,0562	 8	 30,42	 92,92	  14,1	  25,5	  29,9	  30,6	  31,7	  31,2	  28,5	  -2,5
s	   142,1355	 7	 30,34	 84,79	  14,5	  25,3	  29,3	  29,7	  31,0	  31,7	  28,4	  -2,6
s	   142,5396	 8	 30,19	 95,75	  13,7	  25,0	  29,2	  29,6	  30,8	  31,2	  28,5	  -2,6
s	   142,7137	 8	 30,19	 97,74	  12,3	  23,8	  28,8	  29,5	  30,8	  31,5	  28,2	  -2,9
s	   144,5587	 5	272,50	 89,14	  14,6	  25,6	  29,9	  30,7	  31,9	  31,4	  28,6	  -2,6
s	   144,7173	 6	272,50	 91,74	  14,4	  25,6	  29,9	  30,6	  31,8	  31,4	  28,5	  -2,8
s	   144,7721	 6	272,50	 86,35	  14,1	  25,1	  29,2	  29,7	  30,9	  31,4	  28,5	  -2,8
s	   145,0305	 7	 30,14	 87,49	  13,8	  25,0	  29,1	  29,6	  30,8	  31,3	  28,4	  -2,9
s	   145,1086	 8	 30,34	 87,49	  12,9	  24,5	  28,8	  29,2	  30,4	  30,8	  28,3	  -3,0
s	   145,3256	 7	272,50	 83,76	  13,6	  24,8	  28,9	  29,3	  30,5	  31,0	  28,1	  -3,2
s	   145,5832	 8	 30,17	 84,91	  13,6	  24,9	  29,1	  29,4	  30,7	  31,2	  28,2	  -3,1
s	   145,7865	 6	271,38	 89,14	  13,6	  25,1	  29,5	  30,3	  31,4	  30,9	  28,4	  -2,9
s	   145,9438	 7	271,38	 91,72	  13,3	  25,1	  29,5	  30,2	  31,3	  30,8	  28,3	  -3,1
s	   146,1373	 8	272,50	 97,09	  12,6	  24,3	  28,5	  29,0	  30,1	  30,5	  27,9	  -3,5
s	   146,3004	 8	272,50	 81,00	  11,8	  23,1	  27,1	  27,2	  28,4	  29,7	  27,1	  -5,0
s	   146,5478	 8	271,38	 83,80	  12,8	  24,5	  28,7	  29,2	  30,3	  30,7	  28,1	  -3,3
s	   146,7502	 6	272,77	 89,15	  13,5	  25,1	  29,5	  30,3	  31,4	  30,8	  28,3	  -3,1
s	   146,9067	 7	272,77	 91,71	  13,3	  25,0	  29,4	  30,2	  31,3	  30,8	  28,2	  -3,2
s	   146,9478	 7	272,58	 89,15	  12,5	  24,6	  29,2	  29,9	  31,0	  30,4	  28,2	  -3,3
s	   146,9608	 7	272,77	 86,38	  13,0	  24,5	  28,8	  29,2	  30,4	  30,8	  28,2	  -3,3
s	   147,0040	 8	 34,43	 90,33	  13,8	  25,2	  29,6	  30,3	  31,4	  30,9	  28,1	  -3,4
s	   147,1040	 8	272,58	 91,71	  12,3	  24,5	  29,1	  29,8	  30,9	  30,3	  28,1	  -3,4
s	   147,1581	 8	272,59	 86,39	  12,0	  24,0	  28,4	  28,9	  30,0	  30,3	  28,1	  -3,4
s	   147,5071	 8	272,77	 83,83	  12,7	  24,4	  28,7	  29,1	  30,3	  30,7	  28,0	  -3,5
s	   147,5894	 6	195,02	 89,71	  14,7	  25,5	  29,7	  30,4	  31,6	  31,1	  28,0	  -3,5
s	   147,6751	 7	 74,19	 85,32	  14,4	  25,1	  29,0	  29,4	  30,6	  31,2	  27,8	  -3,7
s	   147,7451	 7	195,05	 92,26	  14,5	  25,4	  29,6	  30,3	  31,5	  31,1	  27,9	  -3,6
s	   147,9087	 7	194,24	 89,72	  14,5	  25,4	  29,6	  30,3	  31,5	  31,1	  27,1	  -5,2
s	   148,0641	 8	194,27	 92,26	  13,7	  25,2	  29,6	  30,2	  31,4	  30,8	  28,0	  -3,6
s	   148,3427	 8	194,95	 84,42	  13,2	  24,4	  28,6	  29,1	  30,2	  30,6	  27,7	  -3,8
s	   148,4193	 7	358,62	 89,88	  13,9	  25,1	  29,5	  30,3	  31,4	  30,6	  28,1	  -3,5
s	   148,5742	 8	358,58	 92,42	  13,7	  25,0	  29,5	  30,2	  31,3	  30,6	  28,0	  -3,7
s	   148,6366	 8	 74,20	 82,60	  12,6	  23,4	  27,2	  27,3	  28,5	  29,9	  26,9	  -5,5
s	   149,0392	 7	150,48	 90,28	  13,2	  24,8	  29,3	  30,1	  31,1	  30,4	  28,0	  -3,6
s	   149,1935	 8	150,51	 92,81	  12,9	  24,7	  29,2	  30,0	  31,0	  30,4	  27,9	  -3,8
s	   149,3164	 7	 73,26	 87,90	  12,9	  24,4	  28,6	  29,1	  30,3	  30,6	  28,0	  -3,7
s	   149,3982	 8	150,63	 90,27	  12,2	  24,3	  28,9	  29,7	  30,7	  29,9	  27,9	  -3,8
s	   149,8553	 8	 73,27	 85,39	  13,5	  24,7	  28,8	  29,2	  30,3	  30,8	  27,8	  -3,9
s	   151,0555	 7	195,17	 89,71	  13,8	  25,1	  29,4	  30,2	  31,3	  30,7	  27,8	  -4,0
s	   151,1308	 8	194,98	 89,71	  12,8	  24,6	  29,1	  29,9	  30,9	  30,2	  27,7	  -4,1
s	   151,2081	 8	195,20	 92,21	  13,6	  25,0	  29,4	  30,1	  31,2	  30,7	  27,7	  -4,1
s	   151,2807	 8	195,21	 94,90	  13,1	  24,4	  28,5	  28,9	  30,1	  30,6	  27,5	  -4,4
s	   154,2622	 8	195,26	 87,06	  12,4	  24,1	  28,4	  28,8	  29,9	  30,3	  27,5	  -4,6
s	   155,9874	 6	353,61	 89,82	  13,8	  24,4	  28,7	  29,5	  30,6	  29,9	  26,5	  -6,5
s	   156,1358	 7	353,58	 92,25	  13,6	  24,4	  28,7	  29,4	  30,5	  29,8	  26,4	  -6,6
s	   156,7053	 8	353,68	 84,78	  12,3	  23,4	  27,7	  28,1	  29,2	  29,4	  26,2	  -6,9
s	   157,1248	 7	352,96	 89,81	  13,5	  24,6	  29,1	  29,9	  30,9	  30,1	  27,3	  -5,0
s	   157,2723	 8	352,93	 92,23	  13,3	  24,6	  29,0	  29,8	  30,8	  30,1	  27,2	  -5,2
s	   158,8422	 7	354,11	 87,25	  12,9	  23,9	  28,2	  28,6	  29,8	  30,0	  27,0	  -5,6
s	   159,0554	 7	354,15	 89,83	  13,4	  24,5	  29,0	  29,8	  30,8	  30,0	  27,2	  -5,4
s	   159,2013	 8	354,11	 92,22	  13,2	  24,5	  28,9	  29,7	  30,7	  30,0	  27,0	  -5,5
s	   159,3024	 8	354,01	 94,80	  12,7	  23,9	  28,1	  28,5	  29,7	  29,9	  26,8	  -5,8
s	   159,3328	 8	353,98	 89,83	  12,4	  24,1	  28,7	  29,4	  30,5	  29,5	  27,0	  -5,5
s	   159,9619	 8	353,46	 87,26	  12,1	  23,7	  28,0	  28,5	  29,6	  29,7	  27,0	  -5,6
s	   164,2022	 7	230,01	 89,33	  12,4	  23,6	  28,0	  28,8	  29,8	  29,0	  25,7	  -8,0
s	   164,3440	 8	230,03	 91,66	  12,2	  23,5	  28,0	  28,7	  29,7	  28,9	  25,6	  -8,2
s	   164,4265	 8	290,54	 89,20	  10,0	  23,0	  27,7	  28,5	  29,5	  28,7	  26,6	  -6,4
s	   165,2899	 8	230,64	 89,33	  12,2	  23,8	  28,4	  29,2	  30,2	  29,2	  26,5	  -6,6
s	   167,0823	 8	229,56	 86,87	  11,6	  23,1	  27,5	  27,9	  29,0	  29,1	  26,2	  -7,1
s	   167,3091	 8	229,52	 89,34	  12,1	  23,7	  28,3	  29,1	  30,1	  29,1	  26,4	  -6,9
s	   174,4743	 3	291,66	 89,21	  14,3	  24,8	  28,9	  29,6	  30,8	  30,4	  26,3	  -7,6
s	   174,4837	 4	291,49	 89,21	  13,4	  24,4	  28,5	  29,3	  30,5	  29,9	  26,2	  -7,7
s	   174,6087	 4	291,65	 91,42	  14,1	  24,8	  28,8	  29,5	  30,7	  30,4	  26,2	  -7,7
s	   174,6182	 5	291,48	 91,42	  13,1	  24,3	  28,5	  29,2	  30,4	  29,9	  26,1	  -7,8
s	   174,6552	 4	291,67	 86,84	  13,1	  23,8	  27,9	  28,4	  29,6	  29,9	  26,2	  -7,7
s	   174,6647	 5	291,50	 86,84	  12,1	  23,4	  27,6	  28,0	  29,2	  29,5	  26,1	  -7,8
s	   175,0786	 5	291,64	 93,78	  12,1	  22,9	  26,8	  27,2	  28,4	  28,8	  25,0	  -9,7
s	   175,0880	 6	291,47	 93,78	  11,9	  23,3	  27,5	  27,9	  29,1	  29,4	  26,0	  -8,0
s	   175,1250	 5	291,68	 84,64	  12,6	  23,5	  27,6	  28,0	  29,2	  29,6	  25,8	  -8,1
s	   175,1344	 6	291,51	 84,64	  11,9	  23,3	  27,5	  27,9	  29,1	  29,4	  26,0	  -8,0
s	   175,8147	 6	291,62	 95,97	  12,4	  23,5	  27,5	  27,9	  29,1	  29,6	  25,7	  -8,4
s	   175,8241	 7	291,46	 95,96	  11,6	  23,2	  27,4	  27,8	  29,0	  29,3	  25,8	  -8,2
s	   175,9533	 6	291,69	 82,29	  10,8	  21,9	  25,8	  25,9	  27,1	  28,3	  24,9	  -9,9
s	   176,8041	 4	291,67	 89,21	  13,3	  24,3	  28,4	  29,2	  30,4	  29,8	  26,0	  -8,1
s	   176,9265	 7	291,61	 98,30	  10,5	  21,8	  25,7	  25,8	  27,0	  28,2	  24,7	 -10,2
s	   176,9370	 5	291,66	 91,39	  13,0	  24,2	  28,4	  29,1	  30,3	  29,8	  25,9	  -8,2
s	   176,9830	 5	291,68	 86,87	  12,0	  23,3	  27,5	  27,9	  29,1	  29,4	  25,9	  -8,2
s	   177,0184	 7	291,70	 80,13	  11,1	  22,4	  26,5	  26,6	  27,8	  29,0	  25,5	  -8,7
s	   177,0278	 8	291,44	 98,46	  11,3	  23,0	  27,3	  27,7	  28,8	  29,0	  25,6	  -8,5
s	   177,0278	 8	291,53	 80,13	  10,3	  22,2	  26,4	  26,5	  27,7	  28,8	  25,6	  -8,5
s	   177,4014	 6	291,65	 93,73	  11,8	  23,2	  27,4	  27,8	  29,0	  29,3	  25,8	  -8,4
s	   177,4473	 6	291,69	 84,70	  11,8	  23,2	  27,4	  27,8	  29,0	  29,3	  25,8	  -8,4
s	   178,1290	 7	291,63	 95,89	  11,5	  23,1	  27,3	  27,7	  28,9	  29,2	  25,6	  -8,6
s	   178,2505	 8	291,60	100,43	  10,8	  22,4	  26,4	  26,5	  27,7	  28,9	  25,3	  -9,0
s	   178,2661	 7	291,70	 82,38	  10,5	  22,2	  26,4	  26,5	  27,7	  28,8	  25,6	  -8,6
s	   178,4788	 8	291,71	 77,84	   9,2	  20,7	  24,7	  24,5	  25,7	  27,7	  24,4	 -10,6
s	   179,2280	 8	291,62	 98,19	  10,2	  22,1	  26,3	  26,4	  27,6	  28,7	  25,4	  -8,9
s	   179,2793	 5	308,13	 89,32	  13,7	  24,4	  28,5	  29,2	  30,4	  29,8	  25,7	  -8,6
s	   179,3189	 8	291,71	 80,24	  10,2	  22,1	  26,3	  26,4	  27,6	  28,7	  25,4	  -8,9
s	   179,4105	 6	308,11	 91,47	  13,5	  24,3	  28,5	  29,1	  30,3	  29,8	  25,6	  -8,7
s	   179,8692	 7	308,09	 93,78	  12,2	  23,4	  27,5	  27,9	  29,0	  29,3	  25,5	  -8,9
s	   180,2334	 5	307,06	 87,01	  13,4	  23,8	  27,8	  28,3	  29,5	  29,8	  25,7	  -8,8
s	   180,6903	 6	307,08	 84,87	  12,9	  23,5	  27,5	  27,9	  29,1	  29,5	  25,3	  -9,2
s	   180,7234	 8	308,18	 82,57	  10,9	  22,3	  26,5	  26,6	  27,7	  28,8	  25,3	  -9,2
s	   181,0204	 5	307,11	 89,31	  12,9	  23,9	  28,2	  28,9	  30,0	  29,3	  25,6	  -8,9
s	   181,1381	 6	308,02	 87,02	  12,4	  23,3	  27,5	  27,9	  29,0	  29,3	  25,5	  -9,0
s	   181,1505	 6	307,09	 91,45	  12,6	  23,9	  28,1	  28,8	  29,9	  29,3	  25,5	  -9,0
s	   181,4277	 7	306,99	 96,05	  13,7	  24,3	  28,3	  29,0	  30,1	  29,6	  25,1	  -9,4
s	   181,5929	 7	308,03	 84,90	  12,1	  23,3	  27,4	  27,8	  28,9	  29,2	  25,3	  -9,2
s	   181,6053	 7	307,07	 93,74	  11,4	  22,9	  27,1	  27,6	  28,7	  28,8	  25,3	  -9,2
s	   182,2608	 8	307,94	 95,86	  11,9	  23,2	  27,3	  27,7	  28,8	  29,1	  25,2	  -9,4
s	   182,4522	 8	307,16	 82,62	  10,1	  21,9	  26,1	  26,3	  27,4	  28,3	  25,2	  -9,5
s	   182,6331	 7	307,06	 87,03	  11,3	  22,8	  27,1	  27,5	  28,6	  28,7	  25,3	  -9,4
s	   182,9407	 8	308,90	 91,44	  10,1	  22,0	  27,5	  28,4	  29,5	  28,8	  25,1	  -9,5
s	   183,0846	 8	307,07	 84,92	  11,1	  22,8	  27,0	  27,4	  28,5	  28,7	  25,1	  -9,6
s	   183,3338	 6	306,84	 87,04	  11,5	  23,0	  27,1	  27,6	  28,7	  29,0	  25,3	  -9,4
s	   183,7837	 7	306,85	 84,94	  11,3	  22,9	  27,1	  27,5	  28,6	  28,9	  25,2	  -9,6
s	   184,5101	 8	306,77	 95,94	  12,1	  23,6	  27,9	  28,5	  29,6	  29,0	  25,0	  -9,8
s	   186,4248	 8	 62,83	 90,59	  12,2	  23,4	  27,7	  28,4	  29,4	  28,6	  24,8	 -10,2
s	   189,2453	 7	 28,51	 90,28	  12,6	  23,4	  27,7	  28,4	  29,4	  28,5	  24,5	 -10,7
s	   189,3704	 8	 28,48	 92,33	  12,4	  23,3	  27,6	  28,3	  29,3	  28,5	  24,4	 -10,8
s	   189,5018	 8	 29,13	 90,29	  12,4	  23,3	  27,6	  28,3	  29,3	  28,5	  23,6	 -12,4
s	   190,1605	 7	321,17	 91,49	  10,0	  21,5	  26,7	  27,7	  28,8	  28,1	  23,6	 -12,4
s	   192,5437	 6	306,18	 89,31	  12,9	  23,7	  27,9	  28,6	  29,7	  28,9	  24,6	 -10,9
s	   192,6669	 7	306,17	 91,33	  12,7	  23,6	  27,8	  28,5	  29,6	  28,8	  24,5	 -11,1
s	   192,7217	 8	 28,41	 90,28	  11,7	  23,0	  27,4	  28,2	  29,1	  28,1	  24,4	 -11,2
s	   193,0974	 8	306,15	 93,50	  11,4	  22,6	  26,8	  27,2	  28,3	  28,3	  24,3	 -11,2
s	   194,8085	 7	306,04	 89,31	  11,9	  23,1	  27,4	  28,2	  29,2	  28,3	  24,3	 -11,4
s	   194,9304	 8	306,02	 91,31	  11,6	  23,1	  27,4	  28,1	  29,1	  28,3	  24,2	 -11,5
s	   194,9455	 8	306,19	 89,31	  10,9	  22,6	  27,1	  27,8	  28,8	  27,8	  24,2	 -11,5
s	   195,4351	 8	 28,37	 88,14	  11,1	  22,4	  26,5	  26,9	  28,0	  28,2	  23,9	 -11,9
s	   198,5170	 8	196,75	 89,71	  11,2	  22,5	  27,0	  27,7	  28,7	  27,6	  23,7	 -12,4
s	   199,2916	 6	319,89	 89,44	  11,1	  22,2	  26,6	  27,3	  28,3	  27,4	  23,1	 -13,8
s	   199,4523	 7	319,91	 87,33	   9,9	  21,2	  25,6	  26,1	  27,1	  26,9	  22,9	 -14,0
s	   199,8284	 8	319,85	 93,50	   9,7	  21,2	  25,5	  26,0	  27,0	  26,9	  22,8	 -14,1
s	   199,8696	 8	319,93	 85,38	  10,2	  21,7	  26,0	  26,5	  27,5	  27,4	  23,6	 -12,6
s	   200,9209	 7	320,69	 89,45	  10,9	  22,4	  26,9	  27,7	  28,7	  27,6	  23,9	 -12,4
s	   201,0805	 8	320,71	 87,35	   9,6	  21,5	  26,0	  26,4	  27,4	  27,1	  23,7	 -12,5
s	   201,3631	 7	319,62	 89,44	  10,8	  22,4	  26,9	  27,7	  28,6	  27,6	  23,8	 -12,5
s	   201,5223	 8	319,64	 87,35	   9,6	  21,5	  25,9	  26,4	  27,4	  27,1	  23,7	 -12,6
s	   201,6292	 8	319,75	 89,44	   9,9	  22,0	  26,6	  27,3	  28,3	  27,1	  23,7	 -12,6
s	   204,3552	 8	263,95	 89,17	   9,8	  21,9	  26,5	  27,2	  28,1	  27,0	  23,5	 -13,1
s	   204,9325	 8	  0,23	 89,93	  11,4	  22,1	  26,4	  27,1	  28,0	  26,8	  22,3	 -15,0
s	   205,4712	 8	262,25	 89,18	   9,7	  21,8	  26,4	  27,2	  28,1	  26,9	  23,4	 -13,3
s	   213,9770	 7	304,94	 87,33	  10,1	  21,6	  25,8	  26,2	  27,3	  27,2	  22,9	 -14,5
s	   214,3688	 8	304,96	 85,50	   9,8	  21,5	  25,8	  26,1	  27,2	  27,1	  22,7	 -14,7
s	   214,7530	 8	305,77	 87,34	   9,1	  21,1	  25,5	  25,9	  26,9	  26,7	  22,7	 -14,8
s	   215,5296	 6	100,92	 92,50	  10,0	  21,4	  26,6	  27,5	  28,6	  27,9	  22,9	 -14,7
s	   216,2517	 8	304,82	 87,35	   9,0	  21,0	  25,4	  25,8	  26,8	  26,6	  22,6	 -15,0
s	   216,2561	 7	100,10	 92,49	   9,0	  20,9	  26,2	  27,2	  28,3	  27,4	  22,7	 -14,9
s	   217,8116	 7	101,03	 92,48	   9,0	  20,8	  26,2	  27,1	  28,2	  27,3	  22,6	 -15,2
s	   217,9282	 8	100,89	 92,48	   8,0	  20,4	  25,9	  26,8	  27,8	  26,8	  22,5	 -15,3
s	   221,0732	 4	113,19	 90,63	  11,5	  22,5	  26,6	  27,4	  28,5	  27,6	  22,7	 -15,4
s	   221,1819	 5	113,20	 92,41	  11,3	  22,4	  26,6	  27,3	  28,4	  27,6	  22,6	 -15,5
s	   221,2196	 5	113,18	 88,71	  10,3	  21,5	  25,7	  26,1	  27,2	  27,2	  22,6	 -15,5
s	   221,5621	 6	113,21	 94,32	  10,0	  21,5	  25,6	  26,0	  27,1	  27,1	  22,4	 -15,7
s	   221,5997	 6	113,17	 86,93	  10,0	  21,5	  25,6	  26,0	  27,1	  27,1	  22,4	 -15,7
s	   222,1583	 7	113,22	 96,10	   9,6	  21,2	  25,3	  25,7	  26,8	  26,8	  22,1	 -16,1
s	   222,2707	 7	113,16	 85,02	   8,0	  19,6	  23,7	  23,7	  24,8	  25,6	  21,3	 -17,7
s	   223,1349	 8	113,15	 83,26	   8,3	  20,2	  24,3	  24,4	  25,5	  26,3	  21,9	 -16,4
s	   223,4032	 5	113,18	 90,63	  10,5	  22,0	  26,2	  27,0	  28,0	  27,1	  22,4	 -15,8
s	   223,5109	 6	113,19	 92,39	  10,2	  21,9	  26,2	  26,9	  27,9	  27,0	  22,3	 -16,0
s	   223,5481	 6	113,17	 88,73	   9,2	  21,0	  25,3	  25,7	  26,8	  26,6	  22,3	 -16,0
s	   223,8875	 7	113,20	 94,29	   9,0	  20,9	  25,2	  25,6	  26,7	  26,5	  22,2	 -16,1
s	   223,9246	 7	113,17	 86,97	   9,0	  20,9	  25,2	  25,6	  26,7	  26,5	  22,2	 -16,1
s	   224,4780	 8	113,21	 96,04	   8,7	  20,9	  25,2	  25,5	  26,5	  26,5	  22,0	 -16,3
s	   224,5894	 8	113,16	 85,08	   7,7	  19,9	  24,2	  24,4	  25,4	  26,1	  22,0	 -16,4
s	   225,6991	 5	101,40	 90,67	  11,1	  22,2	  26,4	  27,1	  28,2	  27,1	  22,3	 -16,2
s	   225,8427	 6	101,40	 88,79	  10,6	  21,6	  25,7	  26,1	  27,2	  27,1	  22,1	 -16,3
s	   225,9700	 7	126,51	 88,66	   9,7	  21,1	  25,4	  25,8	  26,8	  26,6	  22,0	 -16,5
s	   226,1789	 7	101,41	 94,30	   9,6	  21,1	  25,4	  25,8	  26,8	  26,6	  22,0	 -16,5
s	   226,2158	 7	101,39	 87,05	  10,4	  21,5	  25,6	  26,0	  27,1	  27,0	  22,0	 -16,5
s	   226,3060	 8	126,55	 94,17	   9,4	  21,1	  25,3	  25,7	  26,7	  26,6	  21,9	 -16,6
s	   226,3959	 6	100,61	 90,68	  10,1	  21,7	  26,1	  26,8	  27,8	  26,7	  22,1	 -16,4
s	   226,5392	 7	100,61	 88,80	   9,6	  21,1	  25,3	  25,8	  26,8	  26,6	  22,0	 -16,6
s	   226,8744	 8	100,62	 94,29	   9,4	  21,1	  25,3	  25,7	  26,7	  26,6	  21,8	 -16,7
s	   226,9111	 8	100,60	 87,06	   9,4	  21,1	  25,3	  25,7	  26,7	  26,5	  21,8	 -16,7
s	   227,9861	 6	101,50	 90,67	  10,1	  21,6	  26,0	  26,7	  27,7	  26,6	  22,0	 -16,7
s	   228,0979	 7	101,37	 90,67	   9,1	  21,2	  25,7	  26,4	  27,3	  26,1	  21,9	 -16,8
s	   228,1283	 7	101,50	 88,81	   9,6	  21,1	  25,3	  25,7	  26,7	  26,5	  21,9	 -16,8
s	   228,2301	 8	126,38	 88,68	   8,6	  20,6	  25,0	  25,4	  26,4	  26,1	  21,8	 -16,9
s	   228,2401	 8	101,37	 88,81	   8,6	  20,6	  25,0	  25,4	  26,4	  26,1	  21,8	 -16,9
s	   228,4614	 8	101,51	 94,27	   8,6	  20,6	  25,0	  25,4	  26,3	  26,1	  21,7	 -17,0
s	   228,4980	 8	101,49	 87,08	   9,3	  21,0	  25,2	  25,6	  26,6	  26,5	  21,7	 -17,0
s	   228,8614	 8	330,93	 89,57	   9,8	  20,9	  25,3	  26,0	  26,8	  25,5	  20,6	 -18,9
s	   238,3358	 8	125,84	 90,55	   9,3	  21,0	  25,5	  26,2	  27,1	  25,8	  21,0	 -18,5
s	   245,2827	 8	137,07	 90,45	   8,3	  20,4	  25,0	  25,7	  26,6	  25,1	  20,6	 -19,6
s	   260,4031	 8	102,06	 90,68	   7,1	  19,6	  24,3	  25,0	  25,8	  24,3	  19,5	 -22,0
s	   272,0384	 8	280,63	 89,20	   6,7	  19,3	  23,9	  24,6	  25,4	  23,8	  18,8	 -23,8
s	   278,8047	 8	301,62	 92,29	   6,5	  18,3	  23,5	  24,0	  25,0	  24,7	  18,3	 -24,9
s	   285,0906	 5	291,96	 89,24	   8,5	  20,0	  24,2	  24,9	  25,9	  24,5	  18,3	 -25,5
s	   285,1767	 6	291,96	 90,66	   8,3	  19,9	  24,2	  24,8	  25,8	  24,4	  18,1	 -25,6
s	   285,2065	 6	291,97	 87,72	   7,3	  19,0	  23,3	  23,7	  24,6	  24,0	  18,1	 -25,6
s	   285,4778	 7	291,95	 92,17	   7,0	  19,0	  23,2	  23,6	  24,5	  24,0	  18,0	 -25,8
s	   285,5076	 7	291,98	 86,32	   7,0	  19,0	  23,2	  23,6	  24,5	  24,0	  18,0	 -25,8
s	   285,9504	 8	291,94	 93,58	   6,6	  18,7	  22,9	  23,3	  24,2	  23,7	  17,6	 -26,2
s	   287,4206	 6	291,97	 89,24	   7,5	  19,5	  23,9	  24,6	  25,4	  23,9	  18,0	 -26,0
s	   287,5060	 7	291,96	 90,65	   7,3	  19,4	  23,8	  24,5	  25,3	  23,9	  17,9	 -26,1
s	   287,5356	 7	291,97	 87,74	   6,2	  18,5	  22,9	  23,3	  24,2	  23,5	  17,9	 -26,1
s	   287,8049	 8	291,95	 92,15	   6,0	  18,4	  22,8	  23,2	  24,1	  23,4	  17,7	 -26,2
s	   287,8345	 8	291,98	 86,34	   6,0	  18,4	  22,8	  23,2	  24,1	  23,4	  17,7	 -26,3
s	   288,7660	 6	301,34	 89,30	   8,2	  19,7	  24,1	  24,7	  25,6	  24,1	  17,9	 -26,2
s	   288,8511	 7	301,33	 90,69	   8,0	  19,7	  24,0	  24,7	  25,5	  24,0	  17,8	 -26,3
s	   288,8806	 7	301,35	 87,80	   8,4	  19,6	  23,6	  23,9	  24,9	  24,4	  17,8	 -26,3
s	   289,1781	 8	301,36	 86,41	   6,7	  18,7	  23,0	  23,4	  24,3	  23,6	  17,7	 -26,5
s	   291,0687	 7	301,27	 89,30	   7,2	  19,2	  23,7	  24,4	  25,2	  23,5	  17,6	 -26,6
s	   291,1532	 8	301,26	 90,68	   6,9	  19,1	  23,6	  24,3	  25,1	  23,5	  17,5	 -26,8
s	   291,1581	 8	301,38	 89,30	   6,2	  18,7	  23,4	  24,0	  24,8	  23,1	  17,5	 -26,8
s	   291,1824	 8	301,28	 87,81	   7,4	  19,0	  23,2	  23,6	  24,5	  23,9	  17,5	 -26,8
#END
