#HEADER
CATT-Acoustic v8.0b    Copyright © CATT 1988-2003

 Project                : Aula Optica 

 GEOMETRICAL INFORMATION
 Src id and loc     [m] :   A0           0,400        0,600        1,300
 Rec id and loc     [m] :   07          15,500        1,600        1,200

 07       44,0790

 VARIABLE SOURCE DATA
 Directivity
   Type (library)       :  OMNI.SD0
   Dir. Index (DI) [dB] :       0,0      0,0      0,0      0,0      0,0      0,0      0,0      0,0
 Level
   On axis 1m      [dB] :      54,1     63,1     66,8     67,7     69,4     70,6     70,6     54,2
   Total power     [dB] :      65,0     74,0     77,7     78,6     80,3     81,5     81,5     65,1
   Auxiliary delay [ms] :       0,0

 VARIABLE AIR DATA
 Temperature       [°C] :      20
 Relative humidity  [%] :      50
 Density        [kg/m³] :       1,2
 Sound speed      [m/s] :     343
 Impedance      [Ns/m³] :     412
 Diss. coeff. [0.001/m] :      0,10     0,30     0,63     1,07     2,28     6,83    24,23    83,90      (estimated)

#DATAFIELDS
 TYPE DELAY ORDER AZIMUTH ELEVATION SPL125 SPL250 SPL500 SPL1K SPL2K SPL4K SPL8K SPL16K
#DATA
d	     0,0000	 0	105,10	 90,00	  30,5	  39,5	  43,2	  44,0	  45,7	  46,6	  45,4	  25,1
s	     0,5965	 1	105,12	 99,75	  29,7	  38,9	  42,5	  43,4	  45,0	  45,9	  44,7	  24,3
*	    26,2533	 1	  3,42	100,62	 -11,8	  -2,7	   1,0	   1,8	   3,4	   4,1	   2,3	 -20,4
*	    15,0936	 1	358,54	108,58	  -3,9	   5,3	   9,0	   9,8	  11,4	  12,2	  10,6	 -11,0
*	     6,7178	 1	322,56	142,18	   8,5	  17,7	  21,4	  22,2	  23,8	  24,7	  23,3	   2,4
*	    19,9142	 1	 28,47	100,27	 -10,5	  -1,3	   2,4	   3,2	   4,8	   5,6	   3,8	 -18,3
*	     8,8182	 1	 41,51	106,43	  -3,3	   5,9	   9,5	  10,4	  12,0	  12,9	  11,4	  -9,7
*	     1,6016	 1	 83,35	118,06	   4,1	  13,3	  16,9	  17,8	  19,4	  20,3	  19,1	  -1,4
*	    17,0948	 1	 47,94	 98,66	 -10,7	  -1,5	   2,2	   3,0	   4,6	   5,4	   3,7	 -18,1
*	     6,9439	 1	 64,80	101,36	  -5,5	   3,7	   7,4	   8,2	   9,8	  10,7	   9,3	 -11,6
*	     1,1920	 1	 92,35	103,61	  -2,0	   7,2	  10,9	  11,7	  13,3	  14,2	  13,0	  -7,4
*	    16,8750	 1	 60,71	 97,05	 -11,2	  -2,0	   1,6	   2,5	   4,0	   4,9	   3,2	 -18,6
*	     7,0292	 1	 75,66	 98,25	  -6,6	   2,6	   6,2	   7,1	   8,7	   9,6	   8,2	 -12,8
*	     1,3452	 1	 94,92	 98,96	  -3,5	   5,6	   9,3	  10,1	  11,8	  12,7	  11,5	  -9,0
*	    18,8998	 1	 68,95	 95,82	 -11,7	  -2,5	   1,1	   2,0	   3,5	   4,4	   2,7	 -19,3
*	     8,6397	 1	 81,53	 96,41	  -6,5	   2,7	   6,3	   7,2	   8,8	   9,7	   8,2	 -12,9
*	     1,9857	 1	 96,14	 96,71	  -1,9	   7,3	  10,9	  11,8	  13,4	  14,3	  13,1	  -7,4
s	     0,8011	 1	105,08	 79,53	  28,1	  37,2	  40,8	  41,4	  43,0	  44,7	  43,9	  22,7
*	    21,5208	 1	288,52	 66,53	  -2,5	   7,4	  11,3	  12,0	  13,6	  15,1	  13,8	  -6,8
*	    26,2429	 1	324,60	 72,37	  -6,3	   3,6	   7,4	   8,2	   9,7	  11,3	   9,8	 -11,2
*	    35,0058	 1	341,66	 77,85	 -11,6	  -1,7	   2,2	   2,9	   4,5	   5,9	   4,2	 -17,5
*	     7,1070	 1	315,76	 27,38	  10,3	  20,1	  24,0	  24,8	  26,4	  28,0	  27,0	   7,8
*	    14,3045	 1	  0,22	 65,81	  -0,2	   9,7	  13,5	  14,3	  15,9	  17,5	  16,3	  -3,6
*	    24,8640	 1	  5,31	 76,32	  -8,1	   1,8	   5,7	   6,4	   8,0	   9,5	   8,1	 -12,8
*	     1,8148	 1	 89,95	 56,45	   6,8	  16,7	  20,5	  21,3	  22,9	  24,6	  23,8	   5,0
*	     8,0305	 1	 45,10	 69,42	   0,3	  10,2	  14,1	  14,8	  16,4	  18,1	  17,1	  -2,3
*	    18,4698	 1	 31,05	 77,18	  -6,7	   3,2	   7,1	   7,8	   9,4	  11,0	   9,7	 -10,6
*	     1,1713	 1	 96,30	 73,82	   1,2	  11,1	  14,9	  15,7	  17,3	  19,0	  18,2	  -0,6
*	     6,0713	 1	 68,22	 76,31	  -1,9	   8,0	  11,9	  12,6	  14,3	  15,9	  14,9	  -4,2
*	    15,5378	 1	 50,75	 79,56	  -6,8	   3,0	   6,9	   7,6	   9,2	  10,8	   9,6	 -10,4
*	     1,1465	 1	 98,10	 79,59	  -0,2	   9,6	  13,5	  14,3	  15,9	  17,6	  16,8	  -2,0
*	     5,9349	 1	 78,69	 80,39	  -2,9	   7,0	  10,9	  11,6	  13,2	  14,9	  13,9	  -5,2
*	    15,0967	 1	 63,45	 81,78	  -7,2	   2,6	   6,5	   7,2	   8,8	  10,4	   9,2	 -10,7
*	     1,5038	 1	 98,94	 82,41	   1,6	  11,5	  15,3	  16,1	  17,7	  19,4	  18,6	  -0,2
*	     7,1359	 1	 84,28	 82,74	  -2,4	   7,5	  11,3	  12,1	  13,7	  15,4	  14,4	  -4,9
*	    16,7811	 1	 71,57	 83,42	  -7,5	   2,4	   6,2	   7,0	   8,6	  10,1	   8,9	 -11,2
*	     3,0208	 1	 99,44	 84,06	   7,0	  16,8	  20,7	  21,5	  23,1	  24,7	  23,9	   5,0
*	    10,5945	 1	 87,70	 84,23	  -1,6	   8,3	  12,2	  12,9	  14,5	  16,1	  15,1	  -4,5
*	    21,0050	 1	 77,00	 84,60	  -8,2	   1,7	   5,6	   6,3	   7,9	   9,4	   8,1	 -12,4
*	     3,9579	 1	106,49	 84,21	   1,8	  10,9	  14,6	  15,5	  17,1	  17,8	  17,7	  -1,3
*	     2,7125	 1	106,76	 83,90	   0,3	   9,3	  13,1	  13,9	  15,5	  16,2	  16,2	  -2,7
*	     2,0427	 1	107,06	 83,54	  -2,1	   6,9	  10,7	  11,6	  13,1	  13,9	  13,8	  -5,0
*	     1,6677	 1	107,38	 83,16	  -4,3	   4,7	   8,5	   9,4	  10,9	  11,7	  11,6	  -7,1
*	     1,4448	 1	107,76	 82,73	  -6,1	   2,9	   6,7	   7,6	   9,1	   9,9	   9,8	  -8,9
s	     2,3253	 1	104,91	 90,01	  28,9	  38,4	  42,2	  43,0	  44,6	  45,4	  44,5	  24,0
*	    31,7249	 1	 74,88	 91,20	 -10,9	  -1,4	   2,4	   3,2	   4,7	   5,3	   3,7	 -19,4
*	    17,1838	 1	 86,85	 91,28	  -2,7	   6,8	  10,6	  11,4	  13,0	  13,7	  12,4	  -9,4
*	     5,1520	 1	100,22	 91,31	  14,4	  23,9	  27,7	  28,5	  30,1	  30,9	  30,0	   9,2
*	    26,2261	 1	 79,19	 86,77	 -19,9	 -10,8	  -7,1	  -6,3	  -4,7	  -4,0	  -1,9	 -22,8
*	    25,9851	 1	 79,18	 88,94	 -19,8	 -10,6	  -7,0	  -6,2	  -4,6	  -3,8	  -1,7	 -22,7
*	    23,7426	 1	 81,23	 86,73	 -18,6	  -9,4	  -5,8	  -5,0	  -3,4	  -2,6	  -0,4	 -21,2
*	    23,4856	 1	 81,22	 88,92	 -18,5	  -9,3	  -5,6	  -4,8	  -3,2	  -2,5	  -0,3	 -21,0
*	    21,3254	 1	 83,31	 86,68	 -17,2	  -8,0	  -4,3	  -3,5	  -1,9	  -1,1	   1,1	 -19,4
*	    21,0493	 1	 83,31	 88,90	 -17,0	  -7,8	  -4,2	  -3,4	  -1,8	  -1,0	   1,3	 -19,2
*	    18,9781	 1	 85,45	 86,64	 -15,6	  -6,5	  -2,8	  -2,0	  -0,4	   0,4	   2,7	 -17,6
*	    18,6790	 1	 85,45	 88,89	 -15,4	  -6,3	  -2,6	  -1,8	  -0,2	   0,6	   2,9	 -17,4
*	    16,7052	 1	 87,63	 86,61	 -13,9	  -4,8	  -1,1	  -0,3	   1,3	   2,1	   4,5	 -15,6
*	    16,3775	 1	 87,63	 88,86	 -13,7	  -4,5	  -0,9	  -0,0	   1,6	   2,4	   4,7	 -15,3
*	    14,5118	 1	 89,85	 86,57	 -12,1	  -2,9	   0,8	   1,6	   3,2	   4,0	   6,4	 -13,5
*	    14,1476	 1	 89,85	 88,85	 -11,7	  -2,6	   1,1	   1,9	   3,5	   4,4	   6,8	 -13,1
*	    12,4055	 1	 92,12	 86,54	 -10,0	  -0,8	   2,9	   3,7	   5,3	   6,2	   8,6	 -11,1
*	    11,9928	 1	 92,12	 88,84	  -9,5	  -0,4	   3,3	   4,1	   5,7	   6,6	   9,0	 -10,6
*	    10,3974	 1	 94,41	 86,51	  -7,5	   1,6	   5,3	   6,1	   7,7	   8,6	  11,1	  -8,5
*	     9,9173	 1	 94,41	 88,83	  -6,9	   2,2	   5,9	   6,7	   8,3	   9,2	  11,7	  -7,8
*	     8,5079	 1	 96,72	 86,50	  -4,7	   4,4	   8,1	   8,9	  10,5	  11,4	  14,0	  -5,4
*	     7,9281	 1	 96,73	 88,83	  -3,8	   5,4	   9,1	   9,9	  11,5	  12,4	  15,0	  -4,4
*	     6,7799	 1	 99,05	 86,49	  -1,4	   7,8	  11,5	  12,3	  13,9	  14,8	  17,4	  -1,8
*	     6,0404	 1	 99,05	 88,82	   0,3	   9,4	  13,1	  13,9	  15,6	  16,5	  19,1	  -0,1
*	     2,5110	 1	100,42	 93,95	 -17,9	  -8,2	  -3,5	  -2,4	  -0,7	   0,2	  -0,9	 -21,5
s	     2,6241	 2	105,13	109,68	  27,6	  36,8	  40,5	  40,9	  42,6	  44,3	  43,3	  22,0
s	     2,8199	 2	105,06	 70,40	  28,0	  37,5	  41,1	  41,7	  43,3	  45,0	  44,1	  23,5
s	     2,8922	 2	104,92	 99,29	  28,5	  38,2	  42,0	  42,8	  44,4	  45,2	  44,3	  23,7
s	     3,0869	 2	104,89	 80,06	  27,5	  37,2	  41,1	  41,7	  43,2	  44,8	  44,3	  23,7
s	     4,8248	 3	104,94	108,78	  26,9	  36,9	  40,7	  41,2	  42,8	  44,4	  43,8	  23,0
s	     5,0118	 3	104,87	 71,33	  26,9	  36,9	  40,7	  41,2	  42,8	  44,4	  43,7	  23,0
*	     5,3964	 1	107,30	 84,39	  -3,5	   6,0	   9,9	  10,7	  12,3	  13,1	  12,1	  -8,7
s	     5,6437	 3	105,15	117,94	  27,3	  36,9	  40,6	  41,1	  42,7	  44,4	  43,4	  22,5
*	     5,9517	 1	105,36	 84,48	 -16,8	  -7,3	  -3,5	  -2,6	  -1,0	  -0,3	  -1,2	 -22,1
s	     6,1935	 3	105,04	 61,63	  25,7	  35,2	  38,8	  39,0	  40,7	  43,1	  42,5	  20,8
s	     7,7162	 4	104,96	116,75	  26,2	  36,3	  40,2	  40,7	  42,2	  43,8	  43,1	  22,1
*	     7,7555	 1	228,23	130,88	 -15,8	  -6,3	  -2,5	  -1,6	  -0,0	   0,7	  -0,3	 -21,3
s	     8,2442	 4	104,86	 62,86	  25,1	  35,3	  39,1	  39,4	  41,0	  43,3	  43,0	  21,9
*	     8,3862	 1	 93,76	 93,77	  -7,6	   2,1	   6,9	   8,0	   9,6	  10,5	   9,2	 -11,9
*	    15,3302	 1	 86,09	 93,68	 -14,3	  -4,6	   0,1	   1,2	   2,9	   3,7	   2,2	 -19,5
*	    23,1379	 1	 78,95	 93,54	 -19,2	  -9,5	  -4,8	  -3,7	  -2,1	  -1,3	  -3,0	 -25,4
s	     9,9042	 4	105,17	125,64	  24,8	  34,6	  38,2	  38,3	  39,9	  42,4	  41,6	  19,6
s	    10,2426	 4	105,03	 54,61	  25,3	  35,2	  38,9	  39,1	  40,7	  43,2	  42,3	  21,1
s	    11,8189	 5	104,98	124,26	  24,3	  34,7	  38,5	  38,7	  40,3	  42,7	  42,1	  20,8
s	    12,1458	 5	104,84	 56,00	  24,2	  34,7	  38,5	  38,7	  40,2	  42,6	  42,1	  20,7
s	    14,6030	 5	105,19	131,69	  24,4	  34,5	  38,1	  38,3	  39,9	  42,4	  41,4	  19,8
s	    15,3785	 5	105,01	 48,22	  22,7	  32,7	  36,4	  36,2	  37,8	  41,1	  40,5	  18,0
s	    16,3691	 6	104,99	130,23	  23,4	  34,0	  37,8	  38,0	  39,5	  41,9	  41,2	  19,4
s	    17,1223	 6	104,82	 49,68	  22,3	  32,9	  36,8	  36,7	  38,2	  41,4	  41,1	  19,2
s	    20,2790	 6	105,21	137,15	  21,8	  32,0	  35,6	  35,4	  37,0	  40,3	  39,5	  16,6
s	    20,2999	 1	278,72	 89,36	  26,0	  35,5	  39,3	  40,2	  41,7	  42,4	  41,1	  18,9
*	    40,4927	 1	346,96	 84,16	  -1,7	   7,7	  11,6	  12,4	  13,9	  14,4	  12,6	 -11,3
*	    26,5501	 1	327,23	 80,14	   5,9	  15,3	  19,2	  20,0	  21,5	  22,2	  20,7	  -2,0
*	    20,6976	 1	273,08	 76,03	  10,6	  20,1	  23,9	  24,8	  26,3	  27,0	  25,7	   3,5
s	    20,7047	 6	104,99	 43,25	  22,3	  32,6	  36,3	  36,2	  37,8	  41,0	  40,2	  18,0
s	    20,7097	 2	278,71	 96,07	  25,5	  35,2	  39,0	  39,8	  41,3	  42,0	  40,6	  18,5
s	    20,8510	 2	278,72	 82,14	  23,9	  33,5	  37,3	  37,8	  39,4	  40,8	  39,8	  16,9
s	    20,8539	 1	 53,95	 90,06	  25,9	  35,0	  38,7	  39,6	  41,1	  41,7	  39,9	  17,0
*	    23,7970	 1	 67,60	 92,33	  -0,2	   8,9	  12,6	  13,5	  15,0	  15,6	  15,0	  -5,8
*	    22,2228	 1	 64,00	 92,50	   0,1	   9,2	  12,9	  13,8	  15,3	  15,9	  15,3	  -5,3
*	    21,2787	 1	 59,68	 92,70	   0,4	   9,4	  13,1	  14,0	  15,5	  16,2	  15,6	  -4,9
*	    21,4203	 1	 59,71	 85,59	   0,3	   9,3	  13,1	  13,9	  15,5	  16,1	  15,5	  -5,0
*	    20,9292	 1	 54,48	 92,91	   0,5	   9,5	  13,3	  14,2	  15,7	  16,3	  15,8	  -4,7
*	    21,0750	 1	 54,51	 85,11	   0,5	   9,5	  13,2	  14,1	  15,6	  16,3	  15,7	  -4,8
*	    21,1712	 1	 48,21	 93,13	   0,6	   9,7	  13,4	  14,3	  15,8	  16,4	  15,9	  -4,6
*	    21,3221	 1	 48,25	 84,58	   0,6	   9,6	  13,4	  14,2	  15,8	  16,4	  15,8	  -4,7
*	    22,0388	 1	 40,72	 93,35	   0,7	   9,7	  13,5	  14,3	  15,9	  16,5	  15,9	  -4,7
*	    22,1954	 1	 40,77	 84,04	   0,6	   9,6	  13,4	  14,3	  15,8	  16,4	  15,8	  -4,8
*	    23,5998	 1	 31,95	 93,54	   0,6	   9,6	  13,4	  14,2	  15,8	  16,4	  15,7	  -5,0
*	    23,7616	 1	 32,01	 83,54	   0,5	   9,5	  13,3	  14,1	  15,7	  16,3	  15,6	  -5,1
*	    25,9386	 1	 22,04	 93,64	   0,2	   9,2	  13,0	  13,8	  15,4	  16,0	  15,3	  -5,7
*	    26,1035	 1	 22,10	 83,14	   0,1	   9,2	  12,9	  13,8	  15,3	  15,9	  15,2	  -5,8
*	    29,1247	 1	 11,45	 93,63	  -0,5	   8,5	  12,3	  13,1	  14,6	  15,2	  14,4	  -6,8
*	    29,2893	 1	 11,52	 82,95	  -0,6	   8,4	  12,2	  13,0	  14,6	  15,1	  14,3	  -6,9
*	    33,1753	 1	  0,84	 93,50	  -1,6	   7,4	  11,1	  12,0	  13,5	  14,0	  13,2	  -8,4
*	    33,3355	 1	  0,91	 83,00	  -1,7	   7,3	  11,1	  11,9	  13,4	  14,0	  13,1	  -8,5
*	    38,0373	 1	350,90	 93,27	  -3,1	   5,9	   9,6	  10,5	  12,0	  12,5	  11,5	 -10,5
*	    38,1895	 1	350,97	 83,26	  -3,2	   5,8	   9,6	  10,4	  11,9	  12,4	  11,4	 -10,6
s	    21,2602	 2	 53,92	 96,71	  26,2	  35,4	  39,1	  39,9	  41,5	  42,1	  40,5	  18,3
s	    21,4003	 2	 53,98	 82,90	  24,6	  33,8	  37,5	  38,0	  39,5	  40,9	  39,7	  16,7
s	    21,8934	 7	105,01	135,68	  21,4	  32,3	  36,1	  35,9	  37,5	  40,6	  40,1	  17,9
s	    22,1242	 3	278,70	103,10	  23,5	  33,3	  37,1	  37,6	  39,1	  40,6	  39,5	  16,4
s	    22,2625	 3	278,73	 75,64	  24,0	  34,0	  37,8	  38,3	  39,9	  41,4	  40,3	  18,0
s	    22,3087	 7	104,81	 44,72	  21,3	  32,2	  36,0	  35,9	  37,4	  40,6	  40,1	  17,7
s	    22,4542	 2	 55,42	 90,07	  25,5	  35,0	  38,9	  39,8	  41,3	  41,8	  40,6	  18,3
s	    22,6277	 2	278,81	 89,37	  24,7	  34,7	  38,7	  39,5	  41,0	  41,6	  40,5	  18,2
s	    22,6630	 3	 53,89	103,69	  24,2	  33,5	  37,2	  37,7	  39,3	  40,7	  39,4	  16,3
s	    22,8002	 3	 54,00	 76,45	  24,7	  34,2	  38,0	  38,5	  40,0	  41,5	  40,2	  17,8
s	    22,8509	 3	 55,40	 96,56	  25,2	  34,9	  38,8	  39,7	  41,1	  41,7	  40,4	  18,0
s	    22,9877	 3	 55,45	 83,08	  24,2	  34,0	  37,9	  38,5	  40,0	  41,3	  40,4	  18,0
s	    23,0233	 3	278,80	 95,85	  24,5	  34,6	  38,6	  39,4	  40,9	  41,5	  40,4	  18,0
s	    23,1598	 3	278,82	 82,40	  23,4	  33,7	  37,6	  38,2	  39,7	  41,1	  40,4	  18,0
s	    23,4666	 2	 51,94	 90,06	  25,4	  34,9	  38,8	  39,7	  41,1	  41,7	  40,4	  18,0
s	    23,8474	 3	 52,31	 90,06	  24,4	  34,4	  38,4	  39,3	  40,7	  41,1	  40,2	  17,8
s	    23,8574	 3	 51,91	 96,46	  25,1	  34,8	  38,7	  39,5	  41,0	  41,6	  40,2	  17,8
s	    23,9921	 3	 51,97	 83,18	  24,1	  33,9	  37,8	  38,3	  39,8	  41,1	  40,2	  17,8
s	    24,2211	 4	 55,37	103,38	  23,8	  33,8	  37,7	  38,2	  39,7	  41,1	  40,1	  17,6
s	    24,2360	 4	 52,28	 96,43	  24,1	  34,3	  38,3	  39,2	  40,6	  41,0	  40,1	  17,6
s	    24,2879	 4	278,70	109,29	  23,6	  33,7	  37,5	  38,0	  39,5	  41,0	  39,8	  17,3
s	    24,3551	 4	 55,48	 76,78	  23,8	  33,8	  37,7	  38,2	  39,7	  41,0	  40,0	  17,6
s	    24,3700	 4	 52,34	 83,22	  23,0	  33,4	  37,4	  38,0	  39,4	  40,6	  40,0	  17,6
s	    24,3900	 4	278,79	102,65	  23,0	  33,5	  37,4	  38,0	  39,5	  40,8	  40,0	  17,5
s	    24,5237	 4	278,82	 76,11	  23,0	  33,5	  37,4	  38,0	  39,4	  40,8	  40,0	  17,5
s	    24,6888	 4	278,74	 69,03	  22,0	  32,0	  35,8	  36,0	  37,5	  39,8	  39,0	  15,7
s	    24,8098	 4	 53,87	109,83	  24,2	  33,9	  37,7	  38,1	  39,7	  41,2	  39,7	  17,2
s	    25,2076	 4	 54,03	 69,89	  22,6	  32,2	  35,9	  36,1	  37,7	  39,9	  38,9	  15,6
s	    25,2076	 4	 51,88	103,18	  23,7	  33,7	  37,6	  38,1	  39,6	  40,9	  39,9	  17,3
s	    25,3398	 4	 51,99	 76,96	  23,7	  33,7	  37,6	  38,1	  39,6	  40,9	  39,9	  17,3
s	    25,5789	 5	 52,26	103,11	  22,7	  33,2	  37,2	  37,7	  39,2	  40,4	  39,7	  17,1
s	    25,7103	 5	 52,37	 77,04	  22,6	  33,2	  37,2	  37,7	  39,2	  40,4	  39,7	  17,1
s	    25,7332	 5	 55,35	107,95	  21,4	  32,1	  37,0	  37,8	  39,3	  40,7	  39,7	  17,1
s	    25,9893	 7	105,22	141,39	  21,4	  31,9	  35,6	  35,4	  37,0	  40,3	  39,2	  16,6
*	    26,2772	 1	 66,24	 87,98	  -0,7	   8,5	  12,2	  13,0	  14,5	  15,3	  13,4	  -9,2
*	    29,7514	 1	 70,40	 88,25	  -1,4	   7,7	  11,4	  12,2	  13,8	  14,5	  12,5	 -10,5
s	    26,4843	 5	278,79	108,65	  22,5	  33,2	  37,1	  37,6	  39,1	  40,5	  39,6	  16,9
s	    26,7097	 5	 55,50	 70,35	  22,2	  32,5	  36,4	  36,7	  38,1	  40,3	  39,6	  16,9
s	    26,8727	 5	278,83	 69,70	  21,5	  32,2	  36,2	  36,4	  37,9	  40,0	  39,5	  16,8
s	    26,8988	 7	104,97	 38,76	  19,7	  30,2	  33,8	  33,3	  34,9	  38,9	  38,3	  14,8
s	    27,2779	 5	 51,86	109,12	  23,2	  33,4	  37,3	  37,8	  39,2	  40,6	  39,5	  16,7
s	    27,4463	 5	278,69	115,45	  21,4	  31,6	  35,4	  35,5	  37,1	  39,4	  38,4	  14,9
s	    27,4750	 8	105,03	139,95	  20,5	  31,5	  35,3	  35,1	  36,7	  39,8	  39,1	  16,3
s	    27,6384	 6	 52,23	109,02	  22,2	  32,9	  36,9	  37,4	  38,8	  40,1	  39,3	  16,5
s	    27,6621	 5	 52,02	 70,61	  22,1	  32,4	  36,3	  36,5	  38,0	  40,1	  39,4	  16,6
s	    27,7020	 5	278,75	 63,37	  21,9	  32,3	  36,1	  36,3	  37,8	  40,1	  39,2	  16,4
s	    27,9453	 5	 53,84	115,95	  22,1	  31,9	  35,6	  35,7	  37,2	  39,5	  38,3	  14,8
s	    27,9877	 2	153,70	 89,94	  25,0	  34,0	  37,7	  38,6	  40,0	  40,6	  38,6	  15,0
s	    28,0206	 6	 52,39	 70,72	  21,1	  31,9	  35,9	  36,2	  37,6	  39,6	  39,2	  16,4
s	    28,3541	 3	153,73	 95,94	  24,7	  33,9	  37,6	  38,4	  39,9	  40,5	  38,4	  14,8
s	    28,3658	 8	104,79	 40,21	  19,3	  30,5	  34,3	  33,9	  35,4	  39,3	  39,0	  16,1
s	    28,4804	 3	153,66	 83,49	  23,7	  33,0	  36,7	  37,3	  38,7	  40,1	  38,4	  14,8
s	    28,8570	 6	 55,52	 66,13	  19,8	  30,7	  35,7	  36,2	  37,7	  39,8	  39,1	  16,2
s	    29,3914	 6	 55,32	115,42	  21,7	  32,1	  36,0	  36,2	  37,7	  39,9	  39,0	  16,1
s	    29,4329	 3	152,26	 89,95	  24,6	  34,1	  38,0	  38,8	  40,2	  40,7	  39,3	  16,3
s	    29,5485	 6	278,78	114,66	  20,9	  31,8	  35,8	  36,0	  37,5	  39,7	  39,0	  16,1
s	    29,6220	 4	153,77	102,26	  23,3	  32,6	  36,3	  36,8	  38,2	  39,6	  38,1	  14,4
s	    29,7462	 4	153,62	 77,64	  23,8	  33,3	  37,0	  37,5	  39,0	  40,4	  38,9	  15,9
s	    29,7921	 4	152,29	 95,84	  24,3	  34,0	  37,9	  38,7	  40,1	  40,6	  39,1	  16,1
s	    29,7970	 6	278,84	 64,17	  20,9	  31,8	  35,8	  36,0	  37,4	  39,6	  39,0	  16,0
s	    29,9161	 4	152,22	 83,63	  23,3	  33,1	  37,0	  37,5	  38,9	  40,2	  39,1	  16,1
s	    30,3094	 6	 51,83	115,07	  21,6	  32,0	  35,9	  36,1	  37,6	  39,7	  38,9	  15,9
s	    30,5554	 6	 52,05	 65,13	  21,6	  32,0	  35,9	  36,1	  37,6	  39,7	  38,8	  15,8
s	    30,5932	 6	 53,82	119,91	  20,1	  30,7	  35,5	  36,0	  37,5	  39,8	  38,6	  15,6
s	    30,6553	 7	 52,20	114,95	  20,6	  31,5	  35,6	  35,8	  37,2	  39,2	  38,7	  15,7
s	    30,7869	 3	155,33	 89,94	  24,4	  34,0	  37,8	  38,7	  40,1	  40,5	  39,1	  16,0
s	    30,9001	 7	 52,42	 65,26	  20,5	  31,5	  35,6	  35,8	  37,2	  39,2	  38,7	  15,6
*	    30,9576	 1	 74,47	 90,58	 -10,1	  -1,1	   2,7	   3,5	   5,0	   5,6	   4,8	 -16,6
*	    31,0714	 1	 74,47	 92,44	 -10,2	  -1,1	   2,6	   3,5	   5,0	   5,5	   4,7	 -16,7
s	    31,0358	 5	152,33	102,04	  22,9	  32,9	  36,8	  37,3	  38,7	  40,0	  38,8	  15,7
s	    31,0559	 6	278,68	120,65	  21,3	  31,9	  35,7	  35,8	  37,3	  39,6	  38,5	  15,5
s	    31,1306	 4	154,97	 89,94	  23,4	  33,5	  37,5	  38,3	  39,6	  40,0	  38,9	  15,8
s	    31,1396	 4	155,37	 95,72	  24,2	  33,9	  37,7	  38,5	  39,9	  40,4	  38,9	  15,8
s	    31,1577	 5	152,19	 77,89	  22,9	  32,9	  36,8	  37,3	  38,7	  40,0	  38,8	  15,7
s	    31,4817	 5	155,01	 95,69	  23,2	  33,4	  37,4	  38,2	  39,5	  39,9	  38,8	  15,6
s	    31,5715	 5	153,81	107,88	  23,4	  33,0	  36,7	  37,2	  38,7	  40,1	  38,5	  15,4
s	    31,6632	 6	278,75	 57,82	  19,7	  30,2	  33,9	  33,8	  35,3	  38,4	  37,7	  13,8
s	    31,9340	 5	153,58	 71,63	  21,8	  31,4	  35,0	  35,2	  36,7	  38,8	  37,7	  13,7
s	    31,9890	 7	 55,30	119,32	  19,2	  30,3	  35,3	  35,7	  37,2	  39,4	  38,5	  15,4
s	    32,1346	 6	 54,09	 58,74	  20,3	  30,4	  34,1	  34,0	  35,5	  38,5	  37,6	  13,6
s	    32,3614	 5	155,40	101,81	  22,8	  32,8	  36,6	  37,1	  38,5	  39,8	  38,6	  15,4
s	    32,4134	 6	152,36	106,23	  20,6	  31,2	  36,2	  36,9	  38,3	  39,7	  38,5	  15,3
s	    32,4811	 5	155,26	 78,08	  22,8	  32,8	  36,6	  37,1	  38,5	  39,8	  38,6	  15,4
s	    32,5011	 8	105,24	145,23	  18,8	  29,5	  33,1	  32,6	  34,1	  38,2	  37,3	  13,3
s	    32,6980	 6	155,05	101,76	  21,8	  32,3	  36,3	  36,8	  38,1	  39,3	  38,5	  15,2
s	    32,8173	 6	154,90	 78,14	  21,8	  32,3	  36,3	  36,8	  38,1	  39,3	  38,4	  15,2
s	    32,9782	 8	104,96	 35,27	  19,3	  30,1	  33,8	  33,3	  34,9	  38,9	  38,0	  14,8
s	    33,0598	 7	278,77	119,76	  20,3	  31,4	  35,3	  35,5	  37,0	  39,2	  38,4	  15,1
s	    33,0832	 3	106,07	 90,16	  22,5	  33,0	  37,1	  37,9	  39,4	  39,8	  38,8	  15,5
s	    33,3056	 6	152,15	 71,98	  21,4	  31,7	  35,5	  35,8	  37,2	  39,2	  38,4	  15,1
s	    33,4255	 4	106,08	 95,76	  22,2	  32,9	  37,0	  37,8	  39,2	  39,7	  38,6	  15,3
s	    33,5026	 7	 55,55	 59,37	  20,0	  30,7	  34,6	  34,5	  36,0	  38,9	  38,3	  15,0
s	    33,6092	 4	106,06	 83,70	  22,2	  32,8	  37,0	  37,8	  39,2	  39,4	  38,6	  15,3
s	    33,6515	 7	278,84	 58,73	  19,2	  30,4	  34,4	  34,3	  35,7	  38,7	  38,3	  15,0
s	    33,7864	 7	 51,80	120,14	  21,0	  31,6	  35,5	  35,6	  37,1	  39,3	  38,3	  14,9
s	    34,1170	 8	 52,17	120,00	  20,0	  31,1	  35,1	  35,3	  36,7	  38,8	  38,1	  14,7
s	    34,2427	 6	155,44	107,25	  22,3	  32,5	  36,4	  36,8	  38,2	  39,5	  38,2	  14,9
s	    34,3726	 7	 52,08	 59,73	  19,9	  30,6	  34,5	  34,4	  35,9	  38,8	  38,2	  14,8
s	    34,4375	 6	153,85	113,56	  21,3	  31,1	  34,7	  34,9	  36,3	  38,5	  37,2	  13,0
s	    34,5713	 7	155,08	107,18	  21,3	  32,0	  36,0	  36,5	  37,8	  39,0	  38,1	  14,7
s	    34,5929	 6	155,22	 72,27	  21,3	  31,6	  35,4	  35,6	  37,0	  39,1	  38,2	  14,8
s	    34,7007	 8	 52,45	 59,87	  18,9	  30,1	  34,1	  34,1	  35,5	  38,3	  38,0	  14,6
s	    34,7281	 5	106,05	 78,64	  20,8	  31,8	  35,9	  36,4	  37,8	  39,1	  38,3	  14,9
s	    34,9200	 7	154,86	 72,34	  20,3	  31,1	  35,0	  35,3	  36,6	  38,6	  38,0	  14,6
s	    35,2746	 7	152,12	 68,06	  19,0	  29,9	  34,9	  35,3	  36,8	  38,8	  38,0	  14,5
s	    35,4056	 4	105,93	 90,16	  21,3	  32,3	  36,5	  37,4	  38,7	  39,0	  38,3	  14,9
s	    35,5680	 7	278,67	125,69	  19,0	  29,7	  33,4	  33,3	  34,8	  37,8	  37,0	  12,7
s	    35,7379	 5	105,94	 95,61	  21,0	  32,2	  36,4	  37,2	  38,6	  38,9	  38,2	  14,7
s	    35,7660	 7	152,41	113,15	  20,9	  31,4	  35,2	  35,4	  36,8	  38,9	  37,9	  14,4
s	    35,9123	 7	278,76	 53,21	  19,5	  30,3	  34,1	  34,0	  35,5	  38,6	  37,7	  14,2
s	    35,9163	 5	105,92	 83,89	  21,0	  32,1	  36,4	  37,2	  38,5	  38,7	  38,2	  14,6
s	    36,0164	 7	 53,78	126,15	  19,7	  29,9	  33,6	  33,4	  34,9	  38,0	  36,9	  12,6
s	    36,0332	 2	317,91	 89,53	  23,1	  32,7	  36,6	  37,4	  38,9	  39,3	  37,4	  13,2
s	    36,3629	 3	317,89	 94,93	  23,4	  33,1	  37,0	  37,8	  39,3	  39,7	  38,1	  14,5
s	    36,4767	 3	317,94	 83,72	  21,8	  31,5	  35,3	  35,8	  37,3	  38,5	  37,3	  12,9
s	    36,6090	 6	106,11	107,37	  21,2	  32,1	  36,3	  37,1	  38,4	  38,7	  37,7	  14,1
s	    36,8733	 7	153,88	117,27	  19,3	  29,9	  34,7	  35,2	  36,6	  38,8	  37,5	  13,9
s	    36,9573	 6	106,04	 72,58	  19,6	  30,6	  34,8	  35,3	  36,7	  37,8	  36,9	  12,5
s	    37,0033	 6	105,91	 78,98	  19,6	  31,1	  35,3	  35,9	  37,2	  38,3	  37,9	  14,3
s	    37,0143	 7	155,48	112,76	  20,8	  31,2	  35,1	  35,3	  36,7	  38,8	  37,7	  14,1
s	    37,2400	 7	155,18	 67,18	  20,8	  31,2	  35,1	  35,3	  36,6	  38,7	  37,7	  14,0
s	    37,3192	 8	 55,27	125,50	  19,3	  30,2	  34,1	  34,0	  35,5	  38,4	  37,6	  14,0
s	    37,3317	 8	155,12	112,67	  19,8	  30,8	  34,7	  34,9	  36,3	  38,3	  37,6	  13,9
s	    37,4611	 8	278,77	124,72	  18,6	  29,9	  33,9	  33,8	  35,2	  38,2	  37,6	  14,0
s	    37,5064	 4	317,86	100,65	  21,5	  31,3	  35,2	  35,6	  37,1	  38,3	  37,0	  12,6
s	    37,6187	 4	317,97	 78,43	  22,0	  32,0	  35,9	  36,4	  37,9	  39,1	  37,8	  14,1
s	    37,7975	 8	278,85	 54,18	  18,5	  29,9	  33,9	  33,7	  35,2	  38,1	  37,6	  13,9
s	    37,9155	 3	316,94	 89,53	  22,7	  32,8	  36,8	  37,6	  39,1	  39,4	  38,1	  14,4
s	    38,1488	 8	 51,77	125,08	  19,2	  30,2	  34,0	  33,9	  35,4	  38,3	  37,5	  13,8
s	    38,1625	 8	152,43	116,82	  18,5	  29,6	  34,5	  34,9	  36,4	  38,5	  37,4	  13,7
s	    38,1651	 3	319,87	 89,55	  22,7	  32,7	  36,8	  37,6	  39,0	  39,3	  38,1	  14,3
s	    38,2377	 4	316,92	 94,81	  22,5	  32,7	  36,7	  37,5	  38,9	  39,3	  37,9	  14,2
s	    38,2563	 4	317,27	 89,53	  21,7	  32,3	  36,4	  37,3	  38,7	  38,9	  37,9	  14,2
s	    38,3489	 4	316,97	 83,85	  21,4	  31,7	  35,8	  36,3	  37,8	  38,9	  37,9	  14,2
s	    38,4824	 8	 52,10	 55,20	  19,2	  30,1	  34,0	  33,9	  35,3	  38,3	  37,5	  13,7
s	    38,4864	 4	319,84	 94,81	  22,4	  32,7	  36,7	  37,5	  38,9	  39,3	  37,9	  14,2
s	    38,5771	 5	317,25	 94,79	  21,5	  32,2	  36,4	  37,2	  38,5	  38,8	  37,8	  14,0
s	    38,5972	 4	319,90	 83,89	  21,4	  31,7	  35,8	  36,3	  37,7	  38,8	  37,9	  14,1
s	    38,6879	 5	317,30	 83,88	  20,4	  31,2	  35,4	  36,0	  37,4	  38,4	  37,8	  14,0
s	    38,8326	 7	105,97	106,90	  20,2	  31,7	  36,0	  36,7	  38,1	  38,3	  37,5	  13,7
s	    39,1716	 7	105,90	 73,07	  19,2	  30,7	  35,0	  35,5	  36,9	  37,8	  37,5	  13,7
s	    39,2718	 5	317,83	105,77	  21,6	  31,8	  35,7	  36,1	  37,6	  38,9	  37,4	  13,6
s	    39,3556	 5	316,89	100,40	  21,1	  31,6	  35,6	  36,1	  37,6	  38,7	  37,7	  13,8
s	    39,3589	 7	106,12	112,74	  19,2	  30,3	  34,5	  35,0	  36,4	  37,5	  36,4	  11,8
s	    39,4653	 5	317,00	 78,68	  21,1	  31,6	  35,6	  36,1	  37,5	  38,7	  37,7	  13,8
s	    39,5823	 7	106,03	 67,64	  19,6	  30,8	  35,0	  35,5	  36,9	  37,9	  37,2	  13,3
s	    39,6009	 5	318,00	 72,95	  20,0	  30,1	  34,0	  34,2	  35,6	  37,6	  36,6	  12,0
s	    39,6009	 5	319,81	100,38	  21,1	  31,6	  35,6	  36,1	  37,5	  38,7	  37,6	  13,8
s	    39,6904	 6	317,22	100,36	  20,1	  31,1	  35,3	  35,8	  37,2	  38,2	  37,5	  13,7
s	    39,7103	 5	319,93	 78,73	  21,1	  31,6	  35,6	  36,1	  37,5	  38,7	  37,6	  13,8
s	    39,7998	 6	317,33	 78,73	  20,1	  31,1	  35,3	  35,8	  37,1	  38,2	  37,5	  13,6
s	    40,2152	 8	155,51	117,52	  20,2	  30,9	  34,7	  34,9	  36,2	  38,3	  37,2	  13,3
s	    40,2493	 8	278,67	129,85	  18,8	  29,8	  33,6	  33,5	  35,0	  38,0	  37,0	  13,1
s	    40,7570	 8	155,14	 62,10	  18,2	  29,5	  33,5	  33,4	  34,8	  37,6	  37,1	  13,2
s	    41,0064	 8	278,77	 48,79	  17,2	  28,2	  31,9	  31,4	  32,9	  36,8	  36,1	  11,4
s	    41,0826	 6	316,86	105,41	  20,7	  31,4	  35,4	  35,9	  37,3	  38,5	  37,3	  13,3
s	    41,3229	 6	319,79	105,38	  20,7	  31,3	  35,4	  35,9	  37,3	  38,4	  37,3	  13,3
s	    41,4047	 6	317,03	 73,31	  19,6	  30,4	  34,4	  34,7	  36,1	  38,0	  37,3	  13,3
s	    41,4107	 7	317,19	105,35	  19,7	  30,9	  35,1	  35,5	  36,9	  38,0	  37,2	  13,2
s	    41,4263	 8	 54,14	 49,72	  17,9	  28,4	  32,1	  31,6	  33,1	  36,9	  36,0	  11,3
s	    41,5111	 8	105,98	112,15	  18,7	  30,4	  34,7	  35,2	  36,5	  37,5	  37,0	  13,0
s	    41,6442	 6	319,96	 73,37	  19,6	  30,4	  34,4	  34,7	  36,1	  38,0	  37,2	  13,2
s	    41,7289	 8	105,89	 68,24	  18,7	  30,4	  34,7	  35,2	  36,5	  37,5	  37,0	  13,0
s	    41,7316	 7	317,36	 73,37	  18,6	  29,9	  34,1	  34,3	  35,7	  37,5	  37,1	  13,1
s	    41,8814	 6	317,80	111,00	  19,6	  29,9	  33,7	  33,8	  35,3	  37,3	  36,2	  11,4
s	    41,9013	 8	153,93	123,22	  19,0	  29,3	  32,9	  32,7	  34,1	  37,1	  35,9	  11,1
s	    41,9169	 3	239,71	 89,47	  21,6	  31,6	  35,6	  36,5	  37,9	  38,2	  36,5	  11,7
s	    42,0943	 6	318,03	 68,12	  20,1	  30,5	  34,4	  34,6	  36,1	  38,1	  36,9	  12,9
s	    42,2241	 4	239,73	 94,51	  21,3	  31,5	  35,6	  36,4	  37,8	  38,1	  36,4	  11,5
s	    42,3302	 4	239,70	 84,06	  20,3	  30,6	  34,6	  35,2	  36,6	  37,7	  36,3	  11,5
s	    42,5241	 8	106,13	117,38	  19,1	  30,5	  34,7	  35,1	  36,5	  37,6	  36,7	  12,6
s	    43,1912	 7	317,05	 69,71	  17,2	  28,7	  33,8	  34,3	  35,7	  37,7	  36,9	  12,8
s	    43,2910	 5	239,75	 99,84	  19,9	  30,3	  34,3	  34,7	  36,1	  37,2	  36,1	  11,2
s	    43,3315	 8	106,02	 62,35	  18,5	  29,8	  34,0	  34,5	  35,8	  36,7	  35,8	  10,8
s	    43,3958	 5	239,68	 79,11	  20,4	  30,9	  35,0	  35,5	  36,9	  38,0	  36,9	  12,7
s	    43,5114	 8	317,38	 69,79	  16,2	  28,2	  33,5	  33,9	  35,3	  37,2	  36,8	  12,6
s	    43,6383	 7	316,84	110,55	  19,2	  30,1	  34,2	  34,4	  35,8	  37,7	  36,9	  12,7
s	    43,6731	 4	240,72	 89,47	  21,2	  31,7	  35,9	  36,7	  38,1	  38,3	  37,2	  13,0
s	    43,8717	 7	319,76	110,50	  19,2	  30,1	  34,2	  34,3	  35,7	  37,7	  36,8	  12,6
s	    43,9569	 8	317,16	110,47	  18,2	  29,7	  33,8	  34,0	  35,4	  37,2	  36,7	  12,5
s	    43,9743	 5	240,74	 94,41	  20,9	  31,6	  35,8	  36,6	  38,0	  38,2	  37,0	  12,8
s	    44,0532	 5	240,44	 89,47	  20,1	  31,2	  35,5	  36,4	  37,7	  37,8	  37,0	  12,8
s	    44,0782	 5	240,71	 84,16	  19,9	  30,7	  34,9	  35,4	  36,8	  37,8	  37,0	  12,8
s	    44,0798	 7	319,98	 68,64	  19,1	  30,1	  34,1	  34,3	  35,7	  37,7	  36,8	  12,6
s	    44,2759	 4	238,02	 89,48	  21,1	  31,6	  35,8	  36,7	  38,0	  38,2	  37,1	  12,8
s	    44,3531	 6	240,45	 94,39	  19,9	  31,1	  35,5	  36,3	  37,6	  37,7	  36,9	  12,6
s	    44,4566	 6	240,42	 84,19	  18,9	  30,2	  34,5	  35,1	  36,4	  37,3	  36,9	  12,6
s	    44,5750	 5	238,04	 94,38	  20,8	  31,6	  35,7	  36,5	  37,9	  38,1	  37,0	  12,7
s	    44,9074	 7	317,78	115,55	  19,6	  30,2	  34,1	  34,2	  35,7	  37,8	  36,5	  12,1
s	    44,9417	 6	239,77	104,65	  20,1	  30,7	  34,8	  35,3	  36,7	  37,8	  36,6	  12,2
s	    45,0202	 6	240,76	 99,64	  19,6	  30,6	  34,7	  35,3	  36,6	  37,6	  36,8	  12,5
s	    45,1229	 6	240,69	 79,32	  19,5	  30,6	  34,7	  35,2	  36,6	  37,6	  36,8	  12,4
s	    45,2499	 6	239,66	 73,96	  18,5	  29,1	  33,1	  33,3	  34,7	  36,6	  35,7	  10,6
s	    45,3945	 7	240,47	 99,60	  18,5	  30,1	  34,4	  34,9	  36,2	  37,1	  36,6	  12,3
s	    45,4207	 7	318,06	 63,26	  18,0	  28,5	  32,4	  32,2	  33,7	  36,5	  35,6	  10,5
s	    45,4969	 7	240,40	 79,36	  18,5	  30,1	  34,4	  34,9	  36,2	  37,1	  36,6	  12,2
s	    45,6139	 6	238,05	 99,58	  19,5	  30,5	  34,7	  35,2	  36,5	  37,6	  36,7	  12,3
s	    45,7160	 6	237,98	 79,39	  19,5	  30,5	  34,7	  35,2	  36,5	  37,5	  36,7	  12,3
s	    45,8252	 8	316,82	113,95	  16,8	  28,4	  33,5	  33,9	  35,4	  37,3	  36,5	  12,1
s	    46,6394	 7	240,77	104,36	  19,2	  30,4	  34,5	  35,0	  36,4	  37,4	  36,5	  12,0
s	    46,8315	 8	319,73	114,97	  18,6	  29,8	  33,8	  34,0	  35,4	  37,3	  36,3	  11,8
s	    46,9419	 7	240,67	 74,26	  18,1	  29,4	  33,6	  33,8	  35,2	  37,0	  36,4	  11,9
s	    47,0071	 8	240,49	104,30	  18,2	  29,9	  34,2	  34,7	  36,0	  36,9	  36,3	  11,8
s	    47,1095	 8	317,08	 63,79	  17,6	  28,8	  32,9	  32,8	  34,2	  36,9	  36,3	  11,8
s	    47,2226	 7	238,07	104,27	  19,1	  30,3	  34,5	  34,9	  36,3	  37,3	  36,4	  11,9
s	    47,3084	 8	240,38	 74,32	  17,1	  28,9	  33,2	  33,5	  34,8	  36,5	  36,3	  11,7
s	    47,3340	 8	320,01	 63,87	  17,6	  28,8	  32,8	  32,8	  34,2	  36,9	  36,3	  11,7
s	    47,3897	 7	239,79	109,59	  18,1	  28,9	  32,8	  33,0	  34,4	  36,3	  35,3	  10,0
s	    47,5231	 7	237,96	 74,37	  18,1	  29,4	  33,5	  33,8	  35,1	  36,9	  36,3	  11,8
s	    47,5898	 7	239,64	 69,40	  18,6	  29,5	  33,6	  33,7	  35,1	  37,1	  36,1	  11,5
s	    48,1078	 8	318,08	 60,09	  16,0	  27,4	  32,4	  32,5	  34,0	  36,9	  35,9	  11,3
s	    48,6217	 8	240,66	 70,86	  15,7	  27,7	  33,0	  33,4	  34,8	  36,6	  36,1	  11,4
s	    48,7486	 8	317,75	120,08	  17,4	  28,2	  32,0	  31,8	  33,3	  36,1	  35,0	   9,6
s	    49,0428	 8	240,79	109,21	  17,7	  29,2	  33,3	  33,5	  34,9	  36,7	  36,0	  11,4
s	    49,6110	 8	238,09	109,10	  17,6	  29,1	  33,3	  33,5	  34,8	  36,6	  36,0	  11,2
s	    49,8064	 8	237,95	 69,91	  17,6	  29,1	  33,3	  33,5	  34,8	  36,6	  35,9	  11,2
s	    50,2391	 8	239,80	113,92	  18,1	  29,2	  33,3	  33,4	  34,8	  36,7	  35,6	  10,9
s	    53,3581	 4	277,54	 89,44	  19,5	  30,5	  34,7	  35,6	  36,9	  37,1	  35,9	  10,9
s	    53,6294	 5	277,54	 93,89	  19,3	  30,4	  34,7	  35,5	  36,8	  37,0	  35,8	  10,7
s	    53,7752	 5	277,54	 84,32	  19,2	  30,3	  34,6	  35,4	  36,7	  36,8	  35,8	  10,7
s	    54,1408	 4	136,85	 90,10	  19,4	  30,0	  34,1	  35,0	  36,3	  36,4	  34,8	   8,9
s	    54,4099	 5	136,87	 94,50	  19,2	  29,9	  34,1	  34,9	  36,2	  36,4	  34,7	   8,7
s	    54,5029	 5	136,82	 85,35	  18,1	  29,0	  33,1	  33,7	  35,0	  35,9	  34,6	   8,7
s	    54,6658	 6	277,55	 80,28	  17,9	  29,4	  33,6	  34,1	  35,5	  36,4	  35,5	  10,4
s	    55,3461	 6	136,89	 99,20	  17,8	  28,7	  32,8	  33,3	  34,6	  35,5	  34,4	   8,4
s	    55,4382	 6	136,80	 81,00	  18,4	  29,4	  33,5	  34,0	  35,4	  36,3	  35,2	  10,0
s	    55,6833	 5	277,63	 89,45	  18,3	  29,9	  34,2	  35,0	  36,3	  36,4	  35,5	  10,3
s	    55,9483	 6	277,62	 93,79	  18,1	  29,8	  34,1	  34,9	  36,2	  36,3	  35,4	  10,1
s	    56,0460	 5	136,07	 90,10	  19,0	  30,1	  34,4	  35,2	  36,5	  36,5	  35,5	  10,2
s	    56,0907	 6	277,63	 84,44	  18,1	  29,6	  34,1	  34,9	  36,2	  36,1	  35,4	  10,1
s	    56,1734	 7	277,53	103,23	  18,3	  29,8	  34,1	  34,8	  36,1	  36,2	  35,0	   9,7
s	    56,2127	 5	138,47	 90,09	  19,0	  30,1	  34,4	  35,2	  36,5	  36,5	  35,5	  10,1
s	    56,3101	 6	136,09	 94,43	  18,8	  30,0	  34,3	  35,1	  36,4	  36,5	  35,3	  10,0
s	    56,3793	 6	136,35	 90,10	  18,0	  29,6	  34,1	  34,9	  36,1	  36,0	  35,3	  10,0
s	    56,4013	 6	136,05	 85,45	  17,8	  29,1	  33,4	  34,0	  35,3	  36,0	  35,3	  10,0
s	    56,4539	 7	277,55	 75,36	  17,5	  29,1	  33,4	  33,9	  35,2	  36,0	  35,2	   9,9
s	    56,4762	 6	138,49	 94,41	  18,8	  30,0	  34,3	  35,1	  36,4	  36,4	  35,3	  10,0
s	    56,6425	 7	136,37	 94,41	  17,8	  29,5	  34,0	  34,8	  36,0	  36,0	  35,2	   9,8
s	    56,7334	 7	136,32	 85,46	  16,8	  28,6	  33,1	  33,6	  34,9	  35,6	  35,2	   9,8
s	    56,7997	 7	136,91	103,45	  18,0	  29,2	  33,4	  33,8	  35,2	  36,1	  34,9	   9,6
s	    56,9610	 7	277,64	 80,49	  16,7	  28,7	  33,1	  33,6	  34,9	  35,8	  35,2	   9,8
s	    57,0718	 7	136,78	 76,44	  16,5	  27,6	  31,7	  31,9	  33,2	  34,9	  34,1	   8,0
s	    57,2287	 7	136,12	 99,03	  17,5	  29,0	  33,3	  33,8	  35,1	  35,9	  35,1	   9,7
s	    57,3191	 7	136,03	 81,18	  17,5	  29,0	  33,3	  33,8	  35,1	  35,9	  35,1	   9,7
s	    57,3934	 7	138,52	 99,01	  17,4	  29,0	  33,3	  33,8	  35,1	  35,9	  35,1	   9,7
s	    57,4836	 7	138,43	 81,18	  17,4	  29,0	  33,3	  33,8	  35,1	  35,9	  35,1	   9,7
s	    57,5581	 8	136,39	 99,00	  16,5	  28,5	  33,0	  33,5	  34,7	  35,4	  35,0	   9,5
s	    57,6482	 8	136,30	 81,21	  16,5	  28,5	  32,9	  33,5	  34,7	  35,4	  35,0	   9,5
s	    58,3996	 8	277,52	107,66	  16,4	  28,1	  32,4	  32,9	  34,2	  35,0	  33,8	   7,6
s	    58,4347	 8	277,62	102,92	  17,4	  29,3	  33,8	  34,5	  35,8	  35,8	  34,9	   9,3
s	    58,5816	 8	277,56	 71,26	  16,9	  28,6	  32,9	  33,4	  34,6	  35,5	  34,6	   9,1
s	    58,6557	 8	136,14	103,21	  17,1	  28,8	  33,1	  33,6	  34,9	  35,7	  34,8	   9,3
s	    58,7091	 8	277,64	 75,68	  16,4	  28,4	  32,9	  33,4	  34,6	  35,3	  34,8	   9,3
s	    58,8181	 8	138,54	103,18	  17,1	  28,8	  33,1	  33,6	  34,9	  35,7	  34,8	   9,3
s	    58,9229	 8	136,01	 76,69	  16,1	  27,9	  32,2	  32,4	  33,7	  35,3	  34,8	   9,2
s	    58,9664	 8	136,94	107,87	  16,1	  27,4	  31,5	  31,6	  32,9	  34,7	  33,8	   7,4
s	    59,0849	 8	138,40	 76,70	  16,1	  27,9	  32,2	  32,4	  33,7	  35,3	  34,8	   9,2
s	    59,1440	 8	136,76	 72,35	  16,6	  28,0	  32,2	  32,4	  33,7	  35,5	  34,5	   9,0
s	    66,9486	 3	 34,65	 90,07	  20,1	  29,6	  33,6	  34,4	  35,8	  35,9	  33,4	   6,4
s	    67,1867	 4	 34,63	 93,97	  19,8	  29,6	  33,6	  34,3	  35,7	  35,8	  33,2	   6,2
s	    67,6615	 5	104,60	 90,23	  17,3	  28,9	  33,2	  34,0	  35,3	  35,3	  34,1	   7,8
s	    67,8921	 4	 35,74	 90,08	  19,8	  29,9	  34,0	  34,8	  36,1	  36,1	  34,2	   7,8
s	    67,8981	 6	104,60	 94,10	  17,1	  28,8	  33,2	  33,9	  35,2	  35,2	  34,0	   7,6
s	    68,0253	 6	104,59	 85,76	  17,1	  28,7	  33,1	  33,9	  35,1	  35,0	  34,0	   7,6
s	    68,0980	 5	 34,69	 82,01	  19,0	  29,1	  33,0	  33,5	  34,9	  35,8	  33,8	   7,4
s	    68,1282	 5	 35,72	 93,95	  19,5	  29,8	  33,9	  34,7	  36,0	  36,0	  34,1	   7,7
s	    68,8036	 7	104,58	 82,22	  15,8	  27,8	  32,1	  32,6	  33,9	  34,7	  33,8	   7,3
s	    69,0319	 6	 35,79	 82,08	  18,2	  28,8	  32,9	  33,4	  34,7	  35,5	  33,8	   7,4
s	    69,8710	 7	 35,68	100,92	  15,9	  27,1	  32,3	  33,1	  34,4	  35,3	  33,6	   7,1
s	    69,9879	 6	104,53	 90,23	  16,2	  28,2	  32,7	  33,5	  34,8	  34,6	  33,7	   7,2
s	    70,0489	 4	 34,07	 85,97	  19,1	  29,1	  33,0	  33,5	  34,9	  35,9	  33,7	   7,2
s	    70,1246	 8	104,62	102,30	  16,5	  28,4	  32,9	  33,6	  34,8	  34,7	  33,5	   6,9
s	    70,1663	 4	 33,95	 90,07	  19,6	  29,7	  33,8	  34,6	  35,9	  35,9	  33,9	   7,4
s	    70,2197	 7	104,54	 94,03	  15,9	  28,2	  32,7	  33,4	  34,7	  34,5	  33,6	   7,0
s	    70,3443	 7	104,52	 85,85	  15,9	  28,0	  32,6	  33,4	  34,6	  34,3	  33,6	   7,0
s	    70,3710	 8	104,58	 77,88	  15,4	  27,5	  31,9	  32,4	  33,6	  34,3	  33,5	   6,9
s	    70,3918	 5	 34,22	 90,07	  18,6	  29,2	  33,5	  34,3	  35,5	  35,4	  33,8	   7,2
s	    70,3977	 5	 33,93	 93,86	  19,4	  29,6	  33,7	  34,5	  35,8	  35,8	  33,8	   7,2
s	    70,6228	 6	 34,20	 93,86	  18,4	  29,1	  33,4	  34,2	  35,4	  35,4	  33,7	   7,1
s	    70,9670	 5	 35,14	 86,01	  18,3	  28,8	  32,8	  33,3	  34,7	  35,6	  33,7	   7,1
s	    71,1069	 8	104,52	 82,38	  14,6	  27,1	  31,6	  32,1	  33,3	  34,0	  33,4	   6,7
s	    71,2836	 6	 34,00	 82,23	  18,0	  28,6	  32,7	  33,2	  34,5	  35,3	  33,6	   6,9
s	    71,5069	 7	 34,27	 82,25	  17,1	  28,1	  32,4	  32,9	  34,1	  34,8	  33,5	   6,8
s	    72,2751	 6	 34,11	 78,23	  16,9	  27,2	  31,0	  31,2	  32,6	  34,4	  32,5	   4,9
s	    72,4601	 7	 33,89	101,60	  17,7	  28,5	  32,6	  33,0	  34,3	  35,1	  33,4	   6,6
s	    72,6812	 8	 34,16	101,58	  16,8	  28,0	  32,2	  32,7	  33,9	  34,7	  33,2	   6,4
s	    72,6818	 8	 33,86	101,87	  17,3	  28,0	  32,2	  32,7	  33,9	  34,6	  33,0	   6,2
s	    73,1758	 7	 35,18	 78,32	  16,7	  27,6	  31,6	  31,8	  33,2	  34,9	  33,3	   6,4
s	    73,2718	 5	 33,40	 86,09	  18,1	  28,6	  32,6	  33,1	  34,5	  35,4	  33,5	   6,6
s	    73,4914	 6	 33,67	 86,09	  17,1	  28,1	  32,3	  32,8	  34,1	  34,9	  33,3	   6,5
s	    73,9013	 8	 34,76	 70,45	  15,4	  26,0	  29,9	  29,7	  31,0	  33,5	  32,1	   4,4
s	    74,0810	 8	 34,13	 74,63	  15,3	  25,9	  29,8	  29,7	  31,0	  33,5	  32,0	   4,4
s	    74,3406	 8	 33,86	105,48	  16,3	  27,3	  31,5	  31,6	  32,9	  34,5	  33,0	   6,1
s	    74,4845	 8	 35,20	 75,62	  14,3	  26,0	  31,1	  31,5	  32,9	  34,6	  33,0	   6,1
s	    74,7008	 7	 33,21	 97,96	  18,1	  28,5	  32,4	  32,8	  34,2	  35,1	  32,9	   5,9
s	    75,4380	 7	 33,45	 78,54	  16,5	  27,4	  31,5	  31,6	  33,0	  34,7	  33,0	   6,0
s	    75,5636	 4	169,74	 89,93	  19,4	  28,9	  32,9	  33,7	  34,9	  35,0	  32,2	   4,4
s	    75,5832	 8	 34,25	 97,91	  17,3	  28,2	  32,3	  32,7	  34,0	  34,8	  32,9	   5,9
s	    75,6536	 8	 33,71	 78,57	  15,5	  27,0	  31,1	  31,3	  32,6	  34,2	  32,9	   5,8
s	    75,7847	 5	169,77	 93,55	  19,1	  28,9	  32,8	  33,6	  34,8	  34,9	  32,1	   4,3
s	    76,4397	 5	168,71	 89,94	  19,1	  29,2	  33,2	  34,1	  35,3	  35,2	  33,1	   5,9
s	    76,4565	 4	339,07	 89,72	  18,4	  28,5	  32,6	  33,4	  34,7	  34,6	  32,2	   4,3
s	    76,6310	 6	169,69	 82,44	  17,8	  27,9	  31,8	  32,3	  33,5	  34,4	  31,9	   4,0
s	    76,6591	 6	168,73	 93,53	  18,9	  29,1	  33,2	  34,0	  35,2	  35,1	  32,9	   5,8
s	    76,6759	 5	339,04	 93,32	  18,2	  28,4	  32,5	  33,3	  34,6	  34,6	  32,1	   4,2
s	    76,7517	 5	339,09	 85,85	  17,1	  27,5	  31,6	  32,1	  33,4	  34,1	  32,1	   4,2
s	    77,4407	 6	339,02	 97,16	  16,8	  27,4	  31,5	  32,0	  33,3	  34,0	  31,9	   3,9
s	    77,4994	 7	168,66	 82,50	  17,5	  28,1	  32,1	  32,6	  33,9	  34,6	  32,7	   5,5
s	    77,5160	 6	339,11	 82,29	  17,4	  27,9	  32,0	  32,5	  33,8	  34,5	  32,7	   5,5
s	    77,7157	 5	338,14	 89,72	  18,1	  28,7	  32,9	  33,7	  35,0	  34,8	  33,0	   5,8
s	    77,7559	 7	169,82	100,96	  18,0	  28,2	  32,2	  32,6	  33,9	  34,8	  32,5	   5,2
s	    77,9210	 8	 32,59	 97,75	  17,1	  28,0	  32,1	  32,5	  33,8	  34,7	  32,6	   5,4
s	    77,9328	 6	338,12	 93,28	  17,8	  28,6	  32,9	  33,6	  34,9	  34,7	  32,9	   5,6
s	    78,7644	 7	338,18	 82,36	  16,5	  27,6	  31,8	  32,3	  33,6	  34,2	  32,7	   5,3
s	    78,8209	 5	170,34	 89,93	  18,9	  29,0	  33,1	  33,9	  35,1	  35,0	  32,8	   5,5
s	    78,8566	 7	339,14	 78,52	  15,5	  26,2	  30,2	  30,4	  31,7	  33,2	  31,6	   3,5
s	    79,0305	 6	170,09	 89,93	  17,9	  28,5	  32,7	  33,6	  34,7	  34,5	  32,7	   5,3
s	    79,0360	 6	170,36	 93,46	  18,7	  28,9	  33,0	  33,8	  35,0	  34,9	  32,7	   5,3
s	    79,2453	 7	170,11	 93,45	  17,7	  28,5	  32,7	  33,4	  34,6	  34,5	  32,5	   5,2
s	    79,3546	 6	170,31	 97,25	  18,2	  28,3	  32,1	  32,6	  33,9	  34,9	  32,4	   5,0
s	    80,2039	 7	169,30	 97,21	  17,4	  28,0	  32,0	  32,4	  33,7	  34,6	  32,4	   5,0
s	    80,4201	 8	338,97	104,36	  15,2	  26,0	  30,0	  30,2	  31,4	  33,0	  31,4	   3,1
s	    80,5485	 6	338,93	 85,97	  16,6	  27,6	  31,8	  32,3	  33,6	  34,3	  32,6	   5,1
s	    80,5672	 8	339,16	 75,11	  15,7	  26,7	  30,8	  30,9	  32,2	  33,8	  32,1	   4,6
s	    80,7488	 7	170,19	 78,90	  16,3	  26,6	  30,3	  30,4	  31,7	  33,5	  31,4	   3,1
s	    80,9560	 8	170,41	100,67	  17,1	  27,8	  31,9	  32,3	  33,5	  34,3	  32,3	   4,7
s	    81,5888	 8	169,18	 78,98	  16,0	  27,0	  30,9	  31,1	  32,3	  34,0	  32,2	   4,6
s	    81,9225	 5	222,00	 89,61	  17,0	  27,6	  31,9	  32,7	  33,9	  33,7	  31,5	   3,2
s	    81,9372	 6	170,81	 86,22	  17,5	  27,9	  31,9	  32,4	  33,7	  34,5	  32,4	   4,8
s	    82,1324	 6	222,02	 93,05	  16,8	  27,6	  31,8	  32,6	  33,8	  33,7	  31,4	   3,0
s	    82,1417	 7	170,56	 86,23	  16,5	  27,5	  31,6	  32,1	  33,3	  34,0	  32,2	   4,6
s	    82,2889	 8	170,36	104,34	  16,0	  26,4	  30,2	  30,2	  31,5	  33,4	  31,1	   2,7
s	    82,5903	 8	338,97	 78,86	  15,0	  26,5	  30,6	  30,8	  32,1	  33,7	  32,2	   4,5
s	    82,9364	 7	221,96	 82,50	  15,5	  26,5	  30,8	  31,3	  32,5	  33,1	  31,2	   2,7
s	    83,1276	 6	222,90	 89,61	  16,7	  27,8	  32,2	  33,0	  34,2	  33,9	  32,3	   4,6
s	    83,3355	 7	222,92	 93,01	  16,5	  27,8	  32,2	  32,9	  34,1	  33,9	  32,2	   4,4
s	    83,9569	 8	170,76	 79,18	  15,8	  26,8	  30,8	  30,9	  32,2	  33,8	  31,9	   4,2
s	    84,0060	 8	222,05	100,09	  15,7	  26,9	  31,2	  31,6	  32,9	  33,5	  31,8	   4,0
s	    84,1320	 8	222,87	 82,56	  15,2	  26,7	  31,1	  31,6	  32,8	  33,3	  32,0	   4,2
s	    84,9404	 6	221,21	 89,62	  16,6	  27,7	  32,1	  32,9	  34,1	  33,8	  32,1	   4,2
s	    85,1454	 7	221,22	 92,97	  16,4	  27,6	  32,0	  32,8	  34,0	  33,7	  32,0	   4,1
s	    85,2163	 7	221,19	 86,00	  15,3	  26,7	  31,1	  31,6	  32,8	  33,3	  32,0	   4,1
s	    85,2318	 7	221,43	 89,61	  15,6	  27,2	  31,8	  32,6	  33,7	  33,3	  32,0	   4,1
s	    85,4363	 8	221,45	 92,97	  15,4	  27,2	  31,7	  32,5	  33,6	  33,2	  31,9	   3,9
s	    85,5071	 8	221,41	 86,01	  14,4	  26,2	  30,8	  31,3	  32,4	  32,8	  31,9	   3,9
s	    85,8604	 8	221,24	 96,57	  15,1	  26,6	  31,0	  31,5	  32,7	  33,2	  31,8	   3,9
s	    85,9309	 8	221,17	 82,67	  15,1	  26,6	  31,0	  31,5	  32,7	  33,2	  31,8	   3,8
s	    86,6320	 8	222,24	 96,52	  15,0	  26,7	  31,0	  31,5	  32,7	  33,4	  31,7	   3,7
s	    90,2912	 7	278,58	 89,49	  13,8	  26,3	  31,0	  31,8	  32,9	  32,5	  31,5	   3,1
s	    90,4880	 8	278,57	 92,72	  13,6	  26,3	  30,9	  31,7	  32,8	  32,5	  31,3	   3,0
s	    90,5939	 8	278,58	 85,77	  13,6	  26,1	  30,9	  31,7	  32,8	  32,2	  31,3	   3,0
s	   108,5340	 5	 82,97	 96,19	  13,8	  24,3	  29,2	  29,9	  31,2	  32,0	  28,9	  -1,8
s	   109,6639	 6	 81,72	 96,15	  13,6	  24,7	  29,8	  30,5	  31,8	  32,5	  29,7	  -0,4
s	   110,5546	 2	102,39	 90,27	  17,4	  27,4	  31,3	  32,1	  33,4	  33,4	  30,1	  -0,1
s	   110,6594	 6	121,93	 96,05	  12,7	  23,7	  28,8	  29,4	  30,7	  31,4	  28,6	  -2,3
s	   110,7256	 3	102,39	 93,07	  17,2	  27,3	  31,2	  32,0	  33,3	  33,3	  29,9	  -0,2
s	   110,7364	 6	 83,24	 96,11	  13,5	  24,6	  29,7	  30,4	  31,8	  32,5	  29,6	  -0,6
s	   110,7848	 3	102,38	 87,25	  16,2	  26,4	  30,3	  30,8	  32,2	  32,9	  29,9	  -0,2
s	   110,9171	 7	 83,03	 96,10	  12,5	  24,2	  29,4	  30,1	  31,4	  32,0	  29,5	  -0,7
s	   111,3229	 4	102,40	 96,08	  15,2	  25,4	  29,3	  29,7	  31,0	  31,8	  28,8	  -2,2
s	   111,3819	 4	102,38	 84,46	  15,7	  26,1	  30,0	  30,5	  31,8	  32,6	  29,5	  -0,7
s	   111,9175	 7	123,14	 96,00	  12,5	  24,1	  29,4	  30,1	  31,3	  31,9	  29,4	  -0,9
s	   112,2570	 5	102,40	 98,84	  15,4	  26,0	  29,9	  30,3	  31,7	  32,5	  29,3	  -1,0
s	   112,4327	 5	102,38	 81,49	  13,8	  24,4	  28,2	  28,4	  29,7	  31,3	  28,5	  -2,5
s	   112,8320	 7	121,63	 95,98	  12,4	  24,1	  29,3	  30,0	  31,3	  31,9	  29,3	  -1,0
s	   112,8843	 3	102,37	 90,27	  16,3	  26,8	  30,9	  31,7	  32,9	  32,8	  29,7	  -0,6
s	   113,0341	 8	121,83	 95,97	  11,4	  23,6	  29,0	  29,7	  30,9	  31,4	  29,2	  -1,2
s	   113,0528	 4	102,38	 93,03	  16,1	  26,8	  30,8	  31,6	  32,8	  32,7	  29,6	  -0,8
s	   113,1111	 4	102,37	 87,30	  15,1	  25,8	  29,9	  30,4	  31,7	  32,3	  29,6	  -0,8
s	   113,6413	 5	102,38	 96,00	  14,8	  25,7	  29,8	  30,3	  31,5	  32,2	  29,5	  -1,0
s	   113,6637	 6	102,41	101,77	  13,6	  24,3	  28,1	  28,2	  29,5	  31,2	  28,3	  -2,9
s	   113,6994	 5	102,37	 84,55	  14,8	  25,7	  29,8	  30,3	  31,5	  32,2	  29,5	  -1,0
s	   113,7798	 6	102,37	 78,78	  14,1	  25,0	  28,9	  29,0	  30,3	  31,9	  29,1	  -1,3
s	   114,5617	 6	102,39	 98,72	  14,5	  25,7	  29,7	  30,1	  31,4	  32,1	  29,3	  -1,3
s	   114,7349	 6	102,36	 81,62	  13,5	  24,7	  28,8	  29,0	  30,2	  31,7	  29,2	  -1,3
s	   115,3329	 7	102,41	104,44	  13,7	  24,8	  28,7	  28,8	  30,2	  31,8	  28,8	  -1,7
s	   115,6200	 7	102,37	 75,91	  12,2	  23,2	  27,1	  26,9	  28,2	  30,6	  28,0	  -3,3
s	   115,9482	 7	102,39	101,61	  13,2	  24,6	  28,7	  28,8	  30,1	  31,6	  29,0	  -1,6
s	   116,0627	 7	102,36	 78,94	  13,2	  24,6	  28,7	  28,8	  30,1	  31,6	  29,0	  -1,6
s	   117,5086	 8	102,41	107,25	  11,9	  23,1	  26,9	  26,7	  28,0	  30,4	  27,8	  -3,8
s	   117,5938	 8	102,39	104,24	  12,9	  24,5	  28,5	  28,6	  29,9	  31,4	  28,8	  -2,0
s	   117,6786	 8	102,36	 73,31	  12,4	  23,7	  27,6	  27,5	  28,8	  31,2	  28,5	  -2,3
s	   117,7383	 3	 84,14	 90,28	  16,8	  26,8	  30,8	  31,6	  32,9	  32,7	  29,3	  -1,5
s	   117,8769	 8	102,35	 76,11	  11,8	  23,5	  27,6	  27,4	  28,7	  31,0	  28,7	  -2,1
s	   117,9019	 4	 84,14	 92,96	  16,6	  26,8	  30,8	  31,5	  32,8	  32,6	  29,2	  -1,6
s	   117,9584	 4	 84,14	 87,40	  16,3	  26,3	  30,1	  30,6	  31,9	  32,6	  29,2	  -1,6
s	   118,1186	 5	 27,04	 90,07	  15,6	  25,7	  29,9	  30,7	  31,8	  31,3	  28,0	  -3,6
s	   118,2817	 6	 27,03	 92,75	  15,4	  25,6	  29,8	  30,6	  31,7	  31,3	  27,9	  -3,7
s	   118,5291	 5	 84,14	 84,73	  15,0	  25,5	  29,5	  30,0	  31,3	  31,9	  28,8	  -2,1
s	   118,8044	 4	 82,97	 90,28	  15,8	  26,3	  30,4	  31,2	  32,5	  32,1	  29,1	  -1,8
s	   118,9076	 7	 27,08	 84,54	  14,1	  24,6	  28,8	  29,3	  30,5	  30,8	  27,7	  -3,9
s	   118,9668	 5	 82,96	 92,94	  15,5	  26,2	  30,4	  31,1	  32,4	  32,1	  29,0	  -1,9
s	   119,0230	 5	 82,97	 87,42	  15,3	  25,7	  29,7	  30,2	  31,5	  32,1	  29,0	  -1,9
s	   119,3659	 6	 84,13	 98,48	  14,8	  25,4	  29,4	  29,9	  31,1	  31,8	  28,6	  -2,3
s	   119,5340	 6	 84,15	 81,89	  14,0	  24,2	  28,0	  28,1	  29,4	  31,0	  27,8	  -3,9
s	   119,5900	 6	 82,97	 84,77	  14,3	  25,2	  29,4	  29,9	  31,1	  31,6	  28,8	  -2,2
s	   119,7444	 4	120,62	 90,23	  15,7	  26,3	  30,4	  31,2	  32,4	  32,1	  29,0	  -2,0
s	   119,9059	 5	120,63	 92,88	  15,5	  26,2	  30,3	  31,1	  32,3	  32,0	  28,9	  -2,1
s	   119,9618	 5	120,61	 87,38	  15,2	  25,7	  29,7	  30,1	  31,4	  32,0	  28,9	  -2,1
s	   119,9661	 4	 84,38	 90,28	  15,7	  26,2	  30,4	  31,2	  32,4	  32,1	  29,0	  -2,0
s	   120,1274	 5	 84,38	 92,93	  15,5	  26,2	  30,3	  31,1	  32,3	  32,0	  28,9	  -2,1
s	   120,1367	 5	 84,19	 90,28	  14,7	  25,8	  30,1	  30,8	  32,0	  31,6	  28,9	  -2,1
s	   120,1832	 5	 84,38	 87,44	  15,2	  25,7	  29,7	  30,1	  31,4	  32,0	  28,9	  -2,1
s	   120,2978	 6	 84,18	 92,92	  14,5	  25,7	  30,0	  30,7	  31,9	  31,5	  28,7	  -2,3
s	   120,3535	 6	 84,19	 87,44	  14,2	  25,2	  29,3	  29,8	  31,0	  31,5	  28,7	  -2,3
s	   120,4214	 7	 82,96	 98,43	  14,0	  25,2	  29,3	  29,7	  30,9	  31,5	  28,6	  -2,4
s	   120,5256	 6	120,60	 84,75	  14,0	  25,0	  29,1	  29,6	  30,8	  31,3	  28,5	  -2,6
s	   120,5884	 7	 82,97	 81,94	  13,7	  24,6	  28,6	  28,8	  30,0	  31,5	  28,6	  -2,4
s	   120,7120	 7	 84,13	101,29	  13,7	  24,1	  27,9	  28,0	  29,3	  30,8	  27,6	  -4,2
s	   120,7462	 6	 84,38	 84,81	  14,2	  25,2	  29,3	  29,8	  31,0	  31,5	  28,7	  -2,4
s	   120,8232	 7	 84,15	 79,29	  13,5	  24,4	  28,4	  28,5	  29,8	  31,2	  28,4	  -2,7
s	   120,8461	 8	279,08	 89,52	  11,0	  24,1	  28,8	  29,6	  30,7	  30,0	  28,5	  -2,6
s	   120,9160	 7	 84,19	 84,81	  13,2	  24,7	  29,0	  29,5	  30,6	  31,0	  28,6	  -2,5
s	   120,9333	 5	121,77	 90,23	  14,7	  25,7	  30,0	  30,8	  32,0	  31,5	  28,8	  -2,3
s	   121,0936	 6	121,78	 92,86	  14,5	  25,7	  30,0	  30,7	  31,9	  31,5	  28,7	  -2,4
s	   121,1490	 6	121,76	 87,40	  14,2	  25,2	  29,3	  29,8	  31,0	  31,5	  28,7	  -2,4
s	   121,2520	 6	 26,78	 87,25	  14,7	  25,2	  29,3	  29,8	  31,0	  31,4	  28,4	  -2,7
s	   121,3523	 7	120,65	 98,33	  13,7	  24,9	  29,0	  29,4	  30,7	  31,2	  28,3	  -2,8
s	   121,4856	 6	 26,72	 90,07	  15,2	  25,8	  30,1	  30,9	  32,0	  31,4	  28,6	  -2,5
s	   121,5183	 7	120,59	 81,94	  12,9	  23,7	  27,6	  27,7	  29,0	  30,4	  27,5	  -4,4
s	   121,5718	 7	 84,38	 98,37	  13,9	  25,1	  29,2	  29,7	  30,9	  31,4	  28,5	  -2,6
s	   121,6413	 7	 26,91	 90,07	  14,2	  25,3	  29,8	  30,6	  31,7	  31,0	  28,5	  -2,6
s	   121,6454	 7	 26,70	 92,69	  15,0	  25,8	  30,1	  30,8	  31,9	  31,4	  28,5	  -2,6
s	   121,6723	 6	 27,53	 90,08	  15,7	  26,1	  30,2	  30,9	  32,1	  31,8	  27,6	  -4,3
s	   121,7088	 7	121,75	 84,78	  13,2	  24,7	  29,0	  29,4	  30,6	  31,0	  28,5	  -2,6
s	   121,7376	 7	 84,39	 82,00	  13,6	  24,6	  28,6	  28,7	  30,0	  31,4	  28,5	  -2,6
s	   121,7407	 8	 84,18	 98,36	  13,0	  24,6	  28,9	  29,3	  30,5	  30,9	  28,4	  -2,8
s	   121,7562	 7	 26,73	 95,52	  14,4	  25,1	  29,2	  29,6	  30,9	  31,3	  28,3	  -2,9
s	   121,7589	 8	 82,96	101,22	  13,4	  24,5	  28,5	  28,6	  29,9	  31,4	  28,4	  -2,8
s	   121,8010	 8	 26,89	 92,69	  14,0	  25,3	  29,7	  30,5	  31,6	  30,9	  28,4	  -2,8
s	   121,8319	 7	 27,52	 92,69	  14,9	  25,9	  30,1	  30,8	  32,0	  31,6	  28,5	  -2,7
s	   121,8694	 8	 82,97	 79,36	  12,7	  24,1	  28,2	  28,4	  29,6	  30,9	  28,4	  -2,8
s	   121,8871	 7	 27,55	 87,26	  14,4	  25,1	  29,2	  29,6	  30,9	  31,3	  27,5	  -4,5
s	   121,9064	 8	 84,19	 82,01	  12,7	  24,1	  28,2	  28,4	  29,6	  30,9	  28,4	  -2,8
s	   121,9452	 5	120,36	 90,23	  14,6	  25,7	  30,0	  30,7	  31,9	  31,5	  28,7	  -2,5
s	   122,1046	 6	120,36	 92,85	  14,4	  25,6	  29,9	  30,6	  31,8	  31,4	  28,6	  -2,6
s	   122,1362	 6	120,55	 90,23	  13,7	  25,2	  29,6	  30,4	  31,5	  31,0	  28,6	  -2,6
s	   122,1597	 6	120,35	 87,42	  14,1	  25,1	  29,2	  29,7	  30,9	  31,4	  28,6	  -2,6
s	   122,2586	 8	 26,75	 84,65	  13,7	  24,8	  29,1	  29,5	  30,7	  30,9	  28,4	  -2,8
s	   122,2954	 7	120,55	 92,84	  13,4	  25,2	  29,6	  30,3	  31,4	  30,9	  28,5	  -2,7
s	   122,3105	 8	 84,13	103,85	  13,2	  24,3	  28,3	  28,4	  29,6	  31,1	  28,1	  -3,1
s	   122,3894	 8	 27,50	 95,50	  14,2	  25,1	  29,1	  29,5	  30,7	  31,3	  27,3	  -4,7
s	   122,4444	 8	 27,57	 84,66	  13,7	  24,9	  29,1	  29,5	  30,7	  31,1	  28,3	  -2,9
s	   122,6823	 8	120,66	101,10	  12,6	  23,6	  27,5	  27,5	  28,8	  30,3	  27,3	  -4,7
s	   122,6945	 8	121,74	 81,99	  12,6	  24,1	  28,2	  28,3	  29,6	  30,9	  28,3	  -2,9
s	   122,7161	 7	120,34	 84,82	  13,1	  24,6	  28,9	  29,4	  30,5	  30,9	  28,4	  -2,8
s	   122,7922	 8	120,58	 79,37	  12,4	  23,8	  28,0	  28,1	  29,3	  30,6	  28,1	  -3,2
s	   122,9001	 8	 84,37	101,14	  13,4	  24,5	  28,5	  28,6	  29,8	  31,3	  28,3	  -3,0
s	   122,9062	 8	120,53	 84,83	  12,1	  24,2	  28,6	  29,0	  30,2	  30,5	  28,3	  -3,0
s	   123,0098	 8	 84,39	 79,43	  12,6	  24,1	  28,2	  28,3	  29,5	  30,9	  28,3	  -3,0
s	   123,5320	 8	120,38	 98,23	  12,9	  24,5	  28,8	  29,2	  30,4	  30,8	  28,2	  -3,1
s	   123,6959	 8	120,33	 82,05	  12,6	  24,0	  28,2	  28,3	  29,5	  30,8	  28,2	  -3,1
s	   124,7721	 8	 26,65	 87,31	  12,8	  24,3	  28,7	  29,2	  30,3	  30,5	  28,1	  -3,3
s	   125,0878	 7	348,96	 87,06	  13,5	  24,5	  28,8	  29,2	  30,4	  30,7	  28,0	  -3,5
s	   125,3081	 7	349,00	 89,83	  14,0	  25,1	  29,6	  30,4	  31,5	  30,7	  28,2	  -3,3
s	   125,4643	 8	348,98	 92,39	  13,8	  25,1	  29,6	  30,3	  31,4	  30,7	  28,1	  -3,4
s	   125,5806	 8	348,90	 95,15	  13,3	  24,5	  28,7	  29,1	  30,3	  30,7	  27,8	  -3,7
s	   125,6705	 7	348,19	 89,82	  14,0	  25,1	  29,6	  30,4	  31,4	  30,7	  28,2	  -3,3
s	   125,8264	 8	348,18	 92,38	  13,8	  25,1	  29,5	  30,3	  31,3	  30,6	  28,0	  -3,5
s	   127,1087	 6	176,42	 89,93	  14,1	  24,8	  29,1	  29,9	  31,0	  30,3	  27,1	  -5,3
s	   127,2632	 7	176,44	 92,46	  13,9	  24,7	  29,0	  29,8	  30,9	  30,3	  27,0	  -5,4
s	   127,3237	 5	297,50	 92,09	  13,9	  24,7	  29,8	  30,8	  32,1	  31,9	  28,2	  -3,4
s	   127,8564	 8	176,39	 84,68	  12,6	  23,7	  28,0	  28,5	  29,6	  29,8	  26,8	  -5,6
s	   128,3211	 8	349,40	 87,12	  12,6	  24,2	  28,5	  29,0	  30,1	  30,3	  27,8	  -3,9
s	   128,3304	 6	298,62	 92,08	  12,8	  24,2	  29,4	  30,4	  31,7	  31,3	  28,0	  -3,7
s	   128,6670	 8	348,61	 87,12	  12,6	  24,1	  28,5	  29,0	  30,1	  30,3	  27,8	  -4,0
s	   129,5606	 6	297,29	 92,06	  12,8	  24,1	  29,4	  30,3	  31,6	  31,3	  27,9	  -3,9
s	   129,7217	 7	297,47	 92,06	  11,8	  23,7	  29,0	  30,0	  31,2	  30,8	  27,8	  -4,1
s	   130,0871	 8	297,54	 79,15	  10,8	  22,4	  27,4	  27,8	  29,1	  30,5	  27,4	  -4,5
s	   130,1514	 6	262,17	 92,01	  12,7	  24,1	  29,3	  30,3	  31,6	  31,2	  27,9	  -4,0
s	   130,2425	 7	176,66	 87,25	  13,3	  24,3	  28,5	  29,0	  30,1	  30,4	  27,5	  -4,4
s	   130,4889	 7	176,72	 89,93	  13,8	  24,9	  29,3	  30,1	  31,2	  30,4	  27,7	  -4,2
s	   130,6366	 8	176,53	 89,93	  12,8	  24,4	  29,0	  29,8	  30,8	  29,9	  27,6	  -4,3
s	   130,6404	 8	176,73	 92,41	  13,5	  24,8	  29,3	  30,0	  31,1	  30,4	  27,6	  -4,3
s	   130,6411	 7	175,94	 89,93	  15,2	  25,6	  29,6	  30,3	  31,4	  31,1	  26,6	  -6,1
s	   130,7112	 7	212,90	 89,69	  13,9	  24,5	  28,8	  29,6	  30,6	  29,9	  26,6	  -6,1
s	   130,7207	 8	176,71	 95,09	  13,0	  24,2	  28,4	  28,9	  30,0	  30,3	  27,4	  -4,6
s	   130,7925	 8	175,96	 92,41	  14,4	  25,4	  29,5	  30,2	  31,3	  30,9	  27,5	  -4,4
s	   130,8449	 8	175,92	 87,26	  13,9	  24,6	  28,7	  29,1	  30,2	  30,6	  26,5	  -6,2
s	   130,8626	 8	212,91	 92,18	  13,7	  24,5	  28,8	  29,5	  30,5	  29,9	  26,5	  -6,2
s	   130,8819	 3	280,36	 89,52	  15,4	  25,9	  29,9	  30,7	  31,9	  31,7	  28,2	  -3,8
s	   131,0332	 4	280,35	 92,00	  15,1	  25,8	  29,8	  30,6	  31,8	  31,6	  28,0	  -3,9
s	   131,0855	 4	280,36	 86,85	  14,1	  24,9	  28,9	  29,4	  30,7	  31,2	  28,0	  -4,0
s	   131,3277	 7	261,09	 92,00	  11,7	  23,6	  29,0	  29,9	  31,1	  30,7	  27,7	  -4,3
s	   131,5614	 5	280,35	 94,66	  13,1	  23,9	  27,9	  28,3	  29,5	  30,1	  26,8	  -5,9
s	   131,5820	 8	213,60	 89,69	  13,7	  24,8	  29,2	  30,0	  31,0	  30,2	  27,5	  -4,6
s	   131,6136	 5	280,36	 84,39	  13,6	  24,6	  28,6	  29,1	  30,3	  30,9	  27,6	  -4,4
s	   132,3524	 7	262,42	 91,98	  11,7	  23,6	  28,9	  29,9	  31,1	  30,6	  27,6	  -4,5
s	   132,3883	 6	280,35	 97,11	  13,4	  24,5	  28,5	  28,9	  30,2	  30,8	  27,5	  -4,6
s	   132,5417	 8	262,24	 91,98	  10,7	  23,1	  28,6	  29,6	  30,7	  30,2	  27,5	  -4,7
s	   132,5440	 6	280,37	 81,75	  11,8	  22,9	  26,9	  27,0	  28,2	  29,6	  26,7	  -6,2
s	   133,2118	 4	280,37	 89,52	  14,3	  25,3	  29,5	  30,2	  31,4	  31,1	  27,8	  -4,3
s	   133,3610	 5	280,37	 91,97	  14,1	  25,2	  29,4	  30,1	  31,3	  31,0	  27,7	  -4,5
s	   133,3844	 8	 67,23	 95,35	  11,1	  22,8	  28,1	  28,8	  30,0	  30,3	  27,4	  -4,8
s	   133,4126	 5	280,37	 86,89	  13,0	  24,3	  28,5	  29,0	  30,2	  30,6	  27,7	  -4,5
s	   133,6227	 8	176,95	 87,30	  12,3	  23,9	  28,3	  28,7	  29,8	  30,0	  27,4	  -4,8
s	   133,6358	 7	280,34	 99,72	  11,5	  22,8	  26,8	  26,8	  28,1	  29,5	  26,5	  -6,5
s	   133,7320	 8	212,52	 87,07	  12,1	  23,7	  28,0	  28,5	  29,6	  29,7	  27,1	  -5,1
s	   133,7389	 7	280,37	 79,33	  12,1	  23,5	  27,5	  27,6	  28,9	  30,2	  27,2	  -5,0
s	   133,8824	 6	280,36	 94,60	  12,8	  24,2	  28,4	  28,9	  30,1	  30,5	  27,6	  -4,7
s	   133,9338	 6	280,38	 84,46	  12,8	  24,2	  28,4	  28,9	  30,1	  30,5	  27,6	  -4,7
s	   133,9659	 8	212,48	 89,70	  13,5	  24,7	  29,1	  29,9	  30,8	  30,0	  27,3	  -5,0
s	   134,6985	 7	280,36	 97,01	  12,5	  24,1	  28,3	  28,7	  29,9	  30,4	  27,4	  -4,9
s	   134,8522	 7	280,38	 81,85	  11,5	  23,2	  27,4	  27,6	  28,8	  30,0	  27,4	  -4,9
s	   135,1191	 8	280,34	102,10	  11,8	  23,3	  27,4	  27,5	  28,7	  30,1	  27,0	  -5,3
s	   135,1595	 8	 65,11	 95,29	  11,0	  22,7	  28,0	  28,7	  29,9	  30,2	  27,2	  -5,1
s	   135,3745	 8	280,37	 76,77	  10,2	  21,7	  25,7	  25,5	  26,7	  28,9	  26,2	  -6,9
s	   135,9300	 8	280,36	 99,59	  11,2	  23,1	  27,3	  27,4	  28,6	  29,9	  27,2	  -5,2
s	   136,0318	 8	280,38	 79,47	  11,2	  23,1	  27,3	  27,4	  28,6	  29,9	  27,2	  -5,3
s	   137,2623	 4	296,58	 89,56	  14,8	  25,4	  29,5	  30,3	  31,5	  31,0	  27,5	  -5,0
s	   137,9179	 6	296,57	 94,52	  12,6	  23,4	  27,5	  27,9	  29,1	  29,4	  26,2	  -7,1
s	   138,2141	 5	297,64	 89,57	  13,8	  24,9	  29,1	  29,9	  31,0	  30,5	  27,3	  -5,3
s	   138,8664	 7	296,61	 82,06	  11,3	  22,4	  26,5	  26,6	  27,8	  28,9	  26,0	  -7,4
s	   138,8664	 7	297,63	 94,50	  12,3	  23,8	  28,1	  28,5	  29,7	  30,0	  27,0	  -5,6
s	   139,2835	 6	298,56	 87,02	  12,5	  24,0	  28,2	  28,6	  29,8	  30,2	  27,1	  -5,6
s	   139,5111	 5	296,39	 89,56	  13,8	  24,8	  29,1	  29,8	  31,0	  30,4	  27,2	  -5,5
s	   139,6636	 6	296,57	 89,56	  12,8	  24,3	  28,7	  29,5	  30,6	  30,0	  27,1	  -5,7
s	   139,7051	 6	296,40	 87,02	  13,2	  24,2	  28,4	  28,8	  30,0	  30,4	  27,1	  -5,7
s	   139,7079	 8	296,61	 80,30	   9,5	  21,5	  26,7	  27,1	  28,3	  29,5	  26,6	  -6,1
s	   139,7880	 7	298,57	 84,66	  12,3	  23,9	  28,1	  28,5	  29,7	  30,1	  27,0	  -5,8
s	   139,8100	 8	297,67	 82,10	  11,0	  22,8	  27,1	  27,2	  28,4	  29,4	  26,8	  -5,9
s	   140,1588	 7	296,38	 94,46	  12,3	  23,8	  28,0	  28,5	  29,6	  29,9	  26,9	  -5,9
s	   140,2085	 7	296,41	 84,67	  13,0	  24,2	  28,3	  28,7	  29,9	  30,3	  26,9	  -5,9
s	   140,3107	 8	296,55	 94,46	  11,3	  23,3	  27,7	  28,2	  29,2	  29,4	  26,8	  -6,0
s	   140,5285	 8	298,53	 96,82	  12,0	  23,8	  28,0	  28,4	  29,6	  30,0	  26,8	  -6,0
s	   140,9473	 8	296,37	 96,80	  12,7	  24,1	  28,2	  28,6	  29,8	  30,2	  26,8	  -6,1
s	   141,0514	 6	262,21	 89,53	  12,7	  24,3	  28,7	  29,5	  30,5	  29,9	  27,0	  -5,9
s	   141,0958	 8	296,41	 82,15	  11,0	  22,7	  27,0	  27,2	  28,3	  29,4	  26,7	  -6,1
s	   141,1120	 5	 67,91	 90,27	  13,7	  24,3	  28,5	  29,2	  30,4	  29,8	  26,0	  -7,6
s	   141,2549	 6	 67,90	 92,61	  13,5	  24,2	  28,4	  29,2	  30,3	  29,7	  25,9	  -7,7
s	   141,6937	 8	262,21	 94,38	  11,2	  23,2	  27,6	  28,1	  29,2	  29,3	  26,7	  -6,2
s	   141,7430	 8	262,20	 84,67	  12,0	  23,6	  27,9	  28,3	  29,4	  29,7	  26,7	  -6,2
s	   143,0588	 6	 67,02	 90,27	  13,4	  24,5	  28,8	  29,6	  30,7	  29,9	  26,8	  -6,3
s	   143,0617	 6	 68,30	 90,27	  13,4	  24,5	  28,8	  29,6	  30,7	  29,9	  26,8	  -6,3
s	   143,2002	 7	 67,01	 92,59	  13,1	  24,4	  28,8	  29,5	  30,6	  29,9	  26,7	  -6,4
s	   143,2031	 7	 68,30	 92,59	  13,1	  24,4	  28,8	  29,5	  30,6	  29,9	  26,7	  -6,4
s	   143,3797	 7	 68,15	 90,27	  12,4	  24,0	  28,5	  29,3	  30,3	  29,5	  26,7	  -6,4
s	   143,4818	 7	 67,15	 85,46	  12,6	  23,8	  27,9	  28,3	  29,5	  29,9	  26,4	  -6,7
s	   143,5208	 8	 68,15	 92,58	  12,2	  23,9	  28,4	  29,2	  30,2	  29,4	  26,5	  -6,6
s	   143,7387	 8	 45,01	 92,50	  10,9	  22,4	  27,8	  28,7	  29,9	  29,2	  25,5	  -8,4
s	   144,3537	 8	 67,15	 82,99	  11,6	  22,5	  26,4	  26,5	  27,7	  29,0	  25,4	  -8,5
s	   144,9019	 8	263,71	 91,82	  10,1	  22,5	  28,0	  29,0	  30,1	  29,5	  26,4	  -6,8
s	   144,9707	 7	 66,26	 87,79	  12,8	  23,9	  28,1	  28,5	  29,6	  30,0	  26,5	  -6,7
s	   145,2417	 8	 67,39	 87,80	  11,8	  23,5	  27,7	  28,1	  29,3	  29,5	  26,4	  -6,8
s	   145,4601	 8	 66,27	 85,51	  11,8	  23,5	  27,7	  28,1	  29,3	  29,5	  26,4	  -6,9
s	   149,5436	 7	313,10	 91,87	  10,9	  22,3	  27,6	  28,5	  29,7	  29,1	  25,1	  -9,3
s	   151,4065	 8	313,97	 91,86	  10,5	  22,5	  27,9	  28,9	  30,0	  29,3	  25,9	  -7,9
s	   151,5266	 8	312,74	 91,85	  10,5	  22,5	  27,9	  28,9	  30,0	  29,3	  25,9	  -7,9
s	   154,6091	 8	247,23	 91,74	   9,7	  21,6	  27,0	  28,0	  29,1	  28,4	  24,6	 -10,2
s	   154,7821	 7	264,63	 89,53	  11,1	  23,2	  27,7	  28,5	  29,5	  28,7	  25,7	  -8,4
s	   154,9612	 8	264,63	 87,18	  10,6	  22,6	  27,0	  27,5	  28,5	  28,6	  25,6	  -8,5
s	   155,8136	 8	263,67	 89,53	  10,1	  22,7	  27,4	  28,1	  29,1	  28,1	  25,5	  -8,6
s	   157,0153	 8	264,82	 89,53	  10,1	  22,6	  27,3	  28,1	  29,0	  28,1	  25,4	  -8,8
s	   162,4893	 7	 52,22	 90,23	  11,5	  22,7	  27,1	  27,9	  28,9	  27,9	  24,1	 -11,4
s	   162,6617	 8	 52,23	 87,96	  10,3	  21,7	  26,1	  26,6	  27,6	  27,4	  24,0	 -11,6
s	   162,8712	 8	 52,34	 90,23	  11,3	  22,9	  27,5	  28,3	  29,2	  28,1	  25,0	  -9,8
s	   163,2438	 7	248,85	 89,56	  10,8	  22,3	  26,8	  27,6	  28,6	  27,6	  24,0	 -11,6
s	   165,0556	 8	248,15	 87,33	  10,2	  21,9	  26,1	  26,5	  27,6	  27,7	  23,8	 -12,0
s	   165,1404	 8	248,04	 89,56	  10,5	  22,6	  27,2	  27,9	  28,9	  27,8	  24,8	 -10,2
s	   165,2137	 8	249,19	 89,56	  10,5	  22,6	  27,2	  27,9	  28,9	  27,8	  24,8	 -10,2
s	   173,7337	 7	 22,96	 90,07	  12,3	  23,1	  27,4	  28,1	  29,2	  28,2	  24,0	 -11,8
s	   173,8552	 8	 22,95	 92,07	  12,1	  23,1	  27,4	  28,0	  29,1	  28,2	  23,9	 -11,9
s	   173,8972	 8	 22,97	 87,93	  11,1	  22,1	  26,4	  26,9	  27,9	  27,8	  23,9	 -11,9
s	   174,2162	 8	 23,56	 90,08	  12,1	  23,1	  27,3	  28,0	  29,0	  28,2	  23,1	 -13,5
s	   175,6405	 7	 56,03	 90,25	  11,0	  22,1	  26,5	  27,3	  28,3	  27,2	  23,1	 -13,6
s	   175,7609	 8	 56,02	 92,22	  10,8	  22,1	  26,5	  27,2	  28,2	  27,2	  23,0	 -13,7
s	   175,8026	 8	 56,04	 88,12	   9,7	  21,1	  25,6	  26,0	  27,0	  26,7	  23,0	 -13,8
s	   177,2863	 8	 56,46	 90,25	  10,7	  22,3	  26,9	  27,7	  28,6	  27,4	  23,9	 -12,2
s	   178,1376	 8	 55,40	 90,24	  10,7	  22,3	  26,9	  27,6	  28,6	  27,4	  23,8	 -12,4
s	   182,3582	 8	148,25	 90,13	  10,7	  21,8	  26,2	  26,9	  27,8	  26,7	  22,4	 -14,9
s	   182,8701	 8	180,14	 89,93	  11,0	  22,3	  26,7	  27,4	  28,4	  27,3	  23,2	 -13,4
s	   190,3916	 8	323,06	 89,70	   9,5	  21,1	  25,7	  26,4	  27,3	  26,0	  21,9	 -16,1
s	   215,2075	 6	 90,69	 92,00	   9,3	  20,6	  25,8	  26,7	  27,8	  26,9	  21,4	 -18,1
s	   215,8741	 7	 89,93	 91,99	   8,3	  20,1	  25,5	  26,4	  27,4	  26,4	  21,2	 -18,3
s	   216,1246	 8	 90,69	 95,46	   8,3	  19,8	  24,8	  25,4	  26,5	  26,5	  20,8	 -18,7
s	   217,4972	 7	 90,78	 91,98	   8,2	  20,1	  25,4	  26,3	  27,4	  26,4	  21,1	 -18,6
s	   217,6042	 8	 90,66	 91,98	   7,3	  19,6	  25,1	  26,0	  27,0	  25,9	  21,0	 -18,7
s	   217,8716	 8	114,69	 91,94	   7,2	  19,6	  25,1	  26,0	  27,0	  25,9	  21,0	 -18,8
s	   221,1672	 4	101,94	 90,32	  10,8	  21,7	  25,9	  26,6	  27,6	  26,7	  21,2	 -18,8
s	   221,2669	 5	101,94	 91,95	  10,5	  21,7	  25,8	  26,5	  27,6	  26,6	  21,0	 -19,0
s	   221,3015	 5	101,94	 88,56	   9,5	  20,8	  24,9	  25,4	  26,4	  26,2	  21,0	 -19,0
s	   221,6158	 6	101,94	 93,71	   9,3	  20,7	  24,9	  25,3	  26,3	  26,1	  20,9	 -19,1
s	   221,6503	 6	101,93	 86,92	   9,3	  20,7	  24,9	  25,3	  26,3	  26,1	  20,9	 -19,1
s	   222,1632	 7	101,95	 95,34	   8,8	  20,4	  24,6	  24,9	  25,9	  25,8	  20,5	 -19,6
s	   222,2664	 7	101,93	 85,17	   7,3	  18,8	  22,9	  23,0	  24,0	  24,6	  19,7	 -21,1
s	   222,9917	 8	101,95	 97,08	   7,0	  18,7	  22,8	  22,8	  23,9	  24,6	  19,6	 -21,3
s	   223,0603	 8	101,93	 83,55	   7,5	  19,4	  23,6	  23,6	  24,7	  25,3	  20,4	 -19,8
s	   223,4972	 5	101,93	 90,32	   9,7	  21,2	  25,5	  26,2	  27,2	  26,1	  20,9	 -19,3
s	   223,5961	 6	101,94	 91,94	   9,5	  21,2	  25,4	  26,1	  27,1	  26,1	  20,8	 -19,4
s	   223,6303	 6	101,93	 88,57	   8,5	  20,2	  24,5	  25,0	  25,9	  25,6	  20,8	 -19,4
s	   223,9420	 7	101,94	 93,68	   8,2	  20,2	  24,5	  24,9	  25,8	  25,6	  20,6	 -19,6
s	   223,9762	 7	101,93	 86,95	   8,2	  20,2	  24,5	  24,9	  25,8	  25,6	  20,6	 -19,6
s	   224,4846	 8	101,94	 95,29	   8,0	  20,1	  24,4	  24,8	  25,7	  25,5	  20,5	 -19,8
s	   224,5869	 8	101,93	 85,22	   7,0	  19,2	  23,5	  23,6	  24,6	  25,1	  20,5	 -19,8
s	   225,4184	 5	 91,10	 90,33	  10,4	  21,4	  25,7	  26,4	  27,4	  26,2	  20,8	 -19,6
s	   225,5506	 6	 91,10	 88,59	  10,7	  21,3	  25,2	  25,6	  26,7	  26,6	  20,6	 -19,7
s	   225,7598	 7	 91,10	 93,27	   7,7	  19,3	  24,5	  25,1	  26,2	  26,0	  20,5	 -19,9
s	   225,8939	 7	 91,10	 86,99	   9,7	  20,8	  24,9	  25,2	  26,3	  26,1	  20,5	 -19,9
s	   226,5004	 8	 91,10	 85,26	   6,9	  18,5	  22,7	  22,7	  23,7	  24,2	  19,3	 -21,9
s	   227,7119	 6	 91,19	 90,33	   9,4	  20,9	  25,3	  26,0	  26,9	  25,7	  20,5	 -20,1
s	   227,8149	 7	 91,07	 90,33	   8,4	  20,4	  24,9	  25,7	  26,5	  25,2	  20,4	 -20,2
s	   227,8430	 7	 91,19	 88,61	   9,6	  20,7	  24,8	  25,2	  26,2	  26,0	  20,4	 -20,2
s	   227,9460	 8	 91,07	 88,61	   8,6	  20,3	  24,5	  24,9	  25,8	  25,6	  20,3	 -20,3
s	   228,1835	 8	 91,19	 87,01	   8,6	  20,3	  24,5	  24,9	  25,8	  25,5	  20,2	 -20,4
s	   235,5391	 8	291,15	 92,80	   7,1	  19,0	  24,1	  24,7	  25,8	  25,5	  19,7	 -21,5
s	   240,0683	 7	 80,28	 90,32	   8,8	  20,3	  24,8	  25,5	  26,4	  24,9	  19,6	 -22,1
s	   241,3409	 8	 79,63	 90,32	   7,8	  19,8	  24,4	  25,1	  25,9	  24,4	  19,4	 -22,4
s	   241,3409	 8	122,99	 90,27	   7,8	  19,8	  24,4	  25,1	  25,9	  24,4	  19,4	 -22,4
s	   241,4966	 5	280,73	 89,56	   9,2	  20,6	  24,9	  25,6	  26,6	  25,4	  19,7	 -22,1
s	   241,5893	 6	280,72	 91,08	   8,9	  20,6	  24,9	  25,5	  26,5	  25,3	  19,6	 -22,3
s	   241,6213	 6	280,73	 87,93	   7,9	  19,7	  23,9	  24,4	  25,3	  24,9	  19,6	 -22,3
s	   241,9134	 7	280,72	 92,71	   7,7	  19,6	  23,9	  24,3	  25,2	  24,8	  19,4	 -22,4
s	   241,9454	 7	280,73	 86,41	   7,7	  19,6	  23,9	  24,3	  25,2	  24,8	  19,4	 -22,4
s	   242,2445	 8	 80,45	 90,32	   7,7	  19,8	  24,4	  25,1	  25,9	  24,3	  19,3	 -22,6
s	   242,4220	 8	280,72	 94,23	   7,2	  19,3	  23,6	  23,9	  24,9	  24,5	  19,1	 -22,8
s	   242,5179	 8	280,73	 84,78	   5,7	  17,7	  21,9	  22,0	  22,9	  23,3	  18,3	 -24,4
s	   243,8266	 6	280,73	 89,56	   8,1	  20,1	  24,5	  25,2	  26,1	  24,8	  19,4	 -22,6
s	   243,9185	 7	280,73	 91,07	   7,9	  20,1	  24,5	  25,1	  26,0	  24,8	  19,3	 -22,7
s	   243,9504	 7	280,73	 87,94	   6,9	  19,1	  23,5	  24,0	  24,9	  24,3	  19,3	 -22,7
s	   244,2401	 8	280,73	 92,69	   6,6	  19,1	  23,5	  23,9	  24,8	  24,3	  19,2	 -22,9
s	   244,2718	 8	280,73	 86,43	   6,6	  19,1	  23,5	  23,9	  24,8	  24,3	  19,2	 -22,9
s	   245,4495	 6	290,81	 89,58	   8,8	  20,3	  24,7	  25,4	  26,3	  24,9	  19,3	 -22,9
s	   245,5725	 7	290,81	 87,97	   9,1	  20,2	  24,3	  24,6	  25,6	  25,3	  19,2	 -23,0
s	   245,8922	 8	290,81	 86,47	   8,1	  19,7	  23,9	  24,3	  25,2	  24,8	  19,1	 -23,1
s	   247,7479	 7	290,73	 89,58	   7,8	  19,8	  24,3	  25,0	  25,9	  24,4	  19,0	 -23,3
s	   247,8439	 8	290,84	 89,58	   6,8	  19,3	  24,0	  24,7	  25,5	  23,9	  18,9	 -23,4
s	   247,8700	 8	290,74	 87,98	   8,0	  19,7	  23,9	  24,2	  25,2	  24,7	  18,9	 -23,4
s	   260,1621	 8	 91,61	 90,33	   6,4	  19,0	  23,6	  24,3	  25,1	  23,4	  18,1	 -25,3
#END
