#HEADER
CATT-Acoustic v8.0b    Copyright © CATT 1988-2003

 Project                : Aula Optica 

 GEOMETRICAL INFORMATION
 Src id and loc     [m] :   A0           0,400        0,600        1,300
 Rec id and loc     [m] :   01           1,000        1,600        1,200

 01        3,4092

 VARIABLE SOURCE DATA
 Directivity
   Type (library)       :  OMNI.SD0
   Dir. Index (DI) [dB] :       0,0      0,0      0,0      0,0      0,0      0,0      0,0      0,0
 Level
   On axis 1m      [dB] :      54,1     63,1     66,8     67,7     69,4     70,6     70,6     54,2
   Total power     [dB] :      65,0     74,0     77,7     78,6     80,3     81,5     81,5     65,1
   Auxiliary delay [ms] :       0,0

 VARIABLE AIR DATA
 Temperature       [°C] :      20
 Relative humidity  [%] :      50
 Density        [kg/m³] :       1,2
 Sound speed      [m/s] :     343
 Impedance      [Ns/m³] :     412
 Diss. coeff. [0.001/m] :      0,10     0,30     0,63     1,07     2,28     6,83    24,23    83,90      (estimated)

#DATAFIELDS
 TYPE DELAY ORDER AZIMUTH ELEVATION SPL125 SPL250 SPL500 SPL1K SPL2K SPL4K SPL8K SPL16K
#DATA
d	     0,0000	 0	238,93	 83,41	  52,7	  61,7	  65,4	  66,3	  68,0	  69,2	  69,1	  52,4
s	     1,6104	 1	215,43	 85,53	  48,2	  57,7	  61,5	  62,4	  64,1	  65,1	  65,4	  48,5
*	    44,6067	 1	 97,40	 93,82	 -12,4	  -2,9	   0,9	   1,8	   3,4	   4,1	   3,2	 -17,4
*	    23,2452	 1	104,09	 95,41	   3,0	  12,5	  16,4	  17,3	  18,9	  19,8	  19,4	   0,7
*	     3,7828	 1	164,20	104,14	  37,3	  46,8	  50,6	  51,5	  53,2	  54,2	  54,4	  37,3
*	    36,8974	 1	 98,97	 82,57	 -19,4	 -10,2	  -6,6	  -5,7	  -4,1	  -3,1	  -0,3	 -18,6
*	    36,5262	 1	 99,00	 88,16	 -19,2	 -10,0	  -6,3	  -5,5	  -3,9	  -2,9	  -0,0	 -18,3
*	    33,2863	 1	 99,95	 81,56	 -17,0	  -7,8	  -4,1	  -3,3	  -1,6	  -0,6	   2,3	 -15,6
*	    32,8776	 1	 99,98	 87,75	 -16,7	  -7,5	  -3,8	  -3,0	  -1,3	  -0,3	   2,6	 -15,3
*	    29,6917	 1	101,16	 80,33	 -14,3	  -5,1	  -1,4	  -0,6	   1,1	   2,1	   5,1	 -12,5
*	    29,2374	 1	101,21	 87,24	 -13,9	  -4,7	  -1,0	  -0,2	   1,4	   2,5	   5,5	 -12,1
*	    26,1198	 1	102,69	 78,78	 -11,3	  -2,1	   1,6	   2,4	   4,1	   5,1	   8,3	  -9,1
*	    25,6086	 1	102,76	 86,59	 -10,8	  -1,6	   2,1	   2,9	   4,5	   5,6	   8,8	  -8,5
*	    22,5806	 1	104,72	 76,78	  -7,9	   1,3	   4,9	   5,8	   7,4	   8,5	  11,7	  -5,3
*	    21,9968	 1	104,81	 85,73	  -7,3	   1,9	   5,6	   6,4	   8,0	   9,1	  12,4	  -4,6
*	    19,0903	 1	107,49	 74,13	  -4,1	   5,0	   8,7	   9,6	  11,2	  12,3	  15,7	  -1,0
*	    18,4111	 1	107,60	 84,58	  -3,3	   5,9	   9,6	  10,4	  12,1	  13,2	  16,5	  -0,1
*	    15,6773	 1	111,48	 70,50	   0,2	   9,4	  13,1	  13,9	  15,6	  16,7	  20,1	   3,7
*	    14,8683	 1	111,65	 82,95	   1,4	  10,5	  14,2	  15,1	  16,7	  17,9	  21,3	   5,0
*	    12,3950	 1	117,63	 65,36	   5,1	  14,3	  18,0	  18,9	  20,5	  21,7	  25,2	   9,1
*	    11,4030	 1	117,91	 80,51	   6,9	  16,1	  19,8	  20,6	  22,3	  23,4	  27,0	  11,0
*	     9,3494	 1	128,05	 58,07	  10,7	  19,9	  23,6	  24,4	  26,1	  27,3	  30,9	  15,0
*	     8,0937	 1	128,53	 76,73	  13,6	  22,7	  26,4	  27,3	  29,0	  30,1	  33,8	  18,0
*	     6,7529	 1	147,15	 49,06	  16,6	  25,7	  29,4	  30,3	  32,0	  33,1	  36,8	  21,2
*	     5,1375	 1	148,04	 71,24	  21,3	  30,4	  34,1	  35,0	  36,7	  37,9	  41,5	  26,1
s	     1,9694	 2	220,50	 85,61	  46,6	  56,6	  60,6	  61,5	  63,1	  64,1	  64,6	  47,8
s	     3,2391	 1	254,71	 85,58	  45,7	  55,2	  59,1	  60,0	  61,6	  62,7	  62,9	  45,9
*	    28,2992	 1	342,37	 80,77	   2,8	  12,3	  16,2	  17,0	  18,6	  19,5	  19,0	  -0,2
*	     7,8056	 1	301,74	 65,47	  29,9	  39,4	  43,3	  44,2	  45,8	  46,8	  46,9	  29,5
s	     3,4154	 2	249,98	 85,70	  44,5	  54,6	  58,5	  59,4	  61,0	  62,0	  62,5	  45,5
s	     4,6258	 1	241,07	153,28	  44,6	  53,8	  57,5	  58,3	  60,0	  61,2	  60,9	  43,8
*	    81,7559	 1	 27,07	 95,77	 -19,9	 -10,8	  -7,1	  -6,3	  -4,7	  -4,1	  -6,4	 -30,3
*	    74,7297	 1	 15,86	 95,85	 -17,7	  -8,5	  -4,8	  -4,0	  -2,5	  -1,8	  -3,9	 -27,2
*	    70,8680	 1	  3,07	 95,66	 -16,3	  -7,2	  -3,5	  -2,7	  -1,1	  -0,4	  -2,4	 -25,4
*	    67,8816	 1	 33,93	 96,98	 -15,3	  -6,1	  -2,4	  -1,6	  -0,1	   0,7	  -1,2	 -24,0
*	    59,3210	 1	 20,75	 97,40	 -11,9	  -2,8	   0,9	   1,7	   3,3	   4,1	   2,4	 -19,5
*	    54,4448	 1	  4,55	 97,36	  -9,8	  -0,7	   3,0	   3,8	   5,4	   6,3	   4,7	 -16,8
*	    55,4972	 1	 44,15	 98,60	 -10,3	  -1,1	   2,6	   3,4	   5,0	   5,8	   4,2	 -17,4
*	    44,7818	 1	 29,04	 99,86	  -5,0	   4,1	   7,8	   8,6	  10,3	  11,2	   9,9	 -10,8
*	    38,2458	 1	  7,29	100,48	  -1,2	   7,9	  11,6	  12,4	  14,1	  15,0	  13,9	  -6,2
*	    45,7490	 1	 59,64	100,48	  -5,5	   3,6	   7,3	   8,1	   9,7	  10,7	   9,3	 -11,5
*	    32,1961	 1	 44,89	103,89	   2,9	  12,1	  15,8	  16,6	  18,2	  19,2	  18,3	  -1,3
*	    22,6829	 1	 14,07	107,81	  11,0	  20,2	  23,9	  24,7	  26,4	  27,5	  26,7	   8,0
*	     4,7174	 1	340,55	157,83	  11,8	  21,4	  26,2	  27,4	  29,1	  30,3	  30,1	  13,0
*	     5,0993	 1	 13,61	158,58	  10,8	  20,5	  25,3	  26,4	  28,1	  29,3	  29,1	  11,9
*	     4,8333	 1	 26,50	154,41	  16,9	  26,5	  31,3	  32,4	  34,2	  35,3	  35,2	  18,0
*	     5,1913	 1	187,73	135,74	  24,0	  33,6	  38,4	  39,5	  41,3	  42,4	  42,3	  25,1
s	     5,4302	 2	217,79	144,29	  43,0	  52,7	  56,6	  57,4	  59,1	  60,1	  60,2	  43,0
s	     5,6389	 3	222,56	142,28	  41,9	  52,1	  56,0	  56,9	  58,5	  59,5	  59,9	  42,7
s	     5,6950	 1	236,29	 20,24	  42,0	  51,1	  54,7	  55,3	  57,0	  58,9	  59,0	  41,0
*	    87,2125	 1	  1,84	 84,40	 -18,4	  -8,5	  -4,7	  -3,9	  -2,4	  -1,0	  -3,0	 -25,8
*	    89,6732	 1	 12,37	 84,89	 -19,0	  -9,2	  -5,3	  -4,6	  -3,1	  -1,7	  -3,8	 -26,8
*	    94,8914	 1	 22,12	 85,49	 -20,5	 -10,6	  -6,8	  -6,0	  -4,5	  -3,2	  -5,4	 -28,8
*	    70,8168	 1	  2,28	 83,13	 -13,1	  -3,3	   0,6	   1,3	   2,9	   4,4	   2,8	 -18,5
*	    73,7991	 1	 15,11	 83,80	 -14,2	  -4,3	  -0,5	   0,3	   1,9	   3,3	   1,7	 -19,9
*	    80,0147	 1	 26,58	 84,65	 -16,2	  -6,3	  -2,5	  -1,7	  -0,2	   1,2	  -0,6	 -22,7
*	    54,4970	 1	  2,96	 81,10	  -6,7	   3,2	   7,1	   7,8	   9,4	  11,0	   9,9	 -10,0
*	    58,2686	 1	 19,34	 82,14	  -8,3	   1,6	   5,4	   6,2	   7,8	   9,3	   8,1	 -12,1
*	    65,8899	 1	 33,02	 83,49	 -11,3	  -1,5	   2,4	   3,1	   4,7	   6,2	   4,8	 -16,1
*	    38,3417	 1	  4,21	 77,43	   1,9	  11,7	  15,6	  16,4	  18,0	  19,7	  19,0	   0,6
*	    43,4230	 1	 26,60	 79,42	  -1,1	   8,8	  12,6	  13,4	  15,0	  16,7	  15,8	  -3,0
*	    53,0846	 1	 42,85	 81,90	  -6,0	   3,9	   7,7	   8,5	  10,1	  11,7	  10,6	  -9,1
*	    22,6570	 1	  7,34	 68,83	  14,2	  24,1	  28,0	  28,7	  30,4	  32,2	  31,9	  14,9
*	    30,1840	 1	 41,18	 74,64	   7,6	  17,5	  21,4	  22,1	  23,8	  25,5	  25,0	   7,3
*	    42,7177	 1	 58,32	 79,90	  -0,7	   9,2	  13,0	  13,8	  15,4	  17,1	  16,3	  -2,5
*	     9,3536	 1	 26,93	 36,09	  33,1	  43,0	  46,8	  47,6	  49,3	  51,2	  51,2	  35,4
*	    21,3318	 1	 73,82	 68,18	  15,7	  25,6	  29,4	  30,2	  31,9	  33,7	  33,4	  16,5
*	    36,7451	 1	 81,10	 78,33	   2,9	  12,8	  16,7	  17,4	  19,1	  20,8	  20,1	   1,8
s	     6,4122	 2	212,72	 29,57	  41,1	  50,9	  54,7	  55,3	  57,0	  58,8	  59,2	  42,0
s	     6,4467	 2	255,29	135,72	  42,1	  51,8	  55,6	  56,5	  58,1	  59,2	  59,2	  41,9
s	     6,5665	 3	250,70	135,02	  41,0	  51,2	  55,2	  56,1	  57,6	  58,6	  59,0	  41,7
s	     6,6005	 3	218,14	 31,20	  40,0	  50,3	  54,2	  54,9	  56,4	  58,2	  59,0	  41,7
*	     7,3123	 1	258,09	 38,67	  27,3	  36,4	  40,2	  41,1	  42,7	  43,7	  44,5	  28,9
*	     8,2594	 1	289,53	 39,71	  24,9	  34,0	  37,7	  38,6	  40,3	  41,3	  42,1	  26,3
*	    10,4545	 1	312,61	 46,78	  20,4	  29,4	  33,2	  34,1	  35,7	  36,7	  37,5	  21,5
*	    13,4301	 1	326,05	 54,50	  15,3	  24,3	  28,1	  29,0	  30,6	  31,6	  32,3	  16,1
*	    16,8573	 1	334,00	 60,76	  10,5	  19,5	  23,3	  24,2	  25,8	  26,7	  27,3	  10,8
*	    20,5472	 1	339,08	 65,48	   6,1	  15,2	  18,9	  19,8	  21,4	  22,3	  22,9	   6,0
*	    24,3962	 1	342,55	 69,04	   2,3	  11,3	  15,1	  15,9	  17,6	  18,4	  18,8	   1,7
*	    28,3467	 1	345,06	 71,76	  -1,2	   7,8	  11,6	  12,5	  14,1	  14,9	  15,2	  -2,3
*	     7,4833	 1	226,23	 41,45	   8,9	  18,4	  22,2	  23,1	  24,7	  25,8	  25,8	   8,5
s	     7,7999	 2	254,00	 34,44	  41,0	  50,5	  54,5	  55,4	  56,9	  57,8	  58,0	  40,6
s	     7,9054	 3	249,07	 35,21	  39,9	  50,0	  54,1	  55,0	  56,5	  57,3	  57,9	  40,4
*	     8,2042	 1	245,60	 45,69	   7,6	  17,1	  20,9	  21,8	  23,4	  24,4	  24,5	   7,1
*	    11,9832	 1	 96,70	116,08	  17,6	  27,3	  32,1	  33,2	  34,9	  36,1	  35,7	  17,9
*	    23,4334	 1	 93,25	104,35	   2,9	  12,5	  17,3	  18,4	  20,1	  21,1	  20,5	   1,7
*	    35,1929	 1	 92,14	100,24	  -6,7	   3,0	   7,7	   8,8	  10,5	  11,5	  10,5	  -9,3
s	    12,3973	 2	243,09	165,86	  37,0	  46,3	  49,9	  50,4	  52,1	  54,0	  53,9	  35,3
s	    12,8211	 3	220,18	160,80	  35,8	  45,6	  49,3	  49,9	  51,5	  53,3	  53,5	  34,9
s	    12,9356	 4	224,63	159,48	  35,5	  46,0	  49,9	  50,5	  52,1	  53,8	  54,4	  36,5
s	    12,9668	 2	233,47	 10,33	  37,2	  46,6	  50,3	  50,9	  52,6	  54,5	  54,3	  36,5
s	    13,3761	 3	210,05	 16,30	  36,0	  46,0	  49,8	  50,4	  52,0	  53,8	  54,0	  36,1
s	    13,4869	 4	215,80	 17,31	  35,2	  45,7	  49,6	  50,2	  51,8	  53,5	  54,1	  36,2
s	    13,9329	 3	253,37	 20,62	  35,7	  45,7	  49,5	  50,1	  51,7	  53,5	  53,7	  35,7
s	    14,0013	 4	248,29	 21,21	  34,9	  45,4	  49,4	  50,0	  51,5	  53,3	  53,8	  35,8
s	    16,9484	 4	261,03	 33,41	  33,1	  43,5	  48,5	  49,6	  51,2	  52,1	  52,1	  33,9
s	    19,1317	 4	116,99	170,16	  30,0	  40,7	  46,6	  47,7	  49,4	  51,3	  51,1	  32,7
s	    19,4308	 5	139,92	166,51	  28,9	  40,2	  46,2	  47,2	  48,9	  50,8	  50,9	  32,4
s	    19,8504	 3	244,74	169,86	  33,9	  43,5	  47,2	  47,7	  49,4	  51,3	  50,9	  32,5
s	    20,1404	 4	222,25	166,47	  32,8	  43,0	  46,8	  47,3	  48,9	  50,7	  50,7	  32,2
s	    20,2195	 5	226,43	165,50	  32,1	  42,7	  46,7	  47,2	  48,8	  50,5	  50,8	  32,3
s	    21,0036	 3	229,93	  6,39	  31,9	  41,5	  45,1	  45,4	  47,0	  49,7	  49,7	  30,3
s	    21,1007	 4	256,39	162,36	  33,5	  43,4	  47,3	  48,1	  49,7	  50,6	  50,3	  31,7
s	    21,1491	 5	252,11	162,01	  32,7	  43,2	  47,2	  48,0	  49,5	  50,3	  50,4	  31,8
s	    21,2801	 4	207,00	 10,68	  30,9	  41,0	  44,7	  44,9	  46,6	  49,1	  49,5	  30,1
s	    22,2241	 4	252,52	 13,12	  31,6	  41,6	  45,5	  46,1	  47,6	  49,3	  49,1	  29,7
s	    22,2704	 5	247,23	 13,56	  31,3	  41,9	  45,9	  46,5	  48,0	  49,5	  50,0	  31,3
s	    28,4000	 6	104,78	167,56	  25,3	  36,6	  42,7	  43,7	  45,4	  47,0	  46,8	  26,8
s	    28,4373	 7	109,38	167,26	  25,0	  36,9	  43,1	  44,2	  45,7	  47,3	  47,7	  28,4
s	    28,5203	 4	226,11	  4,53	  29,9	  39,8	  43,5	  43,7	  45,4	  48,0	  47,8	  28,5
s	    28,7322	 5	204,02	  7,98	  28,9	  39,3	  43,1	  43,3	  44,9	  47,5	  47,6	  28,3
s	    28,7902	 6	228,37	169,01	  29,1	  39,8	  43,9	  44,4	  45,9	  47,4	  47,7	  28,4
s	    28,7902	 6	210,47	  8,45	  28,1	  39,1	  43,0	  43,2	  44,8	  47,3	  47,7	  28,4
*	    28,8357	 1	341,66	102,37	   6,4	  15,9	  19,8	  20,6	  22,2	  23,1	  22,6	   3,4
s	    29,0265	 5	256,88	166,27	  29,3	  39,5	  43,4	  43,9	  45,5	  47,1	  46,7	  26,7
s	    29,0631	 6	252,74	166,01	  29,1	  39,8	  43,8	  44,3	  45,8	  47,4	  47,6	  28,3
s	    29,5969	 5	251,72	  9,72	  29,7	  39,9	  43,8	  44,3	  45,8	  47,4	  47,3	  28,0
s	    29,6329	 6	246,23	 10,08	  28,7	  39,4	  43,4	  44,0	  45,5	  47,0	  47,2	  27,9
*	    32,2002	 1	348,54	101,43	 -18,8	  -9,3	  -5,5	  -4,6	  -3,0	  -2,1	  -2,7	 -22,3
s	    33,5602	 3	189,96	 89,21	  28,9	  39,4	  43,5	  44,4	  45,9	  46,6	  46,6	  27,0
s	    34,2694	 4	190,36	100,79	  28,5	  39,2	  43,3	  44,1	  45,6	  46,3	  46,3	  26,6
s	    34,5498	 5	247,47	173,10	  26,2	  36,8	  41,5	  42,0	  43,7	  46,3	  45,9	  26,1
s	    34,6458	 4	189,50	 75,94	  28,4	  39,0	  43,2	  44,1	  45,5	  46,0	  46,2	  26,5
s	    34,7282	 6	225,94	171,16	  25,2	  36,3	  41,2	  41,6	  43,3	  45,8	  45,8	  26,0
s	    34,7771	 7	229,63	170,51	  24,4	  36,0	  41,1	  41,5	  43,1	  45,6	  45,9	  26,1
s	    35,7816	 7	105,36	170,31	  23,7	  35,3	  41,4	  42,3	  44,0	  45,6	  45,4	  25,5
s	    35,8119	 8	110,12	170,05	  22,8	  34,8	  41,0	  42,0	  43,6	  45,1	  45,3	  25,4
s	    36,4692	 6	257,31	168,50	  27,8	  38,2	  42,1	  42,5	  44,1	  45,7	  45,3	  25,4
s	    36,4989	 7	253,28	168,29	  26,8	  37,7	  41,8	  42,2	  43,7	  45,2	  45,2	  25,2
s	    36,6390	 5	221,31	  3,33	  26,2	  36,2	  39,8	  39,7	  41,3	  44,7	  44,6	  23,9
s	    36,8081	 6	200,64	  6,22	  25,2	  35,7	  39,5	  39,3	  40,9	  44,2	  44,4	  23,7
s	    36,8808	 5	189,13	 66,24	  26,4	  37,4	  41,5	  42,1	  43,6	  45,0	  45,3	  25,3
s	    37,4319	 7	207,22	  6,45	  25,8	  36,8	  40,9	  41,1	  42,6	  44,8	  45,2	  25,2
s	    38,1934	 6	250,69	  7,30	  26,9	  37,1	  41,1	  41,7	  43,1	  44,6	  44,1	  23,2
s	    38,2219	 7	244,96	  7,60	  25,9	  36,7	  40,8	  41,3	  42,8	  44,1	  44,0	  23,1
s	    40,4459	 6	191,21	122,18	  26,5	  37,4	  41,6	  42,4	  43,8	  44,4	  44,3	  24,0
s	    41,0836	 6	188,67	 55,87	  24,8	  35,9	  40,1	  40,6	  42,0	  43,4	  43,4	  22,3
s	    42,6784	 6	248,75	173,99	  22,7	  33,4	  38,1	  38,2	  39,9	  43,3	  43,0	  21,8
s	    42,8255	 7	227,79	172,46	  21,7	  32,9	  37,8	  37,9	  39,5	  42,8	  42,9	  21,6
s	    43,4445	 8	231,34	171,99	  22,4	  34,1	  39,2	  39,7	  41,2	  43,4	  43,7	  23,1
s	    44,1891	 6	216,11	  2,60	  25,0	  35,3	  39,0	  38,9	  40,5	  43,9	  43,5	  22,9
s	    44,3314	 7	197,36	  5,13	  24,0	  34,8	  38,7	  38,5	  40,1	  43,4	  43,4	  22,7
s	    44,3705	 8	204,48	  5,38	  23,0	  34,4	  38,3	  38,2	  39,7	  42,9	  43,2	  22,6
*	    44,4653	 1	 95,36	 92,42	   0,2	   9,2	  13,0	  13,9	  15,4	  16,2	  16,1	  -2,9
*	    44,6179	 1	 95,37	 96,53	   0,1	   9,2	  12,9	  13,8	  15,4	  16,1	  16,0	  -3,0
s	    44,5336	 2	 94,88	 91,62	  28,9	  38,1	  41,8	  42,7	  44,2	  45,0	  43,1	  21,6
s	    45,1070	 7	249,79	  5,99	  24,8	  35,5	  39,4	  39,6	  41,1	  43,4	  43,2	  22,5
s	    45,1070	 7	257,77	170,21	  25,4	  35,8	  39,8	  40,2	  41,7	  43,1	  42,4	  20,9
s	    45,1315	 8	243,86	  6,26	  23,9	  35,0	  39,1	  39,2	  40,7	  43,0	  43,1	  22,4
s	    45,1315	 8	253,88	170,05	  24,4	  35,3	  39,4	  39,9	  41,3	  42,7	  42,3	  20,8
s	    45,3208	 7	191,64	130,29	  23,8	  35,0	  39,2	  39,7	  41,2	  42,5	  42,4	  20,9
s	    45,7023	 7	188,27	 48,52	  24,3	  35,5	  39,7	  40,2	  41,6	  42,9	  43,1	  22,3
*	    47,6214	 1	 79,21	100,34	 -14,7	  -5,7	  -1,9	  -1,0	   0,5	   1,3	   1,1	 -18,2
*	    47,2612	 1	 79,24	 96,48	 -14,5	  -5,5	  -1,7	  -0,8	   0,7	   1,5	   1,3	 -17,9
*	    47,1062	 1	 79,26	 92,58	 -14,4	  -5,4	  -1,6	  -0,8	   0,8	   1,5	   1,3	 -17,8
s	    47,4191	 1	 91,97	 91,65	  28,6	  37,7	  41,4	  42,2	  43,8	  44,7	  43,4	  22,4
*	    55,5536	 1	 59,70	 88,15	   3,5	  12,7	  16,4	  17,2	  18,8	  19,6	  18,0	  -3,6
*	    50,5809	 1	 71,29	 87,97	   5,8	  15,0	  18,7	  19,5	  21,1	  22,0	  20,5	  -0,7
*	    47,8863	 1	 84,66	 87,88	   7,2	  16,3	  20,0	  20,8	  22,4	  23,3	  21,9	   1,0
s	    48,0170	 3	 94,55	 91,64	  27,5	  37,2	  41,1	  42,0	  43,5	  44,1	  43,3	  22,3
*	    48,0715	 1	 68,98	 95,17	   6,6	  15,6	  19,4	  20,3	  21,8	  22,6	  22,3	   3,1
*	    51,7120	 1	 60,23	 94,81	   4,8	  13,9	  17,6	  18,5	  20,0	  20,7	  20,4	   0,8
*	    56,3215	 1	 52,77	 94,40	   2,7	  11,8	  15,5	  16,4	  17,9	  18,6	  18,2	  -1,8
*	    56,4803	 1	 52,95	 85,89	   2,7	  11,7	  15,4	  16,3	  17,9	  18,5	  18,1	  -1,9
*	    61,6932	 1	 46,55	 94,02	   0,5	   9,5	  13,3	  14,1	  15,7	  16,3	  15,7	  -4,8
*	    61,8387	 1	 46,73	 86,25	   0,4	   9,4	  13,2	  14,1	  15,6	  16,2	  15,7	  -4,9
*	    67,6536	 1	 41,38	 93,67	  -1,8	   7,2	  11,0	  11,8	  13,3	  13,9	  13,2	  -7,8
*	    67,7867	 1	 41,56	 86,58	  -1,9	   7,2	  10,9	  11,8	  13,3	  13,9	  13,2	  -7,9
*	    74,0664	 1	 37,09	 93,35	  -4,1	   5,0	   8,7	   9,6	  11,1	  11,6	  10,7	 -10,9
*	    74,1882	 1	 37,26	 86,87	  -4,1	   4,9	   8,7	   9,5	  11,0	  11,6	  10,7	 -10,9
*	    80,8280	 1	 33,50	 93,06	  -6,3	   2,8	   6,5	   7,4	   8,9	   9,4	   8,3	 -13,9
*	    80,9400	 1	 33,67	 87,14	  -6,3	   2,7	   6,5	   7,3	   8,8	   9,3	   8,3	 -13,9
*	    87,8610	 1	 30,49	 92,81	  -8,4	   0,7	   4,4	   5,3	   6,7	   7,2	   5,9	 -16,9
*	    87,9642	 1	 30,65	 87,36	  -8,4	   0,6	   4,4	   5,2	   6,7	   7,2	   5,9	 -16,9
*	    95,1070	 1	 27,93	 92,60	 -10,3	  -1,3	   2,4	   3,2	   4,7	   5,1	   3,7	 -19,8
*	    95,2025	 1	 28,08	 87,57	 -10,4	  -1,4	   2,4	   3,2	   4,7	   5,1	   3,7	 -19,8
*	   102,5224	 1	 25,74	 92,41	 -12,2	  -3,2	   0,5	   1,3	   2,8	   3,2	   1,5	 -22,6
*	   102,6112	 1	 25,89	 87,74	 -12,3	  -3,2	   0,5	   1,3	   2,8	   3,1	   1,5	 -22,6
*	   110,0741	 1	 23,86	 92,24	 -14,0	  -5,0	  -1,3	  -0,5	   1,0	   1,3	  -0,5	 -25,3
*	   110,1569	 1	 23,99	 87,90	 -14,1	  -5,0	  -1,3	  -0,5	   1,0	   1,3	  -0,6	 -25,4
s	    48,1153	 2	 91,96	 82,54	  26,7	  36,0	  39,6	  40,1	  41,7	  43,4	  42,3	  20,6
s	    48,2469	 3	 94,57	 82,56	  27,0	  36,6	  40,3	  40,8	  42,4	  44,1	  42,2	  20,4
s	    49,1993	 3	 91,99	106,93	  24,3	  34,2	  39,0	  39,7	  41,3	  43,0	  42,0	  20,1
s	    49,3282	 4	 94,63	106,88	  24,1	  34,7	  39,6	  40,4	  42,0	  43,6	  42,9	  21,8
s	    49,3526	 3	 91,95	 76,41	  24,8	  34,9	  39,7	  40,4	  42,1	  43,8	  42,7	  21,7
s	    49,4811	 4	 94,55	 76,44	  23,8	  34,4	  39,3	  40,1	  41,7	  43,3	  42,6	  21,5
s	    50,2338	 7	249,82	174,58	  21,7	  32,7	  37,5	  37,6	  39,3	  42,6	  42,1	  21,0
s	    50,3601	 8	229,39	173,31	  20,7	  32,2	  37,2	  37,3	  38,9	  42,2	  42,0	  20,8
s	    50,5614	 8	192,03	136,39	  23,2	  34,6	  38,8	  39,3	  40,7	  42,0	  42,0	  20,8
s	    50,9123	 2	 91,84	 91,67	  27,3	  36,9	  40,8	  41,6	  43,1	  43,9	  42,8	  21,5
s	    51,1621	 4	 92,00	113,32	  23,3	  33,8	  39,8	  41,1	  42,7	  43,5	  42,3	  21,0
s	    51,2863	 5	 94,65	113,26	  23,1	  33,8	  39,7	  41,0	  42,6	  43,4	  42,1	  20,9
s	    51,5643	 3	 91,83	 83,14	  25,9	  35,9	  39,7	  40,2	  41,8	  43,3	  42,5	  21,3
s	    51,6877	 4	 94,27	 83,15	  25,7	  35,8	  39,6	  40,1	  41,7	  43,3	  42,4	  21,1
s	    51,8476	 8	187,80	 41,69	  22,5	  33,8	  38,0	  38,5	  39,9	  41,1	  40,9	  18,8
s	    51,8986	 3	 79,01	 91,64	  26,9	  36,6	  40,5	  41,3	  42,8	  43,5	  42,5	  21,2
s	    52,3269	 7	209,62	  2,07	  21,8	  32,3	  35,9	  35,5	  37,1	  41,2	  40,9	  18,8
s	    52,3751	 4	 78,95	 99,44	  26,6	  36,5	  40,4	  41,2	  42,7	  43,4	  42,3	  20,9
s	    52,4485	 8	193,70	  4,31	  20,8	  31,8	  35,6	  35,1	  36,7	  40,7	  40,8	  18,7
s	    52,5816	 4	 91,86	106,00	  23,5	  34,2	  39,1	  39,8	  41,4	  43,0	  42,2	  20,9
s	    52,6183	 8	258,14	171,27	  24,4	  35,0	  39,0	  39,4	  40,8	  42,3	  41,6	  20,2
s	    52,6475	 6	 94,48	 68,51	  22,1	  33,0	  38,0	  38,5	  40,0	  42,3	  42,0	  20,6
s	    52,7257	 4	 91,83	 77,37	  23,5	  34,1	  39,0	  39,8	  41,4	  43,0	  42,2	  20,8
s	    52,8465	 5	 94,26	 77,40	  22,5	  33,7	  38,7	  39,5	  41,0	  42,5	  42,1	  20,7
s	    52,8747	 4	 91,94	 66,54	  24,5	  34,2	  37,8	  38,0	  39,6	  42,1	  41,2	  19,0
s	    53,5390	 5	 78,91	105,73	  23,2	  33,8	  38,8	  39,6	  41,2	  42,6	  41,9	  20,5
s	    53,7754	 8	248,54	  4,79	  22,7	  33,4	  37,4	  37,5	  39,0	  41,1	  40,5	  18,3
s	    53,8258	 3	265,91	 87,74	  26,4	  36,1	  40,0	  40,8	  42,3	  42,9	  41,1	  18,8
s	    54,0809	 4	265,93	 93,44	  23,6	  34,3	  39,4	  40,5	  42,0	  42,5	  42,0	  20,4
s	    54,1946	 7	 94,68	119,76	  20,1	  31,4	  37,3	  38,0	  39,7	  42,1	  41,4	  19,8
s	    54,2323	 5	 91,87	111,52	  21,1	  32,4	  38,4	  39,4	  41,0	  42,6	  41,8	  20,3
s	    54,3499	 6	 94,35	111,47	  20,1	  31,9	  38,0	  39,0	  40,6	  42,1	  41,7	  20,1
s	    54,3511	 5	 92,01	120,33	  20,0	  30,9	  36,7	  37,4	  39,1	  41,5	  40,8	  18,5
*	    54,4001	 1	 58,97	 87,05	  -8,8	   0,2	   4,0	   4,8	   6,4	   7,1	   6,7	 -13,2
*	    54,7207	 1	 59,03	 83,69	  -9,0	   0,1	   3,8	   4,7	   6,2	   6,9	   6,5	 -13,3
s	    55,5526	 5	 91,93	 61,52	  22,3	  32,9	  37,7	  38,1	  39,8	  42,3	  41,3	  19,7
s	    55,9555	 7	 95,01	128,11	  19,1	  30,7	  36,8	  37,5	  39,1	  41,4	  41,0	  19,4
s	    56,0705	 3	 59,76	 83,54	  25,2	  34,5	  38,3	  38,7	  40,3	  41,8	  40,7	  18,2
s	    56,3216	 7	 94,22	 68,09	  21,3	  31,8	  36,7	  37,0	  38,6	  40,8	  40,2	  17,7
s	    56,7349	 2	268,33	 87,75	  26,1	  35,8	  39,6	  40,4	  42,0	  42,7	  41,5	  19,7
s	    56,9506	 6	 79,17	 68,33	  23,4	  33,9	  37,8	  38,0	  39,5	  41,7	  41,2	  19,4
s	    57,3126	 4	266,15	 87,75	  25,1	  35,3	  39,4	  40,2	  41,6	  42,2	  41,4	  19,6
s	    57,3245	 3	268,33	 80,03	  24,8	  34,8	  38,6	  39,1	  40,7	  42,2	  41,2	  19,4
s	    57,4361	 4	266,10	 80,05	  24,6	  34,7	  38,5	  39,0	  40,6	  42,1	  40,3	  17,7
s	    57,4477	 6	 91,88	118,77	  19,3	  30,9	  36,9	  37,6	  39,3	  41,6	  41,1	  19,3
s	    57,5591	 7	 94,37	118,71	  19,1	  30,9	  36,8	  37,5	  39,2	  41,6	  41,0	  19,2
s	    57,5781	 4	 91,66	 98,83	  24,3	  34,5	  39,3	  40,2	  41,9	  42,8	  41,1	  19,3
s	    57,6082	 4	 59,88	 76,49	  25,3	  35,0	  38,7	  39,2	  40,8	  42,3	  41,1	  19,2
s	    58,2468	 4	268,35	100,74	  21,9	  32,4	  37,3	  38,0	  39,6	  41,1	  40,2	  17,5
s	    58,3093	 6	 92,02	126,53	  19,7	  31,0	  36,8	  37,5	  39,2	  41,7	  40,7	  18,8
s	    58,3568	 5	266,15	100,72	  21,7	  32,8	  37,9	  38,7	  40,2	  41,6	  41,1	  19,2
s	    58,3751	 8	250,87	175,05	  18,7	  29,8	  34,6	  34,3	  36,0	  40,1	  39,7	  17,1
s	    58,3776	 4	268,32	 74,78	  22,4	  33,1	  38,0	  38,7	  40,3	  41,9	  40,9	  19,0
s	    59,1500	 5	 59,25	111,46	  22,9	  33,2	  38,0	  38,8	  40,4	  41,9	  40,7	  18,7
s	    59,3171	 6	 91,92	 56,10	  19,1	  30,0	  35,9	  36,6	  38,2	  40,5	  39,8	  17,0
s	    59,3616	 5	 60,91	 83,99	  23,6	  34,1	  38,1	  38,7	  40,1	  41,4	  40,9	  18,9
s	    59,4252	 7	 94,48	 56,17	  18,1	  29,5	  35,6	  36,2	  37,8	  40,0	  39,6	  16,9
s	    59,5506	 5	252,71	 87,85	  24,3	  34,7	  38,8	  39,6	  41,0	  41,5	  39,8	  17,1
s	    59,8702	 8	 95,03	132,71	  14,8	  27,0	  34,1	  34,8	  36,4	  39,4	  39,4	  16,7
s	    59,8704	 8	 94,67	127,61	  20,6	  31,9	  36,8	  37,2	  38,8	  41,1	  40,5	  18,4
s	    59,8875	 8	202,75	  1,72	  21,0	  31,8	  35,5	  35,1	  36,6	  40,8	  40,2	  18,2
s	    60,2287	 3	268,43	 87,76	  24,9	  35,1	  39,1	  39,9	  41,4	  42,0	  41,0	  18,9
s	    60,8206	 6	 61,03	 77,28	  23,1	  33,8	  37,9	  38,4	  39,8	  41,1	  40,5	  18,4
s	    60,8897	 7	265,98	115,14	  19,1	  30,4	  35,5	  35,9	  37,4	  39,5	  39,4	  16,5
s	    61,6594	 5	268,44	100,07	  21,3	  32,4	  37,4	  38,2	  39,7	  41,2	  40,5	  18,3
s	    61,7637	 6	266,36	100,05	  20,3	  31,9	  37,1	  37,9	  39,4	  40,7	  40,4	  18,2
s	    61,7835	 5	268,41	 75,48	  21,2	  32,4	  37,4	  38,2	  39,7	  41,1	  40,5	  18,3
s	    61,7895	 6	 91,63	 70,21	  20,7	  31,3	  36,0	  36,4	  38,0	  40,5	  39,3	  16,4
s	    61,8550	 7	 91,80	 58,31	  17,5	  29,3	  35,3	  35,8	  37,4	  40,5	  40,2	  18,0
s	    61,8875	 6	266,30	 75,51	  20,3	  31,9	  37,1	  37,9	  39,3	  40,7	  40,3	  18,1
s	    61,9590	 8	 94,20	 58,37	  16,5	  28,9	  35,0	  35,4	  37,0	  40,0	  40,1	  17,9
s	    62,2870	 7	 60,45	110,50	  20,7	  32,1	  37,2	  37,9	  39,4	  40,8	  40,2	  17,9
s	    62,3168	 7	266,30	 73,92	  21,7	  32,7	  36,7	  36,9	  38,4	  40,5	  40,2	  17,9
s	    62,9411	 6	268,31	 63,05	  18,4	  29,9	  35,9	  36,6	  38,3	  40,6	  39,9	  17,6
s	    63,0433	 7	266,05	 63,09	  18,1	  29,9	  35,9	  36,5	  38,2	  40,5	  39,8	  17,5
s	    63,2747	 7	 92,03	132,31	  17,3	  28,6	  34,4	  34,8	  36,5	  39,7	  39,0	  15,9
s	    63,7167	 8	 79,26	 57,42	  19,0	  30,4	  35,4	  35,6	  37,1	  40,1	  39,8	  17,4
s	    64,0122	 8	266,21	113,79	  18,5	  30,5	  35,8	  36,2	  37,7	  39,6	  39,8	  17,4
s	    64,0318	 8	252,48	 67,11	  21,0	  32,2	  36,2	  36,4	  37,8	  39,9	  38,7	  15,6
s	    64,6654	 6	268,40	 67,22	  21,6	  32,5	  36,5	  36,7	  38,2	  40,4	  39,9	  17,4
s	    64,7944	 8	 93,46	 98,10	  19,2	  31,0	  37,3	  38,6	  40,0	  40,4	  39,6	  17,2
s	    65,0192	 6	268,52	 80,44	  22,6	  33,3	  37,3	  37,8	  39,2	  40,5	  39,8	  17,3
s	    65,1183	 7	266,54	 80,46	  22,4	  33,2	  37,3	  37,7	  39,1	  40,5	  39,7	  17,2
s	    65,9742	 8	 91,90	130,45	  16,7	  28,8	  34,7	  35,1	  36,8	  39,9	  39,5	  16,9
s	    66,0965	 5	240,49	 81,30	  22,4	  33,0	  37,0	  37,5	  39,0	  40,2	  39,5	  16,9
s	    66,1619	 8	 60,29	118,33	  21,0	  32,1	  36,2	  36,3	  37,8	  39,9	  39,4	  16,8
s	    66,5348	 8	 91,69	122,01	  16,2	  28,3	  35,2	  36,1	  37,8	  40,3	  39,1	  16,5
s	    66,5540	 7	236,66	 99,54	  19,4	  31,1	  36,4	  37,2	  38,6	  39,8	  39,5	  16,8
s	    66,6500	 7	268,45	112,75	  19,1	  30,7	  35,8	  36,2	  37,7	  40,0	  39,5	  16,8
s	    66,7050	 8	 91,79	 52,76	  17,7	  29,5	  35,5	  36,2	  37,8	  40,0	  39,3	  16,7
s	    66,7756	 7	268,30	 57,00	  16,1	  27,8	  33,7	  34,1	  35,7	  38,8	  38,4	  15,0
s	    66,8722	 8	266,04	 57,05	  15,1	  27,3	  33,4	  33,8	  35,3	  38,3	  38,3	  14,9
s	    66,9038	 6	240,80	 99,41	  19,6	  30,6	  35,7	  36,4	  37,9	  39,1	  38,5	  15,1
s	    67,0696	 8	236,19	 75,22	  20,1	  31,5	  35,7	  36,0	  37,3	  39,1	  39,3	  16,6
s	    67,1385	 7	268,37	119,54	  19,6	  30,9	  35,8	  36,1	  37,7	  40,1	  39,1	  16,5
s	    67,2430	 6	 91,43	 97,89	  20,6	  31,6	  37,5	  38,6	  40,3	  41,2	  39,2	  16,5
s	    67,3531	 8	266,59	104,63	  15,6	  28,1	  35,5	  36,7	  38,3	  39,6	  39,0	  16,3
s	    67,8819	 8	236,75	104,04	  17,1	  29,4	  35,8	  36,8	  38,3	  39,4	  39,1	  16,4
s	    68,0446	 7	 60,29	 57,20	  21,7	  31,7	  35,5	  35,6	  37,1	  39,2	  38,2	  14,7
s	    68,4520	 8	 91,52	 66,58	  16,7	  29,0	  35,1	  35,8	  37,3	  39,6	  39,1	  16,3
s	    69,2370	 8	 91,90	 46,37	  15,3	  26,9	  32,7	  32,8	  34,4	  38,4	  37,9	  14,3
s	    69,9147	 7	242,14	 98,92	  19,0	  30,7	  36,0	  36,7	  38,2	  39,3	  38,9	  16,0
s	    70,0814	 8	268,39	 58,01	  16,5	  28,6	  34,9	  35,6	  37,1	  39,1	  38,8	  15,9
s	    70,1640	 7	268,60	103,97	  15,5	  28,0	  35,2	  36,4	  38,1	  39,5	  38,7	  15,7
s	    70,4068	 8	241,76	 75,72	  19,7	  31,1	  35,3	  35,6	  36,9	  38,7	  38,8	  15,8
s	    70,7194	 7	 91,36	 97,61	  19,5	  31,0	  37,0	  38,1	  39,7	  40,6	  38,8	  15,8
s	    71,1931	 7	293,81	 81,24	  21,6	  32,3	  36,5	  37,0	  38,3	  39,5	  38,7	  15,7
s	    72,9119	 8	243,36	 81,44	  20,5	  31,7	  36,0	  36,4	  37,8	  38,8	  38,4	  15,2
s	    73,8339	 8	268,62	 69,79	  18,1	  29,8	  34,9	  35,3	  36,8	  39,0	  38,2	  15,0
s	    73,8935	 8	268,60	111,80	  17,3	  28,9	  33,9	  34,2	  35,7	  38,0	  37,2	  13,2
s	    76,9232	 8	 91,26	 97,18	  17,0	  28,9	  35,9	  37,2	  38,9	  39,8	  37,5	  14,0
s	    79,9977	 8	268,80	 93,03	  17,5	  29,5	  35,6	  36,8	  38,3	  39,0	  37,3	  13,5
s	    98,7335	 4	 92,29	 91,81	  19,8	  30,1	  34,1	  34,9	  36,2	  36,5	  34,3	   8,1
s	    99,0817	 5	 92,28	 87,25	  18,6	  29,1	  33,1	  33,6	  35,0	  36,0	  34,2	   7,9
s	    99,7093	 6	 92,28	 84,08	  16,8	  28,0	  33,1	  33,8	  35,2	  36,3	  34,8	   9,2
s	   100,5371	 7	 92,30	102,66	  14,5	  26,3	  32,5	  33,5	  35,0	  36,0	  34,6	   8,9
s	   102,3540	 8	 92,31	107,01	  12,6	  24,5	  30,7	  31,3	  32,8	  34,6	  33,4	   6,9
s	   102,5066	 8	 92,27	 76,63	  13,1	  25,2	  31,4	  32,1	  33,6	  35,4	  34,2	   8,4
s	   103,1774	 1	358,44	 89,79	  21,6	  31,1	  34,9	  35,7	  37,2	  37,6	  35,1	   9,3
*	   113,4653	 1	 23,24	 88,28	  -5,5	   4,0	   7,8	   8,6	  10,0	  10,3	   7,7	 -19,1
*	   105,9062	 1	 11,38	 87,73	  -3,8	   5,7	   9,5	  10,3	  11,8	  12,2	   9,7	 -16,5
*	   103,2798	 1	358,48	 87,23	  -3,1	   6,4	  10,1	  11,0	  12,4	  12,8	  10,4	 -15,5
s	   103,4254	 2	358,30	 93,85	  21,4	  31,0	  34,8	  35,6	  37,1	  37,5	  35,0	   9,1
s	   103,5112	 2	358,59	 85,42	  19,6	  29,2	  32,9	  33,4	  34,9	  36,1	  34,0	   7,3
s	   104,2891	 3	358,15	 98,18	  19,3	  29,1	  32,8	  33,3	  34,7	  35,9	  33,8	   7,0
s	   104,3741	 3	358,73	 81,40	  19,8	  29,8	  33,5	  34,1	  35,5	  36,7	  34,6	   8,6
s	   104,6081	 3	 90,93	 91,82	  20,8	  30,7	  34,5	  35,2	  36,7	  37,1	  34,5	   8,5
s	   104,9374	 4	 90,93	 87,50	  19,6	  29,7	  33,5	  33,9	  35,4	  36,6	  34,4	   8,3
s	   105,1366	 5	 92,15	 91,82	  19,1	  29,8	  34,0	  34,8	  36,1	  36,2	  34,5	   8,4
s	   105,4643	 6	 92,15	 87,52	  17,8	  28,8	  33,0	  33,5	  34,8	  35,7	  34,3	   8,2
s	   105,5067	 2	358,47	 89,79	  20,5	  30,5	  34,4	  35,2	  36,6	  36,9	  34,8	   8,7
s	   105,5313	 5	 90,92	 84,51	  17,3	  28,1	  33,0	  33,6	  35,2	  36,4	  34,2	   8,1
s	   105,6325	 4	358,01	102,12	  19,5	  29,6	  33,4	  33,9	  35,3	  36,6	  34,3	   8,2
s	   105,7494	 3	358,34	 93,77	  20,2	  30,4	  34,3	  35,1	  36,5	  36,8	  34,6	   8,5
s	   105,8333	 3	358,62	 85,52	  19,2	  29,5	  33,4	  33,9	  35,4	  36,4	  34,6	   8,5
s	   105,8843	 4	358,88	 77,17	  17,9	  28,0	  31,7	  31,9	  33,3	  35,3	  33,5	   6,6
s	   106,0553	 7	 92,14	 84,54	  15,5	  27,2	  32,5	  33,2	  34,6	  35,5	  34,2	   8,0
s	   106,3766	 5	 73,82	 91,74	  19,0	  29,6	  33,8	  34,7	  35,9	  35,8	  34,3	   8,2
s	   106,5403	 6	 73,53	 91,74	  18,0	  29,1	  33,5	  34,3	  35,6	  35,4	  34,2	   8,0
s	   106,5948	 4	358,19	 98,01	  18,9	  29,4	  33,3	  33,8	  35,2	  36,3	  34,4	   8,2
s	   106,6174	 6	 73,78	 95,69	  18,7	  29,5	  33,8	  34,5	  35,8	  35,8	  34,2	   8,0
s	   106,6781	 4	358,76	 81,58	  18,9	  29,4	  33,3	  33,8	  35,2	  36,3	  34,4	   8,2
s	   106,7808	 7	 73,49	 95,68	  17,8	  29,0	  33,4	  34,2	  35,4	  35,3	  34,1	   7,9
s	   107,6400	 5	357,86	106,24	  17,6	  27,8	  31,5	  31,7	  33,1	  35,1	  33,2	   6,1
s	   107,8049	 5	359,02	 73,37	  18,1	  28,5	  32,3	  32,4	  33,9	  35,9	  33,9	   7,6
s	   107,9104	 5	358,05	101,87	  18,6	  29,2	  33,1	  33,6	  35,0	  36,1	  34,2	   7,9
s	   108,0379	 7	 90,94	106,23	  13,1	  24,7	  30,6	  31,2	  32,7	  34,8	  32,9	   5,8
s	   108,0472	 5	267,90	 87,88	  18,9	  29,2	  33,3	  34,0	  35,4	  35,6	  33,1	   6,0
s	   108,1028	 4	 90,90	 91,83	  19,8	  30,2	  34,1	  34,8	  36,2	  36,6	  34,2	   7,9
s	   108,1570	 5	358,91	 77,44	  17,5	  28,3	  32,2	  32,4	  33,8	  35,7	  34,1	   7,8
s	   108,1784	 6	267,91	 90,81	  15,9	  27,3	  32,5	  33,5	  34,9	  35,0	  33,0	   5,9
s	   108,1828	 7	 90,92	 77,43	  13,6	  25,3	  31,3	  32,0	  33,5	  35,6	  33,7	   7,3
s	   108,3665	 6	267,90	 83,69	  17,6	  28,3	  32,3	  32,7	  34,1	  35,1	  33,0	   5,9
s	   108,4219	 5	 90,90	 87,64	  18,5	  29,2	  33,1	  33,6	  35,0	  36,1	  34,1	   7,8
s	   108,8703	 7	267,91	 94,97	  14,6	  26,2	  31,5	  32,2	  33,6	  34,5	  32,8	   5,7
s	   108,9973	 6	 90,89	 84,74	  16,3	  27,6	  32,6	  33,3	  34,7	  35,9	  33,9	   7,5
s	   109,0007	 2	181,48	 89,80	  20,2	  30,2	  34,1	  34,9	  36,3	  36,6	  34,4	   8,0
s	   109,2359	 3	181,61	 93,65	  20,0	  30,1	  34,0	  34,8	  36,2	  36,5	  34,2	   7,8
s	   109,3172	 3	181,34	 85,65	  18,9	  29,2	  33,1	  33,7	  35,1	  36,1	  34,2	   7,8
s	   109,7025	 8	267,91	 97,84	  12,8	  25,1	  31,5	  32,5	  33,9	  34,8	  33,4	   6,9
s	   109,7572	 7	 90,90	101,78	  14,0	  26,0	  32,1	  33,0	  34,5	  35,7	  33,7	   7,3
s	   109,8776	 6	357,90	105,91	  17,2	  28,1	  32,0	  32,2	  33,6	  35,5	  33,8	   7,3
s	   109,9726	 8	 90,90	102,07	  13,5	  25,5	  31,7	  32,7	  34,1	  35,1	  33,4	   6,9
s	   109,9985	 6	357,72	109,91	  17,7	  28,3	  32,0	  32,2	  33,6	  35,7	  33,6	   7,1
s	   110,0392	 6	359,04	 73,71	  17,2	  28,1	  32,0	  32,2	  33,6	  35,5	  33,8	   7,3
s	   110,0554	 4	181,75	 97,76	  17,9	  28,2	  32,0	  32,5	  33,9	  35,0	  33,0	   5,7
s	   110,1361	 4	181,20	 81,84	  18,4	  28,8	  32,8	  33,3	  34,7	  35,8	  33,8	   7,3
s	   110,1398	 8	 90,94	109,93	  13,2	  25,1	  31,1	  31,7	  33,3	  35,4	  33,3	   6,8
s	   110,2580	 8	267,89	 76,71	  14,0	  25,4	  30,5	  30,8	  32,2	  34,0	  32,5	   5,3
s	   110,4018	 6	359,17	 69,43	  16,1	  26,6	  30,4	  30,2	  31,6	  34,4	  32,7	   5,5
s	   110,4216	 7	 74,32	 83,81	  17,2	  28,4	  32,5	  33,0	  34,3	  35,2	  33,7	   7,1
s	   110,5044	 8	 90,92	 73,46	  11,7	  23,5	  29,4	  29,7	  31,3	  34,1	  32,5	   5,2
s	   111,3300	 3	181,45	 89,80	  19,0	  29,5	  33,6	  34,4	  35,8	  35,9	  34,0	   7,4
s	   111,3312	 5	181,89	101,51	  18,1	  28,7	  32,6	  33,1	  34,5	  35,6	  33,5	   6,9
s	   111,4284	 8	 90,91	105,80	  12,6	  24,9	  31,0	  31,6	  33,1	  35,1	  33,4	   6,8
s	   111,5402	 6	267,97	 87,88	  17,6	  28,9	  33,2	  33,9	  35,2	  35,1	  33,6	   7,0
s	   111,5605	 4	181,58	 93,58	  18,8	  29,5	  33,6	  34,3	  35,7	  35,9	  33,9	   7,2
s	   111,5689	 8	 90,89	 77,87	  12,6	  24,9	  31,0	  31,6	  33,1	  35,1	  33,4	   6,8
s	   111,5705	 5	181,06	 77,82	  16,5	  27,1	  31,0	  31,1	  32,5	  34,4	  32,7	   5,3
s	   111,6402	 4	181,31	 85,74	  17,8	  28,6	  32,6	  33,2	  34,5	  35,4	  33,8	   7,2
s	   111,6674	 7	267,97	 90,72	  15,4	  27,3	  32,7	  33,7	  35,0	  35,0	  33,5	   6,9
s	   111,8498	 7	267,96	 83,82	  16,3	  27,9	  32,2	  32,7	  33,9	  34,7	  33,5	   6,8
s	   112,1904	 7	357,77	109,51	  16,8	  27,9	  31,8	  31,9	  33,3	  35,3	  33,5	   6,8
s	   112,3384	 8	267,97	 94,76	  14,1	  26,3	  31,7	  32,4	  33,7	  34,5	  33,3	   6,6
s	   112,3635	 5	181,72	 97,61	  17,5	  28,5	  32,5	  33,0	  34,4	  35,3	  33,7	   7,0
s	   112,4082	 8	267,96	 81,01	  14,1	  26,3	  31,7	  32,4	  33,7	  34,5	  33,3	   6,6
s	   112,4426	 5	181,18	 82,01	  17,5	  28,4	  32,5	  33,0	  34,4	  35,3	  33,6	   6,9
s	   112,5153	 6	 74,69	 87,73	  17,3	  28,4	  32,5	  32,9	  34,3	  35,3	  33,5	   6,8
s	   112,5861	 7	359,19	 69,84	  15,7	  26,9	  30,8	  30,7	  32,1	  34,8	  33,4	   6,7
s	   112,6703	 7	 74,41	 87,73	  16,3	  27,9	  32,1	  32,6	  33,9	  34,8	  33,4	   6,7
s	   113,0369	 7	357,57	113,68	  15,7	  26,4	  30,1	  29,9	  31,3	  34,2	  32,3	   4,8
s	   113,2407	 6	182,03	105,44	  16,2	  26,9	  30,8	  30,9	  32,3	  34,2	  32,4	   4,9
s	   113,2727	 7	359,31	 65,95	  16,2	  27,0	  30,8	  30,7	  32,1	  34,9	  33,1	   6,3
s	   113,3556	 2	 24,14	 90,66	  20,6	  30,1	  34,0	  34,8	  36,2	  36,4	  33,9	   7,1
s	   113,3977	 6	180,93	 74,19	  16,7	  27,6	  31,5	  31,7	  33,1	  35,0	  33,2	   6,4
s	   113,5821	 3	 24,02	 94,37	  20,4	  30,1	  33,9	  34,7	  36,1	  36,3	  33,7	   6,9
s	   113,6142	 6	181,85	101,28	  17,2	  28,3	  32,4	  32,8	  34,2	  35,2	  33,4	   6,6
s	   113,6603	 3	 24,27	 86,67	  18,6	  28,2	  32,0	  32,5	  33,9	  34,9	  32,7	   5,1
s	   113,8489	 6	181,04	 78,06	  16,1	  27,4	  31,4	  31,7	  33,0	  34,8	  33,4	   6,6
s	   113,9275	 4	269,15	 87,88	  19,1	  29,5	  33,4	  34,1	  35,5	  35,8	  33,4	   6,5
s	   114,0522	 5	269,15	 90,67	  16,9	  27,9	  32,9	  33,9	  35,4	  35,7	  33,2	   6,4
s	   114,3713	 4	 23,90	 98,34	  18,3	  28,1	  31,9	  32,4	  33,8	  34,8	  32,5	   4,9
s	   114,4490	 4	 24,38	 83,00	  18,8	  28,8	  32,7	  33,2	  34,6	  35,6	  33,3	   6,4
s	   114,7076	 8	 74,76	 80,09	  15,6	  27,2	  31,3	  31,4	  32,8	  34,6	  33,1	   6,2
s	   114,7096	 6	269,15	 94,62	  15,6	  26,9	  31,9	  32,6	  34,1	  35,2	  33,1	   6,1
s	   114,7401	 7	268,44	 94,62	  14,9	  26,2	  31,3	  32,0	  33,4	  34,4	  32,1	   4,5
s	   114,8285	 3	 25,69	 90,72	  19,5	  29,6	  33,6	  34,4	  35,8	  35,8	  33,6	   6,7
s	   114,8940	 7	182,13	108,10	  14,3	  25,9	  30,9	  31,4	  32,8	  34,7	  32,9	   6,0
s	   115,0521	 4	 25,57	 94,38	  19,3	  29,5	  33,5	  34,3	  35,6	  35,8	  33,5	   6,5
s	   115,1295	 4	 25,81	 86,77	  18,3	  28,6	  32,6	  33,1	  34,5	  35,3	  33,5	   6,5
s	   115,1727	 8	357,62	113,23	  15,3	  26,7	  30,6	  30,5	  31,8	  34,6	  33,0	   6,1
s	   115,3426	 7	 90,85	 99,44	  16,1	  27,2	  32,1	  32,7	  34,2	  35,5	  32,9	   5,9
s	   115,3729	 8	 91,57	 99,44	  15,4	  26,5	  31,5	  32,1	  33,5	  34,7	  32,0	   4,2
s	   115,4043	 8	359,33	 66,41	  15,3	  26,7	  30,6	  30,4	  31,8	  34,5	  33,0	   6,0
s	   115,4856	 3	 23,68	 90,65	  19,5	  29,5	  33,5	  34,4	  35,7	  35,8	  33,5	   6,6
s	   115,4871	 7	181,99	105,14	  15,8	  27,2	  31,3	  31,4	  32,8	  34,6	  33,1	   6,1
s	   115,5009	 7	269,15	 97,36	  13,3	  25,3	  31,4	  32,3	  33,8	  34,9	  32,9	   5,9
s	   115,6009	 5	 23,78	101,95	  18,5	  28,7	  32,5	  33,0	  34,4	  35,4	  33,1	   6,1
s	   115,6411	 7	180,91	 74,49	  15,8	  27,2	  31,3	  31,4	  32,8	  34,6	  33,1	   6,1
s	   115,7081	 4	 23,57	 94,30	  19,2	  29,5	  33,5	  34,2	  35,6	  35,7	  33,4	   6,4
s	   115,7209	 4	 23,94	 90,66	  18,5	  29,0	  33,2	  34,0	  35,3	  35,3	  33,4	   6,4
s	   115,7849	 4	 23,80	 86,73	  18,2	  28,5	  32,5	  33,1	  34,4	  35,3	  33,4	   6,4
s	   115,8213	 8	 90,85	 80,28	  13,5	  25,1	  30,1	  30,4	  31,8	  33,8	  31,9	   4,2
s	   115,8316	 5	 24,51	 79,12	  17,0	  27,1	  30,9	  31,0	  32,4	  34,2	  32,2	   4,5
s	   115,8316	 5	 25,45	 98,29	  18,0	  28,5	  32,5	  33,0	  34,3	  35,2	  33,3	   6,3
s	   115,8729	 7	180,78	 70,42	  14,7	  25,8	  29,6	  29,5	  30,9	  33,5	  32,0	   4,3
s	   115,9085	 5	 25,92	 83,14	  18,0	  28,5	  32,5	  33,0	  34,3	  35,2	  33,3	   6,3
s	   115,9428	 5	 23,82	 94,30	  18,3	  29,0	  33,1	  33,9	  35,2	  35,2	  33,3	   6,2
s	   116,0196	 5	 24,06	 86,75	  17,2	  28,0	  32,2	  32,7	  34,0	  34,8	  33,3	   6,2
s	   116,2875	 8	357,43	117,00	  15,7	  26,8	  30,6	  30,4	  31,8	  34,6	  32,7	   5,6
s	   116,4833	 5	 23,44	 98,19	  17,9	  28,4	  32,4	  32,9	  34,3	  35,2	  33,2	   6,1
s	   116,5597	 5	 23,92	 83,12	  17,9	  28,4	  32,4	  32,9	  34,3	  35,2	  33,2	   6,1
s	   116,7166	 6	 23,70	 98,18	  17,0	  28,0	  32,1	  32,6	  33,9	  34,7	  33,1	   6,0
s	   116,7928	 6	 24,18	 83,15	  16,9	  27,9	  32,1	  32,6	  33,9	  34,7	  33,1	   6,0
s	   116,8222	 8	359,47	 62,40	  14,2	  25,1	  28,9	  28,4	  29,8	  33,4	  31,8	   4,0
s	   117,0464	 6	 25,33	101,86	  17,7	  28,3	  32,4	  32,8	  34,2	  35,1	  33,0	   5,9
s	   117,0924	 8	269,15	101,19	  11,5	  23,5	  29,6	  30,2	  31,7	  33,6	  31,8	   3,9
s	   117,1095	 8	182,09	107,76	  13,5	  25,5	  30,7	  31,1	  32,5	  34,3	  32,8	   5,7
s	   117,2264	 8	269,14	 74,59	  12,0	  24,2	  30,3	  31,0	  32,4	  34,3	  32,6	   5,4
s	   117,2743	 6	 26,04	 79,31	  16,6	  27,4	  31,4	  31,6	  33,0	  34,7	  33,0	   5,9
s	   117,4223	 5	269,17	 87,89	  18,1	  29,0	  33,1	  33,8	  35,1	  35,3	  33,1	   6,0
s	   117,4429	 6	 23,65	105,74	  16,6	  26,9	  30,7	  30,8	  32,2	  34,0	  32,0	   4,1
s	   117,4682	 3	331,84	 88,93	  18,6	  28,6	  32,6	  33,5	  34,8	  34,9	  32,3	   4,4
s	   117,5945	 6	 24,62	 75,60	  17,1	  27,6	  31,4	  31,6	  33,0	  34,8	  32,7	   5,6
s	   117,6870	 4	331,73	 92,51	  18,4	  28,6	  32,6	  33,4	  34,7	  34,8	  32,2	   4,2
s	   117,6915	 6	 23,33	101,74	  17,6	  28,3	  32,3	  32,8	  34,1	  35,0	  33,0	   5,8
s	   117,7626	 4	331,95	 85,07	  17,3	  27,6	  31,6	  32,2	  33,5	  34,4	  32,2	   4,2
s	   117,9182	 6	 24,04	 79,31	  16,6	  27,4	  31,4	  31,6	  32,9	  34,6	  32,9	   5,7
s	   117,9224	 7	 23,58	101,73	  16,6	  27,8	  32,0	  32,4	  33,7	  34,6	  32,8	   5,6
s	   118,0706	 8	180,77	 70,79	  14,4	  26,1	  30,1	  30,0	  31,4	  33,9	  32,7	   5,5
s	   118,1488	 7	 24,30	 79,34	  15,6	  26,9	  31,0	  31,3	  32,5	  34,1	  32,8	   5,6
s	   118,1820	 7	269,17	 94,43	  14,6	  26,4	  31,6	  32,3	  33,7	  34,7	  32,8	   5,6
s	   118,2484	 7	269,17	 81,34	  14,6	  26,4	  31,6	  32,3	  33,7	  34,6	  32,8	   5,6
s	   118,3536	 4	 56,84	 91,52	  18,3	  28,4	  32,5	  33,3	  34,6	  34,5	  32,1	   4,1
s	   118,4496	 5	331,61	 96,34	  17,0	  27,4	  31,3	  31,8	  33,1	  34,0	  32,0	   4,0
s	   118,5248	 5	332,06	 81,52	  17,6	  28,0	  32,1	  32,6	  33,9	  34,8	  32,8	   5,5
s	   118,5708	 5	 56,77	 95,08	  18,1	  28,3	  32,4	  33,2	  34,5	  34,5	  32,0	   3,9
s	   118,6152	 8	180,65	 67,07	  14,8	  26,2	  30,1	  30,0	  31,3	  34,0	  32,4	   5,2
s	   118,6459	 5	 56,91	 87,69	  17,0	  27,4	  31,5	  32,0	  33,3	  34,0	  31,9	   3,9
s	   118,6944	 3	156,98	 90,64	  19,2	  29,3	  33,3	  34,1	  35,5	  35,5	  33,2	   5,9
s	   118,8666	 7	 25,21	105,62	  16,3	  27,2	  31,3	  31,4	  32,8	  34,5	  32,7	   5,4
s	   118,8684	 7	 90,82	 94,95	  13,6	  25,8	  32,1	  33,3	  34,7	  34,9	  32,7	   5,4
s	   118,9110	 4	157,09	 94,18	  19,0	  29,2	  33,2	  34,0	  35,4	  35,4	  33,1	   5,8
s	   118,9508	 8	269,18	 97,09	  12,4	  24,8	  31,1	  32,0	  33,4	  34,4	  32,6	   5,3
s	   118,9859	 4	156,86	 86,82	  18,7	  28,7	  32,6	  33,1	  34,5	  35,4	  33,0	   5,8
s	   119,0164	 7	 26,16	 75,83	  16,3	  27,2	  31,2	  31,4	  32,8	  34,5	  32,7	   5,4
s	   119,1577	 4	330,40	 88,89	  18,2	  28,8	  32,9	  33,8	  35,1	  35,0	  33,0	   5,7
s	   119,3279	 6	 56,70	 98,88	  16,8	  27,3	  31,4	  31,9	  33,2	  33,9	  31,8	   3,7
s	   119,3735	 5	330,29	 92,42	  18,0	  28,7	  32,9	  33,7	  35,0	  34,9	  32,9	   5,6
s	   119,4026	 6	 56,98	 84,16	  17,3	  27,8	  31,9	  32,4	  33,7	  34,4	  32,5	   5,2
s	   119,5022	 7	 23,20	105,47	  16,2	  27,2	  31,2	  31,4	  32,7	  34,4	  32,7	   5,3
s	   119,5270	 4	332,35	 88,95	  18,2	  28,8	  32,9	  33,7	  35,0	  35,0	  33,0	   5,7
s	   119,6137	 7	 23,53	109,15	  16,8	  27,4	  31,2	  31,4	  32,8	  34,6	  32,4	   5,1
s	   119,6385	 6	331,50	 99,84	  17,3	  27,9	  31,9	  32,4	  33,7	  34,6	  32,5	   5,2
s	   119,6512	 7	 24,16	 75,85	  16,2	  27,2	  31,2	  31,4	  32,7	  34,4	  32,6	   5,3
s	   119,6661	 5	157,21	 97,97	  17,0	  27,3	  31,2	  31,7	  33,0	  33,9	  31,8	   3,7
s	   119,7245	 7	 58,87	 87,76	  16,5	  27,2	  31,3	  31,8	  33,1	  33,9	  31,6	   3,5
s	   119,7297	 8	 23,46	105,45	  15,3	  26,7	  30,9	  31,1	  32,3	  34,0	  32,5	   5,2
s	   119,7405	 5	156,74	 83,30	  18,2	  28,4	  32,2	  32,7	  34,1	  35,1	  32,6	   5,3
s	   119,7421	 5	332,24	 92,47	  18,0	  28,7	  32,9	  33,6	  34,9	  34,9	  32,9	   5,5
s	   119,7986	 5	332,11	 88,94	  17,2	  28,3	  32,6	  33,4	  34,7	  34,5	  32,8	   5,5
s	   119,8165	 5	332,46	 85,15	  17,0	  27,8	  31,9	  32,5	  33,8	  34,5	  32,8	   5,5
s	   119,8617	 6	332,18	 77,76	  15,7	  26,3	  30,3	  30,4	  31,8	  33,4	  31,7	   3,6
s	   119,8785	 8	 24,41	 75,89	  15,3	  26,7	  30,9	  31,0	  32,3	  33,9	  32,5	   5,1
s	   119,9855	 7	 24,75	 71,95	  15,2	  25,7	  29,6	  29,4	  30,8	  33,4	  31,6	   3,4
s	   120,0133	 6	332,00	 92,46	  17,0	  28,2	  32,5	  33,3	  34,5	  34,4	  32,7	   5,3
s	   120,0875	 6	332,22	 85,16	  16,0	  27,3	  31,6	  32,1	  33,4	  34,0	  32,7	   5,3
s	   120,1037	 4	155,49	 90,68	  18,2	  28,7	  32,9	  33,7	  35,0	  34,9	  32,9	   5,5
s	   120,1257	 6	330,18	 96,20	  16,7	  27,7	  31,9	  32,4	  33,7	  34,4	  32,7	   5,3
s	   120,1998	 6	330,62	 81,58	  16,7	  27,7	  31,9	  32,4	  33,6	  34,4	  32,7	   5,3
s	   120,3178	 5	155,60	 94,19	  17,9	  28,7	  32,8	  33,6	  34,9	  34,9	  32,8	   5,4
s	   120,3919	 5	155,37	 86,91	  17,7	  28,1	  32,2	  32,7	  34,0	  34,9	  32,8	   5,4
s	   120,4921	 6	332,12	 96,24	  16,7	  27,7	  31,8	  32,3	  33,6	  34,4	  32,7	   5,2
s	   120,5660	 6	332,57	 81,66	  16,7	  27,7	  31,8	  32,3	  33,6	  34,4	  32,7	   5,2
s	   120,7300	 7	 57,05	 80,43	  15,4	  26,1	  30,1	  30,3	  31,6	  33,1	  31,5	   3,3
s	   120,7616	 7	331,89	 96,21	  15,7	  27,2	  31,5	  32,0	  33,2	  33,9	  32,5	   5,1
s	   120,8354	 7	332,33	 81,67	  15,7	  27,2	  31,5	  32,0	  33,2	  33,9	  32,5	   5,1
s	   120,8422	 4	157,40	 90,62	  18,1	  28,7	  32,8	  33,6	  34,9	  34,9	  32,8	   5,4
s	   120,8433	 6	157,33	101,44	  17,2	  27,8	  31,9	  32,3	  33,6	  34,5	  32,4	   4,9
s	   121,0125	 8	 25,09	108,99	  15,9	  27,0	  31,1	  31,2	  32,5	  34,3	  32,4	   4,9
s	   121,0550	 5	157,51	 94,11	  17,9	  28,6	  32,8	  33,5	  34,8	  34,8	  32,7	   5,2
s	   121,0643	 6	156,62	 79,58	  16,4	  26,6	  30,4	  30,6	  31,9	  33,7	  31,6	   3,3
s	   121,0643	 6	155,72	 97,94	  16,6	  27,6	  31,8	  32,3	  33,6	  34,4	  32,6	   5,1
s	   121,0673	 5	157,15	 90,63	  17,1	  28,2	  32,5	  33,3	  34,6	  34,4	  32,7	   5,2
s	   121,1286	 5	157,28	 86,87	  17,6	  28,1	  32,1	  32,6	  33,9	  34,8	  32,7	   5,2
s	   121,1379	 6	155,26	 83,43	  17,4	  28,1	  32,1	  32,5	  33,9	  34,8	  32,6	   5,1
s	   121,2798	 6	157,26	 94,11	  16,9	  28,1	  32,4	  33,2	  34,5	  34,3	  32,6	   5,1
s	   121,2986	 7	330,07	 99,65	  16,4	  27,6	  31,7	  32,2	  33,5	  34,3	  32,5	   5,0
s	   121,3437	 7	 60,25	 87,83	  16,9	  27,6	  31,7	  32,2	  33,5	  34,2	  32,2	   4,7
s	   121,3532	 6	157,03	 86,89	  16,6	  27,6	  31,8	  32,3	  33,6	  34,3	  32,6	   5,1
s	   121,3802	 8	 26,28	 72,22	  14,9	  26,1	  30,1	  30,0	  31,3	  33,8	  32,4	   4,8
s	   121,4210	 7	331,38	103,52	  15,4	  26,2	  30,1	  30,2	  31,6	  33,3	  31,4	   3,2
s	   121,5188	 7	330,73	 77,87	  15,4	  26,6	  30,8	  31,0	  32,3	  33,9	  32,4	   4,9
s	   121,5677	 7	332,29	 74,36	  15,9	  26,8	  30,8	  31,0	  32,3	  34,0	  32,2	   4,7
s	   121,6066	 6	 57,49	 91,53	  16,9	  28,0	  32,4	  33,2	  34,4	  34,1	  32,5	   5,0
s	   121,6372	 8	 23,08	108,83	  15,9	  27,0	  31,0	  31,1	  32,5	  34,2	  32,3	   4,8
s	   121,6616	 7	332,02	 99,68	  16,4	  27,6	  31,7	  32,2	  33,5	  34,3	  32,4	   4,9
s	   121,7972	 6	157,63	 97,84	  16,6	  27,6	  31,7	  32,2	  33,5	  34,3	  32,5	   5,0
s	   121,8182	 7	 57,42	 95,00	  16,6	  27,9	  32,3	  33,1	  34,3	  34,0	  32,4	   4,9
s	   121,8703	 6	157,17	 83,42	  17,3	  28,0	  32,0	  32,5	  33,8	  34,7	  32,5	   5,0
s	   121,8812	 7	332,69	 77,96	  15,3	  26,6	  30,8	  31,0	  32,3	  33,8	  32,4	   4,9
s	   121,8913	 7	 57,56	 87,80	  15,6	  27,0	  31,4	  31,9	  33,1	  33,6	  32,4	   4,9
s	   121,9286	 8	331,78	 99,65	  15,4	  27,1	  31,4	  31,8	  33,1	  33,8	  32,3	   4,7
s	   122,0030	 8	 24,28	 72,25	  14,8	  26,1	  30,1	  30,0	  31,3	  33,8	  32,3	   4,7
s	   122,0206	 7	157,38	 97,83	  15,6	  27,1	  31,4	  31,9	  33,2	  33,8	  32,4	   4,8
s	   122,0936	 7	156,92	 83,44	  16,3	  27,5	  31,7	  32,1	  33,4	  34,2	  32,4	   4,8
s	   122,1477	 8	332,45	 77,98	  14,3	  26,1	  30,4	  30,7	  31,9	  33,4	  32,3	   4,7
s	   122,2285	 7	155,83	101,37	  16,3	  27,5	  31,7	  32,1	  33,4	  34,2	  32,4	   4,8
s	   122,2785	 8	 56,56	106,01	  15,1	  25,9	  30,0	  30,1	  31,4	  32,9	  31,2	   2,9
s	   122,4201	 8	 23,41	112,68	  14,8	  25,5	  29,3	  29,1	  30,5	  33,1	  31,2	   2,9
s	   122,4243	 8	 57,11	 77,04	  15,6	  26,6	  30,7	  30,9	  32,1	  33,7	  32,0	   4,4
s	   122,4471	 7	155,14	 79,75	  16,0	  27,0	  31,0	  31,2	  32,5	  34,2	  32,3	   4,8
s	   122,5558	 8	 57,36	 98,70	  15,3	  26,9	  31,3	  31,8	  33,0	  33,5	  32,2	   4,6
s	   122,6087	 7	157,45	105,08	  15,3	  26,1	  30,0	  30,1	  31,5	  33,2	  31,3	   2,9
s	   122,6285	 8	 57,62	 84,36	  15,3	  26,9	  31,3	  31,8	  33,0	  33,5	  32,2	   4,6
s	   122,6330	 4	206,91	 88,97	  17,3	  27,8	  32,0	  32,8	  34,1	  34,0	  31,6	   3,3
s	   122,6384	 8	 24,86	 68,69	  15,3	  26,2	  30,1	  29,9	  31,3	  33,9	  32,0	   4,4
s	   122,7541	 7	156,51	 76,21	  16,5	  27,1	  31,0	  31,1	  32,5	  34,4	  32,1	   4,5
s	   122,8428	 5	207,02	 92,41	  17,0	  27,7	  31,9	  32,7	  34,0	  33,9	  31,5	   3,1
s	   122,9154	 5	206,80	 85,27	  16,0	  26,8	  31,0	  31,5	  32,8	  33,5	  31,5	   3,1
s	   122,9546	 7	157,74	101,25	  16,3	  27,5	  31,6	  32,1	  33,4	  34,2	  32,3	   4,7
s	   123,0577	 8	329,96	103,28	  15,0	  26,5	  30,6	  30,8	  32,1	  33,7	  32,2	   4,5
s	   123,1719	 7	157,05	 79,75	  16,0	  26,9	  31,0	  31,1	  32,5	  34,1	  32,3	   4,6
s	   123,1759	 8	157,49	101,23	  15,3	  27,0	  31,3	  31,7	  33,0	  33,7	  32,2	   4,5
s	   123,2025	 8	330,84	 74,51	  15,0	  26,5	  30,6	  30,8	  32,1	  33,7	  32,2	   4,5
s	   123,3929	 8	156,80	 79,78	  15,0	  26,5	  30,6	  30,8	  32,1	  33,7	  32,1	   4,5
s	   123,4156	 8	331,90	103,30	  15,0	  26,5	  30,6	  30,8	  32,1	  33,7	  32,1	   4,5
s	   123,5237	 8	331,28	106,83	  15,5	  26,6	  30,7	  30,8	  32,1	  33,8	  31,9	   4,2
s	   123,5600	 8	332,80	 74,61	  15,0	  26,5	  30,6	  30,8	  32,1	  33,7	  32,1	   4,4
s	   123,5745	 6	207,13	 96,08	  15,7	  26,6	  30,7	  31,1	  32,4	  33,1	  31,3	   2,9
s	   123,6466	 6	206,69	 81,87	  16,2	  27,2	  31,4	  31,9	  33,2	  33,9	  32,1	   4,4
s	   123,9747	 8	155,95	104,97	  15,0	  26,4	  30,6	  30,7	  32,0	  33,6	  32,1	   4,3
s	   124,1185	 8	155,03	 76,41	  15,7	  26,8	  30,8	  31,0	  32,3	  34,0	  32,1	   4,3
s	   124,1406	 8	157,53	107,57	  13,5	  25,1	  30,2	  30,6	  32,0	  33,7	  31,8	   4,1
s	   124,2541	 5	208,31	 88,93	  16,9	  28,0	  32,3	  33,1	  34,3	  34,1	  32,4	   4,6
s	   124,4613	 6	208,42	 92,33	  16,7	  27,9	  32,2	  33,0	  34,2	  34,1	  32,2	   4,5
s	   124,6909	 8	157,86	104,83	  14,9	  26,4	  30,5	  30,7	  32,0	  33,6	  32,0	   4,2
s	   124,7147	 5	206,44	 88,99	  16,9	  27,9	  32,2	  33,1	  34,3	  34,1	  32,3	   4,5
s	   124,7158	 7	207,24	 99,45	  15,9	  27,1	  31,3	  31,7	  33,0	  33,8	  31,9	   4,1
s	   124,8339	 8	156,94	 76,43	  15,7	  26,8	  30,8	  30,9	  32,2	  34,0	  32,0	   4,2
s	   124,9212	 6	206,55	 92,37	  16,7	  27,9	  32,2	  33,0	  34,2	  34,0	  32,2	   4,4
s	   124,9302	 7	206,58	 78,25	  14,4	  25,5	  29,6	  29,7	  31,0	  32,6	  31,1	   2,5
s	   124,9754	 6	206,68	 88,98	  15,9	  27,5	  31,9	  32,7	  33,9	  33,6	  32,2	   4,4
s	   124,9925	 6	206,33	 85,35	  15,6	  27,0	  31,3	  31,8	  33,0	  33,6	  32,2	   4,4
s	   125,0491	 8	156,39	 72,68	  14,6	  25,3	  29,2	  28,9	  30,3	  32,9	  30,9	   2,4
s	   125,1814	 7	206,78	 92,36	  15,7	  27,4	  31,9	  32,6	  33,8	  33,6	  32,1	   4,2
s	   125,1838	 7	208,53	 95,95	  15,4	  26,9	  31,2	  31,7	  32,9	  33,6	  32,1	   4,2
s	   125,2526	 7	206,56	 85,35	  14,6	  26,5	  30,9	  31,5	  32,6	  33,2	  32,1	   4,2
s	   125,2550	 7	208,10	 81,91	  15,4	  26,9	  31,2	  31,7	  32,9	  33,6	  32,1	   4,2
s	   125,6411	 7	206,66	 95,99	  15,4	  26,9	  31,2	  31,7	  32,9	  33,5	  32,0	   4,1
s	   125,7120	 7	206,23	 82,00	  15,4	  26,9	  31,2	  31,7	  32,9	  33,5	  32,0	   4,1
s	   125,8998	 8	206,89	 95,97	  14,4	  26,4	  30,8	  31,3	  32,5	  33,1	  31,9	   4,0
s	   125,9706	 8	206,46	 82,00	  14,4	  26,4	  30,8	  31,3	  32,5	  33,1	  31,9	   4,0
s	   126,3109	 8	208,63	 99,28	  15,1	  26,8	  31,1	  31,5	  32,8	  33,4	  31,8	   3,9
s	   126,4286	 8	207,35	102,99	  14,1	  25,3	  29,4	  29,6	  30,8	  32,4	  30,8	   2,1
s	   126,4450	 8	125,32	 84,52	  15,8	  27,2	  31,3	  31,7	  33,0	  33,8	  31,8	   3,9
s	   126,5227	 8	207,99	 78,34	  14,0	  25,8	  30,1	  30,3	  31,6	  33,0	  31,8	   3,9
s	   126,5697	 8	206,47	 74,97	  14,6	  26,0	  30,2	  30,3	  31,6	  33,2	  31,6	   3,6
s	   126,7643	 8	206,76	 99,30	  15,1	  26,8	  31,0	  31,5	  32,7	  33,4	  31,8	   3,8
s	   126,9113	 6	236,23	 88,23	  15,8	  26,9	  31,3	  32,1	  33,3	  32,9	  31,0	   2,2
s	   126,9753	 8	206,11	 78,44	  14,0	  25,8	  30,1	  30,3	  31,5	  33,0	  31,8	   3,8
s	   127,1143	 7	236,29	 91,56	  15,5	  26,8	  31,2	  32,0	  33,2	  32,9	  30,8	   2,1
s	   127,8221	 8	236,36	 95,11	  14,2	  25,8	  30,2	  30,7	  31,9	  32,4	  30,7	   1,8
s	   128,2203	 7	235,38	 88,25	  15,5	  27,1	  31,6	  32,4	  33,6	  33,1	  31,8	   3,6
s	   128,3978	 6	237,56	 88,21	  15,7	  26,8	  31,2	  32,0	  33,2	  32,8	  30,8	   1,9
s	   128,4212	 8	235,45	 91,54	  15,2	  27,0	  31,5	  32,3	  33,5	  33,1	  31,6	   3,5
s	   128,5984	 7	237,62	 91,49	  15,4	  26,7	  31,1	  31,9	  33,1	  32,7	  30,7	   1,8
s	   129,2984	 8	237,69	 95,01	  14,1	  25,7	  30,1	  30,6	  31,8	  32,2	  30,5	   1,5
s	   129,3674	 8	237,44	 81,40	  14,1	  25,7	  30,1	  30,6	  31,8	  32,2	  30,5	   1,5
s	   130,7460	 4	 49,44	 91,38	  17,5	  27,5	  31,6	  32,4	  33,7	  33,5	  30,8	   1,7
s	   130,9432	 5	 49,37	 94,61	  17,2	  27,5	  31,6	  32,3	  33,6	  33,5	  30,7	   1,6
s	   131,0114	 5	 49,52	 87,90	  16,2	  26,5	  30,6	  31,2	  32,5	  33,1	  30,7	   1,5
s	   131,3613	 7	238,36	 88,19	  15,3	  26,9	  31,4	  32,2	  33,3	  32,9	  31,4	   3,0
s	   131,5576	 8	238,42	 91,41	  15,0	  26,8	  31,3	  32,1	  33,2	  32,8	  31,3	   2,9
s	   131,6310	 6	 49,29	 98,06	  15,9	  26,5	  30,6	  31,0	  32,3	  33,0	  30,5	   1,3
s	   131,6677	 8	238,15	 88,20	  14,3	  26,4	  31,1	  31,9	  33,0	  32,4	  31,3	   2,9
s	   131,6988	 6	 49,59	 84,69	  16,4	  27,0	  31,1	  31,6	  32,8	  33,5	  31,3	   2,9
s	   132,2723	 5	 48,69	 91,36	  17,1	  27,7	  32,0	  32,8	  34,0	  33,7	  31,6	   3,1
s	   132,4672	 6	 48,62	 94,55	  16,9	  27,7	  31,9	  32,7	  33,9	  33,7	  31,4	   2,9
s	   132,5346	 6	 48,77	 87,92	  15,9	  26,7	  31,0	  31,5	  32,7	  33,2	  31,4	   2,9
s	   132,9066	 7	 49,67	 81,29	  14,6	  25,2	  29,3	  29,4	  30,7	  32,1	  30,3	   1,0
s	   133,1473	 7	 48,54	 97,97	  15,6	  26,7	  30,9	  31,4	  32,6	  33,2	  31,3	   2,7
s	   133,2144	 7	 48,84	 84,75	  15,6	  26,7	  30,9	  31,4	  32,6	  33,2	  31,2	   2,7
s	   134,3183	 8	 49,14	104,58	  14,3	  25,1	  29,2	  29,3	  30,5	  32,0	  30,0	   0,6
s	   134,4089	 8	 48,92	 81,38	  14,3	  25,6	  29,8	  30,0	  31,3	  32,6	  31,0	   2,4
s	   134,4512	 8	 49,74	 78,19	  14,8	  25,8	  29,9	  30,0	  31,3	  32,8	  30,8	   2,1
s	   139,4024	 6	229,33	 88,38	  15,0	  26,1	  30,5	  31,3	  32,4	  32,0	  29,7	  -0,1
s	   139,5876	 7	229,40	 91,42	  14,7	  26,0	  30,4	  31,2	  32,3	  31,9	  29,6	  -0,3
s	   140,2340	 8	229,47	 94,67	  13,5	  25,0	  29,4	  29,9	  31,0	  31,4	  29,4	  -0,5
s	   140,2978	 8	229,19	 82,10	  13,5	  25,0	  29,4	  29,9	  31,0	  31,4	  29,4	  -0,5
s	   140,9311	 7	228,63	 88,40	  14,7	  26,3	  30,8	  31,6	  32,7	  32,2	  30,5	   1,2
s	   141,1144	 8	228,70	 91,40	  14,4	  26,2	  30,7	  31,5	  32,6	  32,1	  30,4	   1,1
s	   144,0522	 4	 43,72	 91,25	  16,6	  26,7	  30,8	  31,6	  32,9	  32,6	  29,5	  -0,8
s	   144,2316	 5	 43,65	 94,19	  16,4	  26,7	  30,7	  31,5	  32,8	  32,5	  29,4	  -0,9
s	   144,2936	 5	 43,80	 88,09	  15,4	  25,7	  29,8	  30,3	  31,6	  32,1	  29,4	  -0,9
s	   144,8577	 6	 43,57	 97,34	  15,1	  25,6	  29,7	  30,2	  31,5	  32,0	  29,2	  -1,1
s	   144,9195	 6	 43,87	 85,17	  15,6	  26,2	  30,2	  30,7	  32,0	  32,5	  30,0	   0,4
s	   145,7445	 5	 43,10	 91,24	  16,3	  26,9	  31,1	  31,9	  33,1	  32,8	  30,3	   0,6
s	   145,9218	 6	 43,03	 94,14	  16,1	  26,8	  31,1	  31,8	  33,0	  32,7	  30,1	   0,4
s	   145,9832	 6	 43,18	 88,11	  15,1	  25,9	  30,1	  30,7	  31,9	  32,3	  30,1	   0,4
s	   146,0205	 7	 43,95	 82,06	  13,8	  24,4	  28,5	  28,6	  29,9	  31,2	  29,0	  -1,5
s	   146,1433	 6	 43,27	 91,24	  15,3	  26,4	  30,8	  31,6	  32,7	  32,3	  30,1	   0,4
s	   146,3201	 7	 43,19	 94,14	  15,1	  26,4	  30,7	  31,5	  32,6	  32,2	  30,0	   0,3
s	   146,3813	 7	 43,34	 88,12	  14,1	  25,4	  29,8	  30,3	  31,5	  31,8	  30,0	   0,2
s	   146,4898	 5	 44,69	 91,28	  16,3	  26,9	  31,1	  31,9	  33,1	  32,7	  30,2	   0,4
s	   146,5410	 7	 42,95	 97,26	  14,8	  25,8	  30,1	  30,5	  31,7	  32,2	  30,0	   0,2
s	   146,6020	 7	 43,25	 85,22	  14,8	  25,8	  30,1	  30,5	  31,7	  32,2	  30,0	   0,2
s	   146,6663	 6	 44,62	 94,17	  16,0	  26,8	  31,0	  31,8	  33,0	  32,7	  30,1	   0,3
s	   146,7273	 6	 44,76	 88,16	  15,0	  25,9	  30,1	  30,6	  31,8	  32,2	  30,0	   0,3
s	   146,9376	 8	 43,11	 97,25	  13,8	  25,4	  29,7	  30,2	  31,4	  31,7	  29,8	   0,0
s	   146,9985	 8	 43,42	 85,24	  13,8	  25,4	  29,7	  30,2	  31,4	  31,7	  29,8	   0,0
s	   147,2823	 7	 44,54	 97,27	  14,8	  25,8	  30,0	  30,5	  31,7	  32,2	  29,9	   0,1
s	   147,3093	 8	 43,42	103,30	  13,5	  24,3	  28,4	  28,5	  29,7	  31,1	  28,7	  -1,8
s	   147,3431	 7	 44,83	 85,29	  14,8	  25,8	  30,0	  30,5	  31,7	  32,2	  29,9	   0,1
s	   147,4309	 8	 44,02	 79,22	  14,0	  25,0	  29,1	  29,2	  30,5	  31,9	  29,5	  -0,3
s	   147,6907	 8	 43,33	 82,15	  13,5	  24,8	  29,0	  29,2	  30,4	  31,7	  29,7	  -0,1
s	   148,2453	 8	 44,47	100,11	  14,5	  25,7	  29,9	  30,4	  31,6	  32,0	  29,7	  -0,2
s	   148,3147	 5	137,80	 91,22	  15,4	  26,0	  30,2	  31,0	  32,2	  31,8	  29,0	  -1,7
s	   148,4265	 8	 44,91	 82,23	  13,4	  24,8	  29,0	  29,2	  30,4	  31,6	  29,7	  -0,2
s	   148,4891	 6	137,87	 94,07	  15,2	  25,9	  30,2	  30,9	  32,1	  31,8	  28,9	  -1,8
s	   148,5494	 6	137,72	 88,14	  14,9	  25,4	  29,5	  30,0	  31,2	  31,8	  28,9	  -1,8
s	   148,9022	 5	338,00	 89,15	  15,4	  26,4	  30,7	  31,5	  32,7	  32,4	  30,0	   0,0
s	   149,0759	 6	337,91	 92,00	  15,2	  26,4	  30,7	  31,4	  32,6	  32,3	  29,8	  -0,1
s	   149,0977	 7	137,95	 97,13	  13,9	  24,9	  29,2	  29,6	  30,8	  31,3	  28,7	  -2,0
s	   149,1360	 6	338,10	 86,09	  14,9	  25,9	  30,0	  30,5	  31,7	  32,3	  29,8	  -0,1
s	   149,1578	 7	137,65	 85,30	  15,2	  25,9	  30,0	  30,4	  31,6	  32,2	  29,5	  -0,5
s	   149,5055	 7	337,84	 94,35	  11,1	  23,0	  28,3	  29,0	  30,2	  30,7	  28,7	  -2,1
s	   149,7421	 7	338,19	 83,26	  14,4	  25,6	  29,7	  30,1	  31,4	  32,0	  29,4	  -0,6
s	   150,0485	 6	138,38	 91,20	  15,1	  26,2	  30,6	  31,4	  32,5	  32,0	  29,7	  -0,3
s	   150,2209	 7	138,46	 94,03	  14,9	  26,1	  30,5	  31,3	  32,4	  32,0	  29,6	  -0,5
s	   150,2284	 8	137,57	 82,28	  13,3	  24,2	  28,2	  28,3	  29,5	  30,9	  28,5	  -2,4
s	   150,2805	 7	138,31	 88,16	  14,6	  25,6	  29,9	  30,3	  31,5	  32,0	  29,6	  -0,5
s	   150,4361	 7	138,22	 91,21	  14,1	  25,7	  30,2	  31,0	  32,1	  31,5	  29,6	  -0,5
s	   150,6080	 8	138,29	 94,02	  13,9	  25,7	  30,2	  30,9	  32,0	  31,5	  29,5	  -0,6
s	   150,6431	 5	313,78	 88,47	  15,3	  25,9	  30,1	  30,9	  32,1	  31,7	  28,8	  -2,1
s	   150,6675	 8	138,14	 88,17	  13,6	  25,1	  29,5	  30,0	  31,1	  31,5	  29,5	  -0,6
s	   150,6849	 6	136,84	 91,24	  15,1	  26,2	  30,5	  31,3	  32,5	  32,0	  29,7	  -0,4
s	   150,8086	 8	338,29	 80,25	  12,6	  23,8	  27,9	  28,0	  29,3	  30,7	  28,4	  -2,5
s	   150,8148	 6	313,71	 91,28	  15,1	  25,8	  30,0	  30,8	  32,0	  31,6	  28,6	  -2,2
s	   150,8227	 8	138,54	 97,05	  13,6	  25,1	  29,5	  30,0	  31,1	  31,5	  29,4	  -0,7
s	   150,8566	 7	136,91	 94,06	  14,8	  26,1	  30,5	  31,2	  32,4	  31,9	  29,6	  -0,6
s	   150,8821	 8	138,23	 85,35	  14,3	  25,5	  29,8	  30,2	  31,4	  31,9	  29,4	  -0,7
s	   150,9160	 7	136,76	 88,21	  14,5	  25,6	  29,8	  30,3	  31,5	  31,9	  29,5	  -0,6
s	   151,0649	 6	338,33	 89,16	  14,3	  25,9	  30,3	  31,1	  32,2	  31,8	  29,6	  -0,5
s	   151,2362	 7	338,24	 91,97	  14,1	  25,8	  30,2	  31,0	  32,1	  31,7	  29,5	  -0,6
s	   151,2812	 7	338,13	 89,16	  13,3	  25,4	  30,0	  30,7	  31,8	  31,3	  29,5	  -0,6
s	   151,2954	 7	338,42	 86,14	  13,8	  25,3	  29,6	  30,0	  31,2	  31,7	  29,5	  -0,7
s	   151,4143	 7	313,64	 94,29	  13,8	  24,8	  29,0	  29,5	  30,7	  31,1	  28,5	  -2,5
s	   151,4522	 8	338,04	 91,96	  13,1	  25,3	  29,9	  30,6	  31,7	  31,2	  29,4	  -0,8
s	   151,4560	 8	136,98	 97,07	  13,5	  25,1	  29,5	  29,9	  31,1	  31,4	  29,4	  -0,8
s	   151,4735	 7	313,92	 82,64	  13,8	  24,8	  29,0	  29,5	  30,7	  31,1	  28,5	  -2,5
s	   151,5113	 8	338,22	 86,14	  12,8	  24,8	  29,2	  29,7	  30,9	  31,2	  29,4	  -0,8
s	   151,5151	 8	136,69	 85,42	  14,3	  25,5	  29,7	  30,2	  31,4	  31,8	  29,4	  -0,8
s	   151,6598	 8	338,16	 94,29	  10,8	  23,3	  28,8	  29,6	  30,8	  31,1	  29,4	  -0,8
s	   151,8931	 8	338,51	 83,35	  13,5	  25,2	  29,5	  29,9	  31,1	  31,6	  29,3	  -0,9
s	   152,2637	 6	314,40	 88,48	  15,0	  26,1	  30,4	  31,2	  32,4	  31,9	  29,5	  -0,7
s	   152,3518	 8	313,57	 97,07	  14,0	  25,2	  29,5	  29,9	  31,1	  31,5	  29,1	  -1,2
s	   152,4337	 7	314,33	 91,27	  14,7	  26,0	  30,4	  31,1	  32,3	  31,8	  29,4	  -0,9
s	   152,5282	 8	313,99	 79,66	  12,5	  23,6	  27,8	  27,9	  29,1	  30,3	  28,3	  -2,8
s	   152,6924	 6	223,94	 88,52	  14,2	  25,3	  29,7	  30,5	  31,6	  31,1	  28,5	  -2,6
s	   152,8619	 7	224,01	 91,30	  14,0	  25,2	  29,6	  30,4	  31,5	  31,0	  28,3	  -2,7
s	   152,8812	 6	 91,50	 91,87	  15,7	  26,1	  30,2	  30,9	  32,1	  31,9	  28,5	  -2,6
s	   152,9748	 7	 91,50	 93,96	  12,7	  24,1	  29,5	  30,5	  31,7	  31,3	  28,3	  -2,7
s	   153,0270	 8	314,26	 94,25	  13,5	  25,0	  29,4	  29,9	  31,0	  31,3	  29,2	  -1,1
s	   153,0856	 8	314,54	 82,71	  13,5	  25,0	  29,4	  29,8	  31,0	  31,3	  29,2	  -1,1
s	   153,1862	 6	312,89	 88,45	  14,9	  26,0	  30,4	  31,2	  32,3	  31,8	  29,4	  -0,9
s	   153,3551	 7	312,83	 91,21	  14,7	  26,0	  30,3	  31,1	  32,2	  31,8	  29,3	  -1,0
s	   153,4536	 8	224,08	 94,28	  12,7	  24,2	  28,6	  29,1	  30,2	  30,5	  28,2	  -2,9
s	   153,5120	 8	223,79	 82,77	  12,7	  24,2	  28,6	  29,1	  30,2	  30,5	  28,2	  -2,9
s	   153,5831	 7	313,05	 88,45	  13,9	  25,5	  30,0	  30,8	  31,9	  31,3	  29,3	  -1,1
s	   153,7516	 8	312,98	 91,21	  13,7	  25,5	  30,0	  30,7	  31,8	  31,3	  29,2	  -1,2
s	   153,9450	 8	312,76	 94,18	  13,4	  25,0	  29,3	  29,8	  30,9	  31,3	  29,2	  -1,2
s	   154,3781	 7	223,35	 88,54	  13,9	  25,5	  30,0	  30,8	  31,9	  31,3	  29,2	  -1,2
s	   154,5457	 8	223,42	 91,29	  13,7	  25,4	  29,9	  30,7	  31,8	  31,2	  29,1	  -1,3
s	   154,7786	 8	223,50	 88,53	  12,9	  25,0	  29,7	  30,5	  31,5	  30,8	  29,1	  -1,4
s	   155,1384	 7	224,85	 88,50	  13,8	  25,4	  30,0	  30,8	  31,8	  31,2	  29,2	  -1,3
s	   155,3053	 8	224,91	 91,24	  13,6	  25,4	  29,9	  30,7	  31,7	  31,2	  29,0	  -1,5
s	   155,3630	 8	224,77	 85,56	  12,6	  24,5	  29,0	  29,5	  30,6	  30,7	  29,0	  -1,5
s	   155,6543	 6	 39,85	 91,16	  14,0	  25,1	  29,5	  30,3	  31,4	  30,9	  28,2	  -3,1
s	   155,8206	 7	 39,77	 93,89	  13,8	  25,1	  29,4	  30,2	  31,3	  30,8	  28,1	  -3,3
s	   155,8781	 7	 39,92	 88,23	  12,8	  24,1	  28,5	  29,0	  30,2	  30,4	  28,1	  -3,3
s	   156,3753	 7	 91,46	 91,87	  15,3	  26,2	  30,4	  31,1	  32,3	  32,0	  29,0	  -1,6
s	   156,4013	 8	 39,70	 96,81	  12,5	  24,1	  28,4	  28,9	  30,1	  30,3	  27,9	  -3,5
s	   156,4586	 8	 39,99	 85,52	  13,0	  24,6	  29,0	  29,4	  30,6	  30,9	  28,7	  -1,9
s	   156,4668	 8	 91,46	 93,92	  12,3	  24,2	  29,7	  30,7	  31,9	  31,4	  28,9	  -1,7
s	   156,5368	 8	 91,46	 86,90	  11,3	  23,1	  28,3	  29,0	  30,3	  30,9	  27,9	  -3,5
s	   157,4498	 7	 39,31	 91,15	  13,7	  25,3	  29,8	  30,6	  31,7	  31,1	  29,0	  -1,8
s	   157,6143	 8	 39,24	 93,84	  13,5	  25,3	  29,8	  30,5	  31,6	  31,0	  28,8	  -1,9
s	   157,6712	 8	 39,39	 88,25	  12,5	  24,3	  28,9	  29,4	  30,5	  30,6	  28,8	  -1,9
s	   157,8197	 8	 39,47	 91,15	  12,7	  24,8	  29,5	  30,3	  31,3	  30,6	  28,8	  -1,9
s	   159,1570	 7	 91,44	 89,00	  14,6	  25,6	  29,5	  29,8	  31,1	  32,0	  28,6	  -2,3
s	   159,5038	 8	 91,44	 96,75	  11,6	  23,6	  28,7	  29,3	  30,7	  31,4	  28,4	  -2,5
s	   161,8083	 5	 90,61	 91,87	  15,9	  26,4	  30,4	  31,0	  32,3	  32,3	  28,5	  -2,6
s	   162,0239	 6	 90,61	 89,05	  14,7	  25,5	  29,4	  29,7	  31,1	  31,9	  28,4	  -2,7
s	   162,1988	 7	268,59	 87,92	  14,2	  25,1	  29,4	  30,1	  31,2	  30,9	  27,5	  -4,4
s	   162,2872	 8	268,59	 89,90	  11,2	  23,2	  28,6	  29,6	  30,8	  30,3	  27,4	  -4,5
s	   162,3647	 7	 90,61	 96,67	  12,4	  23,9	  28,9	  29,5	  30,9	  31,7	  28,3	  -2,9
s	   164,2370	 8	220,25	 88,62	  11,6	  23,8	  28,4	  29,2	  30,2	  29,4	  27,2	  -4,9
s	   165,3034	 6	 90,59	 91,88	  15,0	  26,0	  30,1	  30,7	  32,0	  31,9	  28,4	  -3,0
s	   165,5144	 7	 90,59	 89,11	  13,8	  25,1	  29,1	  29,5	  30,7	  31,4	  28,2	  -3,2
s	   165,6930	 8	268,62	 87,93	  13,8	  25,3	  29,6	  30,3	  31,4	  30,9	  28,1	  -3,3
s	   165,8482	 8	 90,60	 96,57	  11,5	  23,5	  28,6	  29,2	  30,5	  31,3	  28,1	  -3,4
s	   171,1284	 6	269,43	 87,93	  14,5	  25,5	  29,6	  30,2	  31,4	  31,3	  27,6	  -4,3
s	   171,2123	 7	269,43	 89,80	  12,3	  24,0	  29,1	  30,0	  31,3	  31,2	  27,5	  -4,4
s	   171,7013	 8	269,42	 83,39	  11,0	  23,0	  28,1	  28,7	  30,0	  30,7	  27,4	  -4,6
s	   171,7931	 6	 35,57	 91,05	  13,2	  24,3	  28,6	  29,4	  30,5	  29,9	  26,8	  -6,0
s	   171,9441	 7	 35,50	 93,53	  13,0	  24,2	  28,6	  29,3	  30,4	  29,8	  26,7	  -6,1
s	   171,9964	 7	 35,64	 88,39	  11,9	  23,3	  27,7	  28,2	  29,3	  29,4	  26,6	  -6,1
s	   172,4717	 8	 35,42	 96,18	  11,7	  23,2	  27,6	  28,1	  29,2	  29,4	  26,5	  -6,3
s	   172,5237	 8	 35,71	 85,93	  12,2	  23,7	  28,1	  28,6	  29,7	  29,9	  27,3	  -4,8
s	   173,6934	 7	 35,13	 91,04	  12,9	  24,5	  29,0	  29,8	  30,8	  30,1	  27,5	  -4,6
s	   173,8428	 8	 35,06	 93,49	  12,7	  24,4	  28,9	  29,7	  30,7	  30,0	  27,4	  -4,8
s	   173,8945	 8	 35,20	 88,41	  11,6	  23,5	  28,0	  28,5	  29,6	  29,6	  27,4	  -4,8
s	   174,0293	 8	 35,28	 91,05	  11,9	  24,0	  28,6	  29,4	  30,4	  29,6	  27,4	  -4,8
s	   174,6235	 7	269,44	 87,93	  13,6	  25,1	  29,3	  29,9	  31,1	  30,9	  27,5	  -4,8
s	   174,7057	 8	269,44	 89,77	  11,4	  23,6	  28,8	  29,7	  31,0	  30,7	  27,3	  -4,9
s	   180,8211	 6	 54,65	 91,52	  13,5	  24,1	  28,4	  29,2	  30,3	  29,6	  26,0	  -7,5
s	   180,9648	 7	 54,61	 93,87	  13,3	  24,1	  28,4	  29,1	  30,2	  29,5	  25,9	  -7,7
s	   181,0144	 7	 54,70	 88,99	  12,2	  23,1	  27,4	  27,9	  29,0	  29,1	  25,9	  -7,7
s	   181,4665	 8	 54,55	 96,40	  12,0	  23,1	  27,4	  27,8	  28,9	  29,0	  25,7	  -7,9
s	   181,5161	 8	 54,75	 86,64	  12,0	  23,1	  27,4	  27,8	  28,9	  29,0	  25,7	  -7,9
s	   186,0850	 7	 55,77	 91,55	  14,0	  24,6	  28,8	  29,6	  30,6	  29,8	  26,4	  -6,8
s	   186,2246	 8	 55,73	 93,83	  13,7	  24,5	  28,8	  29,5	  30,5	  29,8	  26,3	  -7,0
s	   186,2729	 8	 55,82	 89,08	  11,8	  23,2	  27,6	  28,1	  29,2	  29,1	  26,4	  -6,9
s	   186,4131	 8	 55,63	 91,54	  12,1	  23,7	  28,3	  29,1	  30,0	  29,1	  26,4	  -6,9
s	   187,9784	 8	126,84	 91,49	  12,0	  23,6	  28,2	  29,0	  30,0	  29,0	  26,2	  -7,2
s	   188,9475	 7	125,76	 91,52	  12,2	  23,3	  27,7	  28,5	  29,5	  28,6	  25,2	  -9,0
s	   189,0850	 8	125,81	 93,77	  11,9	  23,2	  27,7	  28,4	  29,4	  28,6	  25,1	  -9,2
s	   191,7950	 8	125,16	 91,53	  12,7	  23,9	  28,3	  29,0	  30,0	  29,1	  25,9	  -7,9
s	   193,8623	 8	302,71	 88,25	  12,6	  23,8	  28,2	  28,9	  29,9	  28,9	  25,7	  -8,3
s	   194,6436	 8	303,37	 88,27	  12,6	  23,7	  28,1	  28,9	  29,8	  28,9	  25,6	  -8,4
s	   201,9777	 8	358,22	 89,86	   9,1	  22,2	  26,9	  27,7	  28,6	  27,7	  25,1	  -9,6
s	   202,1928	 6	 29,71	 90,90	  11,8	  22,9	  27,2	  28,0	  29,0	  28,2	  24,3	 -11,2
s	   202,3215	 7	 29,65	 93,01	  11,6	  22,8	  27,2	  27,9	  29,0	  28,1	  24,2	 -11,3
s	   202,3660	 7	 29,78	 88,63	  10,5	  21,9	  26,3	  26,7	  27,8	  27,7	  24,2	 -11,3
s	   202,7713	 8	 29,58	 95,27	  10,3	  21,8	  26,2	  26,6	  27,7	  27,7	  24,0	 -11,5
s	   202,8158	 8	 29,84	 86,53	  10,8	  22,4	  26,7	  27,1	  28,2	  28,2	  24,8	  -9,9
s	   204,2195	 7	 29,39	 90,89	  11,5	  23,1	  27,6	  28,3	  29,3	  28,4	  25,0	  -9,8
s	   204,3470	 8	 29,33	 92,98	  11,3	  23,0	  27,5	  28,2	  29,2	  28,3	  24,9	 -10,0
s	   204,3911	 8	 29,46	 88,64	  10,2	  22,1	  26,6	  27,1	  28,1	  27,9	  24,9	 -10,0
s	   204,5062	 8	 29,53	 90,89	  10,5	  22,6	  27,2	  28,0	  29,0	  27,9	  24,9	 -10,0
s	   207,1600	 8	 91,11	 91,90	  11,9	  23,0	  27,2	  27,8	  28,9	  28,3	  23,7	 -12,2
s	   211,6303	 8	 71,95	 91,80	  11,0	  22,1	  26,7	  27,4	  28,4	  27,2	  23,3	 -13,0
s	   213,7810	 3	359,23	 89,90	  13,5	  24,0	  28,0	  28,7	  29,9	  29,3	  24,7	 -11,0
s	   213,7896	 4	359,08	 89,89	  12,5	  23,5	  27,7	  28,4	  29,5	  28,9	  24,6	 -11,1
s	   213,9029	 4	359,17	 91,89	  13,3	  23,9	  27,9	  28,6	  29,8	  29,3	  24,6	 -11,1
s	   213,9115	 5	359,01	 91,89	  12,3	  23,4	  27,6	  28,3	  29,4	  28,8	  24,5	 -11,2
s	   213,9450	 4	359,31	 87,75	  12,2	  23,0	  27,0	  27,5	  28,6	  28,9	  24,6	 -11,1
s	   213,9536	 5	359,16	 87,74	  11,3	  22,5	  26,7	  27,2	  28,3	  28,4	  24,5	 -11,2
s	   214,3288	 5	359,09	 94,04	  12,0	  22,9	  26,9	  27,4	  28,5	  28,8	  24,5	 -11,3
s	   214,3373	 6	358,94	 94,03	  11,0	  22,5	  26,6	  27,1	  28,2	  28,4	  24,4	 -11,4
s	   214,3708	 5	359,38	 85,76	  11,8	  22,7	  26,7	  27,1	  28,3	  28,6	  24,2	 -11,5
s	   214,3794	 6	359,22	 85,75	  11,0	  22,5	  26,6	  27,1	  28,2	  28,4	  24,4	 -11,4
s	   214,9964	 6	359,02	 96,02	  11,5	  22,6	  26,6	  27,0	  28,2	  28,5	  24,1	 -11,7
s	   215,0049	 7	358,87	 96,01	  10,8	  22,4	  26,6	  26,9	  28,1	  28,3	  24,2	 -11,6
s	   215,1222	 6	359,45	 83,63	  10,0	  21,0	  25,0	  25,1	  26,2	  27,3	  23,3	 -13,3
s	   215,3179	 7	166,51	 92,37	   9,8	  21,7	  27,0	  28,0	  29,1	  28,3	  24,2	 -11,7
s	   216,0055	 7	358,95	 98,13	   9,7	  20,9	  24,9	  24,9	  26,1	  27,2	  23,1	 -13,6
s	   216,0890	 7	359,52	 81,66	  10,2	  21,6	  25,6	  25,7	  26,9	  28,0	  23,9	 -12,0
s	   216,0975	 8	358,79	 98,28	  10,5	  22,2	  26,4	  26,8	  27,9	  28,0	  24,0	 -11,9
s	   216,0975	 8	359,37	 81,66	   9,5	  21,4	  25,5	  25,6	  26,8	  27,8	  24,0	 -11,9
s	   216,1110	 4	359,24	 89,90	  12,4	  23,4	  27,6	  28,3	  29,4	  28,8	  24,5	 -11,5
s	   216,2315	 5	359,17	 91,87	  12,2	  23,4	  27,5	  28,2	  29,3	  28,7	  24,3	 -11,6
s	   216,2732	 5	359,32	 87,77	  11,2	  22,4	  26,6	  27,1	  28,2	  28,3	  24,3	 -11,6
s	   216,6529	 6	359,10	 93,99	  10,9	  22,4	  26,5	  27,0	  28,1	  28,2	  24,2	 -11,8
s	   216,6945	 6	359,38	 85,80	  10,9	  22,4	  26,5	  27,0	  28,1	  28,2	  24,2	 -11,8
s	   217,2086	 8	358,88	100,08	   9,9	  21,5	  25,5	  25,6	  26,8	  27,9	  23,7	 -12,3
s	   217,3135	 7	359,03	 95,95	  10,7	  22,3	  26,5	  26,8	  28,0	  28,2	  24,0	 -12,0
s	   217,4162	 8	359,59	 79,57	   8,4	  19,9	  23,9	  23,6	  24,8	  26,7	  22,9	 -13,9
s	   217,4380	 7	359,46	 83,69	   9,7	  21,4	  25,5	  25,7	  26,8	  27,7	  24,0	 -12,0
s	   218,3121	 8	358,96	 98,05	   9,4	  21,3	  25,5	  25,6	  26,7	  27,7	  23,9	 -12,3
s	   218,3947	 8	359,53	 81,75	   9,4	  21,3	  25,4	  25,6	  26,7	  27,7	  23,9	 -12,3
s	   218,9328	 5	 13,28	 88,28	  12,6	  23,0	  27,0	  27,4	  28,6	  28,8	  24,1	 -12,0
s	   219,0112	 7	 90,45	 91,90	  12,2	  23,3	  27,4	  27,9	  29,1	  28,7	  23,7	 -12,5
s	   219,1714	 8	 90,45	 89,80	  10,9	  22,4	  26,4	  26,7	  27,8	  28,2	  23,6	 -12,6
s	   219,2632	 8	 13,04	 98,50	  10,1	  21,0	  24,9	  24,9	  26,1	  27,2	  22,8	 -14,2
s	   219,3491	 6	 13,35	 86,33	  12,1	  22,7	  26,7	  27,1	  28,2	  28,5	  23,8	 -12,5
s	   219,6059	 4	180,75	 89,90	  12,3	  23,3	  27,4	  28,2	  29,3	  28,6	  24,2	 -12,0
s	   219,7246	 5	180,81	 91,84	  12,1	  23,2	  27,4	  28,1	  29,2	  28,5	  24,1	 -12,2
s	   219,7299	 5	 13,28	 90,38	  12,1	  23,1	  27,3	  28,1	  29,2	  28,3	  24,1	 -12,2
s	   219,7656	 5	180,67	 87,81	  11,0	  22,3	  26,5	  26,9	  28,0	  28,1	  24,1	 -12,2
s	   220,0215	 7	 13,00	 96,51	  12,9	  23,4	  27,5	  28,1	  29,2	  28,6	  23,6	 -12,7
s	   220,1394	 6	180,88	 93,93	  10,8	  22,2	  26,4	  26,8	  27,9	  28,1	  23,9	 -12,4
s	   220,1804	 6	180,61	 85,87	  10,6	  22,0	  26,2	  26,6	  27,7	  27,8	  23,7	 -12,6
s	   220,2630	 7	 13,14	 94,41	  10,6	  22,1	  26,3	  26,7	  27,8	  27,8	  23,8	 -12,5
s	   220,6059	 7	 14,01	 92,34	  10,3	  21,7	  27,0	  28,0	  29,1	  28,3	  23,8	 -12,5
s	   220,7897	 7	180,95	 95,86	  10,3	  21,9	  26,1	  26,5	  27,6	  27,8	  23,5	 -12,8
s	   220,8424	 8	 13,47	 84,75	   7,3	  19,6	  24,9	  25,3	  26,4	  27,2	  23,7	 -12,7
s	   220,9122	 7	180,53	 83,79	   8,8	  20,3	  24,4	  24,5	  25,6	  26,5	  22,7	 -14,4
s	   221,2003	 6	 13,15	 88,29	  11,5	  22,5	  26,6	  27,0	  28,1	  28,2	  23,9	 -12,5
s	   221,3327	 7	 13,29	 88,30	  10,5	  22,0	  26,3	  26,7	  27,7	  27,7	  23,7	 -12,7
s	   221,6124	 7	 13,21	 86,37	  11,3	  22,4	  26,5	  26,9	  28,0	  28,1	  23,7	 -12,7
s	   221,7446	 8	 13,35	 86,37	  10,3	  21,9	  26,2	  26,6	  27,6	  27,7	  23,6	 -12,8
s	   221,7729	 8	181,02	 97,92	   8,5	  20,2	  24,3	  24,4	  25,5	  26,5	  22,6	 -14,6
s	   221,8542	 8	180,47	 81,88	   9,0	  20,9	  25,1	  25,2	  26,3	  27,2	  23,4	 -13,1
s	   221,9359	 5	180,74	 89,90	  11,2	  22,7	  27,0	  27,8	  28,8	  28,0	  23,9	 -12,5
s	   221,9441	 6	180,89	 89,90	  10,3	  22,3	  26,7	  27,5	  28,5	  27,6	  23,8	 -12,6
s	   222,0533	 6	180,80	 91,82	  11,0	  22,7	  27,0	  27,7	  28,7	  28,0	  23,8	 -12,7
s	   222,0616	 7	180,95	 91,82	  10,0	  22,2	  26,7	  27,4	  28,4	  27,5	  23,7	 -12,8
s	   222,0939	 6	180,67	 87,83	  10,0	  21,7	  26,0	  26,5	  27,6	  27,6	  23,8	 -12,7
s	   222,1022	 7	180,81	 87,82	   9,0	  21,3	  25,7	  26,2	  27,2	  27,1	  23,7	 -12,8
s	   222,2780	 8	 12,87	 96,44	  12,0	  23,1	  27,3	  27,9	  29,0	  28,3	  23,6	 -12,9
s	   222,4638	 7	180,88	 93,89	   9,7	  21,7	  26,0	  26,4	  27,5	  27,5	  23,7	 -12,8
s	   222,4721	 8	181,02	 93,89	   8,8	  21,2	  25,7	  26,1	  27,1	  27,0	  23,5	 -13,0
s	   222,5044	 7	180,60	 85,91	   9,7	  21,7	  26,0	  26,4	  27,5	  27,5	  23,7	 -12,8
s	   222,5064	 8	 90,44	 91,90	  11,3	  23,0	  27,1	  27,7	  28,8	  28,3	  23,5	 -13,0
s	   222,5126	 8	180,75	 85,91	   8,8	  21,2	  25,7	  26,1	  27,1	  27,0	  23,5	 -13,0
s	   222,8655	 8	 13,87	 92,32	   9,3	  21,2	  26,6	  27,6	  28,6	  27,7	  23,5	 -13,0
s	   223,1074	 8	180,94	 95,80	   9,5	  21,6	  25,9	  26,3	  27,4	  27,4	  23,5	 -13,1
s	   223,2288	 8	180,53	 83,85	   8,5	  20,7	  25,0	  25,1	  26,2	  27,0	  23,5	 -13,1
s	   224,2520	 8	 67,47	 91,75	  10,5	  21,6	  26,1	  26,9	  27,8	  26,5	  22,4	 -15,0
s	   224,6458	 5	167,91	 90,34	  11,9	  22,9	  27,1	  27,9	  28,9	  28,1	  23,7	 -13,0
s	   224,7618	 6	167,98	 92,24	  11,6	  22,8	  27,1	  27,8	  28,9	  28,0	  23,6	 -13,1
s	   225,1674	 7	168,05	 94,28	  10,4	  21,9	  26,1	  26,5	  27,6	  27,6	  23,5	 -13,3
s	   225,4034	 6	167,06	 90,37	  10,9	  22,4	  26,8	  27,5	  28,6	  27,6	  23,5	 -13,2
s	   225,4552	 6	167,10	 88,32	  10,6	  22,0	  26,2	  26,6	  27,7	  27,8	  23,5	 -13,2
s	   225,8596	 7	167,04	 86,43	  10,9	  22,1	  26,2	  26,5	  27,6	  27,9	  23,2	 -13,6
s	   225,9234	 8	167,71	 84,37	   9,1	  20,4	  24,4	  24,5	  25,6	  26,4	  22,3	 -15,3
s	   225,9234	 8	167,19	 94,30	   9,4	  21,4	  25,8	  26,2	  27,2	  27,1	  23,3	 -13,5
s	   226,5129	 8	167,37	 96,32	  10,9	  22,5	  26,7	  27,3	  28,4	  27,6	  23,0	 -13,8
s	   226,9247	 6	168,04	 90,34	  10,8	  22,3	  26,7	  27,5	  28,5	  27,5	  23,4	 -13,5
s	   227,0396	 7	168,10	 92,22	  10,6	  22,3	  26,7	  27,4	  28,4	  27,5	  23,3	 -13,6
s	   227,0462	 7	167,89	 90,34	   9,8	  21,9	  26,4	  27,2	  28,1	  27,1	  23,3	 -13,6
s	   227,1611	 8	167,96	 92,22	   9,6	  21,8	  26,4	  27,1	  28,0	  27,0	  23,2	 -13,7
s	   227,4413	 8	168,17	 94,24	   9,3	  21,3	  25,7	  26,1	  27,1	  27,0	  23,2	 -13,8
s	   227,7262	 7	167,23	 88,34	   9,5	  21,5	  25,8	  26,2	  27,3	  27,2	  23,3	 -13,7
s	   227,8549	 8	167,09	 88,35	   8,6	  21,0	  25,5	  25,9	  26,9	  26,8	  23,1	 -13,8
s	   228,1266	 8	167,17	 86,47	  10,0	  21,8	  26,0	  26,3	  27,4	  27,6	  23,1	 -13,9
s	   228,3316	 8	269,57	 87,95	  10,8	  22,5	  26,7	  27,2	  28,3	  27,8	  22,9	 -14,1
s	   231,3241	 6	 12,49	 90,36	  12,1	  22,9	  27,1	  27,8	  28,8	  27,9	  23,1	 -14,2
s	   231,4368	 7	 12,43	 92,20	  11,9	  22,8	  27,0	  27,7	  28,7	  27,9	  23,0	 -14,3
s	   231,8310	 8	 12,36	 94,19	  10,6	  21,8	  26,0	  26,4	  27,5	  27,4	  22,9	 -14,5
s	   232,3383	 8	 63,12	 91,69	  10,2	  21,3	  25,8	  26,6	  27,5	  26,2	  21,8	 -16,3
s	   233,5996	 7	 12,37	 90,35	  11,1	  22,3	  26,7	  27,4	  28,4	  27,3	  22,8	 -14,7
s	   233,7112	 8	 12,31	 92,18	  10,9	  22,3	  26,6	  27,3	  28,3	  27,3	  22,7	 -14,8
s	   233,7251	 8	 12,51	 90,36	  10,1	  21,9	  26,3	  27,0	  28,0	  26,9	  22,7	 -14,8
s	   234,9178	 6	 25,31	 90,77	  10,5	  21,6	  25,9	  26,7	  27,7	  26,6	  21,8	 -16,5
s	   235,0289	 7	 25,26	 92,59	  10,3	  21,5	  25,9	  26,6	  27,6	  26,5	  21,7	 -16,7
s	   235,0673	 7	 25,37	 88,82	   9,3	  20,6	  24,9	  25,4	  26,4	  26,1	  21,7	 -16,7
s	   235,4171	 8	 25,20	 94,55	   9,0	  20,6	  24,9	  25,3	  26,3	  26,1	  21,6	 -16,8
s	   235,4554	 8	 25,43	 87,00	   9,5	  21,1	  25,4	  25,8	  26,8	  26,6	  22,4	 -15,3
s	   237,0261	 7	 25,08	 90,77	  10,2	  21,8	  26,3	  27,0	  28,0	  26,8	  22,6	 -15,2
s	   237,1361	 8	 25,02	 92,57	  10,0	  21,7	  26,2	  26,9	  27,9	  26,7	  22,5	 -15,3
s	   237,1742	 8	 25,14	 88,83	   9,0	  20,8	  25,3	  25,8	  26,7	  26,3	  22,5	 -15,3
s	   237,2737	 8	 25,20	 90,77	   9,2	  21,3	  25,9	  26,7	  27,6	  26,3	  22,5	 -15,4
s	   238,0046	 7	 25,89	 90,79	  10,2	  21,8	  26,2	  27,0	  27,9	  26,7	  22,5	 -15,4
s	   238,1521	 8	 25,95	 88,86	   8,9	  20,8	  25,3	  25,7	  26,7	  26,3	  22,4	 -15,5
s	   240,6051	 7	332,89	 89,03	   9,3	  20,9	  25,4	  26,1	  27,1	  25,9	  21,3	 -17,6
s	   240,6651	 8	332,85	 90,37	   7,1	  19,4	  24,9	  25,9	  26,9	  25,7	  21,2	 -17,7
s	   241,7844	 7	155,44	 90,75	  10,0	  21,6	  26,1	  26,8	  27,8	  26,6	  22,2	 -16,0
s	   241,9297	 8	155,38	 88,85	   8,8	  20,6	  25,1	  25,6	  26,5	  26,1	  22,1	 -16,1
s	   242,6812	 8	333,14	 89,04	   9,0	  21,1	  25,7	  26,5	  27,4	  26,1	  22,1	 -16,2
s	   243,2581	 8	154,70	 90,78	   9,0	  21,1	  25,7	  26,5	  27,3	  26,0	  22,0	 -16,3
s	   245,8038	 8	206,50	 89,05	   8,2	  20,3	  24,9	  25,6	  26,5	  25,2	  20,8	 -18,5
s	   252,8344	 7	 11,50	 88,50	   9,4	  20,9	  25,1	  25,5	  26,5	  26,3	  21,5	 -17,7
s	   253,1957	 8	 11,55	 86,81	   9,1	  20,8	  25,0	  25,4	  26,4	  26,2	  21,3	 -17,9
s	   254,7871	 8	346,60	 87,67	   8,3	  20,3	  24,7	  25,1	  26,1	  25,7	  21,2	 -18,2
s	   255,1174	 8	 11,39	 88,52	   8,3	  20,3	  24,7	  25,1	  26,1	  25,7	  21,2	 -18,2
s	   255,6075	 8	346,48	 89,47	   7,9	  20,4	  25,1	  25,8	  26,7	  25,3	  21,2	 -18,3
s	   257,0853	 8	347,35	 89,50	   7,8	  20,3	  25,0	  25,7	  26,6	  25,2	  21,1	 -18,5
s	   268,2742	 8	 22,03	 90,68	   8,2	  20,3	  24,9	  25,6	  26,4	  24,9	  20,3	 -20,3
s	   301,9435	 8	 19,49	 90,60	   7,2	  19,2	  23,8	  24,5	  25,3	  23,6	  18,1	 -25,5
#END
