#HEADER
CATT-Acoustic v8.0b    Copyright © CATT 1988-2003

 Project                : Aula Optica 

 GEOMETRICAL INFORMATION
 Src id and loc     [m] :   A0           0,400        0,600        1,300
 Rec id and loc     [m] :   18           8,000        7,600        1,200

 18       30,0968

 VARIABLE SOURCE DATA
 Directivity
   Type (library)       :  OMNI.SD0
   Dir. Index (DI) [dB] :       0,0      0,0      0,0      0,0      0,0      0,0      0,0      0,0
 Level
   On axis 1m      [dB] :      54,1     63,1     66,8     67,7     69,4     70,6     70,6     54,2
   Total power     [dB] :      65,0     74,0     77,7     78,6     80,3     81,5     81,5     65,1
   Auxiliary delay [ms] :       0,0

 VARIABLE AIR DATA
 Temperature       [°C] :      20
 Relative humidity  [%] :      50
 Density        [kg/m³] :       1,2
 Sound speed      [m/s] :     343
 Impedance      [Ns/m³] :     412
 Diss. coeff. [0.001/m] :      0,10     0,30     0,63     1,07     2,28     6,83    24,23    83,90      (estimated)

#DATAFIELDS
 TYPE DELAY ORDER AZIMUTH ELEVATION SPL125 SPL250 SPL500 SPL1K SPL2K SPL4K SPL8K SPL16K
#DATA
d	     0,0000	 0	108,76	 90,15	  33,8	  42,8	  46,5	  47,4	  49,0	  50,0	  49,2	  30,2
s	     0,8670	 1	108,82	104,31	  32,9	  42,1	  45,7	  46,6	  48,2	  49,3	  48,4	  29,2
*	    45,9010	 1	248,52	 97,45	 -15,2	  -6,1	  -2,4	  -1,6	  -0,0	   0,7	  -1,4	 -24,5
*	    43,5647	 1	229,25	 97,32	 -14,8	  -5,7	  -2,0	  -1,2	   0,4	   1,1	  -0,9	 -23,8
*	    45,0540	 1	212,85	 96,57	 -15,9	  -6,8	  -3,1	  -2,3	  -0,7	   0,0	  -2,0	 -25,1
*	    30,4126	 1	250,71	101,56	  -8,0	   1,2	   4,9	   5,7	   7,3	   8,1	   6,5	 -15,3
*	    27,8888	 1	222,06	100,92	  -7,7	   1,4	   5,1	   5,9	   7,5	   8,4	   6,8	 -14,8
*	    30,2067	 1	201,36	 98,80	 -10,0	  -0,8	   2,9	   3,7	   5,3	   6,1	   4,5	 -17,3
*	    15,6879	 1	257,52	113,31	   2,7	  11,9	  15,6	  16,4	  18,0	  18,9	  17,7	  -2,8
*	    13,3066	 1	203,79	108,84	   1,6	  10,7	  14,4	  15,2	  16,8	  17,8	  16,6	  -3,7
*	    17,0216	 1	181,53	101,75	  -3,5	   5,7	   9,4	  10,2	  11,8	  12,7	  11,4	  -9,2
*	     5,0003	 1	355,11	151,11	  15,0	  24,2	  27,9	  28,7	  30,3	  31,4	  30,4	  10,9
*	     2,9867	 1	148,34	118,25	   9,4	  18,5	  22,2	  23,1	  24,7	  25,7	  24,8	   5,5
*	     7,2290	 1	151,68	103,51	   2,0	  11,2	  14,9	  15,7	  17,3	  18,3	  17,3	  -2,5
*	     6,0750	 1	 53,03	111,28	   5,4	  14,6	  18,2	  19,1	  20,7	  21,7	  20,7	   1,1
*	     1,1005	 1	100,25	108,05	   7,1	  16,2	  19,9	  20,8	  22,4	  23,4	  22,6	   3,4
*	     2,0734	 1	123,07	101,94	   5,6	  14,8	  18,5	  19,3	  20,9	  22,0	  21,1	   1,8
s	     1,1615	 1	108,69	 75,03	  31,3	  40,4	  44,0	  44,5	  46,2	  48,0	  47,5	  27,6
*	    60,5056	 1	219,19	 82,58	 -17,8	  -7,9	  -4,1	  -3,4	  -1,8	  -0,5	  -2,5	 -25,2
*	    58,8809	 1	232,13	 81,86	 -17,0	  -7,2	  -3,3	  -2,6	  -1,0	   0,3	  -1,6	 -24,2
*	    60,3317	 1	246,66	 81,53	 -17,2	  -7,3	  -3,5	  -2,8	  -1,2	   0,2	  -1,8	 -24,6
*	    45,2308	 1	211,71	 80,95	 -12,8	  -3,0	   0,9	   1,6	   3,2	   4,7	   3,1	 -18,3
*	    43,0346	 1	227,54	 79,55	 -11,5	  -1,6	   2,2	   3,0	   4,5	   6,0	   4,5	 -16,7
*	    44,5584	 1	246,85	 78,88	 -11,6	  -1,7	   2,1	   2,9	   4,5	   5,9	   4,4	 -17,0
*	    30,8001	 1	199,67	 78,71	  -7,2	   2,7	   6,6	   7,3	   8,9	  10,5	   9,3	 -10,9
*	    27,6734	 1	218,83	 75,42	  -4,6	   5,3	   9,1	   9,9	  11,5	  13,1	  11,9	  -7,9
*	    29,1315	 1	247,26	 73,54	  -4,2	   5,6	   9,5	  10,3	  11,9	  13,4	  12,3	  -7,7
*	    18,0950	 1	179,94	 76,16	  -1,1	   8,8	  12,6	  13,4	  15,0	  16,7	  15,8	  -3,2
*	    13,6283	 1	198,11	 67,59	   3,9	  13,8	  17,6	  18,4	  20,0	  21,7	  20,9	   2,3
*	    14,5047	 1	248,57	 58,13	   6,5	  16,4	  20,2	  21,0	  22,6	  24,3	  23,5	   4,8
*	     8,5959	 1	152,23	 75,28	   4,1	  13,9	  17,8	  18,6	  20,2	  21,9	  21,3	   3,1
*	     3,8488	 1	148,23	 61,76	  10,4	  20,3	  24,1	  24,9	  26,5	  28,3	  27,8	  10,0
*	     4,2524	 1	 50,45	 14,70	  17,2	  27,0	  30,9	  31,7	  33,3	  35,1	  34,5	  16,8
*	     3,1849	 1	126,10	 77,44	   8,1	  17,9	  21,8	  22,6	  24,2	  26,0	  25,5	   7,8
*	     1,2300	 1	106,46	 71,07	   9,7	  19,6	  23,5	  24,2	  25,9	  27,7	  27,2	   9,7
*	     4,9026	 1	 64,21	 65,56	   8,9	  18,7	  22,6	  23,4	  25,0	  26,8	  26,2	   8,4
*	     1,6168	 1	108,72	 80,35	  13,4	  23,2	  27,1	  27,9	  29,5	  31,3	  30,8	  13,3
*	     3,5542	 1	 90,39	 77,98	   7,9	  17,7	  21,6	  22,4	  24,0	  25,8	  25,3	   7,6
*	     9,6245	 1	 65,10	 76,72	   3,2	  13,1	  17,0	  17,8	  19,4	  21,1	  20,4	   2,2
s	     1,7530	 1	105,92	 90,20	  32,1	  41,6	  45,5	  46,3	  47,9	  48,8	  48,3	  29,1
*	    19,1243	 1	 54,10	 92,37	  -4,0	   5,5	   9,3	  10,2	  11,7	  12,5	  11,6	  -9,2
*	     8,5702	 1	 80,17	 92,48	   3,0	  12,5	  16,4	  17,2	  18,8	  19,7	  19,0	  -0,8
*	     2,6079	 1	101,62	 92,20	  17,4	  26,9	  30,8	  31,6	  33,2	  34,1	  33,6	  14,3
*	    14,8974	 1	 64,00	 83,17	 -13,3	  -4,1	  -0,4	   0,4	   2,0	   3,0	   5,7	 -13,0
*	    14,5687	 1	 63,98	 87,65	 -13,1	  -3,9	  -0,2	   0,6	   2,2	   3,1	   5,9	 -12,8
*	    13,0794	 1	 68,52	 83,19	 -12,1	  -3,0	   0,7	   1,6	   3,2	   4,1	   6,9	 -11,6
*	    12,7358	 1	 68,50	 87,67	 -11,9	  -2,7	   0,9	   1,8	   3,4	   4,3	   7,1	 -11,4
*	    11,4092	 1	 73,01	 83,26	 -10,9	  -1,8	   1,9	   2,7	   4,4	   5,3	   8,2	 -10,2
*	    11,0486	 1	 72,99	 87,71	 -10,7	  -1,5	   2,1	   3,0	   4,6	   5,6	   8,4	 -10,0
*	     9,8856	 1	 77,42	 83,36	  -9,7	  -0,5	   3,1	   4,0	   5,6	   6,6	   9,5	  -8,8
*	     9,5049	 1	 77,41	 87,76	  -9,4	  -0,3	   3,4	   4,2	   5,9	   6,8	   9,7	  -8,5
*	     8,5056	 1	 81,69	 83,50	  -8,4	   0,8	   4,5	   5,3	   6,9	   7,9	  10,8	  -7,3
*	     8,1001	 1	 81,68	 87,83	  -8,1	   1,1	   4,8	   5,6	   7,3	   8,2	  11,2	  -6,9
*	     7,2656	 1	 85,80	 83,66	  -6,9	   2,3	   5,9	   6,8	   8,4	   9,4	  12,3	  -5,7
*	     6,8280	 1	 85,79	 87,90	  -6,5	   2,6	   6,3	   7,2	   8,8	   9,8	  12,7	  -5,2
*	     6,1627	 1	 89,70	 83,86	  -5,2	   3,9	   7,6	   8,4	  10,1	  11,1	  14,0	  -3,9
*	     5,6814	 1	 89,70	 87,98	  -4,8	   4,4	   8,1	   8,9	  10,6	  11,6	  14,5	  -3,3
*	     5,1974	 1	 93,38	 84,07	  -3,3	   5,9	   9,6	  10,4	  12,0	  13,0	  16,0	  -1,8
*	     4,6539	 1	 93,38	 88,05	  -2,6	   6,5	  10,2	  11,1	  12,7	  13,7	  16,7	  -1,1
*	     4,3794	 1	 96,84	 84,28	  -1,0	   8,2	  11,9	  12,7	  14,4	  15,4	  18,4	   0,6
*	     3,7415	 1	 96,84	 88,14	   0,0	   9,2	  12,9	  13,7	  15,4	  16,4	  19,4	   1,7
*	     3,7409	 1	100,07	 84,49	   1,9	  11,1	  14,8	  15,6	  17,2	  18,2	  21,3	   3,6
*	     2,9485	 1	100,07	 88,23	   3,6	  12,8	  16,4	  17,3	  18,9	  19,9	  23,0	   5,4
s	     2,1290	 2	106,71	 90,20	  31,1	  41,1	  45,0	  45,9	  47,5	  48,3	  48,1	  28,8
s	     2,4695	 1	113,29	 90,17	  31,9	  41,4	  45,3	  46,1	  47,7	  48,6	  48,1	  28,8
*	     3,5466	 1	117,67	 86,01	  16,3	  25,8	  29,6	  30,5	  32,1	  33,0	  32,4	  13,0
s	     2,5735	 2	105,97	103,60	  31,7	  41,4	  45,2	  46,0	  47,6	  48,5	  48,0	  28,7
s	     2,8528	 2	105,87	 75,87	  30,6	  40,4	  44,2	  44,8	  46,4	  48,1	  47,9	  28,6
s	     2,8682	 2	112,54	 90,18	  30,9	  40,9	  44,8	  45,7	  47,3	  48,1	  47,9	  28,6
s	     2,9402	 3	106,76	103,45	  30,6	  40,8	  44,8	  45,6	  47,2	  48,0	  47,8	  28,4
s	     3,2164	 3	106,66	 76,03	  29,5	  39,8	  43,8	  44,4	  45,9	  47,5	  47,7	  28,3
s	     3,2724	 2	113,36	103,29	  31,5	  41,2	  45,0	  45,8	  47,4	  48,4	  47,8	  28,4
*	     3,2869	 1	 95,38	 96,81	   0,0	   9,7	  14,4	  15,6	  17,2	  18,2	  17,4	  -2,0
*	     6,7765	 1	 81,55	 97,43	  -5,1	   4,6	   9,3	  10,5	  12,1	  13,1	  12,2	  -7,5
*	    11,8771	 1	 65,64	 97,61	  -9,0	   0,7	   5,5	   6,6	   8,2	   9,2	   8,1	 -12,0
s	     3,5458	 2	113,21	 76,15	  30,4	  40,2	  44,0	  44,6	  46,2	  47,9	  47,7	  28,3
s	     3,6616	 3	112,61	103,15	  30,4	  40,6	  44,6	  45,4	  47,0	  47,8	  47,5	  28,1
s	     3,7269	 2	108,89	117,86	  30,4	  39,6	  43,3	  43,8	  45,4	  47,2	  46,6	  26,4
s	     3,9320	 3	112,47	 76,32	  29,3	  39,6	  43,6	  44,2	  45,7	  47,3	  47,5	  28,0
s	     4,7559	 3	105,83	 66,76	  27,9	  38,3	  43,2	  44,1	  45,7	  47,4	  47,2	  27,7
s	     5,0998	 4	106,62	 67,00	  26,8	  37,8	  42,8	  43,7	  45,3	  46,8	  47,0	  27,5
s	     5,2958	 3	106,02	116,58	  29,7	  39,7	  43,5	  44,1	  45,7	  47,4	  47,1	  27,5
s	     5,6345	 4	106,82	116,31	  28,7	  39,2	  43,1	  43,7	  45,2	  46,8	  46,9	  27,3
s	     5,9419	 3	113,43	116,05	  29,6	  39,5	  43,4	  43,9	  45,5	  47,2	  46,9	  27,3
s	     6,1952	 3	113,15	 64,49	  29,5	  39,5	  43,3	  43,9	  45,4	  47,1	  46,8	  27,2
s	     6,3026	 4	112,68	115,79	  28,5	  39,0	  43,0	  43,5	  45,1	  46,7	  46,7	  27,0
*	     6,4729	 1	110,70	 82,28	  -2,0	   7,5	  11,4	  12,2	  13,8	  14,7	  14,1	  -5,6
s	     6,5535	 4	112,41	 64,77	  28,5	  38,9	  42,9	  43,5	  45,0	  46,6	  46,6	  27,0
s	     6,6849	 3	108,93	125,80	  27,9	  38,0	  42,8	  43,6	  45,3	  47,1	  46,5	  26,8
s	     7,4228	 1	 12,28	 89,71	  30,7	  39,7	  43,5	  44,4	  46,0	  46,8	  45,7	  25,2
*	    10,1922	 1	 43,27	 96,74	   8,2	  17,2	  21,0	  21,9	  23,5	  24,3	  24,3	   6,1
*	     8,3424	 1	 32,91	 99,16	  11,8	  20,8	  24,6	  25,5	  27,0	  27,8	  28,0	   9,9
*	     7,6302	 1	 10,41	103,22	  16,0	  25,0	  28,8	  29,6	  31,2	  32,0	  32,2	  14,1
*	     8,1451	 1	 10,92	 65,14	  15,0	  24,0	  27,8	  28,7	  30,3	  31,1	  31,2	  13,1
*	     9,3283	 1	326,80	105,15	  17,1	  26,2	  29,9	  30,8	  32,4	  33,2	  33,3	  15,1
*	     9,9164	 1	327,32	 60,41	  15,8	  24,8	  28,6	  29,5	  31,1	  31,9	  32,0	  13,7
*	    14,2355	 1	290,81	100,53	  11,9	  20,9	  24,7	  25,5	  27,1	  27,9	  27,9	   9,2
*	    14,6815	 1	290,97	 67,59	  11,1	  20,2	  23,9	  24,8	  26,4	  27,2	  27,1	   8,4
*	    20,7645	 1	274,41	 96,87	   5,8	  14,8	  18,6	  19,5	  21,0	  21,7	  21,5	   2,3
*	    21,0831	 1	274,43	 74,23	   5,4	  14,5	  18,2	  19,1	  20,7	  21,4	  21,2	   1,9
*	    27,9141	 1	266,41	 94,83	   0,7	   9,8	  13,5	  14,4	  15,9	  16,6	  16,2	  -3,6
*	    28,1574	 1	266,40	 78,15	   0,5	   9,6	  13,3	  14,2	  15,7	  16,4	  16,0	  -3,9
*	    35,3711	 1	261,84	 93,63	  -3,5	   5,6	   9,3	  10,2	  11,7	  12,3	  11,8	  -8,8
*	    35,5676	 1	261,82	 80,54	  -3,6	   5,4	   9,2	  10,1	  11,6	  12,2	  11,6	  -8,9
*	    43,0165	 1	258,92	 92,84	  -7,0	   2,0	   5,8	   6,6	   8,1	   8,7	   7,9	 -13,3
*	    43,1816	 1	258,89	 82,12	  -7,1	   1,9	   5,7	   6,5	   8,0	   8,6	   7,8	 -13,4
*	    50,7924	 1	256,90	 92,29	 -10,1	  -1,1	   2,6	   3,5	   5,0	   5,5	   4,5	 -17,3
*	    50,9350	 1	256,88	 83,22	 -10,2	  -1,2	   2,6	   3,4	   4,9	   5,5	   4,5	 -17,4
*	    58,6648	 1	255,44	 91,89	 -12,9	  -3,9	  -0,1	   0,7	   2,2	   2,7	   1,5	 -21,1
*	    58,7904	 1	255,41	 84,04	 -12,9	  -3,9	  -0,2	   0,7	   2,2	   2,6	   1,5	 -21,1
s	     8,1218	 2	 12,13	101,14	  30,8	  40,0	  43,8	  44,6	  46,2	  47,1	  46,2	  26,4
s	     8,3607	 2	 12,44	 77,47	  29,2	  38,4	  42,1	  42,6	  44,2	  45,8	  45,3	  24,7
s	     8,5061	 3	108,57	 51,93	  28,0	  37,5	  41,1	  41,4	  43,0	  45,6	  45,2	  24,6
s	     8,6559	 4	106,06	125,45	  26,7	  37,4	  42,3	  43,1	  44,7	  46,4	  46,1	  26,2
s	     8,8430	 2	 15,05	 89,77	  30,2	  39,7	  43,6	  44,5	  46,0	  46,7	  46,2	  26,4
s	     9,5170	 3	 14,90	100,79	  29,8	  39,5	  43,4	  44,3	  45,8	  46,5	  45,9	  26,0
s	     9,7476	 3	 15,20	 77,96	  28,7	  38,5	  42,4	  43,0	  44,6	  46,1	  45,9	  25,9
s	     9,7774	 4	113,50	125,93	  28,5	  38,6	  42,4	  42,9	  44,5	  46,2	  45,8	  25,8
*	     9,7921	 1	145,29	 99,85	 -13,6	  -4,1	  -0,3	   0,6	   2,2	   3,0	   2,3	 -17,6
s	     9,8879	 4	105,77	 53,52	  27,4	  37,7	  41,5	  41,8	  43,3	  45,8	  45,7	  25,8
s	    10,1037	 5	112,75	125,61	  27,4	  38,1	  42,1	  42,6	  44,1	  45,7	  45,6	  25,6
s	    10,1880	 5	106,56	 53,84	  26,4	  37,1	  41,1	  41,4	  42,9	  45,3	  45,6	  25,6
s	    10,2974	 2	  9,35	 89,71	  29,8	  39,4	  43,3	  44,2	  45,7	  46,4	  45,9	  25,9
s	    10,4609	 4	113,07	 54,10	  27,3	  37,5	  41,4	  41,6	  43,2	  45,7	  45,6	  25,6
s	    10,4734	 3	 11,97	112,52	  28,6	  37,9	  41,6	  42,1	  43,7	  45,3	  44,7	  23,9
s	    10,6196	 3	 10,04	 89,72	  28,8	  38,9	  42,9	  43,8	  45,3	  45,9	  45,7	  25,6
s	    10,7818	 5	112,34	 54,44	  26,3	  37,0	  41,0	  41,3	  42,8	  45,1	  45,4	  25,4
s	    10,9474	 3	  9,21	100,34	  29,5	  39,2	  43,1	  43,9	  45,5	  46,2	  45,6	  25,5
s	    11,1701	 3	  9,50	 78,31	  28,4	  38,2	  42,1	  42,7	  44,3	  45,7	  45,5	  25,5
s	    11,2645	 4	  9,90	100,27	  28,4	  38,7	  42,7	  43,6	  45,0	  45,7	  45,4	  25,3
s	    11,3352	 4	 15,30	 70,22	  26,2	  36,6	  41,6	  42,5	  44,1	  45,6	  45,4	  25,3
s	    11,4855	 4	 10,18	 78,41	  27,4	  37,7	  41,8	  42,4	  43,8	  45,2	  45,3	  25,2
s	    11,7904	 4	 14,75	111,82	  28,1	  38,1	  42,0	  42,5	  44,0	  45,6	  45,3	  25,1
*	    12,5208	 1	 38,37	 83,39	   7,9	  17,1	  20,8	  21,6	  23,2	  24,2	  23,0	   2,8
*	    16,4318	 1	 46,54	 85,44	   4,3	  13,5	  17,2	  18,0	  19,6	  20,6	  19,3	  -1,3
s	    12,7634	 6	121,11	 68,69	  23,9	  35,6	  40,8	  41,5	  43,1	  44,6	  44,8	  24,6
s	    12,9705	 4	 11,86	119,56	  26,3	  36,5	  41,3	  42,1	  43,8	  45,4	  44,7	  24,5
s	    13,0091	 5	 10,29	 70,96	  24,8	  35,8	  41,0	  41,8	  43,3	  44,7	  44,9	  24,6
s	    13,1457	 4	  9,06	111,04	  27,8	  37,8	  41,7	  42,2	  43,8	  45,3	  44,9	  24,7
s	    13,2281	 4	109,01	136,71	  26,7	  36,5	  40,1	  40,3	  41,9	  44,5	  43,9	  22,9
s	    13,4468	 5	  9,75	110,89	  26,7	  37,3	  41,3	  41,9	  43,3	  44,8	  44,8	  24,5
s	    14,1726	 6	 98,27	120,66	  22,4	  34,2	  40,3	  41,4	  43,0	  44,6	  44,5	  24,1
s	    14,2133	 5	 14,65	118,70	  25,3	  36,0	  41,0	  41,8	  43,4	  44,9	  44,6	  24,2
s	    14,4637	 5	106,12	135,10	  26,3	  36,7	  40,5	  40,7	  42,3	  44,8	  44,5	  24,2
s	    14,7332	 6	106,93	134,76	  25,2	  36,2	  40,1	  40,4	  41,9	  44,3	  44,4	  24,0
s	    15,1401	 6	106,51	 46,14	  25,2	  36,1	  40,1	  40,3	  41,8	  44,2	  44,3	  23,8
s	    15,3833	 5	113,58	134,96	  27,1	  37,3	  41,2	  41,7	  43,2	  44,8	  44,3	  23,9
s	    15,3833	 5	113,00	 46,42	  26,1	  36,5	  40,3	  40,5	  42,1	  44,6	  44,3	  23,9
s	    15,6696	 6	112,83	134,61	  26,1	  36,8	  40,8	  41,3	  42,8	  44,3	  44,1	  23,7
s	    15,6696	 6	112,27	 46,77	  25,1	  36,0	  40,0	  40,2	  41,7	  44,1	  44,1	  23,7
s	    15,8362	 7	121,49	120,70	  23,1	  34,9	  40,1	  40,9	  42,4	  43,9	  44,0	  23,5
s	    16,9782	 5	  9,79	 59,22	  25,8	  36,1	  40,0	  40,2	  41,8	  44,0	  44,0	  23,4
s	    17,2549	 6	 10,47	 59,43	  24,8	  35,6	  39,6	  39,9	  41,4	  43,5	  43,8	  23,2
s	    17,3796	 7	117,59	132,63	  24,5	  35,5	  39,5	  39,8	  41,2	  43,5	  43,6	  23,0
s	    17,6540	 8	116,85	132,34	  23,5	  35,0	  39,2	  39,4	  40,8	  43,0	  43,5	  22,8
*	    18,2841	 1	 53,69	 91,05	  -6,6	   2,4	   6,2	   7,0	   8,6	   9,3	   9,2	  -9,8
*	    18,4351	 1	 53,66	 95,06	  -6,7	   2,3	   6,1	   6,9	   8,5	   9,2	   9,1	  -9,9
s	    18,6776	 5	 11,66	129,87	  25,5	  35,3	  39,0	  39,1	  40,7	  43,1	  42,6	  21,1
s	    18,8942	 6	120,27	 51,67	  21,0	  32,6	  38,6	  39,3	  41,0	  43,4	  43,2	  22,4
s	    18,9586	 5	109,08	142,87	  25,9	  36,0	  39,7	  39,9	  41,5	  44,1	  43,3	  22,5
*	    19,9805	 1	 52,03	 83,22	 -16,3	  -7,3	  -3,5	  -2,7	  -1,1	  -0,4	  -0,5	 -19,7
*	    19,7082	 1	 52,00	 87,11	 -16,2	  -7,1	  -3,4	  -2,5	  -0,9	  -0,2	  -0,4	 -19,5
s	    19,7784	 6	 14,46	128,86	  25,1	  35,5	  39,4	  39,6	  41,2	  43,5	  43,2	  22,4
s	    19,8838	 5	108,45	 37,73	  24,2	  34,3	  37,9	  37,8	  39,4	  42,7	  42,3	  20,7
s	    19,9903	 7	117,56	 52,69	  20,1	  32,2	  38,3	  39,0	  40,6	  43,0	  43,1	  22,2
s	    20,0532	 6	106,17	141,29	  25,0	  35,6	  39,4	  39,6	  41,2	  43,6	  43,2	  22,3
s	    20,2929	 7	106,98	140,96	  24,0	  35,1	  39,1	  39,2	  40,8	  43,1	  43,0	  22,1
s	    20,5113	 6	113,65	140,64	  24,9	  35,5	  39,3	  39,5	  41,1	  43,6	  43,1	  22,2
s	    20,7688	 7	112,89	140,30	  23,9	  35,0	  39,0	  39,2	  40,7	  43,1	  42,9	  22,0
s	    20,9220	 6	  8,77	127,77	  24,9	  35,3	  39,2	  39,4	  41,0	  43,3	  43,0	  22,1
s	    20,9586	 6	105,67	 39,31	  23,8	  34,5	  38,3	  38,3	  39,8	  43,1	  43,0	  22,1
s	    21,1774	 7	  9,47	127,56	  23,9	  34,8	  38,9	  39,1	  40,6	  42,8	  42,8	  21,9
s	    21,1940	 7	106,45	 39,64	  22,8	  34,0	  38,0	  37,9	  39,4	  42,6	  42,8	  21,9
s	    21,6419	 6	  9,93	 51,45	  25,8	  36,0	  40,0	  40,5	  42,0	  43,3	  42,9	  21,9
s	    21,8612	 6	112,93	 39,50	  24,7	  35,2	  39,1	  39,3	  40,8	  43,1	  42,8	  21,8
s	    21,8938	 7	 10,61	 51,68	  24,8	  35,5	  39,6	  40,1	  41,6	  42,8	  42,7	  21,7
s	    22,1120	 7	112,20	 39,84	  23,7	  34,7	  38,7	  38,9	  40,4	  42,6	  42,7	  21,6
s	    23,0813	 7	  3,25	115,68	  22,6	  33,9	  39,1	  39,8	  41,3	  42,7	  42,5	  21,3
s	    23,1666	 6	 11,53	135,37	  23,0	  33,6	  38,5	  38,9	  40,5	  42,9	  42,3	  21,2
s	    24,1764	 7	 14,34	134,34	  22,1	  33,2	  38,2	  38,7	  40,2	  42,5	  42,2	  21,0
s	    24,6751	 6	 13,05	 43,40	  23,2	  33,3	  37,0	  36,9	  38,4	  41,6	  41,2	  19,2
s	    25,0580	 7	106,22	145,45	  20,9	  32,3	  37,2	  37,4	  39,0	  42,2	  42,1	  20,8
s	    25,2760	 8	107,02	145,13	  19,9	  31,8	  36,9	  37,0	  38,6	  41,7	  41,9	  20,6
s	    25,6241	 6	109,14	148,02	  23,1	  33,3	  36,9	  36,7	  38,3	  41,6	  41,0	  18,9
s	    25,6576	 7	 15,78	 44,50	  22,8	  33,6	  37,5	  37,4	  38,9	  42,0	  42,0	  20,6
s	    25,8702	 7	  8,63	133,92	  23,8	  34,5	  38,4	  38,5	  40,1	  42,4	  41,9	  20,5
s	    26,1032	 8	  9,33	133,70	  22,8	  34,0	  38,0	  38,2	  39,7	  41,9	  41,8	  20,4
s	    26,1152	 6	108,39	 33,08	  23,5	  33,9	  37,5	  37,4	  39,0	  42,4	  41,7	  20,3
s	    26,9779	 8	 20,38	131,75	  20,0	  31,4	  37,4	  38,0	  39,7	  42,1	  41,4	  19,9
s	    27,0730	 7	105,62	 34,57	  22,6	  33,5	  37,3	  37,2	  38,8	  42,0	  41,7	  20,2
s	    27,2833	 8	106,40	 34,88	  21,6	  33,0	  37,0	  36,9	  38,4	  41,5	  41,5	  20,0
s	    27,4044	 8	  4,11	 56,54	  20,6	  32,3	  37,4	  37,9	  39,4	  41,5	  41,5	  20,0
s	    27,4752	 7	113,73	146,24	  23,6	  34,2	  38,1	  38,3	  39,8	  42,1	  41,6	  20,1
s	    27,4752	 7	112,87	 35,14	  22,6	  33,4	  37,3	  37,1	  38,7	  41,9	  41,6	  20,1
s	    27,7017	 8	112,97	145,92	  22,6	  33,7	  37,8	  38,0	  39,4	  41,6	  41,5	  19,9
s	    27,7017	 8	112,14	 35,46	  21,6	  32,9	  36,9	  36,8	  38,3	  41,4	  41,5	  19,9
s	    29,4343	 8	 14,20	139,34	  20,1	  31,5	  36,5	  36,6	  38,2	  41,2	  41,1	  19,4
s	    29,8342	 8	  3,93	129,17	  18,8	  30,6	  36,7	  37,4	  38,9	  41,2	  40,8	  19,1
s	    29,9592	 7	 11,35	141,49	  22,2	  32,4	  36,1	  36,0	  37,5	  40,7	  40,1	  17,6
s	    32,1321	 7	109,21	151,79	  22,4	  32,9	  36,6	  36,4	  38,0	  41,4	  40,5	  18,6
s	    32,2383	 8	  8,47	139,72	  22,7	  33,4	  37,4	  37,5	  39,0	  41,1	  40,6	  18,7
s	    32,2383	 8	 10,21	 40,52	  21,7	  32,6	  36,5	  36,4	  37,9	  40,9	  40,6	  18,7
s	    32,3961	 8	105,58	 31,36	  18,6	  30,2	  35,2	  35,0	  36,6	  40,6	  40,6	  18,6
s	    32,9986	 8	106,28	150,40	  21,5	  32,6	  36,4	  36,2	  37,8	  41,0	  40,5	  18,5
s	    33,1543	 7	108,33	 29,12	  20,7	  31,2	  34,8	  34,4	  35,9	  40,0	  39,6	  16,8
s	    33,3632	 8	113,80	149,81	  21,3	  32,3	  36,1	  36,0	  37,5	  40,7	  40,2	  18,2
s	    34,8694	 8	112,79	 30,77	  21,3	  32,2	  36,1	  36,0	  37,5	  40,5	  40,2	  18,0
s	    36,0420	 8	 11,20	145,59	  21,6	  32,2	  36,0	  35,8	  37,4	  40,5	  39,7	  17,5
s	    37,0047	 8	 13,35	 34,16	  20,0	  30,5	  34,2	  33,7	  35,3	  39,2	  38,8	  15,7
s	    37,7071	 8	109,26	154,36	  17,9	  29,0	  33,7	  33,5	  35,1	  39,2	  38,7	  15,5
s	    39,9080	 8	108,27	 26,17	  20,1	  30,9	  34,6	  34,2	  35,7	  39,8	  39,1	  16,5
s	    47,6853	 2	139,58	 90,27	  23,4	  32,9	  36,8	  37,7	  39,1	  39,6	  37,8	  13,7
s	    48,0249	 3	139,63	 95,83	  23,1	  32,8	  36,7	  37,5	  39,0	  39,5	  37,6	  13,5
s	    51,2029	 4	139,89	 90,28	  21,8	  32,4	  36,6	  37,4	  38,8	  39,0	  38,1	  14,5
s	    51,3551	 5	139,40	 73,22	  20,3	  30,4	  34,2	  34,4	  35,9	  37,9	  36,9	  12,5
s	    51,5279	 5	139,94	 95,60	  21,6	  32,3	  36,5	  37,3	  38,6	  38,9	  37,9	  14,3
s	    51,5915	 4	140,25	 84,54	  21,5	  32,0	  35,9	  36,4	  37,9	  39,2	  38,0	  14,4
s	    51,7007	 4	138,56	 84,57	  22,0	  32,1	  35,9	  36,4	  37,9	  39,3	  37,0	  12,6
s	    52,4256	 6	139,79	 80,61	  18,2	  29,7	  35,0	  35,8	  37,2	  38,2	  37,7	  13,9
s	    52,6072	 5	140,42	101,24	  21,2	  31,8	  35,7	  36,2	  37,7	  39,0	  37,8	  14,0
s	    52,7150	 5	138,72	101,24	  21,7	  32,0	  35,8	  36,2	  37,7	  39,2	  36,7	  12,2
s	    53,6963	 6	139,81	112,32	  19,8	  30,1	  33,9	  34,1	  35,5	  37,6	  36,5	  11,9
s	    53,8603	 6	140,46	105,07	  18,8	  30,1	  35,2	  35,9	  37,4	  38,7	  37,5	  13,6
s	    53,9665	 6	138,76	105,06	  18,8	  30,1	  35,1	  35,9	  37,4	  38,7	  37,5	  13,6
s	    54,7207	 7	139,72	 73,92	  18,7	  30,0	  34,2	  34,4	  35,8	  37,6	  37,3	  13,3
s	    56,4751	 7	140,09	 70,29	  17,3	  28,9	  33,9	  34,3	  35,8	  38,0	  37,0	  12,9
s	    56,7808	 7	138,41	 69,97	  18,3	  29,6	  34,8	  35,5	  36,9	  38,1	  37,0	  12,8
s	    56,9714	 8	140,11	111,46	  18,3	  29,8	  33,9	  34,1	  35,5	  37,3	  36,8	  12,7
s	    57,2244	 3	350,80	 89,69	  22,2	  31,7	  35,7	  36,6	  38,0	  38,2	  36,3	  11,4
s	    57,3234	 7	139,29	 63,33	  18,2	  28,7	  32,6	  32,4	  33,9	  36,7	  35,9	  10,9
s	    57,5270	 4	350,74	 94,65	  21,9	  31,7	  35,6	  36,4	  37,9	  38,1	  36,2	  11,2
s	    58,4409	 1	232,80	 89,22	  23,2	  32,7	  36,5	  37,4	  38,9	  39,4	  37,4	  13,1
*	    62,2125	 1	254,89	 84,89	  -0,3	   9,2	  13,0	  13,8	  15,3	  15,8	  13,7	 -10,9
*	    58,5846	 1	233,74	 85,07	   0,5	   9,9	  13,7	  14,6	  16,1	  16,6	  14,6	  -9,7
*	    61,3940	 1	215,44	 85,75	  -0,8	   8,7	  12,5	  13,3	  14,8	  15,3	  13,3	 -11,3
s	    58,7393	 2	232,83	 94,11	  22,8	  32,4	  36,2	  37,0	  38,5	  39,1	  37,0	  12,7
s	    58,8424	 2	232,75	 83,95	  21,2	  30,8	  34,5	  35,0	  36,5	  37,8	  36,2	  11,2
s	    59,3105	 2	230,62	 89,23	  22,2	  32,2	  36,1	  37,0	  38,4	  38,8	  37,2	  12,8
s	    59,6061	 3	230,66	 94,08	  21,9	  32,1	  36,0	  36,8	  38,3	  38,7	  37,0	  12,7
s	    59,7081	 3	230,57	 84,02	  20,9	  31,2	  35,1	  35,7	  37,1	  38,3	  37,0	  12,6
s	    59,7761	 3	232,88	 99,29	  20,9	  30,7	  34,4	  34,9	  36,4	  37,7	  36,0	  10,8
s	    59,8780	 3	232,72	 79,15	  21,4	  31,3	  35,1	  35,6	  37,1	  38,5	  36,8	  12,4
s	    60,0725	 8	139,25	 60,10	  16,2	  27,6	  32,6	  32,7	  34,2	  37,1	  36,2	  11,8
s	    60,5518	 4	350,38	 84,53	  21,1	  31,1	  35,0	  35,5	  36,9	  38,1	  36,6	  12,1
s	    60,6097	 4	350,24	 89,69	  21,6	  31,7	  35,8	  36,7	  38,0	  38,1	  36,8	  12,3
s	    60,6329	 4	230,70	 99,22	  20,6	  31,0	  35,0	  35,5	  36,9	  38,2	  36,8	  12,3
s	    60,7099	 2	233,13	 89,22	  22,0	  32,0	  36,0	  36,8	  38,3	  38,7	  37,0	  12,5
s	    60,7275	 8	139,93	121,57	  17,6	  28,4	  32,2	  32,0	  33,5	  36,3	  35,3	  10,1
s	    60,7339	 4	230,53	 79,26	  20,6	  31,0	  35,0	  35,5	  36,9	  38,2	  36,8	  12,3
s	    60,7537	 5	350,60	 89,69	  20,6	  31,2	  35,5	  36,3	  37,6	  37,7	  36,7	  12,2
s	    60,7575	 4	351,74	 89,71	  22,1	  32,0	  35,9	  36,6	  38,1	  38,5	  35,7	  10,5
s	    60,8425	 3	232,78	 89,22	  21,1	  31,6	  35,7	  36,5	  37,9	  38,2	  36,9	  12,4
s	    60,9011	 5	350,18	 94,46	  21,4	  31,6	  35,7	  36,5	  37,9	  38,1	  36,6	  12,1
s	    61,0010	 3	233,17	 93,99	  21,8	  32,0	  35,9	  36,7	  38,2	  38,6	  36,9	  12,3
s	    61,0445	 6	350,54	 94,46	  20,4	  31,2	  35,4	  36,2	  37,5	  37,6	  36,5	  12,0
s	    61,0483	 5	351,68	 94,47	  21,3	  31,7	  35,8	  36,5	  37,9	  38,3	  36,6	  12,1
s	    61,1015	 3	233,09	 84,09	  20,8	  31,0	  35,0	  35,5	  37,0	  38,2	  36,8	  12,3
s	    61,1331	 4	232,81	 93,98	  20,8	  31,5	  35,6	  36,4	  37,8	  38,1	  36,7	  12,2
s	    61,1488	 5	351,81	 84,58	  20,8	  31,0	  34,9	  35,4	  36,8	  38,0	  35,6	  10,3
s	    61,2313	 2	265,48	 89,07	  22,7	  32,3	  36,2	  37,0	  38,4	  38,8	  36,9	  12,4
s	    61,2335	 4	232,74	 84,10	  19,8	  30,6	  34,7	  35,2	  36,6	  37,7	  36,7	  12,2
s	    61,3816	 4	232,91	103,97	  21,0	  31,1	  34,9	  35,4	  36,9	  38,3	  36,5	  11,9
s	    61,4681	 5	350,19	 99,58	  20,3	  30,3	  34,1	  34,5	  36,0	  37,2	  35,5	  10,2
s	    61,5207	 3	265,49	 93,81	  22,3	  32,0	  35,9	  36,7	  38,1	  38,5	  36,5	  12,0
s	    61,6206	 3	265,48	 83,97	  20,7	  30,4	  34,2	  34,7	  36,1	  37,3	  35,7	  10,4
s	    61,6816	 4	232,67	 74,13	  19,5	  29,5	  33,3	  33,4	  34,9	  37,0	  35,6	  10,3
s	    61,8494	 7	350,71	 81,02	  17,1	  28,6	  34,0	  34,8	  36,1	  36,9	  36,3	  11,7
s	    61,8532	 6	351,85	 81,04	  18,0	  29,2	  34,3	  35,1	  36,5	  37,6	  36,4	  11,8
s	    62,0123	 4	233,21	 99,05	  20,5	  30,9	  34,8	  35,4	  36,8	  38,0	  36,6	  12,0
s	    62,0592	 6	351,61	 99,53	  20,5	  30,9	  34,7	  35,2	  36,6	  37,9	  35,4	  10,0
s	    62,1118	 4	233,06	 79,40	  20,4	  30,9	  34,8	  35,4	  36,8	  38,0	  36,6	  12,0
s	    62,1430	 5	232,85	 99,04	  19,5	  30,4	  34,5	  35,0	  36,4	  37,6	  36,5	  11,9
s	    62,2236	 5	230,74	103,85	  20,2	  30,8	  34,8	  35,3	  36,7	  38,0	  36,5	  11,9
s	    62,2423	 5	232,70	 79,41	  19,5	  30,4	  34,5	  35,0	  36,4	  37,5	  36,5	  11,9
s	    62,4494	 3	267,53	 89,07	  21,7	  31,7	  35,7	  36,6	  38,0	  38,2	  36,7	  12,0
s	    62,5208	 5	230,49	 74,29	  19,2	  29,9	  33,8	  34,1	  35,5	  37,5	  36,4	  11,8
s	    62,5263	 4	265,49	 98,85	  20,4	  30,2	  34,1	  34,5	  36,0	  37,1	  35,5	  10,1
s	    62,6015	 6	350,14	103,06	  18,5	  29,3	  34,3	  35,0	  36,5	  37,7	  36,1	  11,4
s	    62,6252	 4	265,47	 79,30	  20,9	  30,9	  34,8	  35,3	  36,7	  37,9	  36,3	  11,6
s	    62,7349	 4	267,53	 93,75	  21,4	  31,6	  35,7	  36,5	  37,8	  38,1	  36,5	  11,9
s	    62,8336	 4	267,52	 84,04	  20,4	  30,7	  34,7	  35,3	  36,7	  37,7	  36,5	  11,8
s	    63,1854	 7	351,56	102,99	  17,7	  29,0	  34,1	  34,9	  36,3	  37,4	  36,1	  11,4
s	    63,3391	 6	350,51	 74,88	  18,9	  29,1	  33,0	  33,1	  34,5	  36,5	  35,2	   9,7
s	    63,4327	 3	265,01	 89,08	  21,6	  31,6	  35,6	  36,5	  37,9	  38,1	  36,5	  11,8
s	    63,5795	 5	233,25	103,62	  20,1	  30,7	  34,7	  35,1	  36,6	  37,8	  36,3	  11,6
s	    63,6230	 4	265,35	 89,08	  20,6	  31,1	  35,3	  36,1	  37,5	  37,6	  36,4	  11,7
s	    63,7081	 6	232,89	103,60	  19,1	  30,2	  34,3	  34,8	  36,2	  37,3	  36,2	  11,4
s	    63,7153	 4	265,02	 93,71	  21,3	  31,5	  35,6	  36,4	  37,8	  38,0	  36,4	  11,6
s	    63,7276	 5	267,53	 98,72	  20,1	  30,6	  34,6	  35,1	  36,5	  37,6	  36,3	  11,5
s	    63,7656	 5	232,96	108,80	  19,0	  29,3	  33,0	  33,1	  34,6	  36,8	  35,2	   9,7
s	    63,7757	 7	350,44	 74,95	  18,6	  29,4	  33,5	  33,8	  35,1	  36,8	  36,1	  11,3
s	    63,8129	 4	265,00	 84,09	  20,3	  30,6	  34,6	  35,2	  36,6	  37,6	  36,4	  11,6
s	    63,8252	 5	267,52	 79,43	  20,1	  30,6	  34,6	  35,1	  36,5	  37,6	  36,3	  11,5
s	    63,8725	 5	233,02	 74,49	  19,0	  29,8	  33,7	  33,9	  35,4	  37,4	  36,3	  11,5
s	    63,9050	 5	265,35	 93,70	  20,3	  31,1	  35,2	  36,0	  37,4	  37,6	  36,3	  11,5
s	    63,9147	 8	350,79	 74,98	  17,6	  28,9	  33,2	  33,4	  34,7	  36,4	  35,9	  11,2
s	    63,9184	 7	351,93	 74,99	  19,1	  29,7	  33,6	  33,7	  35,2	  37,2	  35,0	   9,5
s	    63,9300	 5	349,85	 84,71	  20,1	  30,6	  34,6	  35,1	  36,5	  37,6	  36,3	  11,5
s	    63,9606	 5	232,63	 69,68	  19,5	  29,9	  33,7	  33,9	  35,4	  37,5	  36,0	  11,2
s	    64,0006	 6	232,66	 74,52	  18,0	  29,3	  33,4	  33,6	  35,0	  36,9	  36,1	  11,4
s	    64,0024	 5	265,34	 84,10	  19,3	  30,1	  34,3	  34,9	  36,2	  37,1	  36,2	  11,5
s	    64,0688	 6	350,20	 84,73	  19,1	  30,1	  34,3	  34,8	  36,1	  37,1	  36,1	  11,3
s	    64,0850	 5	265,50	103,40	  20,5	  30,7	  34,6	  35,1	  36,5	  37,7	  36,0	  11,2
s	    64,6977	 5	265,02	 98,63	  20,0	  30,5	  34,5	  35,0	  36,4	  37,5	  36,2	  11,3
s	    64,7796	 6	230,78	108,97	  19,7	  30,4	  34,5	  34,9	  36,3	  37,4	  36,0	  11,2
s	    64,7796	 6	230,45	 69,87	  18,7	  29,6	  33,6	  33,8	  35,2	  37,2	  36,0	  11,2
s	    64,7943	 5	265,00	 79,54	  20,0	  30,5	  34,5	  35,0	  36,4	  37,5	  36,1	  11,3
s	    64,8137	 6	349,67	 99,23	  19,7	  30,4	  34,5	  34,9	  36,3	  37,4	  36,0	  11,2
s	    64,8854	 6	265,36	 98,61	  19,0	  30,0	  34,2	  34,7	  36,0	  37,0	  36,0	  11,2
s	    64,9512	 7	350,01	 99,22	  18,8	  30,0	  34,1	  34,6	  35,9	  37,0	  35,9	  11,0
s	    64,9818	 6	265,34	 79,55	  19,0	  30,0	  34,2	  34,7	  36,0	  37,0	  36,0	  11,1
s	    65,1921	 8	185,47	 79,89	  17,8	  29,3	  33,7	  34,3	  35,5	  36,2	  35,8	  10,9
s	    65,2666	 6	267,53	103,22	  19,7	  30,4	  34,4	  34,9	  36,3	  37,4	  36,0	  11,1
s	    65,5544	 6	267,52	 74,61	  18,7	  29,4	  33,5	  33,7	  35,1	  36,9	  35,9	  11,0
s	    65,9076	 7	349,62	102,59	  17,4	  28,8	  33,9	  34,6	  36,0	  37,2	  35,8	  10,8
s	    65,9089	 6	233,29	108,34	  18,6	  29,5	  33,5	  33,7	  35,1	  37,1	  35,9	  10,9
s	    65,9096	 8	351,14	 65,32	  17,1	  27,8	  31,7	  31,5	  32,9	  35,6	  34,6	   8,9
s	    66,0050	 8	349,98	109,16	  19,2	  30,0	  34,2	  34,6	  35,9	  36,8	  35,7	  10,7
s	    66,0343	 7	232,93	108,32	  17,6	  29,1	  33,1	  33,3	  34,7	  36,7	  35,8	  10,8
s	    66,0436	 8	349,97	102,58	  16,4	  28,3	  33,6	  34,3	  35,7	  36,7	  35,7	  10,7
s	    66,0996	 6	232,98	 70,13	  18,6	  29,5	  33,5	  33,6	  35,1	  37,1	  35,9	  10,9
s	    66,1444	 8	351,48	109,15	  19,7	  30,3	  34,2	  34,6	  36,0	  37,2	  34,6	   8,9
s	    66,2212	 6	265,03	103,08	  19,6	  30,3	  34,3	  34,8	  36,2	  37,3	  35,8	  10,9
s	    66,2247	 7	232,62	 70,16	  17,6	  29,0	  33,1	  33,3	  34,7	  36,6	  35,7	  10,8
s	    66,3354	 8	349,61	103,67	  18,1	  29,1	  33,3	  33,4	  34,8	  36,5	  35,6	  10,6
s	    66,4021	 6	265,50	108,10	  18,6	  28,9	  32,7	  32,8	  34,2	  36,2	  34,8	   9,1
s	    66,4060	 7	265,36	103,05	  18,6	  29,8	  34,0	  34,5	  35,8	  36,8	  35,7	  10,7
s	    66,5444	 6	232,99	113,03	  19,1	  29,7	  33,5	  33,6	  35,1	  37,2	  35,6	  10,6
s	    66,5918	 6	265,46	 70,08	  19,1	  29,5	  33,4	  33,6	  35,0	  37,0	  35,6	  10,6
s	    66,6904	 7	265,33	 74,79	  17,6	  28,9	  33,0	  33,3	  34,6	  36,4	  35,7	  10,7
s	    67,0173	 6	232,59	 65,14	  17,5	  28,0	  31,7	  31,6	  33,1	  36,0	  34,7	   8,9
s	    67,3418	 7	230,82	112,85	  18,3	  29,4	  33,3	  33,4	  34,9	  36,9	  35,6	  10,5
s	    67,3997	 8	350,01	112,10	  16,6	  27,9	  32,8	  33,2	  34,7	  36,7	  35,2	  10,2
s	    67,5557	 7	267,54	107,86	  18,2	  29,2	  33,2	  33,4	  34,8	  36,7	  35,6	  10,5
s	    67,9338	 7	267,51	 70,00	  19,2	  30,0	  34,1	  34,5	  35,9	  36,8	  35,5	  10,4
s	    68,0497	 7	230,40	 65,06	  18,2	  29,2	  33,2	  33,4	  34,8	  36,6	  35,5	  10,4
s	    68,3812	 8	350,03	 71,85	  17,0	  28,4	  33,6	  34,3	  35,7	  36,6	  35,4	  10,2
s	    68,4881	 7	265,03	107,68	  18,2	  29,1	  33,2	  33,3	  34,7	  36,6	  35,5	  10,3
s	    68,6275	 7	233,33	112,50	  18,2	  29,2	  33,2	  33,3	  34,8	  36,8	  35,4	  10,3
s	    68,6687	 8	265,37	107,65	  17,2	  28,7	  32,8	  33,0	  34,3	  36,1	  35,3	  10,1
s	    68,6739	 7	264,99	 70,50	  18,2	  29,1	  33,1	  33,3	  34,7	  36,6	  35,4	  10,2
s	    68,7494	 8	232,97	112,48	  17,2	  28,8	  32,9	  33,0	  34,4	  36,3	  35,3	  10,1
s	    68,8541	 8	265,33	 70,54	  17,2	  28,6	  32,8	  33,0	  34,3	  36,1	  35,3	  10,1
s	    69,0904	 7	232,94	 65,68	  17,1	  28,3	  32,2	  32,1	  33,5	  36,3	  35,4	  10,2
s	    69,1072	 7	265,51	112,24	  18,6	  29,2	  33,1	  33,3	  34,7	  36,7	  35,1	   9,9
s	    69,2118	 8	232,58	 65,71	  16,1	  27,8	  31,9	  31,8	  33,2	  35,9	  35,3	  10,0
s	    69,5679	 7	265,46	 65,65	  17,0	  27,6	  31,4	  31,3	  32,7	  35,5	  34,3	   8,3
s	    70,0926	 7	233,04	117,31	  17,0	  27,7	  31,4	  31,2	  32,7	  35,6	  34,2	   8,2
s	    70,2297	 8	267,54	111,97	  17,8	  28,9	  33,0	  33,1	  34,5	  36,4	  35,1	   9,8
s	    70,3666	 7	232,55	 61,20	  17,5	  28,3	  32,1	  32,0	  33,5	  36,4	  35,0	   9,7
s	    71,1338	 8	230,87	117,39	  17,7	  28,8	  32,9	  33,0	  34,4	  36,3	  35,0	   9,6
s	    71,1338	 8	230,36	 61,45	  16,7	  28,1	  32,0	  31,9	  33,3	  36,1	  35,0	   9,6
s	    71,1375	 8	265,04	111,75	  17,7	  28,8	  32,9	  33,0	  34,4	  36,3	  35,0	   9,6
s	    71,5890	 8	264,98	 66,15	  16,6	  27,9	  31,9	  31,8	  33,2	  35,8	  35,0	   9,5
s	    72,1033	 8	233,37	116,71	  16,6	  28,0	  31,9	  31,8	  33,2	  36,0	  34,9	   9,4
s	    72,3719	 8	232,90	 61,80	  16,6	  28,0	  31,9	  31,7	  33,2	  36,0	  34,9	   9,4
s	    72,5668	 8	265,51	116,43	  16,6	  27,3	  31,1	  30,9	  32,4	  35,1	  33,8	   7,5
s	    72,8342	 8	265,45	 61,79	  17,1	  28,0	  31,8	  31,7	  33,1	  35,9	  34,6	   9,0
s	    73,8529	 8	233,07	121,00	  17,0	  28,0	  31,8	  31,6	  33,1	  36,0	  34,5	   8,8
s	    74,4680	 8	232,51	 57,26	  15,4	  26,4	  30,1	  29,6	  31,1	  34,8	  33,6	   7,1
s	    75,3899	 7	  9,85	 85,53	  17,9	  28,9	  33,2	  33,7	  35,0	  35,7	  34,6	   8,8
s	    76,1784	 8	  9,69	 98,48	  17,6	  28,8	  33,1	  33,5	  34,8	  35,6	  34,4	   8,6
s	    84,2289	 4	205,01	 89,54	  18,9	  29,4	  33,6	  34,4	  35,7	  35,7	  33,9	   7,4
s	    84,4602	 5	205,06	 93,33	  18,6	  29,3	  33,5	  34,3	  35,6	  35,6	  33,8	   7,2
s	    84,5401	 5	204,97	 85,46	  17,6	  28,4	  32,6	  33,1	  34,4	  35,2	  33,8	   7,2
s	    85,2661	 6	205,11	 97,37	  17,3	  28,3	  32,5	  33,0	  34,3	  35,1	  33,6	   6,9
s	    85,6188	 4	205,99	 89,53	  18,7	  29,3	  33,5	  34,3	  35,6	  35,6	  33,8	   7,1
s	    85,8473	 5	206,03	 93,27	  18,5	  29,2	  33,4	  34,2	  35,5	  35,5	  33,6	   6,9
s	    85,9263	 5	205,94	 85,50	  17,5	  28,3	  32,5	  33,0	  34,3	  35,1	  33,6	   6,9
s	    85,9950	 5	205,77	 89,53	  17,8	  28,8	  33,1	  33,9	  35,2	  35,1	  33,6	   6,9
s	    86,2228	 6	205,81	 93,26	  17,5	  28,7	  33,0	  33,8	  35,1	  35,0	  33,5	   6,7
s	    86,3016	 6	205,72	 85,51	  16,5	  27,8	  32,1	  32,7	  33,9	  34,6	  33,5	   6,7
s	    86,5212	 7	205,15	101,06	  17,0	  28,2	  32,3	  32,8	  34,1	  35,0	  33,3	   6,6
s	    86,6436	 6	206,08	 97,27	  17,2	  28,2	  32,4	  32,9	  34,2	  35,0	  33,4	   6,7
s	    86,7567	 7	204,87	 77,74	  15,9	  27,2	  31,4	  31,6	  32,9	  34,5	  33,3	   6,5
s	    87,0166	 7	205,86	 97,25	  16,2	  27,7	  32,0	  32,5	  33,8	  34,5	  33,3	   6,5
s	    87,8841	 7	206,13	100,92	  16,9	  28,1	  32,2	  32,7	  34,0	  34,8	  33,2	   6,3
s	    88,1168	 7	205,85	 77,87	  15,8	  27,1	  31,3	  31,5	  32,8	  34,4	  33,2	   6,3
s	    88,2531	 8	205,91	100,89	  15,9	  27,6	  31,9	  32,3	  33,6	  34,4	  33,0	   6,1
s	    88,4004	 8	205,20	104,93	  15,6	  27,1	  31,2	  31,4	  32,7	  34,3	  33,0	   6,1
s	    88,4851	 8	205,63	 77,91	  14,8	  26,6	  30,9	  31,2	  32,4	  33,9	  33,0	   6,1
s	    88,5550	 8	204,83	 74,16	  15,6	  27,0	  31,2	  31,4	  32,7	  34,3	  33,0	   6,1
s	    89,7420	 8	206,17	104,74	  15,5	  27,0	  31,1	  31,3	  32,6	  34,2	  32,9	   5,8
s	    89,8948	 8	205,81	 74,33	  15,5	  27,0	  31,1	  31,3	  32,6	  34,2	  32,9	   5,8
s	    90,5601	 4	290,55	 89,16	  18,4	  28,5	  32,6	  33,4	  34,7	  34,6	  32,2	   4,3
s	    90,7793	 5	290,53	 92,75	  18,1	  28,4	  32,5	  33,3	  34,6	  34,5	  32,1	   4,2
s	    90,8550	 5	290,57	 85,29	  17,1	  27,5	  31,6	  32,1	  33,4	  34,1	  32,1	   4,1
s	    91,5433	 6	290,51	 96,59	  16,8	  27,2	  31,3	  31,7	  33,0	  33,7	  31,9	   3,9
s	    91,6186	 6	290,58	 81,74	  17,3	  27,9	  32,0	  32,5	  33,8	  34,5	  32,7	   5,4
s	    92,2348	 5	289,78	 89,16	  18,0	  28,6	  32,9	  33,7	  34,9	  34,8	  32,9	   5,7
s	    92,4510	 6	289,77	 92,70	  17,8	  28,6	  32,8	  33,6	  34,8	  34,7	  32,8	   5,5
s	    92,5258	 6	289,80	 85,35	  16,8	  27,6	  31,9	  32,4	  33,7	  34,3	  32,8	   5,5
s	    92,6378	 6	289,98	 89,16	  17,0	  28,1	  32,5	  33,4	  34,6	  34,3	  32,8	   5,5
s	    92,7343	 7	290,50	100,10	  17,0	  27,8	  31,9	  32,3	  33,6	  34,4	  32,4	   5,1
s	    92,8533	 7	289,97	 92,69	  16,8	  28,1	  32,5	  33,2	  34,5	  34,2	  32,7	   5,3
s	    92,9278	 7	290,00	 85,36	  15,8	  27,2	  31,5	  32,1	  33,3	  33,8	  32,6	   5,3
s	    92,9579	 7	290,60	 77,97	  15,5	  26,1	  30,2	  30,3	  31,6	  33,2	  31,6	   3,5
s	    93,0323	 5	291,71	 89,17	  18,0	  28,6	  32,8	  33,6	  34,9	  34,7	  32,9	   5,5
s	    93,0603	 4	234,93	 89,25	  17,5	  28,5	  32,7	  33,5	  34,8	  34,8	  33,0	   5,6
s	    93,2047	 7	289,75	 96,49	  16,5	  27,5	  31,8	  32,3	  33,5	  34,2	  32,6	   5,2
s	    93,2471	 6	291,69	 92,69	  17,7	  28,5	  32,8	  33,5	  34,8	  34,6	  32,7	   5,4
s	    93,2751	 5	234,95	 92,77	  17,2	  28,4	  32,6	  33,4	  34,7	  34,7	  32,8	   5,5
s	    93,2790	 7	289,82	 81,84	  16,5	  27,5	  31,8	  32,3	  33,5	  34,2	  32,6	   5,2
s	    93,3213	 6	291,73	 85,38	  16,7	  27,6	  31,8	  32,4	  33,6	  34,2	  32,7	   5,3
s	    93,3493	 5	234,90	 85,46	  16,2	  27,5	  31,7	  32,2	  33,5	  34,3	  32,8	   5,4
s	    93,4406	 6	291,52	 89,17	  17,0	  28,1	  32,5	  33,3	  34,5	  34,2	  32,7	   5,3
s	    93,6045	 8	289,95	 96,47	  15,5	  27,1	  31,5	  31,9	  33,1	  33,7	  32,5	   5,1
s	    93,6547	 7	291,50	 92,68	  16,7	  28,0	  32,4	  33,2	  34,4	  34,1	  32,6	   5,2
s	    93,6785	 8	290,01	 81,86	  15,5	  27,1	  31,4	  31,9	  33,1	  33,7	  32,5	   5,0
s	    93,7287	 7	291,54	 85,39	  15,7	  27,1	  31,5	  32,0	  33,2	  33,7	  32,6	   5,1
s	    93,9959	 7	291,67	 96,45	  16,4	  27,5	  31,7	  32,2	  33,5	  34,1	  32,5	   5,1
s	    94,0237	 6	234,98	 96,53	  15,9	  27,4	  31,6	  32,1	  33,4	  34,2	  32,6	   5,2
s	    94,0697	 7	291,75	 81,89	  16,4	  27,5	  31,7	  32,2	  33,5	  34,1	  32,5	   5,1
s	    94,3798	 8	289,74	 99,95	  16,2	  27,4	  31,7	  32,1	  33,4	  34,0	  32,4	   4,9
s	    94,4011	 8	291,48	 96,43	  15,4	  27,0	  31,4	  31,9	  33,1	  33,6	  32,4	   4,9
s	    94,4746	 8	291,55	 81,92	  15,4	  27,0	  31,4	  31,9	  33,1	  33,6	  32,4	   4,9
s	    94,6004	 8	289,83	 78,12	  15,2	  26,5	  30,7	  30,9	  32,2	  33,6	  32,4	   4,9
s	    94,6668	 8	290,62	 74,56	  15,7	  26,7	  30,8	  30,9	  32,2	  33,8	  32,1	   4,6
s	    95,1636	 8	291,66	 99,89	  16,1	  27,4	  31,6	  32,1	  33,3	  34,0	  32,3	   4,8
s	    95,1911	 7	235,01	 99,97	  15,6	  27,3	  31,5	  31,9	  33,2	  34,1	  32,4	   4,9
s	    95,3828	 8	291,76	 78,20	  15,1	  26,4	  30,7	  30,9	  32,1	  33,5	  32,3	   4,7
s	    95,4103	 7	234,84	 78,28	  14,6	  26,3	  30,5	  30,7	  32,0	  33,6	  32,4	   4,8
s	    95,9839	 5	 75,54	101,24	  16,0	  26,8	  31,7	  32,4	  33,8	  35,0	  32,3	   4,7
s	    97,0863	 8	235,04	103,84	  15,3	  27,0	  31,3	  31,7	  32,9	  33,6	  32,1	   4,4
s	    97,0863	 8	234,82	 74,93	  14,2	  26,2	  30,4	  30,5	  31,8	  33,4	  32,1	   4,4
s	    98,2450	 6	 75,37	101,05	  15,1	  26,4	  31,4	  32,1	  33,5	  34,6	  32,2	   4,4
s	    98,3388	 7	 75,63	101,05	  14,1	  26,0	  31,1	  31,8	  33,2	  34,1	  32,1	   4,3
s	   102,1158	 6	285,82	 89,15	  15,6	  26,7	  31,1	  31,9	  33,1	  32,8	  30,8	   1,9
s	   102,3158	 7	285,81	 92,43	  15,4	  26,7	  31,1	  31,8	  33,0	  32,7	  30,6	   1,7
s	   102,3850	 7	285,84	 85,62	  14,4	  25,8	  30,1	  30,7	  31,9	  32,3	  30,6	   1,7
s	   103,0136	 8	285,80	 95,94	  14,1	  25,5	  29,8	  30,3	  31,5	  31,9	  30,5	   1,5
s	   103,0824	 8	285,85	 82,37	  14,6	  26,2	  30,6	  31,1	  32,2	  32,7	  31,2	   3,0
s	   103,5203	 4	146,58	 90,29	  18,0	  28,2	  32,2	  33,0	  34,3	  34,3	  31,6	   3,4
s	   103,7183	 5	146,61	 93,53	  17,8	  28,2	  32,2	  32,9	  34,2	  34,3	  31,5	   3,2
s	   103,9166	 7	285,19	 89,15	  15,3	  26,9	  31,4	  32,3	  33,4	  32,9	  31,5	   3,2
s	   104,1140	 8	285,18	 92,39	  15,1	  26,9	  31,4	  32,2	  33,3	  32,9	  31,4	   3,0
s	   104,1822	 8	285,20	 85,67	  14,0	  25,9	  30,5	  31,0	  32,1	  32,5	  31,4	   3,0
s	   104,2207	 2	 74,84	 90,60	  18,6	  28,6	  32,5	  33,4	  34,7	  34,8	  32,0	   3,7
s	   104,2845	 8	285,38	 89,15	  14,3	  26,4	  31,1	  31,9	  33,0	  32,4	  31,4	   3,0
s	   104,4088	 6	146,65	 97,00	  16,5	  27,1	  31,2	  31,6	  32,9	  33,8	  31,3	   3,0
s	   104,4176	 3	 74,83	 93,83	  18,4	  28,6	  32,5	  33,3	  34,6	  34,8	  31,9	   3,5
s	   104,4857	 3	 74,86	 87,12	  18,1	  28,1	  31,8	  32,3	  33,7	  34,8	  31,9	   3,5
s	   104,5594	 7	139,24	 90,36	  16,5	  27,5	  31,7	  32,4	  33,7	  33,5	  30,4	   1,3
s	   104,6680	 8	139,26	 92,79	  13,8	  25,7	  31,2	  32,2	  33,4	  33,1	  31,3	   2,9
s	   104,9045	 4	 74,82	 96,49	  14,4	  25,2	  30,1	  30,8	  32,2	  33,1	  30,7	   1,5
s	   105,1723	 4	 74,87	 83,92	  17,6	  27,7	  31,5	  31,9	  33,4	  34,4	  31,5	   3,0
s	   106,1963	 4	 51,96	 87,04	  17,8	  27,8	  31,6	  32,1	  33,5	  34,4	  31,6	   3,1
s	   106,3787	 5	 74,88	 80,52	  15,0	  25,6	  29,5	  29,6	  31,0	  32,7	  30,5	   1,2
s	   106,5243	 3	 74,70	 90,60	  17,5	  28,0	  32,1	  32,9	  34,2	  34,2	  31,7	   3,1
s	   106,6124	 4	 74,94	 90,60	  16,6	  27,6	  31,8	  32,6	  33,8	  33,7	  31,6	   3,0
s	   106,7179	 4	 74,68	 93,77	  17,3	  28,0	  32,0	  32,8	  34,1	  34,1	  31,6	   3,0
s	   106,7692	 5	146,75	 86,87	  16,5	  27,2	  31,1	  31,5	  32,9	  33,8	  31,2	   2,6
s	   106,7849	 4	 74,71	 87,18	  17,0	  27,4	  31,4	  31,8	  33,2	  34,1	  31,6	   3,0
s	   106,8059	 5	 74,93	 93,77	  16,3	  27,5	  31,7	  32,5	  33,7	  33,7	  31,4	   2,9
s	   106,8211	 8	146,44	 77,81	  12,9	  24,5	  29,6	  30,0	  31,3	  33,0	  30,9	   2,3
s	   106,8728	 5	 74,95	 87,19	  16,0	  27,0	  31,0	  31,5	  32,8	  33,7	  31,4	   2,8
s	   106,8743	 5	 51,99	 83,87	  17,3	  27,4	  31,3	  31,7	  33,1	  34,0	  31,2	   2,6
s	   106,9685	 5	146,82	 90,29	  17,1	  27,8	  31,9	  32,7	  34,0	  33,8	  31,4	   2,8
s	   107,0638	 6	146,58	 90,29	  16,1	  27,3	  31,6	  32,4	  33,6	  33,4	  31,3	   2,7
s	   107,0927	 5	 50,54	 87,05	  16,8	  27,2	  31,3	  31,7	  33,1	  33,8	  31,4	   2,8
s	   107,1615	 6	146,85	 93,45	  16,8	  27,7	  31,9	  32,6	  33,9	  33,8	  31,3	   2,7
s	   107,1966	 5	 74,68	 96,40	  14,0	  25,5	  30,6	  31,4	  32,7	  33,5	  31,4	   2,8
s	   107,2566	 7	146,61	 93,45	  15,8	  27,2	  31,5	  32,3	  33,5	  33,3	  31,2	   2,6
s	   107,2843	 6	 74,92	 96,39	  13,0	  25,0	  30,3	  31,1	  32,4	  33,1	  31,3	   2,7
s	   107,4444	 6	146,72	 83,72	  16,3	  27,1	  31,0	  31,4	  32,8	  33,8	  31,0	   2,4
s	   107,4600	 5	 74,72	 84,03	  16,7	  27,4	  31,3	  31,7	  33,1	  34,0	  31,4	   2,7
s	   107,5476	 6	 74,96	 84,04	  15,8	  26,9	  31,0	  31,4	  32,7	  33,6	  31,3	   2,6
s	   107,7663	 6	 50,57	 83,90	  16,5	  27,2	  31,2	  31,6	  32,9	  33,7	  31,2	   2,6
s	   107,8348	 7	146,89	 96,84	  15,5	  26,7	  30,9	  31,3	  32,6	  33,3	  31,1	   2,4
s	   107,9216	 6	 74,89	 77,42	  16,0	  26,5	  30,3	  30,4	  31,8	  33,7	  31,0	   2,3
s	   107,9295	 8	146,65	 96,83	  14,5	  26,2	  30,5	  31,0	  32,2	  32,8	  31,0	   2,3
s	   108,1353	 7	146,89	 99,21	  14,0	  25,5	  30,5	  31,1	  32,5	  33,6	  30,9	   2,2
s	   108,1689	 6	 52,02	 80,27	  16,5	  26,5	  30,4	  30,8	  32,1	  32,9	  30,2	   0,7
s	   108,2256	 8	146,69	 81,37	  12,8	  24,4	  29,5	  29,9	  31,2	  32,9	  30,7	   2,0
s	   108,3490	 4	 53,47	 90,48	  17,2	  27,7	  31,9	  32,7	  33,9	  33,8	  31,4	   2,7
s	   108,4523	 5	 52,20	 87,10	  16,7	  27,2	  31,2	  31,7	  33,0	  33,7	  31,3	   2,5
s	   108,5400	 5	 53,45	 93,61	  17,0	  27,7	  31,8	  32,6	  33,8	  33,7	  31,3	   2,5
s	   108,5936	 6	 51,96	 87,10	  15,7	  26,7	  30,8	  31,3	  32,6	  33,3	  31,2	   2,4
s	   108,6464	 6	 74,73	 80,69	  14,7	  25,9	  30,0	  30,2	  31,5	  33,1	  31,1	   2,4
s	   108,7332	 7	 74,97	 80,69	  13,7	  25,4	  29,6	  29,8	  31,1	  32,6	  31,0	   2,3
s	   109,0526	 7	 50,60	 80,33	  16,2	  26,9	  31,0	  31,4	  32,7	  33,4	  31,0	   2,2
s	   109,0839	 8	146,71	 80,41	  14,2	  25,7	  29,8	  30,0	  31,2	  32,7	  30,9	   2,1
s	   109,1194	 6	 52,22	 83,98	  16,4	  27,1	  31,1	  31,5	  32,8	  33,6	  31,1	   2,3
s	   109,2067	 6	 53,42	 96,96	  15,7	  26,7	  30,8	  31,3	  32,6	  33,2	  31,1	   2,3
s	   109,2600	 7	 51,99	 83,99	  15,4	  26,6	  30,8	  31,2	  32,5	  33,2	  31,0	   2,2
s	   109,6952	 7	 74,79	106,81	  14,9	  26,0	  29,9	  30,0	  31,4	  33,1	  30,7	   1,9
s	   109,7146	 8	 51,62	106,67	  15,4	  26,2	  30,1	  30,1	  31,5	  33,3	  30,6	   1,7
s	   109,7236	 7	 52,04	 77,22	  16,7	  27,0	  31,0	  31,4	  32,7	  33,5	  30,7	   1,9
s	   110,0225	 7	 74,90	 74,18	  14,1	  24,8	  28,5	  28,3	  29,7	  32,3	  29,9	   0,3
s	   110,1644	 7	 74,74	 77,64	  15,1	  26,2	  30,1	  30,2	  31,6	  33,3	  30,9	   2,0
s	   110,2129	 6	146,98	 86,96	  15,6	  26,7	  30,8	  31,2	  32,5	  33,4	  31,0	   2,1
s	   110,2478	 7	 53,40	100,04	  15,4	  26,5	  30,7	  31,1	  32,4	  33,1	  30,9	   2,0
s	   110,2503	 8	 74,98	 77,65	  14,1	  25,7	  29,8	  29,9	  31,2	  32,9	  30,8	   1,9
s	   110,3060	 7	146,75	 86,96	  14,6	  26,3	  30,5	  30,9	  32,2	  32,9	  30,9	   2,0
s	   110,3933	 7	 52,25	 80,44	  16,1	  26,8	  30,9	  31,4	  32,6	  33,3	  30,9	   2,0
s	   110,4190	 5	345,18	 89,69	  17,3	  27,6	  31,7	  32,5	  33,7	  33,5	  30,8	   1,9
s	   110,5326	 8	 52,02	 80,45	  15,1	  26,4	  30,6	  31,0	  32,2	  32,8	  30,7	   1,8
s	   110,5975	 8	 50,63	 77,29	  15,9	  26,8	  30,9	  31,3	  32,5	  33,2	  30,7	   1,8
s	   110,6072	 6	345,14	 92,77	  17,1	  27,5	  31,6	  32,4	  33,6	  33,5	  30,7	   1,8
s	   110,8048	 6	346,12	 89,70	  17,1	  27,5	  31,6	  32,3	  33,6	  33,5	  29,9	   0,2
s	   110,9926	 7	346,08	 92,78	  16,4	  27,3	  31,5	  32,3	  33,5	  33,2	  30,8	   1,9
s	   111,2641	 7	345,10	 96,08	  15,8	  26,5	  30,6	  31,1	  32,3	  33,0	  30,5	   1,6
s	   111,6477	 8	346,03	 96,07	  15,6	  26,5	  30,6	  31,0	  32,2	  32,9	  29,6	  -0,2
s	   111,8132	 8	 53,37	103,29	  14,0	  25,5	  29,6	  29,8	  31,0	  32,5	  30,6	   1,6
s	   111,9100	 8	 74,64	106,55	  14,0	  25,6	  29,7	  29,8	  31,1	  32,8	  30,6	   1,6
s	   111,9236	 8	 52,28	 77,43	  15,8	  26,7	  30,8	  31,2	  32,4	  33,1	  30,6	   1,6
s	   112,1712	 8	 74,77	109,97	  13,7	  24,6	  28,3	  28,0	  29,4	  32,1	  29,6	  -0,3
s	   112,2323	 8	 74,75	 74,44	  13,7	  25,1	  29,0	  28,8	  30,2	  32,7	  30,6	   1,5
s	   112,3643	 8	 74,91	 71,26	  14,2	  25,3	  29,0	  28,8	  30,2	  32,9	  30,3	   1,3
s	   112,4832	 8	345,30	 80,05	  14,0	  24,8	  28,8	  28,9	  30,2	  31,6	  29,5	  -0,3
s	   113,6592	 6	345,03	 86,44	  15,9	  26,6	  30,6	  31,0	  32,3	  33,1	  30,4	   1,2
s	   113,8716	 6	344,96	 89,69	  16,4	  27,2	  31,4	  32,2	  33,4	  33,1	  30,6	   1,4
s	   113,9623	 7	345,19	 89,69	  15,4	  26,7	  31,1	  31,8	  33,0	  32,6	  30,5	   1,3
s	   114,0364	 7	345,95	 86,46	  15,7	  26,5	  30,5	  30,9	  32,2	  33,0	  29,5	  -0,5
s	   114,0553	 7	344,92	 92,70	  16,2	  27,1	  31,3	  32,1	  33,3	  33,0	  30,5	   1,3
s	   114,1460	 8	345,15	 92,70	  15,2	  26,6	  31,0	  31,7	  32,9	  32,6	  30,4	   1,2
s	   114,3022	 7	345,07	 83,44	  15,6	  26,5	  30,5	  30,9	  32,2	  33,0	  30,3	   1,0
s	   114,6966	 8	344,88	 95,93	  14,9	  26,1	  30,3	  30,8	  32,0	  32,5	  30,3	   1,1
s	   114,9569	 7	 97,51	 99,87	  13,6	  24,9	  30,0	  30,7	  32,0	  32,8	  30,2	   0,9
s	   114,9604	 8	344,88	 98,19	  13,4	  24,9	  30,0	  30,6	  32,0	  32,8	  30,1	   0,8
s	   115,8965	 5	 52,92	 90,48	  18,0	  27,8	  31,8	  32,6	  33,8	  33,6	  30,6	   1,2
s	   116,0777	 6	 52,90	 93,45	  17,8	  27,7	  31,8	  32,5	  33,7	  33,5	  30,4	   1,0
s	   116,7101	 7	 52,87	 96,63	  15,7	  25,8	  29,8	  30,2	  31,4	  32,0	  29,2	  -1,0
s	   116,7843	 8	 98,69	 99,75	  12,8	  24,6	  29,8	  30,5	  31,8	  32,5	  30,1	   0,7
s	   116,9265	 8	 97,03	 99,75	  12,7	  24,6	  29,8	  30,5	  31,8	  32,5	  30,1	   0,6
s	   117,1078	 7	344,82	 86,51	  15,0	  26,1	  30,3	  30,7	  32,0	  32,6	  30,2	   0,7
s	   117,1965	 8	345,04	 86,52	  14,0	  25,7	  30,0	  30,4	  31,6	  32,2	  30,1	   0,6
s	   117,6984	 8	 52,85	 99,55	  16,0	  26,4	  30,4	  30,8	  32,1	  32,7	  29,8	   0,3
s	   117,7358	 8	344,86	 83,58	  14,7	  26,1	  30,2	  30,6	  31,8	  32,5	  30,0	   0,5
s	   118,1661	 6	 53,12	 90,49	  16,9	  27,2	  31,4	  32,1	  33,3	  33,0	  30,2	   0,6
s	   118,2981	 7	 52,91	 90,48	  15,9	  26,7	  31,0	  31,8	  33,0	  32,5	  30,1	   0,5
s	   118,3445	 7	 53,10	 93,41	  16,7	  27,1	  31,3	  32,0	  33,2	  32,9	  30,1	   0,5
s	   118,4763	 8	 52,88	 93,41	  15,7	  26,7	  31,0	  31,7	  32,9	  32,4	  30,0	   0,4
s	   118,9673	 8	 53,08	 96,54	  15,4	  26,1	  30,3	  30,7	  31,9	  32,4	  29,9	   0,3
s	   119,2728	 6	 51,84	 90,48	  16,1	  26,8	  31,1	  31,8	  33,0	  32,7	  30,1	   0,4
s	   119,4499	 7	 51,82	 93,38	  15,8	  26,8	  31,0	  31,7	  32,9	  32,6	  30,0	   0,3
s	   120,0681	 8	 51,79	 96,49	  14,6	  25,8	  30,0	  30,4	  31,6	  32,1	  29,8	   0,1
s	   122,4024	 5	190,51	 89,75	  15,4	  26,0	  30,2	  31,0	  32,2	  31,8	  28,9	  -1,8
s	   122,5759	 6	190,55	 92,60	  15,1	  25,9	  30,1	  30,9	  32,1	  31,7	  28,8	  -2,0
s	   122,6359	 6	190,47	 86,69	  14,1	  25,0	  29,2	  29,7	  30,9	  31,3	  28,8	  -2,0
s	   123,1815	 7	190,59	 95,64	  13,9	  24,9	  29,1	  29,6	  30,8	  31,2	  28,6	  -2,2
s	   123,2413	 7	190,44	 83,87	  13,9	  24,9	  29,1	  29,6	  30,8	  31,2	  28,6	  -2,2
s	   123,4870	 8	123,56	 96,39	  11,6	  23,3	  28,7	  29,4	  30,6	  31,1	  28,5	  -2,3
s	   123,9126	 5	 96,57	 90,64	  15,3	  26,3	  30,6	  31,4	  32,6	  32,2	  29,8	  -0,3
s	   124,0844	 6	 96,57	 93,45	  15,1	  26,3	  30,6	  31,3	  32,5	  32,2	  29,7	  -0,4
s	   124,1283	 8	190,62	 98,44	  14,1	  25,3	  29,5	  30,0	  31,2	  31,6	  29,2	  -0,9
s	   124,1438	 6	 96,56	 87,60	  14,8	  25,8	  29,9	  30,4	  31,6	  32,2	  29,7	  -0,5
s	   124,5093	 7	 96,58	 95,78	  11,8	  23,8	  29,2	  29,9	  31,1	  31,6	  29,5	  -0,6
s	   124,8046	 7	 96,56	 84,59	  15,5	  26,5	  30,7	  31,4	  32,6	  32,3	  29,5	  -0,7
s	   125,2989	 6	189,78	 89,77	  15,0	  26,1	  30,5	  31,2	  32,4	  31,9	  29,6	  -0,7
s	   125,4691	 7	189,82	 92,56	  14,8	  26,0	  30,4	  31,2	  32,3	  31,8	  29,4	  -0,8
s	   125,5280	 7	189,74	 86,76	  13,7	  25,1	  29,5	  30,0	  31,1	  31,4	  29,4	  -0,8
s	   125,7982	 8	 96,56	 81,82	  12,5	  24,2	  28,5	  28,7	  29,9	  31,2	  29,3	  -1,0
s	   126,0635	 8	189,86	 95,55	  13,5	  25,0	  29,4	  29,9	  31,0	  31,3	  29,3	  -1,0
s	   126,1222	 8	189,71	 83,99	  13,5	  25,0	  29,4	  29,9	  31,0	  31,3	  29,3	  -1,0
s	   127,2574	 5	 33,65	 90,31	  15,1	  25,7	  29,9	  30,7	  31,9	  31,5	  28,5	  -2,7
s	   127,4256	 6	 33,62	 93,06	  14,9	  25,6	  29,9	  30,6	  31,8	  31,4	  28,3	  -2,8
s	   127,4837	 6	 33,68	 87,34	  14,6	  25,1	  29,2	  29,7	  30,9	  31,4	  28,3	  -2,8
s	   129,1610	 6	 32,59	 90,30	  14,8	  25,9	  30,2	  31,0	  32,2	  31,6	  29,2	  -1,4
s	   129,2283	 6	 34,10	 90,31	  14,8	  25,9	  30,2	  31,0	  32,2	  31,6	  29,2	  -1,4
s	   129,3271	 7	 32,56	 93,02	  14,5	  25,8	  30,2	  30,9	  32,1	  31,6	  29,1	  -1,5
s	   129,3846	 7	 32,62	 87,37	  14,3	  25,3	  29,5	  30,0	  31,2	  31,6	  29,1	  -1,5
s	   129,3943	 7	 34,07	 93,04	  14,5	  25,8	  30,2	  30,9	  32,1	  31,6	  29,1	  -1,5
s	   129,4518	 7	 34,13	 87,38	  14,3	  25,3	  29,5	  30,0	  31,2	  31,6	  29,1	  -1,5
s	   129,5379	 7	 33,92	 90,31	  13,8	  25,4	  29,9	  30,7	  31,8	  31,2	  29,1	  -1,5
s	   129,7036	 8	 33,89	 93,03	  13,6	  25,3	  29,8	  30,6	  31,7	  31,1	  28,9	  -1,7
s	   129,7088	 7	 32,79	 84,65	  14,8	  25,6	  29,6	  30,0	  31,2	  32,0	  28,8	  -1,8
s	   129,7381	 8	 32,53	 95,27	  11,3	  23,3	  28,8	  29,5	  30,7	  31,0	  28,9	  -1,7
s	   129,7610	 8	 33,95	 87,39	  13,3	  24,8	  29,2	  29,7	  30,8	  31,1	  28,9	  -1,7
s	   130,3053	 8	 74,74	 98,97	  11,2	  23,6	  28,8	  29,5	  30,8	  31,4	  28,9	  -1,8
s	   130,7312	 8	 32,82	 81,76	  12,2	  23,5	  27,6	  27,6	  28,9	  30,2	  27,8	  -3,6
s	   131,6490	 8	 31,75	 84,71	  13,9	  25,3	  29,4	  29,8	  31,0	  31,6	  28,8	  -2,0
s	   131,6498	 8	 33,24	 84,73	  13,9	  25,3	  29,4	  29,8	  31,0	  31,6	  28,8	  -2,0
s	   133,1376	 6	304,26	 89,28	  15,5	  25,6	  29,7	  30,5	  31,6	  31,1	  27,8	  -3,9
s	   133,2996	 7	304,24	 91,94	  15,3	  25,5	  29,7	  30,4	  31,5	  31,0	  27,6	  -4,1
s	   133,9215	 8	304,30	 83,78	  13,0	  24,1	  28,4	  28,9	  30,0	  30,3	  27,5	  -4,2
s	   134,3794	 7	303,57	 89,27	  15,2	  25,8	  30,1	  30,9	  31,9	  31,3	  28,6	  -2,5
s	   134,5402	 8	303,55	 91,91	  15,0	  25,8	  30,0	  30,8	  31,8	  31,3	  28,4	  -2,6
s	   136,7381	 7	  9,91	 90,03	  13,4	  24,5	  29,0	  29,8	  30,9	  30,1	  27,4	  -4,6
s	   136,8967	 8	  9,88	 92,63	  13,2	  24,5	  28,9	  29,7	  30,8	  30,1	  27,3	  -4,7
s	   137,1539	 8	304,15	 86,49	  13,8	  24,8	  29,0	  29,5	  30,6	  30,9	  28,2	  -3,1
s	   139,0202	 5	 74,23	 90,62	  13,7	  25,2	  29,6	  30,4	  31,5	  31,1	  28,4	  -3,0
s	   139,1767	 6	 74,22	 93,19	  13,5	  25,2	  29,5	  30,3	  31,4	  31,0	  28,3	  -3,1
s	   139,2308	 6	 74,24	 87,86	  13,2	  24,7	  28,9	  29,3	  30,5	  31,0	  28,3	  -3,2
s	   139,7771	 7	 74,25	 85,31	  13,0	  24,6	  28,8	  29,2	  30,4	  31,0	  28,2	  -3,4
s	   140,3369	 8	 74,21	 97,85	  10,0	  22,6	  28,0	  28,7	  29,9	  30,4	  28,0	  -3,6
s	   140,7392	 8	 74,26	 82,58	  11,7	  23,6	  27,8	  27,9	  29,1	  30,4	  28,0	  -3,6
s	   141,3274	 6	 74,12	 90,62	  12,6	  24,7	  29,1	  29,9	  31,0	  30,5	  28,1	  -3,5
s	   141,4817	 7	 74,11	 93,15	  12,4	  24,6	  29,1	  29,8	  30,9	  30,4	  28,0	  -3,7
s	   141,5351	 7	 74,13	 87,90	  12,1	  24,1	  28,4	  28,9	  30,0	  30,4	  28,0	  -3,7
s	   142,0741	 8	 74,14	 85,38	  11,9	  24,0	  28,4	  28,8	  29,9	  30,4	  27,8	  -3,9
s	   142,3014	 7	 54,97	 87,80	  12,8	  24,3	  28,6	  29,1	  30,2	  30,6	  27,9	  -3,8
s	   142,8380	 8	 54,99	 85,30	  12,6	  24,3	  28,5	  29,0	  30,1	  30,5	  27,8	  -4,0
s	   143,0290	 7	114,16	 90,59	  13,1	  24,7	  29,2	  30,0	  31,0	  30,3	  27,9	  -3,9
s	   143,1819	 8	114,17	 93,09	  12,8	  24,6	  29,1	  29,9	  30,9	  30,3	  27,7	  -4,1
s	   143,2347	 8	114,14	 87,89	  11,8	  23,7	  28,2	  28,7	  29,8	  29,8	  27,7	  -4,1
s	   151,7491	 8	 14,70	 90,10	  12,4	  24,1	  28,7	  29,4	  30,4	  29,5	  27,0	  -5,6
s	   153,5844	 6	110,61	 90,61	  12,8	  23,9	  28,2	  29,0	  30,1	  29,4	  26,1	  -7,4
s	   153,7285	 7	110,62	 92,97	  12,6	  23,8	  28,2	  28,9	  30,0	  29,3	  25,9	  -7,6
s	   153,7783	 7	110,60	 88,07	  11,5	  22,9	  27,2	  27,7	  28,8	  28,9	  25,9	  -7,6
s	   154,2318	 8	110,64	 95,50	  11,3	  22,8	  27,2	  27,6	  28,7	  28,9	  25,8	  -7,8
s	   154,2814	 8	110,59	 85,72	  11,3	  22,8	  27,2	  27,6	  28,7	  28,9	  25,8	  -7,8
s	   155,2536	 7	110,11	 90,61	  12,5	  24,1	  28,6	  29,4	  30,4	  29,6	  26,8	  -6,1
s	   155,3964	 8	110,12	 92,95	  12,3	  24,0	  28,5	  29,3	  30,3	  29,5	  26,7	  -6,2
s	   155,4458	 8	110,10	 88,09	  11,2	  23,1	  27,6	  28,1	  29,1	  29,1	  26,7	  -6,2
s	   155,6587	 8	110,24	 90,61	  11,5	  23,6	  28,2	  29,0	  30,0	  29,1	  26,7	  -6,2
s	   156,0509	 7	111,38	 90,61	  12,4	  24,0	  28,5	  29,3	  30,4	  29,5	  26,8	  -6,2
s	   156,1931	 8	111,39	 92,94	  12,2	  24,0	  28,5	  29,2	  30,3	  29,5	  26,6	  -6,3
s	   156,2422	 8	111,37	 88,10	  11,2	  23,1	  27,6	  28,1	  29,1	  29,1	  26,6	  -6,3
s	   156,4614	 8	111,25	 90,61	  11,5	  23,6	  28,2	  29,0	  30,0	  29,1	  26,6	  -6,4
s	   157,1629	 6	149,33	 90,29	  13,9	  24,6	  28,8	  29,6	  30,7	  30,1	  26,6	  -6,5
s	   157,3042	 7	149,35	 92,61	  13,6	  24,6	  28,8	  29,5	  30,6	  30,1	  26,4	  -6,6
s	   157,4527	 7	148,62	 90,30	  13,6	  24,6	  28,8	  29,5	  30,6	  30,1	  25,6	  -8,2
s	   157,4530	 4	239,88	 91,58	  13,3	  24,1	  29,1	  30,1	  31,4	  31,2	  27,0	  -6,1
s	   157,5937	 8	148,64	 92,61	  12,9	  24,3	  28,7	  29,4	  30,5	  29,8	  26,5	  -6,6
s	   158,6562	 8	138,60	 90,41	  11,4	  23,0	  27,6	  28,4	  29,4	  28,4	  25,4	  -8,5
s	   158,7863	 5	255,36	 91,49	  13,0	  23,9	  28,9	  29,9	  31,2	  30,8	  26,8	  -6,4
s	   159,7678	 5	239,96	 91,55	  12,2	  23,5	  28,7	  29,6	  30,9	  30,6	  26,7	  -6,6
s	   160,3584	 7	149,41	 87,84	  12,5	  23,6	  27,8	  28,2	  29,3	  29,7	  26,2	  -7,2
s	   160,6341	 7	149,45	 90,29	  13,0	  24,2	  28,6	  29,3	  30,4	  29,7	  26,4	  -7,0
s	   160,6433	 8	148,71	 87,85	  12,2	  23,6	  27,7	  28,1	  29,2	  29,6	  25,3	  -8,9
s	   160,7026	 8	149,28	 90,29	  12,0	  23,8	  28,3	  29,0	  30,0	  29,2	  26,3	  -7,1
s	   160,7728	 8	149,48	 92,57	  12,8	  24,2	  28,5	  29,2	  30,3	  29,7	  26,3	  -7,1
s	   160,7962	 8	149,49	 95,02	  12,2	  23,6	  27,7	  28,1	  29,2	  29,6	  26,0	  -7,3
s	   161,0849	 6	255,24	 91,46	  11,9	  23,3	  28,5	  29,5	  30,7	  30,2	  26,5	  -6,9
s	   161,1781	 7	255,42	 91,46	  11,0	  22,8	  28,2	  29,2	  30,3	  29,8	  26,3	  -7,1
s	   161,8608	 7	 19,87	 90,17	  12,2	  23,3	  27,7	  28,5	  29,6	  28,7	  25,3	  -9,0
s	   161,9987	 8	 19,84	 92,43	  12,0	  23,3	  27,7	  28,4	  29,5	  28,6	  25,1	  -9,1
s	   162,0464	 8	 19,90	 87,73	  11,7	  22,7	  27,0	  27,5	  28,6	  28,6	  25,1	  -9,1
s	   163,4797	 8	 20,37	 90,17	  11,9	  23,5	  28,1	  28,9	  29,9	  28,9	  26,1	  -7,6
s	   163,8270	 8	149,53	 87,88	  11,6	  23,3	  27,5	  27,9	  29,0	  29,3	  26,0	  -7,6
s	   164,4003	 8	 19,16	 90,16	  11,8	  23,5	  28,1	  28,8	  29,8	  28,8	  26,0	  -7,7
s	   167,0001	 7	342,56	 89,69	  13,2	  24,0	  28,3	  29,0	  30,1	  29,3	  25,6	  -8,3
s	   167,1344	 8	342,54	 91,89	  13,0	  23,9	  28,2	  28,9	  30,0	  29,3	  25,5	  -8,4
s	   167,7386	 3	240,20	 89,27	  14,3	  24,8	  28,8	  29,6	  30,8	  30,4	  26,3	  -7,7
s	   167,9186	 4	240,18	 86,91	  13,8	  24,2	  28,1	  28,5	  29,8	  30,3	  26,1	  -7,9
s	   168,3397	 5	240,22	 93,81	  12,1	  22,8	  26,8	  27,2	  28,4	  28,8	  25,0	  -9,8
s	   168,3859	 5	240,17	 84,72	  13,3	  23,9	  27,8	  28,2	  29,5	  30,0	  25,8	  -8,3
s	   169,0030	 4	254,86	 89,19	  14,0	  24,5	  28,7	  29,4	  30,6	  30,0	  26,0	  -8,1
s	   169,0720	 6	240,24	 95,98	  13,1	  23,8	  27,7	  28,1	  29,3	  29,9	  25,6	  -8,5
s	   169,1819	 5	254,86	 86,85	  13,5	  24,0	  28,0	  28,4	  29,6	  30,0	  25,9	  -8,2
s	   169,6004	 6	254,88	 93,71	  11,8	  22,6	  26,7	  27,0	  28,2	  28,5	  24,8	 -10,2
s	   169,6463	 6	254,85	 84,68	  13,0	  23,7	  27,7	  28,1	  29,3	  29,7	  25,5	  -8,6
s	   170,0564	 4	240,26	 89,27	  13,2	  24,2	  28,4	  29,2	  30,3	  29,8	  26,0	  -8,2
s	   170,1782	 7	240,25	 98,30	  11,2	  22,1	  26,0	  26,0	  27,2	  28,6	  24,6	 -10,4
s	   170,2344	 5	240,25	 86,93	  12,7	  23,7	  27,7	  28,1	  29,3	  29,7	  25,8	  -8,4
s	   170,2696	 7	240,14	 80,23	  11,0	  22,4	  26,4	  26,6	  27,8	  29,0	  25,4	  -8,8
s	   170,3280	 7	254,89	 95,87	  12,8	  23,6	  27,6	  27,9	  29,1	  29,6	  25,4	  -8,9
s	   170,4736	 8	342,45	 89,69	  12,3	  23,6	  28,1	  28,8	  29,8	  28,9	  25,5	  -8,8
s	   170,6507	 6	240,29	 93,76	  11,7	  23,2	  27,3	  27,8	  28,9	  29,2	  25,7	  -8,6
s	   170,6963	 6	240,24	 84,77	  12,5	  23,6	  27,6	  28,0	  29,2	  29,6	  25,7	  -8,6
s	   170,9166	 7	224,16	 91,55	  10,5	  22,4	  27,8	  28,7	  29,9	  29,3	  25,6	  -8,7
s	   171,3063	 5	254,76	 89,20	  13,0	  24,0	  28,2	  29,0	  30,1	  29,4	  25,8	  -8,6
s	   171,3746	 7	240,31	 95,91	  12,2	  23,5	  27,5	  27,9	  29,1	  29,6	  25,5	  -8,8
s	   171,3948	 6	254,93	 89,19	  12,0	  23,5	  27,9	  28,7	  29,8	  29,0	  25,6	  -8,7
s	   171,4273	 8	254,89	 98,17	  11,0	  21,9	  25,8	  25,8	  27,0	  28,3	  24,4	 -10,7
s	   171,4832	 6	254,75	 86,88	  12,4	  23,4	  27,5	  28,0	  29,1	  29,4	  25,6	  -8,7
s	   171,4955	 8	240,27	100,43	  10,7	  22,3	  26,3	  26,4	  27,6	  28,9	  25,2	  -9,2
s	   171,5110	 7	240,22	 82,46	  10,4	  22,2	  26,3	  26,5	  27,7	  28,7	  25,5	  -8,8
s	   171,5182	 8	254,83	 80,22	  10,7	  22,2	  26,3	  26,4	  27,6	  28,6	  25,2	  -9,2
s	   171,5715	 7	254,92	 86,88	  11,5	  23,0	  27,2	  27,7	  28,8	  28,9	  25,5	  -8,8
s	   171,7226	 8	240,12	 77,95	   9,9	  21,1	  24,9	  24,7	  25,9	  28,1	  24,4	 -10,7
s	   171,8969	 7	254,78	 93,66	  11,5	  22,9	  27,2	  27,6	  28,8	  28,9	  25,5	  -8,9
s	   171,9422	 7	254,75	 84,73	  12,2	  23,4	  27,5	  27,9	  29,0	  29,3	  25,5	  -8,9
s	   171,9851	 8	254,94	 93,66	  10,5	  22,5	  26,9	  27,3	  28,4	  28,4	  25,4	  -9,0
s	   172,0304	 8	254,91	 84,73	  11,2	  22,9	  27,2	  27,6	  28,7	  28,8	  25,4	  -9,0
s	   172,0960	 7	181,33	 89,90	  11,7	  22,8	  27,3	  28,1	  29,1	  28,1	  24,4	 -10,7
s	   172,2269	 8	181,36	 92,04	  11,5	  22,8	  27,2	  28,0	  29,0	  28,1	  24,3	 -10,8
s	   172,4681	 8	240,32	 98,20	  10,9	  22,5	  26,5	  26,6	  27,8	  29,1	  25,3	  -9,1
s	   172,6163	 8	254,79	 95,80	  11,9	  23,3	  27,4	  27,8	  28,9	  29,2	  25,3	  -9,1
s	   172,8633	 7	224,56	 91,53	  10,4	  22,3	  27,7	  28,6	  29,8	  29,2	  25,4	  -9,0
s	   173,0999	 8	181,93	 89,89	  11,5	  23,1	  27,7	  28,4	  29,4	  28,3	  25,3	  -9,2
s	   173,1967	 8	342,40	 87,39	  11,7	  23,0	  27,1	  27,5	  28,6	  29,0	  25,0	  -9,4
s	   173,3990	 7	269,76	 91,30	  11,2	  22,6	  27,9	  28,8	  30,0	  29,3	  25,4	  -9,1
s	   175,0143	 8	180,94	 87,63	  10,9	  22,4	  26,7	  27,2	  28,2	  28,2	  24,9	  -9,8
s	   175,2634	 8	180,92	 89,91	  11,4	  23,0	  27,6	  28,3	  29,3	  28,2	  25,1	  -9,6
s	   176,8758	 7	 87,24	 92,76	  10,3	  22,2	  27,5	  28,5	  29,6	  28,9	  25,1	  -9,7
s	   178,4413	 8	311,71	 89,36	  11,2	  22,4	  26,9	  27,7	  28,6	  27,5	  23,8	 -11,9
s	   179,0496	 8	 87,01	 92,74	   9,2	  21,6	  27,1	  28,0	  29,1	  28,4	  24,8	 -10,2
s	   180,3386	 5	225,36	 89,39	  12,6	  23,6	  27,9	  28,6	  29,7	  29,0	  25,0	 -10,1
s	   180,5079	 6	225,34	 87,17	  12,1	  23,0	  27,2	  27,6	  28,7	  28,9	  24,9	 -10,2
s	   180,9039	 7	225,40	 93,66	  10,3	  21,6	  25,8	  26,2	  27,3	  27,4	  23,8	 -12,2
s	   181,5927	 8	225,42	 95,71	  11,3	  22,7	  26,8	  27,1	  28,3	  28,5	  24,4	 -10,8
s	   181,6023	 6	224,47	 89,40	  11,5	  23,1	  27,5	  28,2	  29,3	  28,4	  24,8	 -10,4
s	   181,7706	 7	224,45	 87,19	  11,0	  22,5	  26,8	  27,2	  28,3	  28,4	  24,7	 -10,5
s	   182,1642	 8	224,51	 93,65	  10,1	  22,1	  26,5	  26,9	  27,9	  27,9	  24,6	 -10,7
s	   182,2522	 8	224,43	 84,99	  11,8	  23,3	  27,6	  28,3	  29,3	  28,5	  24,6	 -10,7
s	   182,5192	 6	225,58	 89,39	  11,5	  23,1	  27,4	  28,2	  29,2	  28,4	  24,8	 -10,5
s	   182,6867	 7	225,56	 87,19	  11,0	  22,5	  26,7	  27,2	  28,3	  28,3	  24,6	 -10,7
s	   182,7242	 7	225,43	 89,39	  10,5	  22,6	  27,1	  27,9	  28,9	  27,9	  24,6	 -10,7
s	   182,8915	 8	225,41	 87,19	  10,0	  22,0	  26,4	  26,9	  27,9	  27,9	  24,5	 -10,8
s	   183,0787	 8	225,62	 93,62	  10,0	  22,0	  26,4	  26,8	  27,9	  27,9	  24,5	 -10,9
s	   184,0480	 6	269,34	 89,17	  12,2	  23,3	  27,6	  28,4	  29,4	  28,5	  24,7	 -10,8
s	   184,2143	 7	269,34	 86,99	  11,7	  22,7	  26,9	  27,3	  28,4	  28,4	  24,5	 -10,9
s	   184,6035	 8	269,35	 93,37	  10,0	  21,3	  25,6	  26,0	  27,0	  26,9	  23,4	 -12,9
s	   184,6462	 8	269,34	 84,97	  11,2	  22,4	  26,6	  27,0	  28,1	  28,1	  24,2	 -11,4
s	   186,1912	 7	269,10	 89,17	  11,1	  22,7	  27,2	  28,0	  29,0	  27,9	  24,4	 -11,3
s	   186,3559	 8	269,10	 87,02	   9,9	  21,7	  26,2	  26,7	  27,7	  27,5	  24,3	 -11,4
s	   186,4193	 8	269,24	 89,17	  10,2	  22,3	  26,9	  27,6	  28,6	  27,5	  24,3	 -11,4
s	   186,5615	 6	 86,24	 90,67	  11,3	  22,9	  27,3	  28,0	  29,1	  28,2	  24,5	 -11,2
s	   186,6290	 7	 86,24	 92,18	   9,1	  21,3	  26,8	  27,8	  28,9	  28,0	  24,3	 -11,3
s	   186,7259	 7	 86,25	 88,51	  11,6	  22,7	  26,8	  27,2	  28,4	  28,5	  24,3	 -11,4
s	   187,1106	 8	 86,24	 94,82	   9,1	  20,9	  25,3	  25,7	  26,7	  26,6	  23,2	 -13,3
s	   187,7891	 7	 87,11	 90,67	  10,3	  22,4	  26,9	  27,7	  28,7	  27,7	  24,3	 -11,5
s	   187,8563	 8	 87,11	 92,17	   8,1	  20,8	  26,5	  27,4	  28,5	  27,5	  24,1	 -11,6
s	   187,9526	 8	 87,11	 88,53	  10,6	  22,2	  26,5	  26,9	  27,9	  28,0	  24,1	 -11,7
s	   188,7507	 7	 86,03	 90,67	  10,3	  22,3	  26,9	  27,6	  28,6	  27,6	  24,2	 -11,7
s	   188,8176	 8	 86,03	 92,16	   8,1	  20,8	  26,4	  27,4	  28,4	  27,5	  24,1	 -11,8
s	   188,9135	 8	 86,04	 88,54	  10,5	  22,2	  26,4	  26,8	  27,9	  28,0	  24,1	 -11,8
s	   188,9499	 8	 86,18	 90,67	   9,3	  21,9	  26,6	  27,3	  28,2	  27,2	  24,1	 -11,8
s	   192,2666	 7	239,95	 91,23	   8,9	  21,2	  26,6	  27,6	  28,7	  28,0	  23,9	 -12,3
s	   193,5472	 8	254,81	 91,14	   8,6	  21,0	  26,5	  27,4	  28,5	  27,6	  23,7	 -12,6
s	   194,5823	 8	240,02	 91,21	   7,8	  20,7	  26,2	  27,2	  28,2	  27,4	  23,6	 -12,8
s	   195,9214	 8	120,14	 90,57	  10,7	  21,8	  26,2	  27,0	  27,8	  26,7	  22,4	 -14,8
s	   202,5753	 6	240,22	 89,28	  10,0	  22,0	  26,4	  27,2	  28,2	  27,2	  23,3	 -13,8
s	   202,7284	 7	240,21	 87,27	   9,5	  21,4	  25,7	  26,1	  27,2	  27,2	  23,1	 -14,0
s	   203,0866	 8	240,24	 93,15	   8,5	  20,9	  25,4	  25,8	  26,8	  26,7	  23,0	 -14,1
s	   203,1259	 8	240,19	 85,41	   9,2	  21,4	  25,7	  26,0	  27,1	  27,1	  23,0	 -14,1
s	   203,7994	 7	254,42	 89,21	   9,7	  21,8	  26,3	  27,0	  28,0	  26,9	  23,1	 -14,1
s	   203,8065	 5	 71,11	 92,49	  10,4	  21,7	  26,8	  27,8	  28,9	  28,3	  23,3	 -13,9
s	   203,9517	 8	254,41	 87,21	   9,2	  21,2	  25,6	  26,0	  27,0	  26,8	  22,9	 -14,3
s	   204,8769	 6	 58,69	 92,42	  10,1	  21,5	  26,7	  27,6	  28,8	  28,0	  23,1	 -14,2
s	   204,8933	 7	240,28	 89,28	   8,9	  21,4	  26,0	  26,8	  27,7	  26,6	  23,0	 -14,3
s	   205,0449	 8	240,26	 87,29	   8,4	  20,9	  25,3	  25,7	  26,7	  26,6	  22,9	 -14,5
s	   205,0572	 7	212,92	 89,52	   9,7	  21,2	  25,7	  26,5	  27,4	  26,3	  21,9	 -16,1
s	   206,0302	 6	 84,52	 90,67	  11,5	  22,5	  26,7	  27,5	  28,4	  27,5	  22,9	 -14,5
s	   206,1267	 6	 71,06	 92,47	   9,3	  21,2	  26,4	  27,3	  28,5	  27,8	  23,0	 -14,4
s	   206,1811	 7	 84,52	 88,70	  11,0	  22,0	  26,0	  26,5	  27,5	  27,5	  22,8	 -14,6
s	   206,5342	 8	 84,52	 94,49	  10,8	  21,9	  26,0	  26,4	  27,4	  27,4	  22,7	 -14,8
s	   206,8796	 8	212,28	 87,56	   9,1	  20,8	  25,0	  25,4	  26,4	  26,4	  21,7	 -16,5
s	   206,9888	 8	212,21	 89,53	   9,4	  21,5	  26,1	  26,8	  27,7	  26,5	  22,7	 -14,8
s	   207,0105	 8	213,22	 89,52	   9,4	  21,5	  26,1	  26,8	  27,7	  26,5	  22,7	 -14,8
s	   207,1867	 7	 58,76	 92,40	   9,1	  21,0	  26,3	  27,2	  28,3	  27,4	  22,8	 -14,7
s	   208,2423	 7	 84,34	 90,67	   9,5	  21,6	  26,1	  26,9	  27,8	  26,7	  22,7	 -14,9
s	   208,3918	 8	 84,35	 88,71	   9,0	  21,0	  25,4	  25,8	  26,8	  26,6	  22,6	 -15,0
s	   208,4252	 8	 84,48	 90,67	   9,5	  21,5	  26,0	  26,8	  27,6	  26,5	  22,5	 -15,1
s	   211,0442	 8	150,85	 90,30	  10,5	  21,8	  26,2	  26,9	  27,8	  26,6	  22,2	 -15,7
s	   214,1407	 4	 70,90	 90,64	  11,5	  22,5	  26,6	  27,4	  28,4	  27,6	  22,6	 -15,5
s	   214,2866	 5	 70,91	 88,73	  11,0	  21,9	  25,9	  26,3	  27,4	  27,5	  22,5	 -15,6
s	   214,6279	 6	 70,89	 94,32	  10,8	  21,9	  25,9	  26,2	  27,3	  27,5	  22,4	 -15,8
s	   214,6654	 6	 70,92	 86,95	  10,7	  21,8	  25,9	  26,2	  27,3	  27,5	  22,4	 -15,8
s	   215,1661	 5	 59,02	 90,57	  11,2	  22,3	  26,5	  27,2	  28,3	  27,3	  22,5	 -15,8
s	   215,6512	 7	 58,99	 94,24	  10,5	  21,6	  25,7	  26,1	  27,2	  27,2	  22,2	 -16,1
s	   216,1954	 8	 70,93	 83,30	   9,7	  21,0	  24,8	  24,8	  26,0	  27,1	  21,8	 -16,5
s	   216,2429	 8	 58,98	 96,00	  10,0	  21,3	  25,4	  25,8	  26,8	  26,9	  21,8	 -16,5
s	   216,4628	 5	 70,86	 90,64	  10,4	  21,9	  26,2	  27,0	  28,0	  27,0	  22,4	 -16,0
s	   216,6073	 6	 70,86	 88,74	   9,9	  21,4	  25,5	  25,9	  27,0	  27,0	  22,2	 -16,1
s	   216,7763	 8	 46,80	 92,24	   8,5	  20,4	  25,8	  26,8	  27,8	  26,7	  22,0	 -16,4
s	   216,9454	 7	 70,84	 94,29	   9,7	  21,3	  25,5	  25,8	  26,9	  26,9	  22,1	 -16,3
s	   216,9825	 7	 70,87	 86,99	   9,7	  21,3	  25,5	  25,8	  26,9	  26,9	  22,1	 -16,3
s	   217,4785	 6	 59,08	 90,57	  10,2	  21,7	  26,1	  26,8	  27,8	  26,7	  22,2	 -16,2
s	   217,9592	 8	 59,06	 94,21	   9,4	  21,1	  25,3	  25,7	  26,7	  26,6	  21,9	 -16,5
s	   223,6163	 6	 82,52	 90,68	  10,0	  21,5	  25,9	  26,6	  27,6	  26,4	  21,7	 -17,2
s	   223,7567	 7	 82,52	 88,84	   9,5	  20,9	  25,2	  25,6	  26,6	  26,4	  21,6	 -17,4
s	   224,0853	 8	 82,51	 94,22	   9,2	  20,9	  25,1	  25,5	  26,5	  26,3	  21,5	 -17,5
s	   224,1214	 8	 82,52	 87,13	   9,2	  20,9	  25,1	  25,5	  26,5	  26,3	  21,5	 -17,5
s	   226,0161	 8	 82,50	 90,68	   7,9	  20,5	  25,2	  25,9	  26,8	  25,4	  21,4	 -17,8
s	   227,7207	 8	 46,85	 90,48	   8,6	  20,7	  25,3	  26,1	  26,9	  25,5	  21,2	 -18,1
s	   236,8860	 8	 71,24	 92,27	   6,3	  19,2	  24,7	  25,6	  26,6	  25,5	  20,6	 -19,5
s	   247,2321	 7	 71,05	 90,65	   7,5	  20,0	  24,5	  25,3	  26,1	  24,8	  20,0	 -21,1
s	   247,2848	 8	 71,05	 91,83	   5,3	  18,4	  24,1	  25,0	  25,9	  24,6	  19,9	 -21,2
s	   247,3605	 8	 71,06	 88,96	   7,0	  19,4	  23,8	  24,2	  25,1	  24,7	  19,9	 -21,2
s	   249,5536	 8	 71,01	 90,65	   6,4	  19,4	  24,1	  24,9	  25,7	  24,2	  19,7	 -21,5
s	   249,9946	 8	 59,18	 90,58	   7,2	  19,7	  24,4	  25,1	  25,9	  24,4	  19,7	 -21,6
s	   267,9226	 7	242,20	 92,31	   6,8	  18,6	  23,6	  24,2	  25,3	  25,1	  18,6	 -24,3
s	   268,7635	 8	251,95	 92,25	   6,6	  18,4	  23,5	  24,1	  25,1	  24,8	  18,5	 -24,5
s	   270,2443	 8	242,23	 92,28	   5,8	  18,0	  23,3	  23,8	  24,8	  24,5	  18,4	 -24,7
s	   277,9846	 5	242,32	 89,28	   8,5	  20,0	  24,2	  24,9	  25,8	  24,5	  18,2	 -25,6
s	   278,0705	 6	242,33	 90,69	   8,3	  19,9	  24,2	  24,8	  25,7	  24,4	  18,1	 -25,7
s	   278,1003	 6	242,31	 87,77	   8,7	  19,8	  23,8	  24,1	  25,1	  24,8	  18,1	 -25,7
s	   278,4007	 7	242,30	 86,36	   7,0	  18,9	  23,2	  23,6	  24,5	  23,9	  18,0	 -25,9
s	   278,7981	 6	251,74	 89,24	   8,3	  19,8	  24,1	  24,8	  25,7	  24,2	  18,0	 -25,8
s	   278,8426	 8	242,34	 93,61	   7,3	  19,1	  23,2	  23,5	  24,4	  24,1	  17,6	 -26,3
s	   278,8838	 7	251,75	 90,64	   8,0	  19,7	  24,1	  24,7	  25,6	  24,1	  17,9	 -26,0
s	   278,9135	 7	251,73	 87,72	   7,7	  19,2	  23,4	  23,8	  24,7	  24,1	  17,9	 -26,0
s	   279,2131	 8	251,73	 86,32	   6,8	  18,7	  23,1	  23,5	  24,3	  23,6	  17,8	 -26,1
s	   280,3097	 6	242,35	 89,28	   7,5	  19,4	  23,8	  24,5	  25,4	  23,9	  17,9	 -26,1
s	   280,3949	 7	242,35	 90,68	   7,2	  19,4	  23,8	  24,4	  25,3	  23,9	  17,8	 -26,2
s	   280,4244	 7	242,34	 87,78	   7,7	  19,3	  23,4	  23,7	  24,7	  24,3	  17,8	 -26,2
s	   280,7227	 8	242,33	 86,38	   6,0	  18,4	  22,8	  23,2	  24,0	  23,4	  17,7	 -26,4
s	   281,1171	 7	251,70	 89,24	   7,2	  19,2	  23,7	  24,4	  25,2	  23,6	  17,8	 -26,3
s	   281,2021	 8	251,70	 90,63	   7,0	  19,2	  23,7	  24,3	  25,2	  23,6	  17,7	 -26,4
s	   281,2316	 8	251,69	 87,73	   6,7	  18,7	  23,0	  23,4	  24,3	  23,6	  17,7	 -26,4
#END
