#HEADER
CATT-Acoustic v8.0b    Copyright © CATT 1988-2003

 Project                : Aula Optica 

 GEOMETRICAL INFORMATION
 Src id and loc     [m] :   A0           0,400        0,600        1,300
 Rec id and loc     [m] :   09           3,000        4,600        1,200

 09       13,8988

 VARIABLE SOURCE DATA
 Directivity
   Type (library)       :  OMNI.SD0
   Dir. Index (DI) [dB] :       0,0      0,0      0,0      0,0      0,0      0,0      0,0      0,0
 Level
   On axis 1m      [dB] :      54,1     63,1     66,8     67,7     69,4     70,6     70,6     54,2
   Total power     [dB] :      65,0     74,0     77,7     78,6     80,3     81,5     81,5     65,1
   Auxiliary delay [ms] :       0,0

 VARIABLE AIR DATA
 Temperature       [°C] :      20
 Relative humidity  [%] :      50
 Density        [kg/m³] :       1,2
 Sound speed      [m/s] :     343
 Impedance      [Ns/m³] :     412
 Diss. coeff. [0.001/m] :      0,10     0,30     0,63     1,07     2,28     6,83    24,23    83,90      (estimated)

#DATAFIELDS
 TYPE DELAY ORDER AZIMUTH ELEVATION SPL125 SPL250 SPL500 SPL1K SPL2K SPL4K SPL8K SPL16K
#DATA
d	     0,0000	 0	144,10	 90,48	  40,5	  49,5	  53,2	  54,1	  55,8	  56,9	  56,5	  38,9
s	     1,0157	 1	145,06	112,96	  37,2	  46,9	  51,7	  52,8	  54,5	  55,6	  55,3	  37,6
*	     2,8352	 1	112,78	112,32	  15,1	  24,8	  29,6	  30,7	  32,4	  33,5	  33,1	  15,2
*	     8,5470	 1	 62,37	112,35	   8,8	  18,5	  23,3	  24,4	  26,1	  27,2	  26,6	   8,2
*	    18,1740	 1	 32,62	104,65	  -0,8	   8,9	  13,7	  14,8	  16,5	  17,5	  16,7	  -2,6
s	     1,3950	 1	136,77	 90,87	  38,5	  48,0	  51,8	  52,7	  54,4	  55,4	  55,3	  37,5
*	    27,7465	 1	 29,54	 93,99	  -3,3	   6,2	  10,0	  10,9	  12,5	  13,3	  12,6	  -7,5
*	     9,9716	 1	 68,66	 97,21	  11,2	  20,7	  24,6	  25,5	  27,1	  28,0	  27,7	   9,2
*	     1,9662	 1	129,35	 95,78	  24,7	  34,2	  38,1	  39,0	  40,6	  41,6	  41,5	  23,7
*	    20,9241	 1	 39,89	 78,52	 -10,2	  -1,0	   2,7	   3,5	   5,2	   6,2	   9,2	  -8,6
*	    20,4644	 1	 39,58	 86,41	  -9,8	  -0,6	   3,1	   3,9	   5,6	   6,6	   9,6	  -8,2
*	    17,8440	 1	 45,97	 77,33	  -7,7	   1,5	   5,1	   6,0	   7,6	   8,7	  11,7	  -5,8
*	    17,3373	 1	 45,66	 86,04	  -7,2	   1,9	   5,6	   6,5	   8,1	   9,1	  12,2	  -5,2
*	    14,9337	 1	 53,44	 76,08	  -5,2	   4,0	   7,6	   8,5	  10,1	  11,2	  14,3	  -2,9
*	    14,3749	 1	 53,14	 85,65	  -4,6	   4,5	   8,2	   9,1	  10,7	  11,8	  14,9	  -2,3
*	    12,2483	 1	 62,46	 74,87	  -2,7	   6,4	  10,1	  11,0	  12,6	  13,7	  16,9	  -0,1
*	    11,6346	 1	 62,21	 85,26	  -2,0	   7,1	  10,8	  11,7	  13,3	  14,4	  17,6	   0,7
*	     9,8503	 1	 72,99	 73,94	  -0,4	   8,8	  12,5	  13,3	  15,0	  16,1	  19,3	   2,5
*	     9,1830	 1	 72,82	 84,97	   0,4	   9,6	  13,3	  14,1	  15,8	  16,9	  20,2	   3,4
*	     7,7972	 1	 84,57	 73,50	   1,7	  10,9	  14,6	  15,4	  17,1	  18,2	  21,5	   4,9
*	     7,0816	 1	 84,51	 84,85	   2,7	  11,8	  15,5	  16,4	  18,0	  19,1	  22,5	   5,9
*	     6,1220	 1	 96,38	 73,72	   3,6	  12,8	  16,5	  17,3	  19,0	  20,1	  23,5	   7,0
*	     5,3636	 1	 96,44	 84,95	   4,6	  13,8	  17,5	  18,3	  20,0	  21,1	  24,5	   8,1
*	     4,8234	 1	107,43	 74,52	   5,3	  14,5	  18,2	  19,0	  20,7	  21,8	  25,2	   8,9
*	     4,0189	 1	107,60	 85,22	   6,5	  15,6	  19,3	  20,2	  21,8	  23,0	  26,4	  10,1
*	     3,8757	 1	117,14	 75,67	   7,1	  16,3	  20,0	  20,8	  22,5	  23,6	  27,1	  10,8
*	     3,0024	 1	117,37	 85,62	   8,5	  17,7	  21,4	  22,2	  23,9	  25,0	  28,5	  12,3
*	     3,2609	 1	125,26	 76,96	   9,3	  18,4	  22,1	  23,0	  24,6	  25,8	  29,2	  13,0
*	     2,2622	 1	125,53	 86,05	  11,3	  20,5	  24,2	  25,0	  26,7	  27,8	  31,3	  15,2
s	     2,3236	 2	137,56	111,45	  35,8	  45,9	  50,9	  52,0	  53,7	  54,7	  54,7	  36,8
s	     2,3628	 1	142,76	 60,41	  36,9	  46,1	  49,7	  50,2	  51,9	  53,8	  53,7	  35,1
*	    87,9326	 1	257,96	 81,91	 -21,3	 -11,5	  -7,6	  -6,9	  -5,4	  -4,1	  -6,4	 -30,1
*	    88,5972	 1	268,11	 81,78	 -21,5	 -11,6	  -7,8	  -7,0	  -5,5	  -4,2	  -6,5	 -30,4
*	    91,8703	 1	278,20	 81,90	 -22,3	 -12,4	  -8,6	  -7,8	  -6,3	  -5,1	  -7,5	 -31,6
*	    71,6268	 1	256,02	 80,83	 -16,8	  -6,9	  -3,1	  -2,3	  -0,8	   0,6	  -1,2	 -23,5
*	    72,3842	 1	268,33	 80,63	 -16,9	  -7,1	  -3,2	  -2,5	  -0,9	   0,5	  -1,4	 -23,8
*	    76,2197	 1	280,52	 80,85	 -18,0	  -8,2	  -4,3	  -3,6	  -2,0	  -0,7	  -2,7	 -25,4
*	    55,4333	 1	253,06	 79,22	 -11,3	  -1,4	   2,5	   3,2	   4,8	   6,3	   4,9	 -16,0
*	    56,3069	 1	268,65	 78,87	 -11,5	  -1,6	   2,3	   3,0	   4,6	   6,1	   4,6	 -16,3
*	    60,9267	 1	284,04	 79,30	 -13,1	  -3,2	   0,7	   1,4	   3,0	   4,5	   2,9	 -18,5
*	    39,4624	 1	247,99	 76,60	  -4,4	   5,5	   9,4	  10,1	  11,7	  13,4	  12,3	  -7,1
*	    40,4741	 1	269,24	 75,80	  -4,6	   5,3	   9,1	   9,9	  11,5	  13,1	  12,1	  -7,5
*	    46,2542	 1	289,95	 76,81	  -7,1	   2,7	   6,6	   7,4	   8,9	  10,5	   9,3	 -10,7
*	    24,0270	 1	237,76	 71,76	   4,7	  14,5	  18,4	  19,2	  20,8	  22,5	  21,9	   3,8
*	    25,1551	 1	270,55	 69,25	   4,6	  14,5	  18,3	  19,1	  20,7	  22,5	  21,8	   3,6
*	    32,7967	 1	301,43	 72,52	  -0,0	   9,8	  13,7	  14,5	  16,1	  17,8	  16,9	  -1,9
*	    10,3079	 1	211,05	 62,90	  16,4	  26,3	  30,2	  30,9	  32,6	  34,4	  34,1	  17,3
*	    11,3133	 1	276,10	 47,70	  18,0	  27,9	  31,8	  32,5	  34,2	  36,0	  35,7	  18,8
*	    22,1608	 1	328,11	 65,82	   7,6	  17,5	  21,3	  22,1	  23,7	  25,5	  24,9	   7,0
*	     2,6708	 1	153,76	 62,72	  26,1	  36,0	  39,8	  40,6	  42,3	  44,2	  44,1	  27,9
*	     5,3466	 1	 73,31	 38,27	  24,9	  34,7	  38,6	  39,4	  41,1	  42,9	  42,8	  26,4
*	    18,2147	 1	 16,75	 66,23	  10,3	  20,2	  24,1	  24,9	  26,5	  28,3	  27,8	  10,2
s	     3,0375	 1	150,56	 90,42	  37,6	  47,1	  51,0	  51,8	  53,5	  54,5	  54,4	  36,5
*	    18,5660	 1	209,42	 80,37	   6,8	  16,3	  20,1	  21,0	  22,6	  23,5	  23,0	   3,7
*	     5,3177	 1	164,10	 81,26	  23,4	  32,9	  36,7	  37,6	  39,2	  40,2	  40,0	  21,9
s	     3,3059	 2	148,83	 90,51	  36,5	  46,5	  50,5	  51,4	  53,0	  53,9	  54,1	  36,2
s	     3,5701	 2	135,68	 63,06	  36,1	  45,9	  49,7	  50,3	  51,9	  53,7	  54,0	  36,0
s	     3,8805	 2	151,41	109,13	  35,0	  45,2	  50,1	  51,2	  52,9	  53,9	  53,8	  35,8
s	     4,1363	 3	149,65	108,94	  33,9	  44,6	  49,6	  50,8	  52,4	  53,3	  53,6	  35,6
s	     5,0248	 2	149,38	 64,92	  35,4	  45,2	  49,0	  49,6	  51,2	  53,0	  53,2	  35,1
s	     5,2653	 3	147,68	 65,35	  34,3	  44,6	  48,6	  49,2	  50,8	  52,4	  53,0	  34,9
*	     5,7049	 1	148,77	 73,38	  15,7	  24,7	  28,5	  29,4	  31,0	  31,9	  32,6	  16,1
*	     5,7529	 1	156,69	 71,96	  14,2	  23,2	  27,0	  27,9	  29,5	  30,4	  31,1	  14,6
*	     6,6585	 1	165,53	 70,79	  11,6	  20,7	  24,4	  25,3	  27,0	  27,9	  28,5	  11,9
*	     8,1734	 1	174,95	 70,00	   8,9	  17,9	  21,7	  22,6	  24,2	  25,1	  25,7	   9,0
*	    10,1688	 1	184,50	 69,73	   6,2	  15,3	  19,0	  19,9	  21,5	  22,4	  22,9	   6,1
*	    12,5687	 1	193,65	 69,95	   3,6	  12,6	  16,4	  17,3	  18,9	  19,8	  20,2	   3,1
*	    15,3105	 1	202,02	 70,55	   1,0	  10,0	  13,8	  14,6	  16,2	  17,1	  17,5	   0,2
*	    18,3352	 1	209,40	 71,42	  -1,6	   7,4	  11,2	  12,1	  13,7	  14,5	  14,8	  -2,8
s	     6,8714	 2	146,81	139,63	  34,6	  43,9	  47,5	  48,0	  49,7	  51,6	  51,3	  32,3
*	     7,0356	 1	146,05	 74,88	   2,3	  11,8	  15,6	  16,5	  18,1	  19,1	  18,9	   0,6
s	     7,8296	 3	138,99	137,19	  34,0	  43,9	  47,8	  48,3	  49,9	  51,7	  51,8	  33,5
*	    73,1764	 1	269,20	 92,30	 -20,3	 -11,2	  -7,5	  -6,7	  -5,2	  -4,5	  -6,9	 -31,0
*	    71,6857	 1	256,92	 92,33	 -20,0	 -10,8	  -7,1	  -6,3	  -4,8	  -4,1	  -6,4	 -30,4
*	    62,5344	 1	285,19	 93,43	 -16,8	  -7,6	  -4,0	  -3,2	  -1,6	  -0,9	  -2,9	 -26,1
*	    57,0323	 1	270,28	 93,70	 -14,9	  -5,7	  -2,1	  -1,3	   0,3	   1,1	  -0,8	 -23,6
*	    55,2571	 1	254,66	 93,71	 -14,4	  -5,2	  -1,5	  -0,7	   0,9	   1,6	  -0,2	 -22,8
*	    48,0599	 1	291,81	 95,46	 -11,1	  -1,9	   1,7	   2,6	   4,1	   5,0	   3,3	 -18,6
*	    41,1858	 1	272,13	 96,14	  -8,1	   1,1	   4,7	   5,6	   7,2	   8,0	   6,5	 -14,8
*	    39,0106	 1	250,78	 96,07	  -7,3	   1,9	   5,6	   6,4	   8,0	   8,9	   7,4	 -13,7
*	    34,9961	 1	304,04	 98,96	  -4,4	   4,7	   8,4	   9,2	  10,8	  11,7	  10,4	 -10,3
*	    25,9459	 1	276,19	101,36	   1,0	  10,2	  13,8	  14,7	  16,3	  17,3	  16,2	  -3,8
*	    23,2057	 1	242,67	100,81	   2,2	  11,4	  15,0	  15,9	  17,5	  18,5	  17,5	  -2,2
*	    25,0185	 1	329,29	104,61	   2,2	  11,4	  15,1	  15,9	  17,5	  18,5	  17,4	  -2,4
*	    12,3478	 1	291,46	118,32	  14,2	  23,4	  27,1	  27,9	  29,6	  30,6	  29,9	  11,1
*	     8,9465	 1	218,50	112,53	  15,3	  24,4	  28,1	  29,0	  30,6	  31,7	  31,1	  12,6
s	     9,0155	 3	152,92	133,71	  33,5	  43,5	  47,3	  47,9	  49,5	  51,3	  51,3	  32,9
s	     9,2145	 4	151,12	133,34	  32,5	  42,9	  46,9	  47,5	  49,0	  50,7	  51,1	  32,7
s	     9,4119	 3	148,30	 48,04	  33,4	  43,3	  47,2	  47,7	  49,3	  51,1	  51,1	  32,7
s	     9,6076	 4	146,64	 48,56	  32,3	  42,8	  46,8	  47,3	  48,9	  50,6	  51,0	  32,5
s	    12,3859	 3	140,60	 33,66	  29,3	  39,4	  44,1	  44,6	  46,3	  48,9	  49,0	  29,5
s	    12,9818	 3	148,17	150,47	  32,6	  42,3	  46,0	  46,5	  48,1	  50,0	  49,5	  30,7
s	    13,1494	 4	133,91	 36,43	  28,8	  39,6	  44,5	  45,0	  46,7	  49,2	  49,6	  30,8
s	    13,7289	 4	140,11	148,29	  31,7	  41,8	  45,6	  46,2	  47,8	  49,6	  49,4	  30,5
s	    14,5771	 4	147,35	 37,96	  29,4	  39,9	  44,9	  45,8	  47,4	  48,9	  49,1	  30,2
s	    14,6709	 4	154,10	144,98	  31,4	  41,5	  45,3	  45,9	  47,5	  49,3	  49,1	  30,1
s	    14,7376	 5	145,72	 38,47	  28,4	  39,4	  44,6	  45,4	  46,9	  48,4	  48,9	  30,0
s	    14,8308	 5	152,25	144,63	  30,4	  41,0	  45,0	  45,5	  47,0	  48,7	  48,9	  30,0
s	    15,8407	 5	157,88	 58,44	  28,1	  39,2	  44,3	  45,1	  46,7	  48,3	  48,6	  29,5
s	    15,9943	 6	156,64	 58,69	  27,0	  38,7	  43,9	  44,7	  46,2	  47,8	  48,4	  29,4
s	    18,3502	 5	160,91	134,20	  25,9	  37,2	  43,2	  44,2	  45,9	  47,7	  47,5	  28,3
s	    18,5309	 4	149,34	156,20	  27,3	  37,5	  42,2	  42,7	  44,3	  47,0	  46,8	  26,8
s	    18,9755	 6	155,54	133,43	  25,0	  36,8	  42,9	  44,0	  45,6	  47,3	  47,5	  28,2
*	    19,0921	 1	210,32	100,94	   3,6	  13,1	  16,9	  17,8	  19,4	  20,2	  19,7	   0,4
s	    19,1528	 5	141,08	154,32	  26,9	  37,8	  42,7	  43,2	  44,8	  47,4	  47,5	  28,2
s	    19,6703	 5	133,00	 29,12	  26,7	  37,6	  42,6	  43,1	  44,7	  47,2	  47,4	  28,0
s	    20,7574	 4	139,20	 25,41	  29,2	  39,1	  42,8	  43,0	  44,6	  47,3	  46,9	  27,5
*	    20,9689	 1	219,11	100,56	 -12,5	  -3,0	   0,8	   1,7	   3,3	   4,2	   3,6	 -15,9
s	    22,0833	 5	146,15	 29,58	  28,1	  38,5	  42,4	  42,6	  44,2	  46,7	  46,7	  27,1
s	    22,2104	 6	144,57	 30,02	  27,1	  38,1	  42,0	  42,2	  43,8	  46,2	  46,5	  26,9
s	    24,0749	 7	148,00	 38,10	  23,5	  35,4	  41,6	  42,6	  44,2	  45,7	  45,9	  26,2
s	    25,0672	 6	153,00	 35,14	  26,0	  36,9	  41,9	  42,6	  44,2	  45,8	  45,5	  25,7
s	    25,5073	 5	150,78	160,89	  25,8	  36,4	  41,2	  41,7	  43,3	  46,0	  45,5	  25,6
s	    26,0206	 6	142,27	159,34	  24,8	  35,9	  40,8	  41,2	  42,9	  45,4	  45,3	  25,4
s	    26,6783	 6	156,31	156,61	  24,6	  35,7	  40,6	  41,1	  42,7	  45,2	  45,1	  25,1
s	    26,7910	 7	154,40	156,35	  23,9	  35,5	  40,5	  41,0	  42,6	  45,0	  45,2	  25,2
s	    27,0728	 8	156,29	 38,97	  23,3	  35,0	  40,1	  40,6	  42,1	  44,4	  44,8	  24,8
*	    27,2707	 1	 27,16	 91,97	   2,7	  11,7	  15,5	  16,3	  17,9	  18,7	  18,8	   0,4
*	    27,4531	 1	 26,90	 97,79	   2,5	  11,6	  15,3	  16,2	  17,8	  18,6	  18,6	   0,3
*	    27,5598	 1	345,43	 94,99	  11,5	  20,5	  24,3	  25,2	  26,8	  27,5	  27,6	   9,2
*	    30,7891	 1	329,97	 93,76	   9,4	  18,5	  22,2	  23,1	  24,7	  25,4	  25,4	   6,7
*	    35,3809	 1	317,80	 92,60	   6,6	  15,7	  19,4	  20,3	  21,9	  22,6	  22,4	   3,4
*	    35,6009	 1	318,31	 79,07	   6,5	  15,5	  19,3	  20,1	  21,7	  22,4	  22,3	   3,2
*	    40,9429	 1	308,75	 91,65	   3,6	  12,6	  16,4	  17,3	  18,8	  19,5	  19,2	  -0,4
*	    41,1355	 1	309,12	 80,02	   3,5	  12,5	  16,3	  17,1	  18,7	  19,4	  19,1	  -0,5
*	    47,1769	 1	302,07	 90,92	   0,6	   9,6	  13,4	  14,2	  15,8	  16,4	  16,0	  -4,2
*	    47,3461	 1	302,33	 80,89	   0,5	   9,5	  13,3	  14,2	  15,7	  16,3	  15,9	  -4,3
*	    53,8819	 1	297,05	 90,37	  -2,3	   6,8	  10,5	  11,4	  12,9	  13,5	  12,9	  -7,9
*	    54,0316	 1	297,25	 81,62	  -2,3	   6,7	  10,4	  11,3	  12,8	  13,4	  12,8	  -7,9
*	    60,9248	 1	293,21	 89,94	  -5,0	   4,1	   7,8	   8,7	  10,2	  10,7	   9,9	 -11,4
*	    61,0586	 1	293,36	 82,23	  -5,0	   4,0	   7,8	   8,6	  10,1	  10,7	   9,9	 -11,5
*	    68,2166	 1	290,18	 89,60	  -7,5	   1,6	   5,3	   6,2	   7,7	   8,2	   7,2	 -14,8
*	    68,3373	 1	290,30	 82,73	  -7,5	   1,5	   5,3	   6,1	   7,6	   8,1	   7,1	 -14,9
*	    75,6964	 1	287,77	 89,33	  -9,8	  -0,8	   3,0	   3,8	   5,3	   5,8	   4,6	 -18,1
*	    75,8060	 1	287,86	 83,15	  -9,8	  -0,8	   2,9	   3,8	   5,3	   5,7	   4,5	 -18,2
*	    83,3210	 1	285,79	 89,12	 -12,0	  -3,0	   0,8	   1,6	   3,1	   3,5	   2,1	 -21,2
*	    83,4213	 1	285,86	 83,50	 -12,0	  -3,0	   0,8	   1,6	   3,1	   3,5	   2,1	 -21,3
*	    91,0592	 1	284,14	 88,94	 -14,0	  -5,0	  -1,2	  -0,4	   1,1	   1,4	  -0,2	 -24,2
*	    91,1517	 1	284,20	 83,80	 -14,0	  -5,0	  -1,3	  -0,4	   1,0	   1,4	  -0,2	 -24,3
s	    28,8379	 1	  7,35	 89,98	  30,1	  39,2	  42,9	  43,8	  45,4	  46,3	  45,2	  25,0
*	    34,6232	 1	329,11	 82,84	   7,7	  16,9	  20,5	  21,4	  23,0	  23,9	  22,6	   1,8
*	    30,2224	 1	348,86	 83,06	  10,3	  19,5	  23,1	  24,0	  25,6	  26,5	  25,3	   5,0
*	    29,0036	 1	 10,69	 84,24	  10,8	  19,9	  23,6	  24,4	  26,1	  27,0	  25,8	   5,6
*	    29,3847	 1	 27,37	 80,97	 -16,3	  -7,3	  -3,5	  -2,7	  -1,1	  -0,3	  -0,3	 -18,9
*	    29,0507	 1	 27,12	 86,39	 -16,1	  -7,1	  -3,3	  -2,4	  -0,9	  -0,1	  -0,1	 -18,6
s	    29,3117	 2	 10,39	 90,13	  29,8	  39,1	  42,8	  43,6	  45,2	  46,2	  44,1	  23,1
s	    29,6637	 2	  7,90	 79,20	  28,2	  37,4	  41,1	  41,5	  43,2	  44,9	  44,1	  23,0
s	    29,9864	 6	145,00	 24,22	  25,4	  35,9	  39,8	  40,0	  41,6	  43,9	  43,5	  22,5
s	    30,0906	 7	143,46	 24,61	  25,2	  36,2	  40,2	  40,4	  41,9	  44,2	  44,4	  24,1
s	    30,1286	 3	 10,92	 79,47	  28,4	  38,0	  41,7	  42,2	  43,8	  45,6	  43,8	  22,8
s	    31,1203	 3	  8,27	 72,06	  26,2	  36,3	  41,0	  41,8	  43,5	  45,2	  44,4	  24,0
s	    31,5396	 3	  6,31	110,20	  27,6	  37,0	  40,6	  41,1	  42,7	  44,5	  43,5	  22,3
s	    31,5704	 4	 11,29	 72,40	  25,3	  36,0	  40,9	  41,7	  43,3	  44,9	  44,4	  24,0
s	    31,9855	 4	  9,37	110,15	  27,8	  37,6	  41,3	  41,7	  43,3	  45,1	  43,3	  22,1
s	    32,2819	 2	  6,59	 89,97	  28,7	  38,4	  42,2	  43,0	  44,6	  45,4	  44,5	  24,0
s	    32,3810	 3	  7,30	 90,00	  27,7	  37,9	  41,8	  42,7	  44,2	  44,9	  44,4	  23,8
s	    32,5977	 3	  6,23	 97,01	  26,4	  36,7	  41,7	  42,7	  44,3	  45,2	  44,3	  23,8
s	    32,6961	 4	  6,95	 97,03	  25,4	  36,3	  41,3	  42,4	  43,9	  44,7	  44,2	  23,6
s	    32,7752	 7	143,45	162,71	  19,7	  31,3	  37,3	  37,7	  39,3	  42,6	  42,8	  21,5
s	    33,0471	 3	  7,09	 79,97	  27,3	  37,2	  41,1	  41,6	  43,2	  44,8	  44,2	  23,6
s	    33,1446	 4	  7,80	 80,03	  26,3	  36,8	  40,7	  41,3	  42,8	  44,3	  44,1	  23,5
*	    33,4819	 1	328,04	 80,95	  -4,9	   4,2	   7,9	   8,8	  10,4	  11,1	  11,0	  -7,9
*	    33,9113	 1	328,28	 75,58	  -5,1	   3,9	   7,7	   8,5	  10,1	  10,8	  10,7	  -8,2
s	    33,7824	 4	  5,93	116,66	  25,4	  35,7	  40,5	  41,2	  42,9	  44,7	  43,7	  23,1
s	    33,7837	 6	137,24	 18,76	  22,9	  33,8	  38,6	  38,7	  40,4	  43,8	  43,5	  22,8
s	    34,1182	 6	152,57	164,68	  22,4	  33,1	  37,8	  37,9	  39,5	  42,9	  42,6	  21,2
s	    34,2076	 5	  8,99	116,56	  24,6	  35,4	  40,3	  41,1	  42,7	  44,4	  43,7	  23,1
s	    34,2088	 7	131,18	 20,59	  21,9	  33,3	  38,2	  38,3	  40,0	  43,2	  43,3	  22,6
s	    34,3104	 4	  8,81	 62,83	  23,8	  34,0	  38,7	  39,2	  40,8	  43,4	  42,8	  21,3
s	    34,5758	 4	  7,47	 72,65	  25,8	  36,2	  41,2	  42,3	  43,8	  44,5	  43,8	  23,0
s	    34,6702	 5	  8,18	 72,72	  24,8	  35,7	  40,9	  41,9	  43,4	  44,1	  43,6	  22,9
s	    34,7310	 5	 11,82	 63,24	  24,0	  34,6	  39,4	  39,8	  41,5	  44,0	  42,6	  21,1
s	    34,7559	 7	144,34	 21,91	  21,8	  33,2	  38,1	  38,2	  39,9	  43,1	  43,2	  22,4
s	    34,7929	 4	  5,62	108,79	  26,7	  36,9	  40,7	  41,2	  42,8	  44,4	  43,7	  23,0
s	    34,8869	 5	  6,33	108,79	  25,8	  36,4	  40,4	  40,9	  42,4	  43,9	  43,6	  22,8
s	    35,2293	 3	327,94	 78,57	  26,9	  36,2	  39,9	  40,4	  42,0	  43,5	  42,7	  21,2
s	    35,7232	 8	142,70	 21,89	  20,9	  32,8	  37,8	  38,0	  39,6	  42,7	  43,1	  22,3
s	    36,5077	 7	158,06	161,61	  24,0	  34,6	  38,5	  38,7	  40,2	  42,6	  42,0	  20,4
s	    36,5985	 8	156,10	161,41	  23,8	  34,9	  39,0	  39,1	  40,6	  42,9	  42,9	  22,0
s	    37,0802	 4	328,32	 70,17	  26,9	  36,5	  40,3	  40,8	  42,4	  43,9	  43,0	  22,1
s	    37,3883	 5	  7,94	 64,57	  23,0	  34,0	  38,9	  39,4	  41,0	  43,4	  43,1	  22,1
s	    37,4775	 6	  8,64	 64,66	  22,1	  33,5	  38,5	  39,0	  40,6	  42,9	  42,9	  22,0
s	    38,2491	 5	  5,35	125,28	  23,9	  34,1	  38,9	  39,6	  41,2	  42,8	  41,9	  20,1
s	    38,2491	 5	  9,31	 55,45	  23,4	  34,0	  38,8	  39,2	  40,9	  43,4	  42,6	  21,6
s	    38,2529	 4	329,85	 79,23	  26,1	  36,1	  40,1	  40,6	  42,1	  43,6	  43,0	  22,0
s	    38,5229	 5	329,27	 79,26	  25,1	  35,6	  39,7	  40,2	  41,7	  43,1	  42,8	  21,8
s	    38,6381	 6	 12,31	 55,89	  22,4	  33,5	  38,4	  38,8	  40,4	  42,9	  42,5	  21,4
s	    38,6381	 6	  8,42	125,14	  24,2	  34,7	  39,5	  40,2	  41,8	  43,5	  41,7	  19,8
s	    39,0944	 8	144,56	165,05	  18,8	  30,9	  36,9	  37,3	  38,9	  42,2	  42,1	  21,0
s	    39,1518	 6	328,61	 64,31	  23,0	  33,5	  38,5	  39,0	  40,5	  42,7	  42,4	  21,2
s	    40,0001	 5	330,22	 71,27	  25,6	  35,8	  39,7	  40,2	  41,7	  43,2	  42,5	  21,3
s	    40,5089	 7	153,91	166,68	  21,6	  32,6	  37,4	  37,5	  39,1	  42,5	  42,0	  20,7
s	    40,7927	 6	  4,76	122,68	  22,3	  33,3	  38,3	  38,7	  40,3	  42,7	  42,3	  21,0
s	    40,8764	 7	  5,48	122,66	  21,3	  32,9	  37,9	  38,4	  39,9	  42,3	  42,1	  20,9
s	    42,1416	 6	  8,51	 55,87	  24,0	  34,6	  38,5	  38,6	  40,2	  42,6	  42,0	  20,6
s	    42,2233	 7	  9,21	 55,96	  23,1	  34,2	  38,1	  38,3	  39,8	  42,1	  41,9	  20,5
s	    43,0290	 8	143,23	 18,87	  19,7	  31,1	  36,1	  36,3	  37,8	  40,9	  40,6	  18,4
s	    43,3145	 6	  9,84	 48,75	  20,8	  31,5	  36,2	  36,3	  38,0	  41,3	  40,8	  18,5
s	    43,6693	 7	 12,83	 49,22	  20,6	  31,4	  36,1	  36,2	  37,8	  41,2	  40,6	  18,3
s	    43,6968	 8	159,33	164,12	  23,1	  33,9	  37,9	  38,0	  39,5	  41,8	  41,3	  19,7
s	    43,9820	 6	325,96	121,70	  24,8	  34,5	  38,3	  38,7	  40,2	  41,7	  40,6	  18,3
s	    45,5623	 7	  4,26	129,32	  22,3	  33,4	  38,4	  39,0	  40,6	  42,1	  41,3	  19,6
s	    45,6392	 8	  4,97	129,29	  21,4	  32,9	  38,0	  38,7	  40,2	  41,6	  41,1	  19,4
s	    45,9309	 7	  8,89	 50,91	  20,2	  31,6	  36,5	  36,7	  38,3	  41,4	  41,2	  19,5
s	    46,0075	 8	  9,60	 51,00	  19,3	  31,1	  36,2	  36,3	  37,9	  41,0	  41,1	  19,3
s	    46,5695	 7	327,95	120,18	  24,2	  34,6	  38,6	  39,0	  40,5	  41,8	  41,1	  19,3
s	    46,7074	 8	  9,55	 60,89	  18,7	  30,6	  36,6	  37,3	  38,9	  41,3	  40,7	  18,9
s	    46,8025	 8	327,39	120,03	  23,2	  34,1	  38,2	  38,7	  40,1	  41,3	  40,9	  19,1
s	    47,0979	 8	328,32	119,89	  22,9	  33,0	  36,8	  36,9	  38,4	  40,7	  39,8	  17,3
s	    47,2601	 7	  3,65	112,31	  21,4	  32,8	  37,9	  38,6	  40,1	  41,7	  41,0	  19,1
s	    47,3349	 8	  4,24	112,31	  20,4	  32,4	  37,6	  38,2	  39,7	  41,2	  40,8	  19,0
s	    48,0925	 8	325,63	127,10	  21,7	  32,0	  35,8	  35,6	  37,1	  40,1	  39,7	  17,0
s	    48,1823	 7	  4,33	136,79	  19,9	  30,8	  35,5	  35,5	  37,2	  40,5	  39,8	  17,1
s	    48,4288	 8	155,61	168,56	  18,6	  29,8	  34,5	  34,3	  35,9	  40,0	  39,6	  16,9
s	    48,5094	 8	  7,42	136,62	  19,6	  30,7	  35,4	  35,4	  37,0	  40,4	  39,6	  16,9
s	    49,4495	 8	  6,72	 60,22	  19,8	  31,6	  36,6	  37,0	  38,5	  40,9	  40,5	  18,4
s	    50,6016	 8	  3,79	134,54	  19,4	  30,9	  35,8	  35,9	  37,5	  40,7	  40,3	  18,1
s	    50,8671	 8	327,60	125,89	  23,4	  34,0	  37,9	  38,3	  39,8	  41,1	  40,2	  18,1
s	    51,0096	 8	  9,35	 45,75	  19,3	  30,8	  35,7	  35,9	  37,4	  40,6	  40,2	  18,0
s	    53,1553	 8	  3,89	140,69	  17,5	  29,2	  35,1	  35,4	  37,1	  40,4	  39,6	  17,2
s	    53,7858	 8	 10,79	 39,60	  16,9	  28,3	  34,2	  34,6	  36,2	  39,3	  38,7	  15,5
s	    55,3731	 2	170,86	 90,21	  24,9	  34,6	  38,4	  39,2	  40,7	  41,4	  39,9	  17,3
s	    55,5841	 3	171,09	 94,92	  22,7	  33,0	  37,9	  39,0	  40,5	  41,2	  39,8	  17,2
s	    55,6665	 3	168,95	 90,31	  24,7	  34,5	  38,3	  39,1	  40,6	  41,3	  38,9	  15,6
s	    55,8765	 4	169,19	 95,00	  21,9	  32,7	  37,8	  38,8	  40,4	  41,0	  39,8	  17,2
s	    55,8856	 3	170,53	 83,51	  23,6	  33,6	  37,4	  37,9	  39,4	  40,9	  39,7	  17,1
s	    56,1768	 4	168,63	 83,63	  23,3	  33,5	  37,3	  37,8	  39,3	  40,8	  38,8	  15,4
s	    56,8041	 4	170,30	 78,92	  21,3	  31,9	  36,8	  37,6	  39,1	  40,6	  39,4	  16,8
s	    57,0718	 4	171,50	103,00	  22,7	  32,7	  36,4	  36,9	  38,4	  39,9	  38,6	  15,1
s	    57,0915	 5	168,40	 79,06	  20,5	  31,6	  36,7	  37,4	  39,0	  40,3	  39,5	  16,8
s	    57,3581	 5	169,59	103,04	  23,0	  33,3	  37,1	  37,5	  39,1	  40,6	  38,5	  15,0
s	    58,5283	 5	171,74	107,41	  20,8	  31,6	  36,5	  37,3	  38,8	  40,3	  39,1	  16,2
s	    58,8088	 6	169,82	107,43	  20,1	  31,4	  36,4	  37,1	  38,7	  40,1	  39,1	  16,3
s	    58,8484	 3	171,16	 90,21	  23,8	  33,9	  37,9	  38,7	  40,2	  40,7	  39,5	  16,6
s	    58,9114	 4	170,71	 90,23	  22,8	  33,5	  37,6	  38,4	  39,8	  40,3	  39,3	  16,5
s	    59,0493	 4	171,38	 94,69	  21,5	  32,4	  37,4	  38,4	  40,0	  40,5	  39,3	  16,4
s	    59,0576	 5	169,94	 72,19	  20,3	  30,8	  35,7	  36,4	  37,9	  39,3	  38,2	  14,5
s	    59,1120	 5	170,93	 94,71	  20,5	  31,9	  37,1	  38,1	  39,6	  40,1	  39,2	  16,3
s	    59,3362	 6	168,05	 72,35	  20,5	  31,4	  36,3	  37,1	  38,6	  40,0	  38,0	  14,4
s	    59,3366	 4	170,85	 83,82	  22,4	  32,9	  36,9	  37,4	  38,9	  40,2	  39,3	  16,4
s	    59,3991	 5	170,39	 83,85	  21,5	  32,4	  36,5	  37,1	  38,5	  39,7	  39,2	  16,2
s	    60,2123	 5	170,62	 79,44	  20,1	  31,3	  36,3	  37,1	  38,6	  39,9	  39,0	  16,0
s	    60,2741	 6	170,17	 79,47	  19,1	  30,8	  36,0	  36,7	  38,2	  39,5	  38,9	  15,9
s	    60,4677	 5	171,77	102,41	  22,1	  32,7	  36,7	  37,2	  38,6	  40,0	  39,0	  16,0
s	    60,5293	 6	171,32	102,42	  21,1	  32,3	  36,4	  36,8	  38,3	  39,6	  38,9	  15,9
s	    61,0970	 7	167,84	 68,64	  16,3	  28,4	  34,5	  35,2	  36,8	  39,0	  38,4	  15,4
s	    61,5438	 6	169,66	 67,15	  19,2	  30,3	  35,2	  35,6	  37,2	  39,5	  38,5	  15,4
s	    61,8589	 6	172,00	106,63	  19,7	  31,0	  36,1	  36,8	  38,3	  39,7	  38,7	  15,5
s	    61,9194	 7	171,54	106,64	  18,7	  30,6	  35,7	  36,5	  37,9	  39,2	  38,6	  15,4
s	    62,0606	 6	172,15	114,65	  20,7	  31,1	  34,8	  34,9	  36,4	  38,7	  37,6	  13,7
s	    62,3282	 7	170,23	114,65	  20,9	  31,7	  35,5	  35,6	  37,1	  39,5	  37,5	  13,5
s	    62,4757	 7	170,30	 73,02	  17,6	  28,9	  34,0	  34,4	  35,9	  37,9	  37,4	  13,5
s	    62,7419	 8	168,49	 73,17	  17,9	  29,5	  34,7	  35,1	  36,6	  38,6	  37,3	  13,3
s	    63,7173	 7	172,30	117,23	  16,8	  28,5	  34,5	  35,2	  36,8	  39,1	  38,1	  14,7
s	    63,9792	 8	170,38	117,23	  15,8	  28,0	  34,2	  34,8	  36,4	  38,6	  37,9	  14,6
s	    65,1300	 7	169,33	 61,72	  17,1	  28,3	  33,1	  33,2	  34,7	  37,8	  37,1	  12,9
s	    65,2427	 7	172,39	113,60	  20,1	  31,2	  35,1	  35,3	  36,7	  38,9	  38,1	  14,6
s	    65,3006	 8	171,93	113,60	  19,1	  30,7	  34,8	  35,0	  36,4	  38,5	  37,9	  14,5
s	    65,3872	 8	167,44	 61,91	  16,8	  28,2	  33,0	  33,1	  34,6	  37,7	  36,9	  12,7
s	    65,6866	 6	143,37	 85,61	  20,5	  31,5	  35,7	  36,2	  37,6	  38,7	  38,1	  14,6
s	    65,7998	 8	170,61	 73,75	  17,1	  29,0	  34,3	  34,8	  36,2	  38,1	  37,9	  14,4
s	    66,0155	 5	146,97	 85,49	  21,2	  31,7	  35,8	  36,3	  37,7	  38,9	  37,9	  14,4
s	    68,1932	 8	169,70	 62,87	  16,5	  28,4	  33,4	  33,6	  35,1	  38,0	  37,5	  13,8
s	    68,8506	 6	172,13	 95,45	  20,0	  31,2	  36,2	  37,2	  38,7	  39,3	  37,7	  13,9
s	    69,0412	 8	172,74	123,77	  17,5	  28,6	  33,5	  33,8	  35,3	  37,5	  36,4	  11,8
s	    69,0412	 8	169,02	 57,14	  16,9	  28,5	  33,4	  33,5	  35,0	  38,1	  37,2	  13,4
s	    69,3262	 7	147,83	 85,69	  19,2	  30,7	  35,0	  35,5	  36,9	  37,8	  37,5	  13,7
s	    70,9787	 8	172,76	111,93	  17,3	  28,5	  33,4	  33,6	  35,2	  37,5	  36,1	  11,4
s	    71,0012	 8	146,33	 70,96	  17,0	  28,6	  33,8	  34,2	  35,7	  37,6	  36,9	  12,9
s	    82,6346	 3	  1,64	 89,91	  21,8	  31,5	  35,4	  36,2	  37,6	  38,0	  35,9	  10,9
s	    82,7861	 4	  1,47	 93,29	  19,6	  30,0	  34,9	  36,0	  37,4	  37,8	  35,8	  10,8
s	    82,8453	 4	  3,02	 89,98	  21,6	  31,5	  35,3	  36,1	  37,5	  37,9	  35,0	   9,2
s	    82,9964	 5	  2,85	 93,35	  18,8	  29,7	  34,8	  35,9	  37,3	  37,6	  35,9	  10,9
s	    84,9231	 6	  1,01	102,42	  17,9	  28,7	  33,7	  34,4	  35,9	  37,1	  35,3	  10,1
s	    85,1290	 7	  2,39	102,46	  17,2	  28,5	  33,6	  34,3	  35,8	  36,9	  35,4	  10,2
s	    86,0120	 4	  1,74	 85,23	  20,3	  30,4	  34,2	  34,6	  36,1	  37,4	  35,4	  10,1
s	    86,1195	 4	  1,49	 89,91	  20,8	  31,0	  35,0	  35,8	  37,2	  37,4	  35,6	  10,3
s	    86,2156	 5	  3,07	 85,31	  20,0	  30,3	  34,1	  34,5	  36,0	  37,4	  34,5	   8,4
s	    86,2657	 5	  1,32	 93,17	  18,5	  29,4	  34,5	  35,6	  37,0	  37,2	  35,5	  10,2
s	    86,6557	 5	  1,90	 81,99	  18,0	  28,8	  33,7	  34,4	  35,9	  37,2	  35,2	   9,9
s	    86,8580	 6	  3,24	 82,08	  17,2	  28,5	  33,6	  34,3	  35,7	  37,0	  35,3	   9,9
s	    86,9833	 7	  0,77	106,95	  16,0	  26,9	  31,8	  32,2	  33,7	  35,6	  34,1	   8,0
s	    87,1850	 8	  2,14	106,98	  16,2	  27,5	  32,5	  32,9	  34,4	  36,4	  34,0	   7,9
s	    87,3034	 6	  1,04	 98,84	  19,2	  29,9	  33,9	  34,4	  35,7	  36,8	  35,2	   9,8
s	    87,4942	 1	260,53	 87,02	  22,1	  31,5	  35,3	  36,2	  37,6	  38,1	  35,8	  10,3
*	    94,5320	 1	283,56	 84,29	  -3,9	   5,6	   9,3	  10,2	  11,6	  12,0	   9,5	 -16,5
*	    88,5948	 1	269,27	 84,09	  -2,5	   7,0	  10,8	  11,6	  13,1	  13,5	  11,2	 -14,3
*	    88,0559	 1	254,71	 84,26	  -2,4	   7,1	  10,9	  11,7	  13,2	  13,6	  11,3	 -14,2
s	    87,7550	 2	260,56	 91,29	  21,6	  31,2	  35,0	  35,8	  37,3	  37,7	  35,4	   9,9
s	    87,8451	 2	260,49	 82,42	  20,0	  29,6	  33,4	  33,9	  35,3	  36,5	  34,6	   8,4
s	    88,0822	 7	  0,99	 99,10	  19,4	  29,8	  33,8	  34,2	  35,6	  36,6	  34,8	   9,3
s	    88,1238	 6	  2,14	 77,46	  16,1	  27,0	  31,8	  32,2	  33,7	  35,8	  34,1	   7,9
s	    88,2817	 8	  2,31	 99,15	  19,2	  29,7	  33,7	  34,1	  35,5	  36,6	  33,9	   7,6
s	    88,3232	 7	  3,47	 77,55	  16,4	  27,6	  32,5	  32,9	  34,4	  36,5	  34,0	   7,7
s	    88,3300	 7	  0,87	102,00	  16,9	  28,2	  33,3	  34,0	  35,5	  36,5	  35,0	   9,5
s	    88,6623	 3	260,60	 95,84	  19,7	  29,5	  33,3	  33,7	  35,2	  36,4	  34,4	   8,1
s	    88,7516	 3	260,45	 78,20	  20,2	  30,2	  34,0	  34,5	  36,0	  37,2	  35,2	   9,6
s	    88,9870	 8	  0,58	110,30	  15,1	  26,7	  32,8	  33,8	  35,2	  36,3	  34,6	   9,0
s	    89,4854	 5	  1,58	 85,39	  19,2	  29,9	  33,8	  34,3	  35,7	  36,9	  35,1	   9,5
s	    89,8093	 2	260,67	 87,02	  20,9	  30,9	  34,8	  35,7	  37,1	  37,4	  35,4	   9,8
s	    90,0642	 3	260,71	 91,20	  20,6	  30,8	  34,8	  35,5	  37,0	  37,3	  35,2	   9,6
s	    90,0721	 4	260,63	 99,97	  19,9	  30,0	  33,8	  34,3	  35,8	  37,0	  34,9	   9,2
s	    90,1076	 6	  1,74	 82,25	  17,0	  28,3	  33,3	  34,0	  35,4	  36,6	  34,9	   9,3
s	    90,1523	 3	260,64	 82,52	  19,6	  29,9	  33,8	  34,4	  35,8	  36,9	  35,2	   9,6
s	    90,2120	 7	  2,37	 73,08	  17,2	  28,2	  33,2	  33,9	  35,3	  36,5	  34,5	   8,9
s	    90,3229	 8	  0,64	106,38	  15,5	  27,1	  32,2	  32,6	  34,0	  35,9	  34,7	   9,0
s	    90,3361	 4	260,41	 73,77	  18,4	  28,4	  32,1	  32,3	  33,8	  35,8	  34,1	   7,6
s	    90,9515	 4	260,74	 95,65	  19,3	  29,8	  33,7	  34,2	  35,6	  36,8	  35,0	   9,3
s	    91,0389	 4	260,60	 78,40	  19,3	  29,8	  33,7	  34,2	  35,6	  36,8	  35,0	   9,3
s	    91,5277	 7	  1,97	 77,87	  15,6	  27,2	  32,2	  32,6	  34,1	  36,1	  34,6	   8,8
s	    92,1756	 5	260,67	104,27	  18,0	  28,2	  31,9	  32,1	  33,5	  35,6	  33,7	   7,1
s	    92,3309	 5	260,78	 99,69	  19,0	  29,6	  33,6	  34,0	  35,4	  36,6	  34,8	   8,9
s	    92,3482	 5	260,38	 69,79	  18,5	  28,9	  32,7	  32,8	  34,3	  36,4	  34,5	   8,7
s	    92,5894	 5	260,57	 74,06	  17,9	  28,7	  32,6	  32,8	  34,2	  36,2	  34,7	   8,8
s	    93,5497	 8	  2,20	 73,62	  16,2	  27,7	  32,9	  33,5	  34,9	  36,0	  34,3	   8,3
s	    94,1205	 2	288,34	 87,13	  21,3	  30,8	  34,7	  35,5	  36,9	  37,2	  34,9	   8,9
s	    94,3652	 3	288,28	 91,14	  20,8	  30,5	  34,4	  35,2	  36,6	  36,9	  34,5	   8,5
s	    94,3906	 6	260,81	103,90	  17,6	  28,5	  32,4	  32,6	  34,0	  36,0	  34,4	   8,4
s	    94,4498	 3	288,41	 82,82	  19,3	  28,9	  32,7	  33,2	  34,6	  35,7	  33,7	   6,9
s	    94,5597	 6	260,53	 70,16	  17,6	  28,5	  32,4	  32,6	  34,0	  35,9	  34,4	   8,3
s	    94,6423	 6	260,70	108,09	  18,1	  28,6	  32,4	  32,6	  34,0	  36,1	  34,1	   8,1
s	    95,0635	 6	260,34	 65,70	  16,5	  27,0	  30,7	  30,6	  32,0	  34,9	  33,3	   6,4
s	    95,2176	 4	288,21	 95,42	  19,0	  28,8	  32,6	  33,1	  34,5	  35,5	  33,5	   6,6
s	    95,3015	 4	288,48	 78,85	  19,5	  29,5	  33,3	  33,8	  35,3	  36,3	  34,3	   8,2
s	    95,4320	 3	290,05	 87,16	  20,2	  30,2	  34,3	  35,1	  36,5	  36,6	  34,6	   8,5
s	    95,6738	 4	289,99	 91,12	  20,0	  30,2	  34,2	  35,0	  36,4	  36,5	  34,5	   8,3
s	    95,7574	 4	290,13	 82,90	  18,9	  29,3	  33,3	  33,8	  35,2	  36,1	  34,5	   8,3
s	    96,2964	 3	287,90	 87,13	  20,1	  30,2	  34,2	  35,0	  36,4	  36,5	  34,5	   8,3
s	    96,5041	 4	288,19	 87,13	  19,2	  29,7	  33,9	  34,7	  36,0	  36,0	  34,4	   8,2
s	    96,5161	 5	289,91	 95,35	  18,7	  29,1	  33,2	  33,7	  35,0	  36,0	  34,3	   8,0
s	    96,5363	 4	287,84	 91,06	  19,9	  30,1	  34,1	  34,9	  36,3	  36,4	  34,4	   8,1
s	    96,5437	 5	288,15	 99,31	  19,2	  29,3	  33,2	  33,7	  35,1	  36,2	  34,0	   7,8
s	    96,5990	 5	290,20	 78,98	  18,6	  29,1	  33,2	  33,7	  35,0	  36,0	  34,3	   8,0
s	    96,6193	 4	287,97	 82,90	  18,9	  29,2	  33,2	  33,7	  35,1	  36,0	  34,4	   8,1
s	    96,7435	 5	288,13	 91,06	  18,9	  29,6	  33,8	  34,6	  35,9	  36,0	  34,2	   8,0
s	    96,7923	 5	288,54	 74,67	  17,6	  27,7	  31,5	  31,7	  33,1	  34,9	  33,2	   6,2
s	    96,8079	 7	260,85	107,66	  17,2	  28,2	  32,2	  32,3	  33,7	  35,7	  34,0	   7,8
s	    96,8263	 5	288,25	 82,91	  17,9	  28,7	  32,9	  33,4	  34,7	  35,6	  34,2	   8,0
s	    97,2210	 7	260,49	 66,13	  16,1	  27,3	  31,2	  31,1	  32,5	  35,2	  34,0	   7,7
s	    97,3627	 4	324,08	 88,17	  19,1	  29,2	  33,3	  34,1	  35,4	  35,4	  33,2	   6,2
s	    97,3721	 5	287,78	 95,25	  18,6	  29,1	  33,1	  33,6	  35,0	  35,9	  34,2	   7,9
s	    97,4544	 5	288,03	 79,01	  18,6	  29,1	  33,1	  33,6	  35,0	  35,9	  34,2	   7,8
s	    97,5777	 6	288,06	 95,24	  17,6	  28,6	  32,8	  33,3	  34,6	  35,4	  34,0	   7,7
s	    97,6004	 5	323,92	 92,06	  18,8	  29,1	  33,2	  34,0	  35,3	  35,3	  33,1	   6,0
s	    97,6599	 6	288,32	 79,03	  17,6	  28,6	  32,8	  33,3	  34,6	  35,4	  34,0	   7,7
s	    97,6825	 5	324,25	 83,98	  17,8	  28,2	  32,3	  32,8	  34,1	  34,9	  33,1	   6,0
s	    97,8131	 7	260,74	112,00	  16,1	  26,7	  30,5	  30,3	  31,7	  34,6	  32,9	   5,8
s	    97,8268	 6	289,85	 99,20	  18,3	  29,0	  33,0	  33,5	  34,8	  35,8	  34,0	   7,7
s	    98,0589	 7	260,30	 62,09	  16,5	  27,4	  31,2	  31,0	  32,5	  35,3	  33,6	   7,3
s	    98,0725	 6	290,27	 74,85	  17,3	  28,1	  32,1	  32,3	  33,7	  35,4	  34,0	   7,6
s	    98,4282	 6	323,75	 96,21	  17,5	  27,9	  32,0	  32,4	  33,7	  34,5	  32,9	   5,8
s	    98,5097	 6	324,41	 80,14	  18,0	  28,6	  32,7	  33,2	  34,5	  35,3	  33,7	   7,3
s	    98,6728	 6	287,72	 99,07	  18,3	  28,9	  33,0	  33,4	  34,8	  35,8	  33,9	   7,5
s	    98,6891	 6	288,61	 70,91	  17,7	  28,2	  32,1	  32,2	  33,6	  35,5	  33,7	   7,3
s	    98,8761	 7	288,00	 99,06	  17,3	  28,5	  32,6	  33,1	  34,4	  35,3	  33,8	   7,3
s	    98,9167	 6	288,10	 74,91	  17,2	  28,0	  32,0	  32,2	  33,6	  35,3	  33,9	   7,4
s	    99,1196	 7	288,38	 74,93	  16,2	  27,5	  31,7	  31,9	  33,2	  34,8	  33,7	   7,3
s	    99,7168	 7	323,60	100,00	  17,7	  28,4	  32,6	  33,0	  34,3	  35,2	  33,4	   6,9
s	    99,7869	 7	289,77	103,22	  16,9	  27,9	  31,9	  32,1	  33,4	  35,2	  33,7	   7,2
s	    99,9185	 8	260,88	111,51	  15,7	  27,0	  31,0	  30,8	  32,2	  35,0	  33,5	   7,0
s	    99,9480	 7	290,34	 71,12	  16,9	  27,9	  31,9	  32,1	  33,4	  35,2	  33,7	   7,1
s	    99,9585	 7	324,58	 76,07	  16,2	  26,8	  30,9	  31,0	  32,3	  33,9	  32,6	   5,3
s	   100,1597	 8	260,46	 62,58	  15,6	  27,0	  30,9	  30,8	  32,2	  34,9	  33,5	   7,0
s	   100,4049	 7	327,90	 84,24	  17,7	  28,4	  32,5	  33,0	  34,3	  35,1	  33,4	   6,8
s	   100,6177	 6	324,79	 88,20	  17,6	  28,7	  33,1	  34,0	  35,2	  35,0	  33,7	   7,1
s	   100,7784	 7	288,16	 71,21	  16,9	  27,8	  31,8	  32,0	  33,4	  35,1	  33,6	   7,0
s	   100,8183	 8	287,94	103,05	  15,9	  27,3	  31,5	  31,7	  33,0	  34,7	  33,4	   6,8
s	   100,8486	 7	324,63	 91,99	  17,4	  28,7	  33,1	  33,9	  35,1	  34,9	  33,6	   6,9
s	   100,8565	 7	288,02	107,01	  17,4	  28,0	  31,9	  32,0	  33,4	  35,3	  33,3	   6,7
s	   100,9284	 7	324,96	 84,14	  16,4	  27,8	  32,1	  32,7	  33,9	  34,5	  33,5	   6,9
s	   100,9779	 8	288,45	 71,24	  15,9	  27,3	  31,5	  31,7	  33,0	  34,6	  33,4	   6,8
s	   101,1975	 8	260,77	115,42	  16,1	  27,1	  30,9	  30,7	  32,2	  35,0	  33,2	   6,5
s	   101,2550	 7	288,68	 67,01	  15,8	  26,3	  30,2	  30,0	  31,4	  34,1	  32,5	   5,1
s	   101,6449	 8	323,43	103,96	  15,8	  26,6	  30,7	  30,8	  32,1	  33,8	  32,3	   4,9
s	   101,6532	 8	324,47	 96,02	  16,1	  27,7	  32,1	  32,5	  33,8	  34,4	  33,4	   6,7
s	   101,7324	 8	325,11	 80,39	  16,1	  27,7	  32,0	  32,5	  33,8	  34,4	  33,3	   6,7
s	   101,7534	 8	260,26	 58,43	  14,5	  25,5	  29,2	  28,7	  30,2	  33,8	  32,3	   4,9
s	   101,8034	 8	324,74	 72,41	  16,3	  27,3	  31,4	  31,6	  32,9	  34,5	  33,1	   6,4
s	   102,0918	 8	289,71	106,82	  16,5	  27,7	  31,7	  31,8	  33,2	  35,0	  33,3	   6,6
s	   102,4861	 8	290,41	 67,27	  15,5	  26,7	  30,7	  30,6	  32,0	  34,5	  33,3	   6,5
s	   102,9070	 8	287,60	106,65	  16,5	  27,6	  31,6	  31,7	  33,1	  34,9	  33,2	   6,4
s	   103,2985	 8	288,23	 67,38	  15,4	  26,6	  30,7	  30,6	  31,9	  34,4	  33,2	   6,3
s	   103,4530	 8	328,74	 84,38	  16,7	  27,9	  32,2	  32,6	  33,9	  34,6	  33,2	   6,3
s	   103,8601	 8	287,96	110,75	  15,4	  26,1	  29,9	  29,7	  31,1	  33,8	  32,1	   4,4
s	   104,0933	 8	288,74	 63,56	  15,9	  26,8	  30,6	  30,5	  31,9	  34,6	  32,8	   6,0
s	   104,8716	 2	 92,77	 92,71	  19,7	  29,7	  33,6	  34,4	  35,8	  36,0	  33,7	   6,7
s	   105,0942	 3	 92,78	 96,36	  19,5	  29,6	  33,6	  34,3	  35,7	  36,0	  33,5	   6,5
s	   105,1712	 3	 92,76	 88,79	  19,2	  29,1	  32,9	  33,4	  34,8	  36,0	  33,5	   6,5
s	   105,8703	 4	 92,79	100,26	  17,4	  27,7	  31,6	  32,0	  33,4	  34,4	  32,3	   4,5
s	   105,9467	 4	 92,75	 85,17	  18,7	  28,8	  32,6	  33,0	  34,5	  35,6	  33,1	   6,0
s	   106,4257	 3	233,93	 87,55	  18,6	  28,7	  32,7	  33,5	  34,8	  34,9	  32,4	   4,5
s	   106,6455	 4	234,04	 91,15	  18,4	  28,6	  32,6	  33,4	  34,7	  34,8	  32,2	   4,3
s	   106,7215	 4	233,82	 83,67	  17,4	  27,7	  31,7	  32,2	  33,6	  34,4	  32,2	   4,3
s	   107,1907	 3	 92,66	 92,72	  18,6	  29,1	  33,1	  34,0	  35,3	  35,4	  33,3	   6,1
s	   107,3067	 5	 92,74	 81,35	  16,8	  27,0	  30,8	  30,9	  32,3	  34,3	  32,0	   4,1
s	   107,4091	 4	 92,67	 96,30	  18,3	  29,0	  33,1	  33,9	  35,2	  35,3	  33,2	   6,0
s	   107,4116	 5	234,15	 95,00	  17,1	  27,4	  31,4	  31,8	  33,2	  34,0	  32,0	   4,1
s	   107,4846	 4	 92,65	 88,87	  18,1	  28,5	  32,4	  32,9	  34,3	  35,3	  33,2	   6,0
s	   107,4871	 5	233,71	 80,11	  17,6	  28,1	  32,1	  32,6	  33,9	  34,8	  32,8	   5,6
s	   108,1704	 5	 92,68	100,12	  17,0	  28,0	  32,1	  32,6	  33,9	  34,8	  33,0	   5,7
s	   108,2454	 5	 92,64	 85,32	  17,8	  28,4	  32,3	  32,8	  34,2	  35,2	  33,0	   5,7
s	   108,3729	 4	232,56	 87,59	  18,3	  28,8	  33,0	  33,8	  35,1	  35,0	  33,1	   5,8
s	   108,3829	 4	234,53	 87,53	  18,3	  28,8	  33,0	  33,8	  35,1	  35,0	  33,1	   5,8
s	   108,4323	 6	 92,81	106,71	  13,8	  25,0	  30,0	  30,4	  31,8	  33,6	  31,8	   3,8
s	   108,5892	 5	232,67	 91,14	  18,0	  28,8	  32,9	  33,7	  35,0	  35,0	  32,9	   5,6
s	   108,5992	 5	234,63	 91,08	  18,0	  28,8	  32,9	  33,7	  35,0	  35,0	  32,9	   5,6
s	   108,6058	 6	234,26	 98,51	  17,3	  28,0	  32,0	  32,4	  33,8	  34,7	  32,6	   5,3
s	   108,6640	 5	232,44	 83,78	  17,0	  27,8	  32,0	  32,5	  33,8	  34,5	  32,9	   5,6
s	   108,6739	 5	234,42	 83,72	  17,0	  27,8	  32,0	  32,5	  33,8	  34,5	  32,9	   5,6
s	   108,6975	 5	234,30	 87,54	  17,3	  28,3	  32,6	  33,4	  34,7	  34,5	  32,9	   5,6
s	   108,9132	 6	234,40	 91,08	  17,0	  28,3	  32,6	  33,3	  34,6	  34,5	  32,8	   5,5
s	   108,9461	 6	233,59	 76,07	  16,8	  27,1	  31,2	  31,6	  32,9	  33,6	  31,8	   3,7
s	   108,9878	 6	234,19	 83,74	  16,0	  27,3	  31,6	  32,2	  33,4	  34,1	  32,8	   5,4
s	   109,0413	 6	 92,73	 77,89	  17,0	  27,6	  31,3	  31,5	  32,9	  34,9	  32,5	   5,2
s	   109,3432	 6	232,78	 94,92	  16,7	  27,7	  31,9	  32,4	  33,7	  34,5	  32,7	   5,4
s	   109,3531	 6	234,74	 94,86	  16,7	  27,7	  31,9	  32,4	  33,7	  34,4	  32,7	   5,4
s	   109,4175	 6	232,34	 80,27	  16,7	  27,7	  31,9	  32,4	  33,7	  34,4	  32,7	   5,4
s	   109,4274	 6	234,32	 80,21	  16,7	  27,7	  31,9	  32,4	  33,7	  34,4	  32,7	   5,4
s	   109,5317	 5	172,54	 90,24	  18,5	  28,9	  32,9	  33,6	  34,9	  35,1	  31,8	   3,7
s	   109,5801	 6	 92,64	 81,57	  16,4	  27,3	  31,3	  31,4	  32,8	  34,7	  32,7	   5,3
s	   109,6502	 6	172,67	 92,88	  15,7	  27,1	  32,4	  33,4	  34,7	  34,7	  32,7	   5,3
s	   109,6652	 7	234,51	 94,85	  15,7	  27,2	  31,5	  32,0	  33,3	  34,0	  32,6	   5,2
s	   109,7394	 7	234,09	 80,24	  15,7	  27,2	  31,5	  32,0	  33,3	  34,0	  32,6	   5,2
s	   110,3961	 7	234,37	102,20	  15,4	  26,2	  30,1	  30,3	  31,6	  33,3	  31,5	   3,3
s	   110,4638	 7	 92,81	110,10	  13,9	  25,5	  30,5	  30,9	  32,3	  34,2	  32,3	   4,8
s	   110,5189	 7	232,89	 98,38	  16,4	  27,6	  31,8	  32,2	  33,5	  34,3	  32,5	   5,0
s	   110,5287	 7	234,84	 98,32	  16,4	  27,6	  31,8	  32,2	  33,5	  34,3	  32,5	   5,0
s	   110,5434	 7	233,49	 72,91	  15,9	  26,9	  30,9	  31,0	  32,4	  34,1	  32,3	   4,8
s	   110,5761	 3	 68,84	 92,53	  19,1	  29,1	  33,1	  33,9	  35,3	  35,3	  32,9	   5,5
s	   110,6852	 7	 92,69	106,46	  13,4	  25,3	  30,5	  30,9	  32,3	  34,0	  32,5	   5,0
s	   110,7886	 4	 68,78	 96,01	  18,8	  29,1	  33,1	  33,8	  35,2	  35,2	  32,8	   5,3
s	   110,8379	 8	234,62	 98,30	  15,4	  27,1	  31,4	  31,9	  33,1	  33,8	  32,4	   4,9
s	   110,8539	 7	232,21	 76,29	  16,4	  27,4	  31,7	  32,2	  33,4	  34,1	  32,5	   5,0
s	   110,8621	 4	 68,91	 88,78	  18,6	  28,5	  32,4	  32,9	  34,3	  35,2	  32,8	   5,3
s	   110,8637	 7	234,20	 76,23	  16,4	  27,4	  31,7	  32,2	  33,4	  34,1	  32,5	   5,0
s	   111,1720	 8	233,96	 76,27	  15,4	  27,0	  31,4	  31,8	  33,0	  33,6	  32,3	   4,8
s	   111,2832	 7	 92,63	 78,16	  16,1	  27,2	  31,1	  31,2	  32,6	  34,5	  32,4	   4,9
s	   111,3297	 8	173,03	100,08	  14,1	  26,0	  31,2	  31,9	  33,3	  34,1	  32,3	   4,8
s	   111,3809	 5	315,25	 87,85	  17,8	  28,4	  32,7	  33,5	  34,7	  34,5	  32,6	   5,1
s	   111,3954	 7	 92,72	 74,28	  15,1	  25,7	  29,5	  29,3	  30,7	  33,4	  31,4	   3,1
s	   111,5294	 5	 68,71	 99,73	  16,8	  27,1	  31,1	  31,5	  32,8	  33,7	  31,6	   3,3
s	   111,5920	 6	315,13	 91,31	  17,6	  28,4	  32,6	  33,4	  34,6	  34,5	  32,5	   4,9
s	   111,6024	 5	 68,97	 85,33	  18,0	  28,2	  32,1	  32,5	  33,9	  34,9	  32,4	   4,8
s	   111,6650	 6	315,38	 84,13	  16,6	  27,4	  31,7	  32,2	  33,5	  34,0	  32,5	   4,9
s	   111,7160	 4	 67,33	 92,51	  18,0	  28,6	  32,7	  33,5	  34,8	  34,8	  32,7	   5,1
s	   111,9265	 5	 67,26	 95,96	  17,8	  28,5	  32,7	  33,4	  34,7	  34,7	  32,6	   5,0
s	   111,9993	 5	 67,40	 88,79	  17,5	  28,0	  32,0	  32,5	  33,8	  34,7	  32,6	   5,0
s	   112,2820	 8	233,00	102,02	  15,0	  26,5	  30,7	  30,8	  32,1	  33,7	  32,2	   4,6
s	   112,2917	 8	234,95	101,96	  15,0	  26,5	  30,7	  30,8	  32,1	  33,7	  32,2	   4,6
s	   112,3281	 7	315,00	 95,01	  16,3	  27,3	  31,6	  32,1	  33,3	  33,9	  32,3	   4,7
s	   112,3903	 4	173,70	 90,18	  18,5	  28,8	  32,8	  33,5	  34,9	  35,1	  32,4	   4,8
s	   112,4007	 7	315,51	 80,70	  16,3	  27,3	  31,6	  32,1	  33,3	  33,9	  32,3	   4,7
s	   112,4272	 8	232,11	 73,18	  15,0	  26,5	  30,7	  30,8	  32,1	  33,7	  32,2	   4,6
s	   112,4368	 8	234,10	 73,12	  15,0	  26,5	  30,7	  30,8	  32,1	  33,7	  32,2	   4,5
s	   112,5061	 5	173,83	 92,77	  16,3	  27,3	  32,3	  33,3	  34,7	  34,9	  32,3	   4,6
s	   112,5077	 8	234,47	105,53	  15,5	  26,7	  30,7	  30,8	  32,1	  33,9	  31,9	   4,3
s	   112,6606	 6	 67,19	 99,64	  16,5	  27,5	  31,7	  32,1	  33,4	  34,2	  32,4	   4,7
s	   112,6721	 5	173,52	 86,49	  17,2	  27,9	  31,8	  32,2	  33,6	  34,6	  32,3	   4,6
s	   112,6805	 8	 92,70	109,79	  13,0	  25,1	  30,3	  30,7	  32,0	  33,8	  32,2	   4,5
s	   112,7330	 6	 67,46	 85,37	  17,2	  27,9	  31,9	  32,4	  33,7	  34,6	  32,4	   4,7
s	   112,7909	 4	 69,17	 92,54	  18,0	  28,5	  32,7	  33,5	  34,8	  34,7	  32,6	   4,9
s	   112,8329	 6	172,47	 86,55	  17,0	  27,8	  31,7	  32,1	  33,5	  34,6	  31,3	   2,9
s	   112,8696	 8	233,37	 69,35	  14,0	  25,0	  29,0	  28,8	  30,2	  32,6	  31,1	   2,7
s	   112,9017	 6	 69,04	 81,68	  16,2	  26,5	  30,3	  30,4	  31,8	  33,6	  31,3	   2,9
s	   112,9716	 5	 68,92	 92,54	  17,0	  28,0	  32,3	  33,1	  34,4	  34,2	  32,5	   4,8
s	   112,9996	 5	 69,11	 95,96	  17,7	  28,4	  32,6	  33,4	  34,7	  34,6	  32,5	   4,8
s	   113,0160	 6	172,66	 90,23	  17,5	  28,4	  32,6	  33,3	  34,6	  34,6	  32,3	   4,7
s	   113,0718	 5	 69,24	 88,86	  17,4	  27,9	  31,9	  32,4	  33,8	  34,6	  32,5	   4,8
s	   113,1211	 8	 92,82	113,62	  12,0	  23,7	  28,6	  28,7	  30,1	  32,7	  31,1	   2,6
s	   113,1312	 7	172,79	 92,81	  14,5	  26,4	  31,8	  32,8	  34,1	  34,0	  32,2	   4,5
s	   113,1800	 6	 68,86	 95,95	  16,7	  28,0	  32,3	  33,0	  34,3	  34,1	  32,3	   4,6
s	   113,2521	 6	 68,99	 88,86	  16,5	  27,5	  31,6	  32,1	  33,4	  34,1	  32,3	   4,6
s	   113,3299	 6	174,05	 97,27	  17,0	  27,8	  31,7	  32,1	  33,5	  34,5	  32,1	   4,4
s	   113,4762	 8	314,87	 98,39	  16,0	  27,2	  31,5	  31,9	  33,2	  33,8	  32,1	   4,3
s	   113,4899	 7	173,00	 97,32	  16,7	  27,7	  31,6	  32,0	  33,4	  34,5	  31,2	   2,7
s	   113,5959	 8	 92,62	 74,62	  14,7	  26,0	  30,0	  29,8	  31,2	  33,8	  32,1	   4,3
s	   113,6918	 8	315,64	 77,07	  15,0	  26,3	  30,5	  30,7	  32,0	  33,4	  32,1	   4,3
s	   113,7276	 6	 69,05	 99,62	  16,4	  27,4	  31,6	  32,1	  33,4	  34,1	  32,3	   4,5
s	   113,7994	 6	 69,30	 85,47	  17,2	  27,8	  31,8	  32,3	  33,6	  34,5	  32,3	   4,5
s	   113,9070	 7	 68,79	 99,60	  15,4	  27,0	  31,3	  31,7	  33,0	  33,6	  32,1	   4,4
s	   113,9782	 7	 68,59	105,91	  13,2	  24,4	  29,5	  29,9	  31,2	  32,9	  31,1	   2,6
s	   113,9786	 7	 69,05	 85,47	  16,2	  27,4	  31,5	  32,0	  33,2	  34,0	  32,1	   4,4
s	   114,0089	 8	 92,72	 71,07	  15,2	  26,2	  30,0	  29,8	  31,2	  34,0	  31,8	   4,0
s	   114,0208	 7	 67,53	 81,75	  15,9	  26,8	  30,9	  31,0	  32,4	  34,0	  32,1	   4,4
s	   114,1481	 7	174,18	 99,81	  14,7	  26,2	  31,2	  31,8	  33,2	  34,3	  31,9	   4,1
s	   114,3456	 7	173,21	 80,31	  13,1	  24,5	  29,5	  29,8	  31,3	  33,1	  31,1	   2,5
s	   114,5043	 8	172,16	 80,37	  13,4	  25,2	  30,2	  30,5	  32,0	  33,8	  30,9	   2,4
s	   114,5609	 7	 69,10	 78,36	  16,4	  27,0	  30,9	  31,0	  32,4	  34,2	  31,8	   4,0
s	   114,6939	 6	187,70	 85,85	  16,9	  27,5	  31,5	  32,0	  33,3	  34,2	  31,9	   4,1
s	   115,0765	 7	 69,36	 81,87	  15,8	  26,8	  30,8	  31,0	  32,3	  34,0	  32,0	   4,1
s	   115,2540	 8	 69,11	 81,88	  14,8	  26,3	  30,5	  30,6	  31,9	  33,5	  31,9	   4,0
s	   115,4123	 7	187,53	 82,50	  16,6	  27,4	  31,5	  31,9	  33,2	  34,1	  31,8	   3,8
s	   115,6656	 8	 67,60	 78,46	  15,6	  26,7	  30,7	  30,8	  32,2	  33,9	  31,9	   3,9
s	   115,7447	 8	174,37	103,36	  12,8	  24,4	  29,4	  29,7	  31,1	  32,9	  30,8	   2,1
s	   115,8776	 8	173,04	 77,02	  13,3	  25,1	  30,1	  30,4	  31,9	  33,7	  31,6	   3,6
s	   115,8794	 5	173,79	 90,18	  17,5	  28,4	  32,4	  33,2	  34,5	  34,6	  32,2	   4,2
s	   115,9229	 8	 68,53	109,17	  13,3	  24,9	  30,0	  30,4	  31,8	  33,5	  31,6	   3,6
s	   115,9921	 6	173,92	 92,70	  15,3	  26,8	  32,0	  32,9	  34,3	  34,5	  32,0	   4,1
s	   116,1350	 8	 68,93	105,69	  12,8	  24,7	  30,0	  30,4	  31,8	  33,3	  31,8	   3,8
s	   116,1536	 6	173,62	 86,59	  16,3	  27,4	  31,5	  31,9	  33,2	  34,1	  32,0	   4,1
s	   116,3101	 7	172,59	 86,64	  16,0	  27,3	  31,4	  31,8	  33,1	  34,1	  31,9	   3,9
s	   116,7080	 8	 69,42	 78,61	  15,5	  26,6	  30,6	  30,8	  32,1	  33,8	  31,7	   3,7
s	   116,7940	 7	174,14	 97,08	  16,0	  27,3	  31,4	  31,8	  33,1	  34,0	  31,8	   3,8
s	   116,8156	 8	 69,17	 74,89	  14,5	  25,2	  29,0	  28,8	  30,2	  32,7	  30,7	   1,9
s	   116,9496	 8	173,11	 97,13	  15,8	  27,3	  31,3	  31,7	  33,0	  34,0	  31,7	   3,7
s	   116,9560	 7	157,25	 90,98	  15,5	  27,3	  31,7	  32,5	  33,7	  33,4	  31,8	   3,8
s	   117,1582	 8	157,40	 94,29	  15,3	  27,2	  31,6	  32,4	  33,6	  33,3	  31,7	   3,6
s	   117,7829	 8	173,31	 80,57	  12,7	  24,8	  29,9	  30,3	  31,7	  33,4	  31,6	   3,5
s	   118,2290	 8	187,67	 85,95	  14,9	  26,6	  30,9	  31,4	  32,6	  33,3	  31,6	   3,4
s	   122,3282	 4	260,74	 87,06	  16,6	  27,6	  31,8	  32,6	  33,9	  33,8	  31,6	   3,1
s	   122,5224	 5	260,77	 90,24	  16,3	  27,5	  31,7	  32,5	  33,8	  33,7	  31,5	   2,9
s	   122,5895	 5	260,71	 83,63	  15,3	  26,6	  30,8	  31,3	  32,6	  33,3	  31,5	   2,9
s	   123,0423	 8	173,62	 83,59	  13,9	  25,5	  30,5	  31,1	  32,5	  33,6	  30,9	   2,3
s	   123,1276	 5	117,56	 92,41	  16,3	  27,4	  31,7	  32,5	  33,7	  33,4	  31,4	   2,8
s	   123,1998	 6	260,79	 93,64	  15,1	  26,5	  30,7	  31,2	  32,5	  33,2	  31,3	   2,7
s	   123,2666	 6	260,69	 80,47	  15,0	  26,5	  30,7	  31,2	  32,5	  33,2	  31,3	   2,7
s	   123,3206	 6	117,63	 95,58	  16,1	  27,3	  31,6	  32,4	  33,6	  33,4	  31,3	   2,7
s	   123,3317	 4	309,96	 87,69	  17,3	  27,3	  31,4	  32,2	  33,5	  33,3	  30,5	   1,1
s	   123,3873	 6	117,48	 89,01	  15,8	  26,8	  30,9	  31,4	  32,7	  33,4	  31,3	   2,7
s	   123,5245	 5	309,86	 90,84	  17,0	  27,3	  31,4	  32,1	  33,4	  33,3	  30,4	   1,0
s	   123,5911	 5	310,07	 84,29	  16,0	  26,4	  30,4	  31,0	  32,2	  32,8	  30,4	   1,0
s	   123,9941	 7	117,71	 98,96	  14,8	  26,3	  30,6	  31,1	  32,3	  32,9	  31,1	   2,5
s	   124,0605	 7	117,40	 85,87	  15,5	  26,7	  30,8	  31,3	  32,6	  33,3	  31,1	   2,4
s	   124,1970	 6	309,75	 94,22	  15,7	  26,1	  30,1	  30,6	  31,8	  32,5	  30,2	   0,7
s	   124,2576	 7	260,82	 96,77	  14,8	  26,4	  30,6	  31,0	  32,3	  33,1	  31,1	   2,4
s	   124,2633	 6	310,17	 81,15	  16,2	  26,8	  30,9	  31,4	  32,6	  33,3	  31,0	   2,3
s	   124,5594	 7	260,66	 76,88	  14,7	  26,3	  30,5	  31,0	  32,2	  32,8	  31,1	   2,3
s	   124,6442	 5	260,85	 87,06	  15,5	  27,0	  31,3	  32,1	  33,4	  33,1	  31,3	   2,5
s	   124,8351	 6	260,87	 90,19	  15,2	  26,9	  31,3	  32,0	  33,3	  33,1	  31,1	   2,4
s	   124,9011	 6	260,82	 83,69	  14,2	  26,0	  30,3	  30,9	  32,1	  32,7	  31,1	   2,4
s	   125,0509	 5	309,30	 87,67	  16,9	  27,5	  31,8	  32,6	  33,8	  33,5	  31,2	   2,5
s	   125,2413	 6	309,21	 90,79	  16,7	  27,5	  31,7	  32,5	  33,7	  33,4	  31,1	   2,3
s	   125,2472	 7	309,65	 97,32	  16,0	  26,7	  30,8	  31,2	  32,5	  33,1	  30,8	   2,0
s	   125,3071	 6	309,41	 84,31	  15,7	  26,5	  30,8	  31,3	  32,5	  33,0	  31,1	   2,3
s	   125,3459	 8	117,32	 82,30	  15,2	  26,4	  30,7	  31,1	  32,3	  32,9	  30,9	   2,1
s	   125,4424	 6	309,48	 87,67	  15,9	  27,0	  31,4	  32,2	  33,4	  33,0	  31,1	   2,3
s	   125,4446	 7	310,28	 77,82	  14,4	  25,1	  29,1	  29,2	  30,5	  31,9	  30,0	   0,4
s	   125,5013	 7	260,90	 93,54	  13,9	  25,9	  30,3	  30,7	  32,0	  32,6	  31,0	   2,2
s	   125,5670	 7	260,80	 80,58	  13,9	  25,9	  30,3	  30,7	  32,0	  32,6	  31,0	   2,2
s	   125,6322	 7	309,38	 90,78	  15,7	  27,0	  31,4	  32,1	  33,3	  32,9	  31,0	   2,1
s	   125,6979	 7	309,59	 84,33	  14,7	  26,0	  30,4	  31,0	  32,1	  32,5	  31,0	   2,1
s	   125,7292	 5	311,01	 87,72	  16,9	  27,5	  31,7	  32,5	  33,7	  33,4	  31,2	   2,3
s	   125,9056	 7	309,10	 94,12	  15,4	  26,4	  30,7	  31,2	  32,4	  32,9	  30,9	   2,1
s	   125,9187	 6	310,91	 90,83	  16,7	  27,4	  31,7	  32,4	  33,6	  33,4	  31,0	   2,2
s	   125,9711	 7	309,51	 81,21	  15,4	  26,4	  30,7	  31,2	  32,4	  32,9	  30,9	   2,1
s	   125,9785	 8	260,85	100,30	  14,4	  26,1	  30,4	  30,9	  32,1	  32,7	  30,8	   2,0
s	   125,9785	 8	260,63	 74,06	  13,4	  25,3	  29,5	  29,7	  31,0	  32,5	  30,8	   2,0
s	   125,9842	 6	311,12	 84,38	  15,6	  26,5	  30,7	  31,3	  32,5	  33,0	  31,0	   2,2
s	   126,2946	 8	309,28	 94,11	  14,4	  26,0	  30,3	  30,8	  32,0	  32,4	  30,8	   1,9
s	   126,3599	 8	309,69	 81,24	  14,4	  26,0	  30,3	  30,8	  32,0	  32,4	  30,8	   1,9
s	   126,5417	 8	260,93	 96,61	  13,7	  25,8	  30,1	  30,6	  31,8	  32,5	  30,8	   1,9
s	   126,5797	 7	310,80	 94,15	  15,4	  26,4	  30,6	  31,1	  32,3	  32,9	  30,9	   2,0
s	   126,6449	 7	311,22	 81,30	  15,4	  26,4	  30,6	  31,1	  32,3	  32,9	  30,9	   2,0
s	   126,8259	 8	309,54	100,60	  14,1	  24,9	  29,0	  29,1	  30,3	  31,8	  29,7	   0,0
s	   126,8386	 8	260,77	 77,05	  13,6	  25,7	  30,1	  30,6	  31,7	  32,2	  30,7	   1,8
s	   126,9236	 6	143,42	 91,59	  15,1	  26,2	  30,6	  31,4	  32,6	  32,1	  29,9	   0,2
s	   126,9430	 8	309,00	 97,19	  15,1	  26,3	  30,6	  31,0	  32,2	  32,8	  30,7	   1,8
s	   126,9560	 8	310,38	 74,79	  14,6	  25,6	  29,7	  29,8	  31,1	  32,6	  30,5	   1,6
s	   127,1115	 7	143,54	 94,66	  14,9	  26,1	  30,5	  31,3	  32,5	  32,1	  29,8	   0,1
s	   127,1381	 8	309,62	 77,92	  14,1	  25,4	  29,6	  29,8	  31,1	  32,4	  30,7	   1,8
s	   127,6123	 8	310,70	 97,19	  15,1	  26,3	  30,5	  31,0	  32,2	  32,8	  30,7	   1,7
s	   127,8064	 8	311,33	 78,02	  14,0	  25,4	  29,6	  29,8	  31,0	  32,3	  30,6	   1,6
s	   128,2314	 7	142,64	 91,62	  14,8	  26,4	  30,9	  31,7	  32,9	  32,3	  30,7	   1,7
s	   128,4077	 6	144,65	 91,54	  15,0	  26,1	  30,5	  31,3	  32,5	  32,0	  29,8	  -0,0
s	   128,4175	 8	142,76	 94,67	  14,6	  26,3	  30,9	  31,6	  32,8	  32,3	  30,6	   1,5
s	   128,5936	 7	144,78	 94,58	  14,8	  26,0	  30,4	  31,2	  32,4	  32,0	  29,6	  -0,2
s	   128,6579	 7	144,52	 88,26	  13,7	  25,1	  29,5	  30,0	  31,2	  31,6	  29,6	  -0,2
s	   129,2423	 8	144,91	 97,84	  13,5	  25,0	  29,4	  29,9	  31,1	  31,5	  29,5	  -0,4
s	   129,3062	 8	144,40	 85,24	  13,5	  25,0	  29,4	  29,9	  31,1	  31,5	  29,5	  -0,4
s	   131,3673	 7	145,39	 91,51	  14,6	  26,2	  30,7	  31,5	  32,7	  32,1	  30,4	   1,1
s	   131,5494	 8	145,52	 94,49	  14,4	  26,2	  30,7	  31,4	  32,6	  32,1	  30,3	   0,9
s	   131,6124	 8	145,26	 88,30	  13,3	  25,2	  29,7	  30,3	  31,4	  31,6	  30,3	   0,9
s	   131,6748	 8	145,20	 91,52	  13,6	  25,7	  30,4	  31,2	  32,3	  31,6	  30,3	   0,9
s	   136,6272	 5	 48,85	 92,04	  16,4	  26,5	  30,5	  31,3	  32,5	  32,2	  29,0	  -1,5
s	   136,8029	 6	 48,75	 94,92	  16,2	  26,4	  30,5	  31,2	  32,4	  32,1	  28,9	  -1,7
s	   136,8387	 6	  0,91	 89,93	  16,5	  26,9	  31,0	  31,7	  33,0	  32,8	  29,0	  -1,6
s	   137,4164	 7	 48,65	 98,01	  14,9	  25,3	  29,2	  29,7	  30,8	  31,4	  28,7	  -1,9
s	   138,3554	 5	218,52	 88,11	  15,4	  26,0	  30,2	  31,0	  32,2	  31,8	  28,9	  -1,8
s	   138,3755	 8	 48,55	100,84	  14,2	  25,4	  29,7	  30,1	  31,3	  31,8	  29,4	  -0,6
s	   138,5292	 6	218,63	 90,95	  15,2	  25,9	  30,1	  30,9	  32,1	  31,7	  28,8	  -1,9
s	   138,5893	 6	218,40	 85,05	  14,1	  25,0	  29,2	  29,7	  30,9	  31,3	  28,8	  -1,9
s	   138,7686	 7	 49,46	 89,00	  14,6	  25,8	  30,0	  30,4	  31,6	  32,2	  29,7	  -0,3
s	   138,8161	 6	 47,82	 92,01	  16,1	  26,6	  30,8	  31,6	  32,7	  32,3	  29,7	  -0,2
s	   138,8208	 7	 49,22	 92,06	  15,1	  26,2	  30,5	  31,3	  32,4	  31,9	  29,6	  -0,4
s	   138,9893	 7	 47,72	 94,85	  15,8	  26,6	  30,8	  31,5	  32,6	  32,3	  29,6	  -0,4
s	   138,9940	 8	 49,12	 94,89	  14,9	  26,1	  30,5	  31,2	  32,3	  31,8	  29,5	  -0,5
s	   139,1357	 7	218,75	 94,00	  13,9	  24,9	  29,1	  29,6	  30,8	  31,3	  28,6	  -2,1
s	   139,1956	 7	218,28	 82,22	  13,9	  24,9	  29,1	  29,6	  30,8	  31,2	  28,6	  -2,1
s	   139,3742	 8	 49,55	 86,17	  14,4	  25,7	  29,9	  30,3	  31,5	  32,2	  29,5	  -0,5
s	   139,5941	 8	 47,62	 97,89	  14,5	  25,6	  29,8	  30,2	  31,4	  31,8	  29,4	  -0,6
s	   139,7083	 5	 92,80	 92,75	  14,6	  26,1	  30,4	  31,2	  32,4	  32,1	  29,8	  -0,2
s	   139,7290	 5	359,97	 89,89	  16,6	  27,0	  30,9	  31,7	  32,9	  32,9	  29,6	  -0,5
s	   139,8805	 6	 92,81	 95,57	  14,3	  26,0	  30,4	  31,1	  32,3	  32,0	  29,7	  -0,4
s	   139,9400	 6	 92,79	 89,71	  14,1	  25,5	  29,7	  30,2	  31,4	  32,0	  29,7	  -0,4
s	   140,0841	 8	218,86	 96,81	  14,1	  25,3	  29,6	  30,0	  31,2	  31,7	  29,2	  -0,9
s	   140,2625	 8	218,16	 79,20	  12,6	  23,7	  27,9	  28,0	  29,2	  30,4	  28,4	  -2,4
s	   140,3266	 7	  0,82	 89,93	  15,6	  26,5	  30,7	  31,5	  32,7	  32,3	  29,6	  -0,6
s	   140,4818	 7	 92,81	 98,59	  13,1	  25,0	  29,4	  29,8	  31,0	  31,5	  29,5	  -0,6
s	   140,5024	 7	359,68	 95,73	  15,1	  25,9	  29,9	  30,3	  31,6	  32,3	  29,3	  -0,8
s	   140,5115	 8	  1,09	 84,79	  12,3	  24,2	  29,4	  30,1	  31,3	  32,0	  29,4	  -0,7
s	   140,5411	 7	 92,79	 86,90	  13,8	  25,4	  29,6	  30,1	  31,3	  31,9	  29,5	  -0,6
s	   140,6342	 8	  0,54	 95,77	  14,8	  25,8	  29,8	  30,2	  31,5	  32,3	  28,4	  -2,5
s	   140,9822	 7	 47,05	 88,97	  14,5	  25,7	  29,8	  30,3	  31,5	  32,1	  29,5	  -0,7
s	   141,1773	 8	359,57	 97,83	  12,8	  24,3	  29,4	  30,0	  31,3	  32,1	  29,1	  -1,1
s	   141,3732	 7	217,82	 88,14	  14,0	  25,6	  30,1	  30,9	  32,0	  31,4	  29,5	  -0,8
s	   141,4219	 8	 92,82	101,37	  12,8	  24,9	  29,3	  29,7	  30,9	  31,4	  29,3	  -0,9
s	   141,5436	 8	217,93	 90,93	  13,8	  25,6	  30,1	  30,8	  31,9	  31,4	  29,3	  -0,9
s	   141,5792	 8	 47,15	 86,18	  15,2	  26,0	  30,0	  30,4	  31,6	  32,3	  29,3	  -1,0
s	   141,6025	 8	217,70	 85,13	  12,8	  24,6	  29,2	  29,7	  30,8	  31,0	  29,3	  -0,9
s	   141,6904	 8	 92,78	 83,70	  13,5	  25,2	  29,5	  29,9	  31,1	  31,6	  29,3	  -0,9
s	   142,0273	 6	 92,71	 92,75	  13,5	  25,5	  30,0	  30,8	  31,9	  31,5	  29,5	  -0,8
s	   142,1969	 7	 92,72	 95,53	  13,2	  25,4	  29,9	  30,7	  31,8	  31,4	  29,4	  -0,9
s	   142,2556	 7	 92,71	 89,75	  13,0	  24,9	  29,3	  29,7	  30,9	  31,4	  29,4	  -0,9
s	   142,7893	 8	 92,73	 98,51	  12,0	  24,4	  28,9	  29,4	  30,5	  30,9	  29,2	  -1,1
s	   142,8478	 8	 92,70	 86,99	  12,7	  24,8	  29,2	  29,6	  30,8	  31,3	  29,2	  -1,1
s	   142,9819	 6	  0,06	 86,91	  15,1	  25,9	  29,8	  30,2	  31,5	  32,4	  29,2	  -1,2
s	   143,1117	 7	  0,91	 86,96	  14,9	  25,9	  29,8	  30,1	  31,5	  32,4	  28,3	  -2,9
s	   143,2201	 6	359,91	 89,89	  15,6	  26,5	  30,7	  31,4	  32,6	  32,4	  29,4	  -1,0
s	   143,3132	 7	359,80	 91,97	  13,4	  25,0	  30,2	  31,2	  32,4	  32,2	  29,3	  -1,1
s	   143,9764	 8	359,62	 95,60	  14,1	  25,5	  29,6	  30,0	  31,2	  31,9	  29,1	  -1,3
s	   144,6575	 8	138,33	 91,80	  12,9	  25,0	  29,6	  30,4	  31,5	  30,8	  29,1	  -1,5
s	   146,4682	 7	  0,00	 86,98	  14,2	  25,5	  29,6	  29,9	  31,2	  32,0	  29,0	  -1,7
s	   146,5951	 8	  0,83	 87,02	  14,0	  25,5	  29,5	  29,9	  31,1	  31,9	  28,9	  -1,8
s	   154,5393	 6	132,60	 92,01	  13,5	  24,6	  29,0	  29,8	  30,9	  30,3	  27,4	  -4,8
s	   154,6964	 7	132,69	 94,58	  13,3	  24,6	  28,9	  29,7	  30,8	  30,3	  27,2	  -4,9
s	   154,7507	 7	132,51	 89,24	  12,3	  23,6	  28,0	  28,5	  29,6	  29,8	  27,2	  -4,9
s	   155,2450	 8	132,79	 97,34	  12,0	  23,6	  27,9	  28,4	  29,5	  29,8	  27,1	  -5,1
s	   155,2991	 8	132,42	 86,68	  12,0	  23,6	  27,9	  28,4	  29,5	  29,8	  27,1	  -5,1
s	   156,1825	 7	132,04	 92,03	  13,2	  24,8	  29,3	  30,1	  31,2	  30,5	  28,1	  -3,4
s	   156,3381	 8	132,13	 94,57	  13,0	  24,8	  29,3	  30,0	  31,1	  30,4	  28,0	  -3,5
s	   156,3919	 8	131,95	 89,28	  12,0	  23,9	  28,4	  28,9	  29,9	  30,0	  28,0	  -3,5
s	   157,0471	 7	133,43	 91,98	  13,2	  24,8	  29,3	  30,1	  31,2	  30,4	  28,1	  -3,5
s	   157,2018	 8	133,51	 94,51	  13,0	  24,7	  29,2	  30,0	  31,1	  30,4	  27,9	  -3,7
s	   157,2554	 8	133,33	 89,25	  11,9	  23,8	  28,3	  28,8	  29,9	  30,0	  27,9	  -3,7
s	   157,4503	 8	133,29	 91,98	  12,2	  24,3	  29,0	  29,7	  30,8	  30,0	  27,9	  -3,7
s	   165,0940	 7	322,93	 88,18	  14,5	  25,1	  29,3	  30,1	  31,1	  30,4	  27,3	  -5,0
s	   165,2418	 8	322,84	 90,60	  14,2	  25,0	  29,3	  30,0	  31,0	  30,4	  27,2	  -5,2
s	   165,2930	 8	323,04	 85,58	  12,3	  23,7	  28,1	  28,6	  29,7	  29,7	  27,2	  -5,1
s	   165,4225	 8	322,78	 88,18	  12,5	  24,2	  28,8	  29,6	  30,6	  29,7	  27,2	  -5,1
s	   166,2389	 8	 54,85	 89,65	  13,0	  23,9	  27,9	  28,3	  29,5	  29,9	  26,1	  -7,0
s	   166,6109	 7	174,00	 90,21	  14,0	  25,0	  29,2	  29,8	  31,0	  30,7	  26,2	  -7,0
s	   166,6919	 8	174,09	 92,02	  11,2	  23,3	  28,7	  29,6	  30,8	  30,3	  27,1	  -5,3
s	   166,8082	 8	173,87	 87,62	  12,7	  24,1	  28,2	  28,6	  29,7	  30,2	  26,1	  -7,1
s	   169,5246	 6	174,77	 90,17	  14,1	  25,1	  29,1	  29,8	  31,0	  30,8	  26,9	  -5,8
s	   169,6044	 7	174,86	 91,95	  11,8	  23,5	  28,6	  29,5	  30,8	  30,6	  26,8	  -6,0
s	   169,7188	 7	174,65	 87,63	  12,8	  24,1	  28,1	  28,5	  29,7	  30,3	  26,7	  -6,0
s	   170,0698	 8	174,56	 85,85	  10,6	  22,5	  27,7	  28,3	  29,5	  30,1	  26,6	  -6,2
s	   170,1010	 8	174,06	 90,21	  13,1	  24,6	  28,9	  29,6	  30,7	  30,3	  26,8	  -5,9
s	   170,1729	 8	175,02	 95,07	  12,6	  24,0	  28,1	  28,4	  29,6	  30,2	  26,6	  -6,2
s	   173,0169	 7	174,82	 90,17	  13,2	  24,7	  28,9	  29,5	  30,7	  30,4	  26,7	  -6,3
s	   173,0952	 8	174,90	 91,92	  10,9	  23,1	  28,4	  29,3	  30,5	  30,2	  26,6	  -6,4
s	   173,2075	 8	174,69	 87,67	  11,9	  23,7	  27,9	  28,2	  29,4	  29,9	  26,6	  -6,5
s	   177,3976	 7	 35,27	 91,56	  13,1	  23,9	  28,1	  28,8	  29,8	  29,2	  25,3	  -8,9
s	   177,5359	 8	 35,18	 93,83	  12,9	  23,8	  28,0	  28,7	  29,7	  29,2	  25,1	  -9,1
s	   177,5838	 8	 35,37	 89,13	  11,0	  22,5	  26,8	  27,3	  28,4	  28,5	  25,2	  -9,0
s	   178,8460	 8	 35,81	 91,59	  12,8	  24,1	  28,4	  29,1	  30,1	  29,4	  26,1	  -7,5
s	   179,3250	 6	247,22	 89,52	  11,8	  23,2	  28,4	  29,4	  30,6	  30,1	  26,3	  -7,3
s	   180,1578	 8	 34,63	 91,54	  11,9	  23,6	  28,1	  28,9	  29,9	  29,1	  26,0	  -7,7
s	   180,5435	 7	246,25	 89,53	  11,7	  23,1	  28,3	  29,2	  30,4	  29,9	  26,0	  -7,7
s	   181,5156	 7	247,45	 89,50	  10,8	  22,7	  28,0	  29,0	  30,1	  29,6	  26,0	  -7,8
s	   181,7126	 8	247,29	 89,50	   9,8	  22,2	  27,7	  28,6	  29,8	  29,1	  25,9	  -7,9
s	   187,4300	 4	263,82	 89,23	  12,7	  23,5	  28,5	  29,4	  30,7	  30,4	  25,9	  -8,4
s	   187,8101	 8	207,06	 88,62	  11,5	  23,2	  27,7	  28,5	  29,5	  28,4	  25,4	  -8,9
s	   188,7455	 6	263,77	 80,31	   9,4	  20,6	  25,5	  25,8	  27,1	  28,4	  24,5	 -10,7
s	   189,0769	 5	248,19	 87,26	  13,8	  24,3	  28,4	  29,2	  30,2	  29,6	  25,6	  -8,9
s	   189,2524	 6	248,14	 84,96	  13,3	  23,8	  27,7	  28,1	  29,2	  29,6	  25,4	  -9,0
s	   189,6629	 7	248,27	 91,69	  11,6	  22,4	  26,4	  26,8	  27,8	  28,1	  24,3	 -11,0
s	   189,7079	 7	248,11	 82,83	  11,9	  23,1	  27,2	  27,6	  28,7	  29,0	  25,1	  -9,4
s	   189,7548	 5	263,86	 89,21	  11,6	  22,9	  28,0	  29,0	  30,2	  29,8	  25,6	  -8,9
s	   190,2372	 6	247,26	 87,28	  11,9	  23,4	  27,8	  28,6	  29,6	  28,8	  25,4	  -9,1
s	   190,3768	 8	248,31	 93,81	  12,6	  23,4	  27,3	  27,7	  28,8	  29,2	  24,9	  -9,7
s	   190,4117	 7	247,21	 84,99	  11,4	  22,8	  27,1	  27,5	  28,6	  28,8	  25,3	  -9,3
s	   190,5811	 8	248,06	 80,39	  10,4	  21,7	  26,0	  26,4	  27,5	  27,5	  24,2	 -11,2
s	   190,8199	 8	247,34	 91,69	  10,4	  22,4	  26,8	  27,2	  28,3	  28,3	  25,2	  -9,5
s	   190,8471	 5	278,13	 89,21	  12,3	  23,2	  28,2	  29,2	  30,4	  30,0	  25,5	  -9,1
s	   190,8647	 8	247,17	 82,88	  11,1	  22,8	  27,0	  27,4	  28,5	  28,7	  25,2	  -9,5
s	   190,9938	 8	263,87	 98,06	   9,3	  21,1	  26,0	  26,4	  27,6	  29,0	  24,9	  -9,7
s	   191,0554	 7	263,81	 80,38	   9,1	  20,9	  26,1	  26,4	  27,7	  28,9	  25,3	  -9,4
s	   191,2825	 6	248,40	 87,26	  12,7	  23,8	  28,0	  28,8	  29,8	  29,1	  25,3	  -9,4
s	   191,4561	 7	248,36	 84,98	  12,2	  23,2	  27,3	  27,7	  28,8	  29,0	  25,2	  -9,5
s	   191,4701	 7	248,24	 87,26	  11,8	  23,3	  27,7	  28,4	  29,4	  28,6	  25,2	  -9,5
s	   191,5421	 6	279,09	 89,21	  11,3	  22,7	  27,9	  28,8	  30,0	  29,5	  25,3	  -9,4
s	   191,6436	 8	248,20	 84,99	  11,3	  22,7	  27,0	  27,4	  28,4	  28,5	  25,0	  -9,7
s	   191,8622	 8	248,48	 91,64	  11,2	  22,7	  27,0	  27,4	  28,4	  28,5	  25,0	  -9,7
s	   191,9067	 8	248,32	 82,88	  11,1	  22,7	  27,0	  27,4	  28,5	  28,7	  25,1	  -9,6
s	   192,1408	 7	278,19	 80,43	   9,0	  20,3	  25,3	  25,6	  26,8	  28,0	  24,1	 -11,3
s	   192,8314	 8	279,16	 80,46	   8,8	  20,7	  25,9	  26,3	  27,5	  28,5	  25,0	  -9,8
s	   193,1335	 6	278,01	 89,18	  11,2	  22,6	  27,8	  28,8	  30,0	  29,4	  25,2	  -9,6
s	   193,2442	 7	278,17	 89,18	  10,3	  22,1	  27,5	  28,4	  29,6	  28,9	  25,1	  -9,7
s	   193,9544	 8	359,87	 89,91	  12,0	  23,4	  27,8	  28,5	  29,5	  28,7	  24,9	 -10,0
s	   194,4130	 8	278,07	 80,50	   8,7	  20,6	  25,8	  26,2	  27,4	  28,4	  24,9	 -10,1
s	   196,7092	 6	249,76	 89,30	  11,1	  22,5	  27,7	  28,6	  29,8	  29,2	  24,9	 -10,2
s	   196,8836	 7	359,20	 89,88	  12,6	  23,7	  27,8	  28,4	  29,6	  29,0	  24,6	 -10,6
s	   197,0526	 8	359,31	 87,67	  11,4	  22,7	  26,8	  27,2	  28,3	  28,6	  24,4	 -10,7
s	   197,7675	 3	263,97	 87,08	  13,7	  24,2	  28,2	  29,0	  30,1	  29,6	  25,2	 -10,1
s	   197,8366	 4	263,98	 88,62	  11,5	  22,6	  27,7	  28,7	  30,0	  29,5	  25,1	 -10,2
s	   197,9357	 4	263,96	 84,87	  12,5	  23,2	  27,2	  27,7	  28,9	  29,2	  25,0	 -10,2
s	   197,9671	 8	249,61	 80,77	   7,8	  19,6	  24,7	  25,0	  26,2	  27,2	  23,6	 -12,4
s	   198,3295	 5	264,00	 91,33	  13,0	  23,6	  27,4	  27,8	  29,1	  29,5	  24,9	 -10,4
s	   198,3726	 5	263,95	 82,83	  12,7	  23,3	  27,2	  27,6	  28,8	  29,3	  24,7	 -10,6
s	   198,9327	 7	249,94	 89,28	  10,0	  21,9	  27,3	  28,2	  29,3	  28,6	  24,6	 -10,7
s	   198,9399	 6	263,94	 81,14	   8,2	  19,7	  24,8	  25,2	  26,4	  27,5	  23,7	 -12,4
s	   199,0143	 6	264,01	 93,36	  11,7	  22,8	  26,9	  27,3	  28,4	  28,8	  24,5	 -10,8
s	   199,1056	 8	249,79	 89,28	   9,1	  21,4	  26,9	  27,9	  29,0	  28,2	  24,5	 -10,8
s	   200,0494	 7	264,02	 95,53	  10,7	  21,6	  25,4	  25,4	  26,6	  27,9	  23,5	 -12,7
s	   200,0941	 4	264,01	 87,08	  12,6	  23,6	  27,8	  28,6	  29,7	  29,0	  24,9	 -10,6
s	   200,1350	 7	263,93	 78,63	  10,4	  21,8	  25,8	  26,0	  27,1	  28,3	  24,3	 -11,1
s	   200,1625	 5	264,02	 88,61	  10,4	  22,1	  27,3	  28,3	  29,5	  28,9	  24,8	 -10,7
s	   200,2605	 5	264,00	 84,90	  11,4	  22,7	  26,8	  27,3	  28,4	  28,6	  24,8	 -10,7
s	   200,3766	 8	359,17	 89,88	  11,7	  23,3	  27,6	  28,2	  29,3	  28,6	  24,4	 -11,0
s	   200,6500	 6	264,03	 91,28	  11,9	  23,0	  27,0	  27,4	  28,6	  28,9	  24,6	 -10,9
s	   200,6927	 6	263,99	 82,88	  11,9	  23,0	  27,0	  27,4	  28,6	  28,9	  24,6	 -10,9
s	   200,9553	 8	264,03	 97,04	   8,2	  20,2	  25,4	  25,7	  26,9	  28,1	  24,1	 -11,4
s	   201,0203	 4	277,61	 87,09	  13,4	  23,9	  28,0	  28,7	  29,9	  29,2	  24,8	 -10,7
s	   201,0884	 5	277,60	 88,61	  11,1	  22,3	  27,5	  28,5	  29,7	  29,0	  24,7	 -10,8
s	   201,1860	 5	277,63	 84,92	  12,1	  22,9	  27,0	  27,5	  28,6	  28,7	  24,7	 -10,8
s	   201,3275	 7	264,04	 93,29	  11,6	  22,9	  27,0	  27,3	  28,5	  28,9	  24,5	 -11,1
s	   201,4958	 8	263,92	 76,48	   9,4	  20,5	  24,4	  24,1	  25,3	  27,4	  23,3	 -13,0
s	   201,5738	 6	277,58	 91,27	  12,6	  23,2	  27,2	  27,6	  28,8	  29,1	  24,6	 -11,0
s	   201,6163	 6	277,64	 82,90	  12,4	  23,0	  27,0	  27,4	  28,5	  28,8	  24,3	 -11,3
s	   201,6824	 5	278,53	 87,10	  12,4	  23,4	  27,6	  28,4	  29,5	  28,7	  24,7	 -10,9
s	   201,7503	 6	278,51	 88,61	  10,1	  21,8	  27,2	  28,2	  29,3	  28,5	  24,5	 -11,0
s	   201,8477	 6	278,54	 84,93	  11,1	  22,4	  26,7	  27,1	  28,2	  28,2	  24,5	 -11,1
s	   202,1751	 7	277,65	 81,24	   7,8	  19,4	  24,6	  24,9	  26,1	  27,0	  23,4	 -13,0
s	   202,2343	 7	278,49	 91,27	  11,6	  22,8	  26,9	  27,3	  28,4	  28,6	  24,4	 -11,2
s	   202,2484	 7	277,57	 93,28	  11,4	  22,5	  26,6	  27,0	  28,2	  28,3	  24,2	 -11,5
s	   202,2766	 7	278,56	 82,92	  11,6	  22,8	  26,9	  27,3	  28,4	  28,6	  24,4	 -11,2
s	   202,3515	 8	264,05	 95,44	  10,4	  21,9	  25,9	  26,0	  27,2	  28,3	  24,3	 -11,4
s	   202,4362	 8	263,96	 78,72	   9,6	  21,5	  25,7	  25,8	  26,9	  27,9	  24,3	 -11,4
s	   202,8337	 8	278,57	 81,26	   7,6	  19,9	  25,2	  25,6	  26,8	  27,6	  24,2	 -11,4
s	   202,9068	 8	278,48	 93,26	  10,6	  22,3	  26,5	  26,9	  28,0	  28,1	  24,2	 -11,5
s	   203,3121	 5	277,50	 87,09	  12,3	  23,3	  27,6	  28,3	  29,4	  28,6	  24,5	 -11,2
s	   203,3524	 8	277,67	 78,76	  10,1	  21,5	  25,6	  25,7	  26,9	  27,8	  24,0	 -11,8
s	   203,3795	 6	277,49	 88,59	  10,1	  21,8	  27,1	  28,1	  29,2	  28,5	  24,4	 -11,3
s	   203,4175	 6	277,65	 87,09	  11,3	  22,9	  27,3	  28,0	  29,0	  28,2	  24,4	 -11,3
s	   203,4761	 6	277,51	 84,94	  11,0	  22,3	  26,6	  27,1	  28,2	  28,1	  24,4	 -11,3
s	   203,4848	 7	277,64	 88,59	   9,1	  21,3	  26,8	  27,8	  28,9	  28,0	  24,3	 -11,4
s	   203,5814	 7	277,66	 84,94	  10,1	  21,9	  26,3	  26,8	  27,8	  27,7	  24,3	 -11,5
s	   203,8598	 7	277,47	 91,23	  11,5	  22,7	  26,8	  27,2	  28,3	  28,5	  24,3	 -11,5
s	   203,9018	 7	277,53	 82,95	  11,5	  22,7	  26,8	  27,2	  28,3	  28,5	  24,3	 -11,5
s	   203,9650	 8	277,62	 91,23	  10,6	  22,2	  26,5	  26,9	  28,0	  28,0	  24,1	 -11,6
s	   204,0070	 8	277,68	 82,95	  10,6	  22,2	  26,5	  26,9	  28,0	  28,0	  24,1	 -11,6
s	   204,5273	 8	277,46	 93,21	  11,3	  22,6	  26,7	  27,1	  28,2	  28,4	  24,1	 -11,7
s	   204,8687	 5	 90,19	 94,77	  11,0	  22,3	  27,4	  28,4	  29,6	  29,1	  24,4	 -11,5
s	   206,0799	 7	 90,19	 86,55	   8,4	  19,8	  24,7	  25,0	  26,3	  27,5	  23,1	 -13,7
s	   207,1943	 6	 90,16	 94,75	   9,9	  21,7	  27,0	  27,9	  29,1	  28,5	  24,1	 -11,9
s	   207,6347	 6	249,67	 87,24	  11,2	  22,7	  27,1	  27,8	  28,9	  27,9	  24,1	 -12,0
s	   207,7007	 7	249,69	 88,72	   8,9	  21,1	  26,6	  27,6	  28,7	  27,8	  24,0	 -12,1
s	   207,7954	 7	249,63	 85,14	   9,9	  21,7	  26,1	  26,6	  27,6	  27,5	  24,0	 -12,2
s	   207,8981	 8	292,16	 89,23	   9,4	  21,4	  26,8	  27,7	  28,8	  27,9	  23,9	 -12,3
s	   208,0175	 6	 76,97	 94,67	  10,6	  22,0	  27,2	  28,1	  29,3	  28,6	  24,1	 -12,1
s	   208,1717	 8	249,74	 91,30	  10,4	  22,1	  26,3	  26,7	  27,8	  27,8	  23,8	 -12,3
s	   208,2130	 8	249,60	 83,18	  10,4	  22,1	  26,3	  26,7	  27,8	  27,8	  23,8	 -12,3
s	   208,3928	 8	 90,16	 86,62	   8,1	  20,2	  25,3	  25,6	  26,8	  27,9	  23,8	 -12,4
s	   209,2116	 8	 77,06	 86,57	   8,1	  19,5	  24,5	  24,8	  26,0	  27,1	  22,7	 -14,3
s	   210,3104	 7	 77,07	 94,65	   9,6	  21,4	  26,8	  27,7	  28,8	  28,1	  23,8	 -12,6
s	   210,4126	 8	 76,92	 94,65	   8,6	  21,0	  26,5	  27,4	  28,5	  27,6	  23,7	 -12,7
s	   211,4246	 8	330,62	 88,52	  10,6	  21,7	  26,2	  27,0	  27,9	  26,7	  22,6	 -14,6
s	   215,2191	 4	 90,05	 92,79	  12,1	  23,0	  27,2	  27,9	  29,0	  28,3	  23,7	 -13,0
s	   215,3746	 5	 90,05	 90,75	  11,5	  22,5	  26,5	  26,9	  28,1	  28,2	  23,6	 -13,2
s	   215,7384	 6	 90,05	 96,71	  11,3	  22,4	  26,4	  26,8	  28,0	  28,2	  23,5	 -13,3
s	   215,7783	 6	 90,05	 88,86	  11,8	  22,6	  26,5	  26,8	  28,0	  28,4	  23,2	 -13,6
s	   216,3027	 7	 90,05	 87,30	   7,3	  19,0	  24,1	  24,4	  25,6	  26,6	  22,3	 -15,3
s	   216,3715	 7	 90,05	 98,59	  10,8	  22,1	  26,1	  26,5	  27,6	  27,9	  23,1	 -13,8
s	   217,0866	 6	290,96	 87,26	  11,5	  22,6	  26,9	  27,7	  28,7	  27,7	  23,4	 -13,6
s	   217,2408	 7	291,00	 85,24	  10,3	  21,6	  26,0	  26,4	  27,4	  27,2	  23,3	 -13,7
s	   217,3289	 8	 90,05	100,60	   8,3	  20,0	  24,1	  24,2	  25,2	  26,2	  22,1	 -15,6
s	   217,4082	 8	 90,05	 84,97	  10,3	  21,5	  25,4	  25,4	  26,6	  27,8	  22,9	 -14,1
s	   217,5463	 5	 90,02	 92,79	  11,0	  22,5	  26,8	  27,5	  28,6	  27,7	  23,5	 -13,5
s	   217,6017	 8	290,89	 91,15	  10,0	  21,6	  25,9	  26,3	  27,3	  27,1	  23,1	 -13,9
s	   217,6413	 8	291,03	 83,36	   9,8	  21,3	  25,7	  26,1	  27,1	  26,9	  22,9	 -14,1
s	   217,7002	 6	 90,02	 90,77	  10,5	  21,9	  26,1	  26,5	  27,6	  27,7	  23,3	 -13,7
s	   218,0604	 7	 90,02	 96,67	  10,2	  21,9	  26,0	  26,4	  27,5	  27,6	  23,2	 -13,8
s	   218,0999	 7	 90,02	 88,90	  11,0	  22,3	  26,3	  26,6	  27,8	  28,0	  23,2	 -13,8
s	   218,2276	 5	 77,44	 92,72	  11,7	  22,7	  27,0	  27,7	  28,8	  27,9	  23,4	 -13,6
s	   218,3810	 6	 77,47	 90,71	  11,2	  22,2	  26,3	  26,7	  27,8	  27,8	  23,3	 -13,8
s	   218,5190	 7	291,75	 87,27	  10,5	  22,1	  26,6	  27,3	  28,3	  27,1	  23,2	 -13,9
s	   218,6190	 8	 90,02	 87,35	   7,0	  19,4	  24,6	  25,0	  26,1	  27,0	  23,1	 -14,0
s	   218,6723	 8	291,79	 85,26	   9,3	  21,1	  25,6	  26,1	  27,0	  26,7	  23,0	 -14,0
s	   218,6871	 8	 90,02	 98,54	  10,0	  21,8	  26,0	  26,3	  27,4	  27,5	  23,0	 -14,0
s	   218,7401	 7	 77,40	 96,60	  11,0	  22,1	  26,2	  26,6	  27,7	  27,8	  23,2	 -13,9
s	   218,7795	 7	 77,49	 88,84	  11,5	  22,3	  26,3	  26,6	  27,7	  28,0	  22,9	 -14,2
s	   219,2205	 7	290,73	 87,25	  10,5	  22,1	  26,5	  27,3	  28,2	  27,1	  23,1	 -14,0
s	   219,2971	 8	 77,50	 87,30	   7,0	  18,7	  23,8	  24,2	  25,3	  26,2	  22,0	 -15,9
s	   219,3651	 8	 77,38	 98,45	  10,5	  21,8	  25,9	  26,3	  27,3	  27,5	  22,8	 -14,4
s	   219,3734	 8	290,77	 85,25	   9,2	  21,1	  25,6	  26,0	  27,0	  26,6	  23,0	 -14,2
s	   219,4541	 8	290,86	 87,26	   9,5	  21,6	  26,2	  27,0	  27,9	  26,6	  23,0	 -14,2
s	   220,5248	 6	 77,54	 92,72	  10,7	  22,2	  26,6	  27,3	  28,3	  27,3	  23,1	 -14,1
s	   220,6225	 7	 77,40	 92,72	   9,7	  21,7	  26,3	  27,0	  28,0	  26,9	  23,0	 -14,2
s	   220,6768	 7	 77,56	 90,73	  10,2	  21,6	  25,9	  26,3	  27,3	  27,3	  23,0	 -14,3
s	   220,7744	 8	 77,42	 90,73	   9,2	  21,2	  25,6	  26,0	  27,0	  26,8	  22,9	 -14,4
s	   221,0324	 8	 77,50	 96,56	   9,9	  21,6	  25,8	  26,2	  27,2	  27,2	  22,9	 -14,4
s	   221,0714	 8	 77,58	 88,88	  10,7	  22,0	  26,1	  26,4	  27,5	  27,6	  22,9	 -14,4
s	   222,8016	 8	263,47	 88,92	   7,4	  20,2	  25,8	  26,7	  27,7	  26,8	  22,7	 -14,7
s	   223,6110	 8	 63,95	 94,33	   8,9	  20,8	  26,2	  27,1	  28,2	  27,2	  22,7	 -14,8
s	   223,6650	 8	175,31	 90,16	  10,6	  22,2	  26,4	  27,0	  28,1	  27,3	  22,4	 -15,1
s	   225,5409	 8	277,37	 88,91	   8,0	  20,4	  25,9	  26,8	  27,9	  26,9	  22,5	 -15,2
s	   230,8842	 8	236,80	 87,54	   9,1	  21,2	  25,8	  26,5	  27,4	  26,1	  22,2	 -16,0
s	   234,2625	 8	 65,78	 92,54	   9,0	  21,1	  25,7	  26,4	  27,3	  26,0	  21,9	 -16,6
s	   234,5171	 8	 64,20	 92,51	   9,0	  21,0	  25,7	  26,4	  27,3	  25,9	  21,9	 -16,6
s	   235,7561	 7	276,95	 87,10	   9,1	  21,2	  25,7	  26,4	  27,4	  26,2	  21,9	 -16,7
s	   235,8988	 8	276,97	 85,22	   7,9	  20,2	  24,7	  25,2	  26,1	  25,7	  21,8	 -16,8
s	   252,9934	 8	 77,96	 92,73	   7,6	  20,1	  24,8	  25,5	  26,4	  24,9	  20,6	 -19,5
s	   265,4320	 8	264,02	 87,10	   6,4	  19,5	  24,2	  24,9	  25,7	  24,2	  19,8	 -21,5
#END
