#HEADER
CATT-Acoustic v8.0b    Copyright © CATT 1988-2003

 Project                : Aula Optica 

 GEOMETRICAL INFORMATION
 Src id and loc     [m] :   A0           0,400        0,600        1,300
 Rec id and loc     [m] :   10           5,750        4,600        1,200

 10       19,4590

 VARIABLE SOURCE DATA
 Directivity
   Type (library)       :  OMNI.SD0
   Dir. Index (DI) [dB] :       0,0      0,0      0,0      0,0      0,0      0,0      0,0      0,0
 Level
   On axis 1m      [dB] :      54,1     63,1     66,8     67,7     69,4     70,6     70,6     54,2
   Total power     [dB] :      65,0     74,0     77,7     78,6     80,3     81,5     81,5     65,1
   Auxiliary delay [ms] :       0,0

 VARIABLE AIR DATA
 Temperature       [°C] :      20
 Relative humidity  [%] :      50
 Density        [kg/m³] :       1,2
 Sound speed      [m/s] :     343
 Impedance      [Ns/m³] :     412
 Diss. coeff. [0.001/m] :      0,10     0,30     0,63     1,07     2,28     6,83    24,23    83,90      (estimated)

#DATAFIELDS
 TYPE DELAY ORDER AZIMUTH ELEVATION SPL125 SPL250 SPL500 SPL1K SPL2K SPL4K SPL8K SPL16K
#DATA
d	     0,0000	 0	125,57	 90,12	  37,6	  46,6	  50,3	  51,2	  52,8	  53,9	  53,4	  35,3
s	     1,3158	 1	125,85	111,50	  36,4	  45,5	  49,2	  50,1	  51,7	  52,8	  52,2	  34,0
*	    64,5104	 1	286,25	 94,98	 -18,9	  -9,7	  -6,1	  -5,3	  -3,7	  -3,0	  -5,3	 -29,2
*	    59,6536	 1	271,40	 95,28	 -17,4	  -8,2	  -4,5	  -3,7	  -2,2	  -1,5	  -3,6	 -27,0
*	    58,3152	 1	255,94	 95,21	 -17,1	  -7,9	  -4,2	  -3,4	  -1,9	  -1,2	  -3,2	 -26,6
*	    49,5444	 1	292,64	 96,93	 -13,4	  -4,2	  -0,6	   0,2	   1,8	   2,6	   0,7	 -21,8
*	    43,5493	 1	273,05	 97,67	 -11,0	  -1,8	   1,8	   2,7	   4,2	   5,1	   3,4	 -18,7
*	    42,0095	 1	251,98	 97,47	 -10,6	  -1,5	   2,2	   3,0	   4,6	   5,4	   3,8	 -18,1
*	    35,6493	 1	304,49	100,26	  -6,9	   2,3	   6,0	   6,8	   8,4	   9,3	   7,8	 -13,5
*	    27,8152	 1	276,61	102,71	  -2,5	   6,7	  10,4	  11,2	  12,8	  13,7	  12,4	  -8,2
*	    26,0709	 1	243,81	101,91	  -2,2	   7,0	  10,6	  11,5	  13,1	  14,0	  12,8	  -7,7
*	    24,2169	 1	329,32	105,53	   0,1	   9,2	  12,9	  13,7	  15,4	  16,3	  15,1	  -5,2
*	    13,1165	 1	289,85	118,95	  10,3	  19,5	  23,1	  24,0	  25,6	  26,6	  25,7	   6,4
*	    11,3982	 1	220,19	112,40	   9,1	  18,3	  22,0	  22,8	  24,5	  25,5	  24,6	   5,5
*	    18,4420	 1	 11,26	107,74	   3,3	  12,5	  16,1	  17,0	  18,6	  19,6	  18,5	  -1,2
*	     5,0649	 1	 46,03	134,46	  18,0	  27,2	  30,9	  31,7	  33,4	  34,5	  33,8	  15,2
*	     2,3714	 1	152,45	118,42	  16,9	  26,1	  29,8	  30,6	  32,3	  33,4	  32,7	  14,4
s	     1,7522	 1	125,28	 67,52	  34,6	  43,7	  47,4	  47,9	  49,6	  51,4	  51,2	  32,2
*	    74,5241	 1	257,81	 82,47	 -19,0	  -9,1	  -5,3	  -4,5	  -3,0	  -1,7	  -3,7	 -26,8
*	    75,0707	 1	269,99	 82,33	 -19,0	  -9,2	  -5,3	  -4,6	  -3,1	  -1,7	  -3,8	 -26,9
*	    78,5169	 1	282,05	 82,52	 -19,9	 -10,1	  -6,2	  -5,5	  -4,0	  -2,7	  -4,8	 -28,3
*	    58,3025	 1	254,90	 80,86	 -13,9	  -4,0	  -0,2	   0,6	   2,1	   3,6	   1,9	 -19,7
*	    58,8813	 1	270,31	 80,59	 -13,9	  -4,1	  -0,2	   0,5	   2,1	   3,5	   1,9	 -19,8
*	    62,9776	 1	285,50	 80,97	 -15,2	  -5,3	  -1,5	  -0,8	   0,8	   2,2	   0,4	 -21,6
*	    42,2793	 1	250,00	 78,22	  -7,6	   2,2	   6,1	   6,9	   8,4	  10,0	   8,8	 -11,4
*	    42,8534	 1	270,88	 77,58	  -7,5	   2,3	   6,2	   6,9	   8,5	  10,1	   8,8	 -11,4
*	    47,9056	 1	291,25	 78,48	  -9,6	   0,3	   4,2	   4,9	   6,5	   8,0	   6,6	 -14,1
*	    26,7282	 1	240,17	 73,36	   0,4	  10,3	  14,1	  14,9	  16,5	  18,2	  17,4	  -1,5
*	    27,1545	 1	272,14	 71,22	   1,0	  10,9	  14,7	  15,5	  17,1	  18,8	  17,9	  -0,9
*	    33,7577	 1	302,34	 74,13	  -2,7	   7,2	  11,0	  11,8	  13,4	  15,0	  14,0	  -5,4
*	    12,6727	 1	214,74	 64,06	  10,5	  20,4	  24,2	  25,0	  26,7	  28,4	  28,0	  10,4
*	    12,4427	 1	277,23	 50,66	  13,7	  23,6	  27,4	  28,2	  29,9	  31,6	  31,1	  13,6
*	    21,8584	 1	327,96	 66,97	   5,0	  14,9	  18,7	  19,5	  21,1	  22,8	  22,1	   3,7
*	     3,7089	 1	157,87	 61,66	  17,8	  27,7	  31,6	  32,4	  34,0	  35,8	  35,6	  18,8
*	     4,1067	 1	 73,06	 34,50	  21,6	  31,5	  35,3	  36,1	  37,8	  39,6	  39,3	  22,5
*	    15,6859	 1	 16,25	 65,58	   8,7	  18,6	  22,4	  23,2	  24,8	  26,6	  26,0	   8,2
*	     1,9654	 1	122,67	 72,84	  20,5	  30,4	  34,3	  35,1	  36,7	  38,6	  38,4	  21,8
*	     6,3039	 1	 84,65	 69,63	  14,5	  24,4	  28,3	  29,0	  30,7	  32,5	  32,2	  15,2
*	    17,0756	 1	 49,58	 73,90	   5,8	  15,6	  19,5	  20,3	  21,9	  23,7	  23,1	   5,1
s	     1,9116	 1	121,83	 90,24	  35,6	  45,1	  48,9	  49,8	  51,4	  52,4	  52,2	  33,9
*	    27,5724	 1	 49,49	 92,85	  -4,2	   5,3	   9,1	  10,0	  11,5	  12,3	  11,5	  -9,1
*	    12,1883	 1	 78,95	 93,65	   6,1	  15,6	  19,4	  20,3	  21,9	  22,8	  22,3	   3,1
*	     3,1384	 1	114,03	 93,37	  21,7	  31,2	  35,0	  35,9	  37,5	  38,5	  38,2	  19,8
*	    21,5687	 1	 59,02	 81,99	 -12,3	  -3,1	   0,5	   1,4	   3,0	   4,0	   6,8	 -11,5
*	    21,2054	 1	 58,97	 87,39	 -12,1	  -2,9	   0,8	   1,6	   3,2	   4,2	   7,1	 -11,3
*	    18,9106	 1	 63,98	 81,64	 -10,6	  -1,4	   2,3	   3,1	   4,7	   5,7	   8,6	  -9,5
*	    18,5231	 1	 63,92	 87,27	 -10,3	  -1,1	   2,5	   3,4	   5,0	   6,0	   8,9	  -9,2
*	    16,4065	 1	 69,36	 81,32	  -8,8	   0,3	   4,0	   4,9	   6,5	   7,5	  10,5	  -7,4
*	    15,9928	 1	 69,32	 87,16	  -8,5	   0,6	   4,3	   5,2	   6,8	   7,8	  10,8	  -7,1
*	    14,0754	 1	 75,13	 81,06	  -7,0	   2,1	   5,8	   6,6	   8,3	   9,3	  12,3	  -5,3
*	    13,6330	 1	 75,10	 87,09	  -6,7	   2,5	   6,2	   7,0	   8,6	   9,6	  12,7	  -4,9
*	    11,9346	 1	 81,18	 80,89	  -5,2	   3,9	   7,6	   8,5	  10,1	  11,1	  14,2	  -3,3
*	    11,4600	 1	 81,16	 87,03	  -4,8	   4,3	   8,0	   8,9	  10,5	  11,5	  14,6	  -2,8
*	     9,9983	 1	 87,42	 80,81	  -3,4	   5,8	   9,5	  10,3	  12,0	  13,0	  16,2	  -1,2
*	     9,4860	 1	 87,41	 87,01	  -2,9	   6,3	  10,0	  10,8	  12,4	  13,5	  16,7	  -0,6
*	     8,2769	 1	 93,69	 80,84	  -1,4	   7,8	  11,5	  12,3	  13,9	  15,0	  18,2	   1,0
*	     7,7174	 1	 93,69	 87,02	  -0,8	   8,4	  12,0	  12,9	  14,5	  15,6	  18,8	   1,7
*	     6,7781	 1	 99,83	 80,99	   0,7	   9,9	  13,6	  14,4	  16,1	  17,2	  20,4	   3,4
*	     6,1552	 1	 99,85	 87,06	   1,5	  10,7	  14,4	  15,2	  16,9	  17,9	  21,2	   4,2
*	     5,5129	 1	105,73	 81,21	   3,2	  12,4	  16,1	  16,9	  18,5	  19,6	  22,9	   6,0
*	     4,7964	 1	105,77	 87,14	   4,3	  13,5	  17,1	  18,0	  19,6	  20,7	  24,0	   7,1
*	     4,5094	 1	111,29	 81,51	   6,1	  15,2	  18,9	  19,8	  21,4	  22,5	  25,8	   9,0
*	     3,6411	 1	111,33	 87,24	   7,8	  17,0	  20,7	  21,5	  23,2	  24,3	  27,6	  10,9
s	     2,2347	 2	123,12	 90,24	  34,5	  44,5	  48,5	  49,4	  50,9	  51,8	  51,9	  33,6
s	     2,2738	 1	132,97	 90,11	  35,4	  45,0	  48,8	  49,7	  51,3	  52,2	  52,0	  33,7
*	    10,5303	 1	181,07	 80,25	   9,0	  18,5	  22,3	  23,2	  24,8	  25,7	  25,2	   6,2
*	     3,3266	 1	139,28	 83,23	  20,4	  29,9	  33,7	  34,6	  36,2	  37,2	  36,9	  18,5
s	     3,1163	 2	122,06	109,84	  34,9	  44,6	  48,4	  49,3	  50,9	  51,9	  51,6	  33,1
s	     3,4223	 3	123,35	109,56	  33,8	  44,0	  48,0	  48,8	  50,4	  51,3	  51,3	  32,9
s	     3,4594	 2	133,26	109,41	  34,8	  44,4	  48,3	  49,1	  50,7	  51,7	  51,4	  33,0
s	     3,5185	 2	121,59	 69,46	  33,7	  43,5	  47,3	  47,9	  49,5	  51,3	  51,4	  32,9
s	     3,8193	 3	122,88	 69,74	  32,6	  42,9	  46,9	  47,5	  49,1	  50,7	  51,2	  32,7
s	     3,8557	 2	132,67	 69,64	  33,6	  43,4	  47,2	  47,8	  49,4	  51,2	  51,2	  32,8
*	     5,0181	 1	129,48	 77,37	  12,0	  21,1	  24,8	  25,7	  27,3	  28,2	  28,7	  11,8
*	     4,3688	 1	133,91	 76,18	  10,8	  19,9	  23,6	  24,5	  26,1	  27,0	  27,5	  10,7
*	     4,4251	 1	139,17	 74,89	   8,8	  17,8	  21,6	  22,5	  24,1	  25,0	  25,5	   8,7
*	     4,9399	 1	145,35	 73,54	   6,8	  15,9	  19,7	  20,5	  22,1	  23,0	  23,5	   6,7
*	     5,8110	 1	152,56	 72,22	   5,1	  14,2	  17,9	  18,8	  20,4	  21,3	  21,8	   4,8
*	     7,0153	 1	160,77	 71,04	   3,6	  12,6	  16,4	  17,3	  18,9	  19,8	  20,2	   3,1
*	     8,5611	 1	169,84	 70,19	   2,0	  11,1	  14,9	  15,7	  17,3	  18,2	  18,6	   1,4
*	    10,4602	 1	179,37	 69,78	   0,5	   9,5	  13,3	  14,1	  15,7	  16,6	  17,0	  -0,4
*	     4,6952	 1	100,73	100,99	   6,2	  15,9	  20,7	  21,8	  23,5	  24,6	  24,0	   5,4
*	    10,4332	 1	 77,34	101,01	  -0,1	   9,5	  14,3	  15,4	  17,1	  18,2	  17,4	  -1,6
*	    18,5093	 1	 57,14	 99,59	  -6,2	   3,4	   8,2	   9,3	  11,0	  12,0	  11,0	  -8,8
s	     5,3780	 2	126,15	129,41	  33,0	  42,3	  46,0	  46,5	  48,1	  50,0	  49,6	  30,3
*	     6,5447	 1	128,80	 78,29	   1,8	  11,3	  15,1	  16,0	  17,6	  18,5	  18,2	  -0,5
s	     6,9025	 3	122,31	126,87	  32,3	  42,3	  46,1	  46,6	  48,3	  50,0	  50,0	  31,2
s	     7,1651	 4	123,60	126,45	  31,2	  41,7	  45,7	  46,2	  47,8	  49,5	  49,8	  31,0
s	     7,1969	 3	133,58	126,27	  32,2	  42,2	  46,0	  46,6	  48,2	  49,9	  49,9	  31,1
s	     7,5385	 3	132,39	 54,49	  32,1	  42,1	  45,9	  46,4	  48,0	  49,8	  49,7	  30,9
s	    10,6747	 3	126,43	140,76	  31,6	  41,3	  45,0	  45,5	  47,1	  49,0	  48,4	  29,3
*	    11,0948	 1	181,59	104,57	  -6,0	   3,5	   7,3	   8,2	   9,8	  10,7	  10,2	  -8,9
s	    11,5735	 3	124,73	 39,81	  29,9	  39,4	  43,0	  43,3	  44,9	  47,5	  47,3	  27,4
*	    11,7845	 1	191,24	105,73	  -9,2	   0,3	   4,1	   5,0	   6,6	   7,5	   7,0	 -12,2
s	    11,9431	 4	122,54	138,14	  30,6	  40,7	  44,5	  45,0	  46,6	  48,4	  48,1	  29,0
s	    12,1639	 5	123,84	137,70	  29,5	  40,2	  44,1	  44,7	  46,2	  47,9	  48,0	  28,8
s	    12,1907	 4	133,87	137,51	  30,5	  40,6	  44,5	  45,0	  46,6	  48,3	  48,1	  28,9
s	    12,8066	 4	121,13	 42,50	  29,3	  39,5	  43,4	  43,6	  45,2	  47,7	  47,9	  28,6
s	    13,0215	 5	122,41	 42,91	  28,3	  39,0	  43,0	  43,3	  44,8	  47,2	  47,7	  28,4
s	    13,2505	 5	145,12	 61,36	  27,2	  38,4	  43,4	  44,2	  45,8	  47,5	  47,6	  28,3
s	    13,4831	 4	132,07	 42,16	  30,1	  40,1	  44,1	  44,6	  46,2	  47,7	  47,7	  28,3
s	    13,5320	 6	144,17	 61,65	  26,2	  37,8	  43,0	  43,8	  45,4	  46,9	  47,4	  28,1
s	    15,5477	 5	144,60	129,81	  25,2	  36,5	  42,5	  43,5	  45,2	  46,9	  46,7	  27,2
s	    16,6453	 6	140,69	128,47	  24,2	  36,0	  42,1	  43,1	  44,8	  46,4	  46,5	  26,9
s	    17,2817	 4	126,74	149,00	  28,2	  37,9	  41,5	  41,7	  43,3	  46,0	  45,6	  25,1
s	    17,7771	 4	124,47	 32,49	  28,6	  38,5	  42,1	  42,4	  44,0	  46,6	  46,2	  26,5
s	    18,8108	 5	120,92	 34,97	  27,6	  38,0	  41,8	  42,1	  43,6	  46,2	  46,1	  26,3
s	    18,9922	 6	122,19	 35,36	  26,6	  37,5	  41,5	  41,7	  43,2	  45,7	  45,9	  26,1
s	    19,0142	 5	134,21	146,48	  28,6	  38,8	  42,7	  43,2	  44,7	  46,3	  46,0	  26,2
s	    19,0142	 5	131,81	 35,28	  27,5	  38,0	  41,8	  42,0	  43,6	  46,1	  46,0	  26,2
s	    21,8184	 6	140,24	 39,20	  25,5	  36,4	  41,4	  42,1	  43,7	  45,3	  45,0	  24,9
s	    22,5679	 1	 20,56	 90,03	  29,7	  38,8	  42,5	  43,4	  45,0	  45,7	  44,5	  23,6
*	    22,6876	 1	 19,62	 95,84	  10,9	  19,9	  23,7	  24,5	  26,1	  26,9	  26,9	   8,5
*	    23,6053	 1	  3,03	 95,86	  10,9	  19,9	  23,7	  24,5	  26,1	  26,9	  26,9	   8,4
*	    26,2186	 1	345,70	 95,38	   9,6	  18,6	  22,4	  23,3	  24,8	  25,6	  25,5	   6,8
*	    26,4803	 1	346,05	 78,43	   9,4	  18,4	  22,2	  23,0	  24,6	  25,4	  25,3	   6,5
*	    30,3607	 1	330,47	 94,54	   7,2	  16,3	  20,0	  20,9	  22,5	  23,2	  23,0	   3,9
*	    30,5987	 1	330,75	 79,19	   7,1	  16,1	  19,9	  20,7	  22,3	  23,0	  22,8	   3,7
*	    35,6673	 1	318,58	 93,66	   4,3	  13,3	  17,1	  18,0	  19,5	  20,2	  19,9	   0,3
*	    35,8768	 1	318,79	 80,31	   4,2	  13,2	  17,0	  17,8	  19,4	  20,1	  19,8	   0,2
*	    41,7798	 1	309,75	 92,90	   1,3	  10,3	  14,1	  14,9	  16,5	  17,1	  16,7	  -3,5
*	    41,9628	 1	309,91	 81,42	   1,2	  10,2	  14,0	  14,8	  16,4	  17,0	  16,5	  -3,6
*	    48,4380	 1	303,23	 92,29	  -1,7	   7,3	  11,1	  12,0	  13,5	  14,1	  13,5	  -7,3
*	    48,5987	 1	303,35	 82,38	  -1,8	   7,3	  11,0	  11,9	  13,4	  14,0	  13,4	  -7,4
*	    55,4721	 1	298,32	 91,82	  -4,5	   4,6	   8,3	   9,2	  10,7	  11,2	  10,4	 -10,9
*	    55,6144	 1	298,41	 83,18	  -4,5	   4,5	   8,3	   9,1	  10,6	  11,2	  10,4	 -11,0
*	    62,7731	 1	294,56	 91,44	  -7,1	   2,0	   5,7	   6,6	   8,1	   8,6	   7,6	 -14,4
*	    62,9004	 1	294,63	 83,82	  -7,1	   1,9	   5,7	   6,5	   8,0	   8,5	   7,5	 -14,5
*	    70,2698	 1	291,60	 91,14	  -9,5	  -0,4	   3,3	   4,1	   5,6	   6,1	   4,9	 -17,8
*	    70,3847	 1	291,65	 84,34	  -9,5	  -0,5	   3,3	   4,1	   5,6	   6,1	   4,8	 -17,8
*	    77,9138	 1	289,22	 90,90	 -11,7	  -2,7	   1,1	   1,9	   3,4	   3,8	   2,4	 -21,0
*	    78,0184	 1	289,26	 84,77	 -11,7	  -2,7	   1,0	   1,9	   3,3	   3,8	   2,3	 -21,0
s	    22,7532	 7	136,46	 40,83	  24,6	  35,9	  41,1	  41,8	  43,4	  44,8	  44,9	  24,7
s	    23,1931	 2	 20,36	100,25	  29,9	  39,1	  42,9	  43,7	  45,3	  46,1	  45,1	  24,9
s	    23,4865	 2	 23,45	 90,09	  29,3	  38,9	  42,8	  43,6	  45,2	  45,8	  45,2	  25,0
s	    23,7167	 8	144,69	 42,20	  22,9	  34,5	  39,7	  40,1	  41,7	  43,9	  44,3	  24,0
s	    23,8915	 5	127,03	154,30	  27,0	  37,1	  40,8	  41,0	  42,6	  45,2	  44,6	  24,3
s	    24,0984	 3	 23,25	100,10	  29,0	  38,7	  42,6	  43,4	  45,0	  45,7	  45,0	  24,7
s	    24,1718	 6	120,74	 30,36	  23,2	  34,4	  39,3	  39,5	  41,1	  44,4	  44,6	  24,3
s	    24,3309	 7	122,01	 30,71	  22,2	  33,9	  39,0	  39,2	  40,7	  43,9	  44,5	  24,2
s	    24,7826	 6	123,03	152,14	  26,1	  36,7	  40,5	  40,7	  42,3	  44,8	  44,5	  24,2
s	    24,9357	 5	124,19	 26,98	  25,3	  35,3	  38,9	  38,8	  40,4	  43,8	  43,5	  22,4
s	    24,9395	 7	124,35	151,76	  25,1	  36,2	  40,2	  40,4	  41,9	  44,3	  44,3	  24,0
s	    24,9586	 6	134,49	151,58	  25,8	  36,4	  40,3	  40,4	  42,0	  44,5	  44,2	  23,9
s	    25,3125	 3	 20,14	110,59	  27,7	  37,0	  40,7	  41,2	  42,8	  44,4	  43,7	  22,5
*	    27,0125	 1	358,27	 83,51	   9,3	  18,5	  22,2	  23,0	  24,6	  25,5	  24,3	   3,7
*	    25,5207	 1	 19,49	 84,35	   9,6	  18,8	  22,4	  23,3	  24,9	  25,8	  24,6	   4,2
*	    26,9255	 1	 36,20	 85,57	   8,2	  17,3	  21,0	  21,8	  23,4	  24,4	  23,1	   2,6
*	    25,7930	 1	358,28	 81,33	 -19,8	 -10,8	  -7,0	  -6,1	  -4,6	  -3,8	  -3,8	 -22,6
*	    26,2632	 1	358,41	 75,23	 -20,1	 -11,1	  -7,3	  -6,5	  -4,9	  -4,2	  -4,2	 -23,0
s	    25,8325	 2	 18,92	 90,02	  28,8	  38,4	  42,3	  43,2	  44,7	  45,4	  44,7	  24,3
s	    26,0362	 3	 19,61	 90,04	  27,8	  37,9	  41,9	  42,8	  44,3	  44,9	  44,5	  24,1
s	    26,1758	 4	 23,04	110,25	  27,3	  37,3	  41,2	  41,8	  43,3	  44,8	  44,4	  23,9
s	    26,1827	 2	 19,33	 79,73	  27,8	  37,0	  40,7	  41,1	  42,8	  44,5	  43,6	  22,4
s	    26,4132	 3	 18,73	 99,52	  28,5	  38,2	  42,1	  43,0	  44,5	  45,2	  44,4	  24,0
s	    26,4908	 6	131,50	 29,12	  25,0	  35,5	  39,4	  39,6	  41,1	  43,5	  43,1	  21,8
s	    26,6143	 4	 19,42	 99,50	  27,5	  37,7	  41,8	  42,6	  44,1	  44,7	  44,3	  23,8
*	    26,9014	 1	 48,12	 91,39	  -1,0	   8,0	  11,8	  12,6	  14,2	  15,0	  14,9	  -3,9
*	    27,0590	 1	 48,06	 95,78	  -1,1	   7,9	  11,7	  12,5	  14,1	  14,9	  14,8	  -4,1
s	    27,0298	 3	 22,07	 79,98	  27,4	  37,3	  41,1	  41,7	  43,3	  44,9	  44,3	  23,8
s	    27,5750	 3	 19,48	 72,88	  25,8	  35,9	  40,7	  41,4	  43,1	  44,8	  44,0	  23,4
s	    27,5871	 4	 19,98	117,13	  25,6	  35,7	  40,6	  41,4	  43,0	  44,6	  43,8	  23,3
s	    28,3902	 4	 18,53	109,21	  26,9	  36,9	  40,8	  41,3	  42,9	  44,4	  43,9	  23,2
s	    28,3975	 4	 22,20	 73,25	  24,9	  35,5	  40,4	  41,2	  42,8	  44,5	  43,9	  23,2
s	    28,4094	 5	 22,90	116,69	  24,7	  35,3	  40,3	  41,1	  42,7	  44,2	  43,8	  23,1
s	    28,5830	 5	 19,22	109,14	  25,9	  36,4	  40,5	  41,0	  42,5	  43,9	  43,7	  23,1
*	    28,8775	 1	 47,27	 82,93	 -16,8	  -7,8	  -4,0	  -3,1	  -1,6	  -0,8	  -0,9	 -19,9
*	    28,5930	 1	 47,21	 87,13	 -16,6	  -7,6	  -3,8	  -3,0	  -1,4	  -0,7	  -0,8	 -19,8
s	    29,0242	 4	 21,20	 60,52	  25,8	  35,4	  39,1	  39,3	  40,8	  43,2	  42,7	  21,3
s	    29,4224	 3	 17,88	 80,42	  26,9	  36,9	  40,7	  41,2	  42,8	  44,4	  43,8	  23,0
s	    29,5950	 6	127,27	157,60	  22,2	  32,9	  37,6	  37,7	  39,4	  42,7	  42,4	  20,9
s	    29,6112	 4	 18,53	 80,47	  25,9	  36,4	  40,4	  40,9	  42,4	  43,9	  43,6	  22,9
s	    29,8226	 5	 24,06	 61,11	  25,4	  35,7	  39,6	  39,8	  41,4	  43,6	  43,5	  22,7
s	    30,3802	 5	 19,67	 64,55	  23,8	  34,2	  39,1	  39,6	  41,2	  43,6	  43,1	  22,3
s	    30,8924	 4	 18,03	 73,35	  25,5	  35,9	  40,9	  41,9	  43,5	  44,2	  43,4	  22,5
s	    31,0757	 5	 18,68	 73,43	  24,5	  35,4	  40,5	  41,6	  43,1	  43,7	  43,2	  22,3
s	    31,1572	 6	 22,39	 65,03	  22,9	  33,9	  38,9	  39,4	  40,9	  43,2	  43,1	  22,2
s	    31,2278	 7	123,26	156,08	  21,7	  33,0	  38,0	  38,1	  39,7	  43,0	  43,0	  22,1
s	    31,8501	 6	123,94	 23,28	  24,3	  34,7	  38,3	  38,2	  39,8	  43,2	  42,7	  21,7
s	    32,1089	 5	 21,35	 55,01	  23,5	  33,9	  38,8	  39,3	  40,9	  43,3	  42,8	  21,8
s	    32,6052	 7	120,48	 25,26	  23,4	  34,3	  38,1	  38,0	  39,6	  42,8	  42,7	  21,6
s	    32,7386	 8	121,74	 25,57	  22,4	  33,8	  37,8	  37,7	  39,2	  42,4	  42,5	  21,5
s	    32,7549	 7	134,84	156,27	  23,7	  34,3	  38,2	  38,4	  39,9	  42,3	  41,6	  19,8
s	    32,7549	 7	131,25	 25,49	  23,2	  34,1	  37,9	  37,8	  39,3	  42,6	  42,4	  21,4
s	    32,8602	 6	 24,21	 55,65	  22,7	  33,6	  38,6	  39,1	  40,7	  42,9	  42,7	  21,7
s	    35,4935	 5	 18,31	125,68	  25,5	  35,1	  38,9	  39,2	  40,8	  42,4	  41,3	  19,3
s	    35,8510	 6	 19,71	 55,37	  24,2	  34,6	  38,5	  38,7	  40,3	  42,5	  42,1	  20,8
s	    36,0179	 7	 20,39	 55,50	  23,2	  34,1	  38,2	  38,4	  39,9	  42,0	  42,0	  20,7
s	    37,3188	 8	123,48	158,91	  20,5	  32,0	  36,9	  37,0	  38,6	  41,9	  41,6	  20,2
s	    37,9104	 7	 24,41	 48,95	  20,6	  31,8	  36,8	  37,0	  38,6	  41,6	  41,6	  20,1
s	    38,2125	 6	 16,91	123,76	  24,8	  35,2	  39,1	  39,5	  41,0	  42,5	  41,7	  20,2
s	    38,3726	 7	 17,57	123,67	  23,8	  34,7	  38,7	  39,2	  40,7	  42,1	  41,6	  20,0
s	    38,3793	 7	127,65	161,31	  23,0	  33,6	  37,2	  37,1	  38,7	  42,0	  41,3	  19,8
s	    38,4936	 6	 21,62	 46,92	  22,7	  32,8	  36,5	  36,4	  37,9	  41,1	  40,6	  18,3
s	    38,7663	 7	 16,66	123,40	  23,5	  33,6	  37,3	  37,4	  39,0	  41,4	  40,5	  18,1
s	    39,7248	 8	135,15	159,33	  22,9	  33,7	  37,6	  37,7	  39,2	  41,6	  41,0	  19,3
s	    39,8074	 7	 18,13	131,20	  22,3	  32,6	  36,3	  36,1	  37,6	  40,8	  40,3	  17,8
s	    40,1362	 8	120,26	 22,05	  21,0	  32,2	  36,0	  35,6	  37,1	  41,1	  41,1	  19,4
s	    40,8100	 8	130,94	 22,03	  21,2	  32,1	  36,0	  35,9	  37,4	  40,5	  40,0	  17,5
s	    40,9029	 7	 19,91	 49,02	  22,2	  32,9	  36,8	  36,7	  38,2	  41,2	  41,1	  19,3
s	    42,1357	 7	 19,34	137,39	  20,0	  30,7	  35,5	  35,6	  37,2	  40,3	  39,9	  17,2
s	    42,7038	 7	 16,73	129,60	  24,0	  34,5	  38,4	  38,8	  40,3	  41,8	  40,8	  18,8
s	    42,7660	 8	 22,27	136,83	  19,7	  31,1	  36,1	  36,2	  37,8	  40,8	  40,7	  18,7
s	    42,8204	 8	 16,38	 59,68	  19,9	  31,6	  36,7	  37,2	  38,7	  40,8	  40,6	  18,7
s	    42,8524	 8	 17,39	129,50	  23,0	  34,0	  38,1	  38,5	  39,9	  41,3	  40,6	  18,7
s	    44,3465	 8	 17,96	135,72	  20,0	  31,0	  35,9	  36,0	  37,6	  40,8	  40,1	  18,1
s	    46,1169	 8	127,97	163,71	  20,2	  30,8	  34,4	  33,9	  35,5	  39,6	  39,1	  16,1
s	    46,1557	 8	 20,10	 44,05	  21,2	  32,1	  36,0	  35,9	  37,4	  40,4	  40,1	  17,8
s	    46,6734	 8	123,43	 18,10	  20,6	  31,4	  35,1	  34,7	  36,2	  40,3	  39,8	  17,5
s	    51,0097	 8	 20,49	 39,94	  18,6	  29,5	  34,3	  34,3	  35,9	  39,0	  38,3	  14,8
s	    51,5936	 3	166,12	 90,05	  24,0	  34,0	  38,0	  38,9	  40,3	  40,7	  39,7	  17,0
s	    51,6419	 3	165,91	 83,47	  23,4	  33,4	  37,2	  37,7	  39,3	  40,7	  39,5	  16,8
s	    51,6896	 3	164,21	 90,09	  24,5	  34,3	  38,1	  38,9	  40,4	  41,1	  38,7	  15,2
s	    51,9652	 4	166,25	 96,14	  23,7	  33,9	  38,0	  38,8	  40,2	  40,6	  39,6	  16,8
s	    52,0607	 4	164,33	 96,17	  23,7	  34,0	  38,0	  38,8	  40,2	  40,8	  39,6	  16,8
s	    52,1887	 4	164,08	 83,56	  23,1	  33,3	  37,1	  37,6	  39,1	  40,6	  38,5	  15,0
s	    52,8065	 4	166,30	102,62	  22,6	  32,5	  36,3	  36,7	  38,2	  39,7	  38,4	  14,8
s	    52,9894	 5	165,90	 79,02	  20,3	  31,3	  36,4	  37,3	  38,7	  39,9	  39,3	  16,4
s	    53,0836	 5	163,98	 79,08	  20,3	  31,4	  36,5	  37,2	  38,8	  40,1	  39,3	  16,4
s	    53,2070	 6	161,16	 96,14	  21,1	  32,2	  37,3	  38,3	  39,8	  40,3	  39,2	  16,3
s	    53,3445	 5	164,47	102,57	  22,8	  33,1	  36,9	  37,3	  38,9	  40,4	  38,2	  14,6
s	    54,2373	 5	166,40	106,96	  20,7	  31,5	  36,4	  37,1	  38,7	  40,2	  38,9	  15,9
s	    54,7650	 6	164,56	106,88	  19,9	  31,2	  36,2	  37,0	  38,5	  39,9	  38,9	  15,9
s	    55,0319	 4	166,51	 83,77	  22,3	  32,8	  36,7	  37,2	  38,7	  40,0	  39,1	  16,1
s	    55,1559	 5	166,07	 83,79	  21,3	  32,3	  36,4	  36,9	  38,3	  39,6	  39,0	  15,9
s	    55,7829	 6	165,72	 71,08	  21,8	  32,3	  36,4	  37,0	  38,4	  39,4	  38,8	  15,7
s	    55,8736	 6	163,81	 71,15	  22,3	  32,6	  36,5	  37,0	  38,4	  39,8	  37,7	  13,9
s	    56,1443	 5	166,89	102,06	  21,9	  32,6	  36,5	  37,0	  38,5	  39,9	  38,8	  15,7
s	    56,2665	 6	166,45	102,05	  21,0	  32,1	  36,2	  36,7	  38,1	  39,4	  38,7	  15,5
s	    56,9627	 8	160,65	 71,49	  19,7	  30,8	  35,8	  36,5	  38,0	  39,2	  37,3	  13,4
s	    57,2030	 6	165,55	 67,35	  19,1	  30,2	  35,1	  35,5	  37,1	  39,3	  38,3	  15,1
s	    57,5131	 6	166,98	106,22	  19,6	  30,9	  35,9	  36,6	  38,1	  39,5	  38,5	  15,2
s	    57,6331	 7	166,54	106,20	  18,6	  30,4	  35,6	  36,3	  37,8	  39,1	  38,4	  15,1
s	    57,7104	 7	163,73	 67,55	  18,3	  29,9	  34,9	  35,4	  36,9	  39,1	  38,4	  15,1
s	    58,1277	 7	166,64	113,97	  20,3	  31,2	  35,3	  35,5	  36,9	  38,9	  38,3	  15,0
s	    58,2156	 7	164,72	113,98	  20,8	  31,5	  35,3	  35,4	  36,9	  39,3	  37,3	  13,2
s	    60,6770	 8	164,82	117,72	  17,8	  29,5	  34,6	  34,9	  36,5	  38,7	  37,8	  14,3
s	    61,2198	 8	163,60	 62,20	  17,2	  28,7	  33,6	  33,7	  35,3	  38,4	  36,7	  12,4
s	    64,5917	 8	166,80	123,15	  17,3	  28,5	  33,4	  33,7	  35,2	  37,4	  36,2	  11,6
s	    73,9817	 1	261,63	 88,63	  22,8	  32,3	  36,0	  36,9	  38,4	  38,8	  36,8	  12,1
*	    81,3611	 1	288,36	 85,38	  -2,5	   7,0	  10,8	  11,6	  13,1	  13,5	  11,2	 -14,2
*	    75,0450	 1	271,37	 85,12	  -0,9	   8,6	  12,4	  13,3	  14,7	  15,2	  13,1	 -11,7
*	    74,7210	 1	253,93	 85,28	  -0,9	   8,6	  12,4	  13,2	  14,7	  15,2	  13,1	 -11,7
s	    74,2646	 2	261,64	 93,26	  22,3	  31,9	  35,7	  36,5	  38,0	  38,5	  36,4	  11,6
s	    74,3623	 2	261,61	 83,64	  20,7	  30,3	  34,1	  34,6	  36,1	  37,3	  35,6	  10,1
s	    75,2479	 3	261,66	 98,19	  20,4	  30,2	  33,9	  34,4	  35,9	  37,2	  35,4	   9,8
s	    75,3446	 3	261,60	 79,08	  20,9	  30,9	  34,7	  35,2	  36,7	  38,0	  36,1	  11,3
s	    76,2941	 2	261,80	 88,63	  21,6	  31,6	  35,5	  36,4	  37,8	  38,2	  36,4	  11,4
s	    76,5702	 3	261,82	 93,16	  21,3	  31,5	  35,5	  36,2	  37,7	  38,1	  36,2	  11,3
s	    76,6655	 3	261,79	 83,77	  20,3	  30,6	  34,5	  35,1	  36,5	  37,7	  36,2	  11,3
s	    76,7728	 4	261,67	102,64	  20,6	  30,7	  34,5	  35,0	  36,4	  37,8	  35,8	  10,9
s	    77,0580	 4	261,58	 74,30	  19,0	  29,1	  32,8	  33,0	  34,5	  36,5	  35,0	   9,3
s	    77,5301	 4	261,83	 97,96	  20,0	  30,5	  34,4	  34,9	  36,3	  37,5	  36,0	  11,0
s	    77,6245	 4	261,77	 79,31	  20,0	  30,4	  34,4	  34,9	  36,3	  37,5	  36,0	  10,9
s	    78,0303	 3	  7,99	 90,00	  21,7	  31,4	  35,3	  36,1	  37,5	  37,9	  35,8	  10,7
s	    78,3015	 4	  7,90	 94,44	  21,5	  31,4	  35,2	  36,0	  37,4	  37,8	  35,7	  10,6
s	    78,4298	 4	  9,34	 90,03	  21,5	  31,3	  35,2	  36,0	  37,4	  37,8	  34,8	   9,0
s	    78,6999	 5	  9,25	 94,45	  20,7	  31,1	  35,1	  35,9	  37,3	  37,6	  35,7	  10,6
s	    79,0197	 5	261,84	102,32	  19,6	  30,3	  34,2	  34,7	  36,1	  37,3	  35,7	  10,5
s	    79,0417	 5	261,69	107,25	  18,6	  28,9	  32,6	  32,7	  34,2	  36,3	  34,7	   8,7
s	    79,2276	 5	261,57	 70,04	  19,1	  29,5	  33,3	  33,5	  35,0	  37,1	  35,4	  10,2
s	    79,2984	 5	261,76	 74,64	  18,6	  29,3	  33,3	  33,5	  34,9	  36,9	  35,7	  10,5
s	    80,2969	 6	  7,73	102,40	  17,8	  28,7	  33,6	  34,3	  35,8	  37,0	  35,2	   9,9
s	    80,6874	 7	  9,08	102,38	  17,1	  28,4	  33,5	  34,2	  35,7	  36,7	  35,3	  10,0
s	    81,1331	 2	291,63	 88,71	  21,9	  31,4	  35,3	  36,1	  37,6	  37,9	  35,8	  10,4
s	    81,2380	 6	261,86	106,84	  18,2	  29,1	  33,1	  33,2	  34,7	  36,7	  35,3	   9,9
s	    81,3757	 4	  7,81	 85,36	  20,2	  30,3	  34,1	  34,6	  36,0	  37,3	  35,3	   9,9
s	    81,3959	 3	291,60	 93,02	  21,4	  31,1	  35,0	  35,8	  37,2	  37,6	  35,4	  10,0
s	    81,4198	 6	261,75	 70,46	  18,2	  29,1	  33,0	  33,2	  34,6	  36,6	  35,3	   9,9
s	    81,4822	 4	  7,68	 90,00	  20,7	  30,9	  34,9	  35,7	  37,1	  37,3	  35,5	  10,1
s	    81,4867	 3	291,67	 84,08	  19,9	  29,5	  33,3	  33,8	  35,3	  36,3	  34,6	   8,4
s	    81,5737	 5	  8,00	 90,00	  19,7	  30,4	  34,6	  35,4	  36,7	  36,9	  35,4	  10,0
s	    81,6933	 6	261,70	111,33	  18,7	  29,3	  33,0	  33,2	  34,7	  36,8	  35,0	   9,6
s	    81,7441	 5	  7,59	 94,29	  20,4	  30,8	  34,9	  35,6	  37,0	  37,3	  35,4	   9,9
s	    81,7620	 5	  9,12	 85,40	  19,9	  30,2	  34,0	  34,4	  35,9	  37,2	  34,3	   8,2
s	    81,8354	 6	  7,91	 94,29	  19,5	  30,4	  34,5	  35,3	  36,6	  36,8	  35,2	   9,8
s	    82,0136	 5	  7,88	 82,14	  17,9	  28,7	  33,6	  34,3	  35,8	  37,1	  35,1	   9,7
s	    82,1452	 6	261,55	 65,68	  17,1	  27,6	  31,4	  31,2	  32,7	  35,5	  34,2	   8,0
s	    82,3104	 4	291,56	 97,60	  19,6	  29,4	  33,2	  33,7	  35,1	  36,2	  34,4	   8,2
s	    82,3974	 6	  9,19	 82,20	  17,1	  28,4	  33,5	  34,2	  35,6	  36,9	  35,2	   9,7
s	    82,4004	 4	291,70	 79,83	  20,1	  30,1	  34,0	  34,5	  35,9	  37,0	  35,1	   9,7
s	    82,4629	 7	  9,89	 94,30	  17,9	  29,0	  34,3	  35,2	  36,6	  36,8	  35,0	   9,6
s	    82,5402	 3	293,44	 88,73	  20,8	  30,9	  34,9	  35,7	  37,1	  37,3	  35,5	  10,0
s	    82,6554	 6	  7,49	 98,85	  19,1	  29,8	  33,8	  34,3	  35,7	  36,7	  35,1	   9,6
s	    82,7459	 7	  7,82	 98,85	  18,1	  29,3	  33,5	  34,0	  35,3	  36,2	  35,0	   9,5
s	    82,7994	 4	293,40	 92,98	  20,6	  30,8	  34,8	  35,6	  37,0	  37,2	  35,3	   9,8
s	    82,8889	 4	293,48	 84,16	  19,5	  29,9	  33,9	  34,4	  35,8	  36,8	  35,3	   9,8
s	    82,8904	 7	  7,61	107,89	  17,8	  28,3	  32,1	  32,2	  33,6	  35,6	  34,0	   7,7
s	    83,2847	 3	291,13	 88,71	  20,8	  30,8	  34,8	  35,6	  37,0	  37,2	  35,4	   9,8
s	    83,4273	 7	  7,42	 99,12	  19,3	  29,7	  33,7	  34,1	  35,5	  36,6	  34,7	   9,1
s	    83,5074	 4	291,43	 88,72	  19,8	  30,3	  34,5	  35,3	  36,6	  36,7	  35,2	   9,7
s	    83,5420	 4	291,09	 92,93	  20,5	  30,7	  34,7	  35,5	  36,9	  37,1	  35,2	   9,7
s	    83,6309	 4	291,16	 84,18	  19,5	  29,8	  33,8	  34,4	  35,7	  36,7	  35,2	   9,7
s	    83,6730	 7	  7,42	101,99	  16,8	  28,2	  33,3	  34,0	  35,4	  36,5	  34,9	   9,3
s	    83,7014	 5	293,37	 97,50	  19,2	  29,7	  33,8	  34,3	  35,6	  36,7	  35,1	   9,5
s	    83,7310	 5	291,53	101,76	  19,8	  29,9	  33,8	  34,3	  35,7	  36,8	  34,9	   9,3
s	    83,7626	 8	  7,75	101,99	  15,8	  27,7	  32,9	  33,6	  35,0	  36,0	  34,8	   9,2
s	    83,7642	 5	291,39	 92,92	  19,5	  30,2	  34,4	  35,2	  36,5	  36,7	  35,1	   9,5
s	    83,7901	 5	293,51	 79,97	  19,2	  29,7	  33,8	  34,3	  35,6	  36,6	  35,1	   9,5
s	    83,8059	 8	  8,72	 99,11	  19,1	  29,6	  33,6	  34,0	  35,4	  36,5	  33,7	   7,4
s	    83,8332	 7	261,87	110,83	  17,8	  28,9	  32,8	  32,9	  34,3	  36,4	  34,9	   9,3
s	    83,8529	 5	291,46	 84,19	  18,5	  29,3	  33,5	  34,0	  35,4	  36,2	  35,1	   9,5
s	    83,8887	 6	  8,00	 76,64	  18,0	  28,4	  32,1	  32,2	  33,7	  35,8	  34,0	   7,6
s	    83,9970	 5	291,74	 75,37	  18,2	  28,3	  32,1	  32,3	  33,7	  35,6	  34,1	   7,7
s	    84,2656	 7	  9,31	 76,71	  18,2	  29,0	  32,8	  32,9	  34,3	  36,5	  33,8	   7,4
s	    84,2757	 7	261,73	 66,18	  16,7	  27,9	  31,8	  31,7	  33,1	  35,9	  34,8	   9,2
s	    84,4376	 5	291,06	 97,42	  19,2	  29,7	  33,7	  34,2	  35,6	  36,6	  35,0	   9,4
s	    84,5257	 5	291,19	 80,01	  19,2	  29,7	  33,7	  34,2	  35,6	  36,6	  35,0	   9,4
s	    84,6578	 6	291,36	 97,40	  18,2	  29,2	  33,4	  33,9	  35,2	  36,1	  34,9	   9,2
s	    84,7458	 6	291,49	 80,03	  18,2	  29,2	  33,4	  33,9	  35,2	  36,1	  34,9	   9,2
s	    84,8184	 5	  7,51	 85,51	  19,2	  29,8	  33,7	  34,2	  35,6	  36,8	  35,0	   9,3
s	    84,9070	 6	  7,83	 85,52	  18,2	  29,3	  33,4	  33,9	  35,2	  36,3	  34,9	   9,2
s	    84,9782	 8	  7,53	111,18	  17,0	  28,0	  33,1	  33,8	  35,2	  36,2	  34,4	   8,7
s	    85,0885	 7	261,72	115,46	  16,6	  27,3	  31,1	  30,9	  32,3	  35,2	  33,7	   7,2
s	    85,1031	 6	293,33	101,61	  18,9	  29,6	  33,6	  34,1	  35,4	  36,5	  34,8	   9,1
s	    85,3510	 7	261,54	 61,87	  17,1	  28,0	  31,8	  31,6	  33,1	  36,0	  34,5	   8,7
s	    85,3656	 6	293,55	 75,56	  17,9	  28,6	  32,7	  32,9	  34,3	  36,0	  34,8	   9,1
s	    85,4352	 6	  7,58	 82,40	  16,9	  28,2	  33,2	  33,9	  35,4	  36,6	  34,8	   9,1
s	    85,5234	 7	  7,89	 82,41	  15,9	  27,7	  32,9	  33,6	  35,0	  36,1	  34,7	   8,9
s	    85,5387	 7	  8,08	 73,30	  17,2	  28,2	  33,1	  33,8	  35,3	  36,5	  34,4	   8,7
s	    85,8294	 6	291,03	101,50	  18,8	  29,5	  33,5	  34,0	  35,4	  36,4	  34,8	   9,0
s	    85,9098	 8	  9,38	 73,39	  16,4	  27,9	  33,0	  33,7	  35,1	  36,2	  34,5	   8,7
s	    86,0240	 6	291,77	 71,36	  18,3	  28,8	  32,6	  32,8	  34,2	  36,2	  34,5	   8,7
s	    86,0468	 7	291,33	101,47	  17,9	  29,0	  33,2	  33,7	  35,0	  35,9	  34,6	   8,8
s	    86,0902	 6	291,23	 75,63	  17,8	  28,6	  32,6	  32,8	  34,2	  36,0	  34,7	   8,9
s	    86,1835	 8	  7,30	107,32	  17,3	  28,5	  32,5	  32,6	  34,0	  35,9	  34,5	   8,7
s	    86,3070	 7	291,53	 75,66	  16,8	  28,1	  32,3	  32,5	  33,8	  35,5	  34,6	   8,8
s	    87,1602	 8	261,89	114,90	  16,2	  27,6	  31,5	  31,4	  32,8	  35,6	  34,4	   8,5
s	    87,1949	 7	293,29	105,88	  17,5	  28,4	  32,5	  32,6	  34,0	  35,8	  34,5	   8,6
s	    87,2503	 7	  7,69	 77,06	  17,5	  28,6	  32,5	  32,6	  34,1	  36,1	  34,5	   8,6
s	    87,3369	 8	  8,01	 77,08	  16,5	  28,1	  32,2	  32,3	  33,7	  35,6	  34,4	   8,5
s	    87,3666	 7	293,59	 71,60	  17,5	  28,4	  32,4	  32,6	  34,0	  35,8	  34,5	   8,6
s	    87,4177	 8	261,72	 62,43	  16,2	  27,6	  31,5	  31,4	  32,8	  35,6	  34,3	   8,4
s	    88,0777	 7	291,26	 71,70	  17,4	  28,4	  32,4	  32,6	  33,9	  35,8	  34,4	   8,4
s	    88,1203	 8	291,29	105,72	  16,4	  27,9	  32,1	  32,2	  33,6	  35,3	  34,3	   8,3
s	    88,2905	 8	291,56	 71,74	  16,4	  27,9	  32,1	  32,2	  33,6	  35,3	  34,2	   8,3
s	    88,3343	 7	291,46	109,94	  17,9	  28,5	  32,4	  32,5	  34,0	  35,9	  34,1	   8,1
s	    88,6549	 8	  8,19	 68,51	  16,1	  27,0	  30,7	  30,5	  31,9	  34,9	  33,2	   6,4
s	    88,6973	 8	261,73	119,05	  16,6	  27,7	  31,4	  31,3	  32,7	  35,6	  34,0	   7,9
s	    88,7585	 7	291,81	 67,24	  16,3	  26,9	  30,7	  30,6	  32,0	  34,7	  33,3	   6,5
s	    88,8491	 8	  7,77	 73,82	  16,2	  27,7	  32,8	  33,4	  34,9	  35,9	  34,2	   8,1
s	    89,2887	 8	261,52	 58,04	  15,0	  26,0	  29,7	  29,3	  30,7	  34,4	  33,1	   6,3
s	    89,6485	 8	293,26	109,69	  17,1	  28,2	  32,2	  32,4	  33,7	  35,6	  34,1	   8,0
s	    90,0676	 8	293,63	 67,53	  16,0	  27,2	  31,3	  31,2	  32,5	  35,1	  34,0	   7,9
s	    90,3448	 8	290,96	109,53	  17,0	  28,1	  32,2	  32,3	  33,7	  35,5	  34,0	   7,8
s	    90,7613	 8	291,29	 67,65	  15,9	  27,2	  31,2	  31,1	  32,5	  35,1	  34,0	   7,7
s	    91,5265	 8	291,42	113,87	  15,9	  26,6	  30,4	  30,2	  31,6	  34,4	  32,8	   5,8
s	    91,7739	 8	291,84	 63,61	  16,4	  27,3	  31,2	  31,0	  32,4	  35,1	  33,6	   7,3
s	   100,9507	 6	 94,57	106,20	  14,7	  25,6	  30,4	  30,7	  32,2	  34,2	  32,0	   4,1
s	   103,1292	 7	 94,58	109,62	  14,8	  26,0	  30,9	  31,3	  32,7	  34,8	  32,5	   5,2
s	   103,1918	 7	 94,46	105,92	  14,3	  25,8	  30,9	  31,3	  32,7	  34,6	  32,7	   5,4
s	   104,5565	 4	171,57	 90,04	  18,7	  28,9	  32,9	  33,7	  35,0	  35,1	  32,6	   5,2
s	   104,7697	 5	171,65	 93,54	  18,4	  28,8	  32,8	  33,6	  34,9	  35,0	  32,5	   5,1
s	   104,8708	 5	170,51	 90,06	  18,4	  28,8	  32,8	  33,5	  34,9	  35,0	  31,7	   3,5
s	   105,0835	 6	170,58	 93,55	  17,7	  28,6	  32,7	  33,4	  34,7	  34,8	  32,6	   5,1
s	   105,3312	 8	 94,46	109,29	  13,9	  25,7	  30,7	  31,0	  32,5	  34,4	  32,4	   4,8
s	   105,5133	 6	171,73	 97,27	  17,1	  27,8	  31,8	  32,2	  33,6	  34,5	  32,3	   4,8
s	   105,8251	 7	170,66	 97,28	  16,9	  27,7	  31,7	  32,1	  33,5	  34,4	  31,4	   3,1
s	   106,8217	 6	165,77	 90,16	  16,8	  27,6	  31,8	  32,6	  33,8	  33,7	  31,4	   3,0
s	   106,9375	 7	165,82	 92,75	  14,6	  26,0	  31,3	  32,3	  33,6	  33,5	  31,3	   2,9
s	   107,2850	 2	 94,07	 91,07	  19,1	  29,1	  33,1	  33,9	  35,3	  35,4	  32,8	   5,1
s	   107,4937	 3	 94,07	 94,49	  18,9	  29,1	  33,0	  33,8	  35,1	  35,3	  32,7	   5,0
s	   107,5659	 3	 94,06	 87,39	  18,6	  28,6	  32,3	  32,8	  34,3	  35,3	  32,7	   5,0
s	   107,7069	 8	 68,50	105,31	  13,7	  25,4	  30,5	  30,9	  32,2	  33,9	  32,1	   4,4
s	   107,8425	 5	171,67	 86,37	  17,2	  27,8	  31,7	  32,2	  33,6	  34,6	  32,2	   4,5
s	   108,0248	 5	171,77	 90,04	  17,7	  28,4	  32,6	  33,3	  34,6	  34,6	  32,4	   4,7
s	   108,0973	 6	171,51	 90,05	  16,7	  27,9	  32,2	  33,0	  34,2	  34,1	  32,3	   4,5
s	   108,1060	 8	171,29	 76,63	  13,5	  25,1	  30,2	  30,6	  32,0	  33,7	  31,8	   4,1
s	   108,1487	 6	170,63	 86,40	  16,9	  27,7	  31,7	  32,1	  33,4	  34,5	  31,2	   2,7
s	   108,2322	 6	171,84	 93,44	  17,4	  28,3	  32,5	  33,2	  34,5	  34,5	  32,3	   4,5
s	   108,2931	 4	 94,06	 84,00	  18,1	  28,2	  32,0	  32,5	  33,9	  35,0	  32,2	   4,5
s	   108,3046	 7	171,58	 93,44	  16,5	  27,9	  32,2	  32,9	  34,1	  34,0	  32,1	   4,4
s	   108,6639	 8	 70,02	108,73	  14,2	  25,5	  30,4	  30,8	  32,2	  34,0	  31,8	   4,0
s	   108,8108	 4	262,01	 88,68	  17,1	  28,1	  32,3	  33,1	  34,4	  34,4	  32,4	   4,6
s	   108,9557	 7	171,92	 97,08	  16,1	  27,3	  31,5	  31,9	  33,2	  34,0	  32,1	   4,3
s	   109,0170	 5	262,02	 92,06	  16,9	  28,1	  32,3	  33,0	  34,3	  34,3	  32,3	   4,5
s	   109,0277	 8	171,66	 97,08	  15,2	  26,9	  31,2	  31,6	  32,8	  33,5	  32,0	   4,1
s	   109,0366	 5	 94,08	100,67	  15,1	  26,2	  31,2	  32,0	  33,4	  34,4	  32,1	   4,2
s	   109,0883	 5	262,00	 85,04	  15,8	  27,1	  31,3	  31,9	  33,1	  33,9	  32,3	   4,5
s	   109,5697	 5	 94,05	 80,40	  16,3	  26,5	  30,2	  30,3	  31,7	  33,6	  31,2	   2,6
s	   109,6055	 3	 93,97	 91,07	  18,0	  28,5	  32,6	  33,4	  34,7	  34,8	  32,5	   4,6
s	   109,7361	 6	262,03	 95,67	  15,6	  27,0	  31,2	  31,7	  33,0	  33,8	  32,1	   4,2
s	   109,8070	 6	261,99	 81,69	  15,6	  27,0	  31,2	  31,7	  33,0	  33,8	  32,1	   4,2
s	   109,8104	 4	 93,98	 94,43	  17,8	  28,5	  32,5	  33,3	  34,6	  34,7	  32,3	   4,4
s	   109,8813	 4	 93,97	 87,46	  17,5	  27,9	  31,9	  32,4	  33,7	  34,7	  32,3	   4,4
s	   110,5956	 5	 93,96	 84,13	  17,2	  27,9	  31,8	  32,2	  33,6	  34,6	  32,1	   4,2
s	   110,8581	 7	262,04	 98,98	  15,3	  26,9	  31,1	  31,6	  32,8	  33,7	  31,9	   3,9
s	   111,1250	 5	262,13	 88,68	  16,0	  27,5	  31,8	  32,7	  33,9	  33,7	  32,1	   4,1
s	   111,1780	 7	261,98	 77,88	  15,3	  26,8	  31,1	  31,5	  32,8	  33,4	  31,9	   3,8
s	   111,2006	 6	 94,05	 77,14	  15,7	  26,6	  30,5	  30,7	  32,1	  33,9	  31,7	   3,7
s	   111,3045	 6	171,86	 86,47	  16,2	  27,3	  31,4	  31,9	  33,2	  34,1	  31,9	   3,9
s	   111,3260	 6	 93,99	100,51	  14,2	  25,8	  31,0	  31,7	  33,1	  34,0	  31,9	   3,9
s	   111,3275	 6	262,14	 92,00	  15,7	  27,4	  31,8	  32,6	  33,8	  33,7	  31,9	   3,9
s	   111,3295	 8	172,04	103,96	  14,7	  25,8	  29,7	  29,7	  31,1	  33,0	  30,7	   1,9
s	   111,3752	 7	171,61	 86,47	  15,2	  26,9	  31,1	  31,5	  32,8	  33,6	  31,8	   3,8
s	   111,3976	 6	262,12	 85,10	  14,7	  26,5	  30,9	  31,4	  32,6	  33,2	  31,9	   3,9
s	   111,8498	 6	 93,96	 80,59	  15,9	  26,8	  30,7	  30,9	  32,3	  34,0	  31,9	   3,8
s	   112,0052	 4	313,95	 89,00	  17,6	  27,7	  31,8	  32,6	  33,9	  33,7	  31,1	   2,2
s	   112,0340	 7	262,15	 95,55	  14,4	  26,4	  30,8	  31,3	  32,5	  33,2	  31,8	   3,7
s	   112,1036	 7	262,11	 81,81	  14,4	  26,4	  30,8	  31,3	  32,5	  33,2	  31,8	   3,7
s	   112,2064	 5	313,91	 92,30	  17,4	  27,7	  31,8	  32,5	  33,8	  33,7	  30,9	   2,1
s	   112,2759	 5	314,01	 85,46	  16,4	  26,7	  30,8	  31,4	  32,6	  33,3	  30,9	   2,1
s	   112,6457	 3	 71,61	 91,02	  18,6	  28,6	  32,6	  33,4	  34,7	  34,7	  32,1	   4,0
s	   112,6812	 8	262,05	102,71	  14,9	  26,6	  30,9	  31,4	  32,6	  33,3	  31,6	   3,4
s	   112,6812	 8	261,97	 74,90	  13,9	  25,8	  30,0	  30,2	  31,5	  33,1	  31,6	   3,4
s	   112,8460	 4	 71,58	 94,30	  18,3	  28,5	  32,5	  33,3	  34,6	  34,7	  32,0	   3,8
s	   112,9081	 6	313,85	 95,83	  16,1	  26,5	  30,5	  30,9	  32,2	  32,9	  30,8	   1,8
s	   112,9152	 4	 71,63	 87,49	  18,0	  28,0	  31,9	  32,4	  33,7	  34,7	  32,0	   3,8
s	   112,9773	 6	314,06	 82,18	  16,6	  27,1	  31,2	  31,7	  33,0	  33,7	  31,5	   3,4
s	   113,1365	 8	262,16	 98,80	  14,2	  26,3	  30,7	  31,1	  32,3	  33,0	  31,5	   3,3
s	   113,2520	 8	171,72	 79,68	  14,6	  26,2	  30,3	  30,4	  31,7	  33,4	  31,5	   3,3
s	   113,4180	 7	 94,04	 73,73	  14,5	  25,2	  28,9	  28,7	  30,1	  32,9	  30,6	   1,6
s	   113,4509	 8	262,10	 78,07	  14,1	  26,2	  30,6	  31,1	  32,3	  32,8	  31,5	   3,3
s	   113,4527	 7	 93,95	 77,38	  14,8	  26,2	  30,3	  30,5	  31,8	  33,5	  31,6	   3,4
s	   113,6132	 5	 71,65	 84,23	  17,5	  27,7	  31,6	  32,0	  33,4	  34,3	  31,6	   3,3
s	   113,6587	 5	313,24	 89,00	  17,3	  27,9	  32,1	  32,9	  34,2	  33,9	  31,8	   3,6
s	   113,7203	 4	 70,17	 91,01	  17,5	  28,1	  32,2	  33,0	  34,3	  34,2	  31,9	   3,7
s	   113,8574	 6	313,20	 92,25	  17,1	  27,8	  32,1	  32,8	  34,1	  33,9	  31,7	   3,4
s	   113,9189	 5	 70,15	 94,26	  17,3	  28,0	  32,2	  32,9	  34,2	  34,1	  31,8	   3,5
s	   113,9261	 6	313,29	 85,49	  16,0	  26,9	  31,1	  31,7	  32,9	  33,4	  31,7	   3,4
s	   113,9875	 5	 70,19	 87,51	  17,0	  27,5	  31,5	  32,0	  33,3	  34,1	  31,8	   3,5
s	   114,0034	 7	313,81	 99,06	  16,3	  27,0	  31,1	  31,6	  32,9	  33,6	  31,3	   3,1
s	   114,0672	 6	313,42	 89,00	  16,3	  27,4	  31,8	  32,6	  33,8	  33,4	  31,7	   3,4
s	   114,2092	 7	314,11	 78,71	  14,8	  25,4	  29,5	  29,6	  30,9	  32,3	  30,5	   1,5
s	   114,2653	 7	313,38	 92,25	  16,1	  27,4	  31,7	  32,5	  33,7	  33,4	  31,5	   3,2
s	   114,3272	 6	 71,54	100,24	  14,5	  25,7	  30,8	  31,5	  32,9	  33,7	  31,4	   3,1
s	   114,3338	 7	313,47	 85,50	  15,0	  26,4	  30,8	  31,3	  32,5	  32,9	  31,5	   3,2
s	   114,5059	 5	315,01	 89,02	  17,3	  27,8	  32,1	  32,9	  34,1	  33,8	  31,7	   3,4
s	   114,5505	 7	313,15	 95,74	  15,8	  26,8	  31,1	  31,5	  32,8	  33,3	  31,5	   3,2
s	   114,6189	 7	313,34	 82,26	  15,8	  26,8	  31,1	  31,5	  32,8	  33,3	  31,5	   3,2
s	   114,6800	 6	 70,22	 84,28	  16,7	  27,4	  31,4	  31,9	  33,2	  34,0	  31,6	   3,3
s	   114,7034	 6	314,96	 92,26	  17,0	  27,8	  32,0	  32,8	  34,0	  33,8	  31,6	   3,3
s	   114,7717	 6	315,06	 85,54	  16,0	  26,8	  31,1	  31,6	  32,9	  33,4	  31,6	   3,3
s	   114,8393	 6	 71,68	 80,77	  15,7	  26,0	  29,8	  29,9	  31,3	  33,0	  30,6	   1,5
s	   114,8736	 4	 71,90	 91,02	  17,4	  28,0	  32,1	  33,0	  34,2	  34,1	  31,8	   3,5
s	   114,9097	 6	314,83	 89,02	  16,3	  27,4	  31,7	  32,5	  33,7	  33,4	  31,6	   3,2
s	   114,9563	 8	313,32	 95,72	  14,8	  26,3	  30,7	  31,2	  32,4	  32,9	  31,4	   3,0
s	   115,0245	 8	313,52	 82,28	  14,8	  26,3	  30,7	  31,2	  32,4	  32,9	  31,4	   3,0
s	   115,0440	 5	 71,66	 91,02	  16,5	  27,5	  31,8	  32,6	  33,9	  33,6	  31,7	   3,3
s	   115,0705	 5	 71,88	 94,25	  17,2	  27,9	  32,1	  32,9	  34,1	  34,0	  31,7	   3,3
s	   115,1066	 7	314,78	 92,25	  16,0	  27,3	  31,7	  32,4	  33,6	  33,3	  31,5	   3,1
s	   115,1386	 5	 71,92	 87,55	  16,9	  27,4	  31,4	  31,9	  33,2	  34,0	  31,7	   3,3
s	   115,1747	 7	314,88	 85,55	  15,0	  26,4	  30,7	  31,3	  32,5	  32,9	  31,4	   3,1
s	   115,2407	 6	 71,64	 94,24	  16,2	  27,5	  31,8	  32,5	  33,8	  33,6	  31,5	   3,2
s	   115,3087	 6	 71,69	 87,55	  15,9	  26,9	  31,1	  31,6	  32,9	  33,6	  31,5	   3,2
s	   115,3883	 7	 70,10	100,16	  13,7	  25,4	  30,6	  31,4	  32,7	  33,4	  31,4	   3,0
s	   115,3921	 7	314,91	 95,72	  15,7	  26,8	  31,0	  31,5	  32,7	  33,3	  31,4	   3,0
s	   115,4601	 7	315,11	 82,33	  15,7	  26,8	  31,0	  31,5	  32,7	  33,3	  31,4	   3,0
s	   115,6325	 8	313,10	 98,93	  15,5	  26,7	  30,9	  31,4	  32,6	  33,2	  31,3	   2,9
s	   115,6331	 8	 93,95	 74,02	  14,2	  25,5	  29,5	  29,3	  30,7	  33,3	  31,3	   2,9
s	   115,6486	 8	313,76	102,47	  14,5	  25,3	  29,3	  29,4	  30,7	  32,2	  30,3	   1,1
s	   115,7841	 8	314,16	 75,56	  15,0	  25,9	  30,0	  30,2	  31,5	  33,0	  31,0	   2,6
s	   115,7933	 8	314,73	 95,70	  14,7	  26,3	  30,7	  31,2	  32,3	  32,8	  31,3	   2,8
s	   115,8251	 6	 71,94	 84,35	  16,7	  27,3	  31,3	  31,8	  33,1	  33,9	  31,5	   3,1
s	   115,8358	 8	313,39	 78,83	  14,4	  25,8	  30,0	  30,2	  31,4	  32,8	  31,3	   2,8
s	   115,8610	 8	314,93	 82,35	  14,7	  26,3	  30,7	  31,1	  32,3	  32,8	  31,3	   2,8
s	   115,8851	 8	 94,04	 70,67	  14,7	  25,7	  29,5	  29,3	  30,7	  33,4	  31,0	   2,6
s	   115,8964	 7	 70,24	 80,85	  15,4	  26,4	  30,4	  30,5	  31,8	  33,5	  31,4	   2,9
s	   115,9944	 7	 71,71	 84,35	  15,7	  26,9	  31,0	  31,5	  32,7	  33,5	  31,4	   2,9
s	   116,4069	 7	 71,70	 77,63	  15,1	  26,1	  30,1	  30,3	  31,6	  33,2	  31,1	   2,6
s	   116,4674	 8	314,86	 98,89	  15,4	  26,7	  30,9	  31,3	  32,6	  33,2	  31,2	   2,7
s	   116,5275	 7	 71,84	100,09	  13,7	  25,3	  30,6	  31,3	  32,6	  33,3	  31,3	   2,8
s	   116,6695	 8	315,16	 78,92	  14,4	  25,7	  30,0	  30,2	  31,4	  32,7	  31,2	   2,7
s	   116,6958	 8	 71,60	100,08	  12,7	  24,9	  30,2	  31,0	  32,2	  32,8	  31,2	   2,7
s	   117,0313	 7	 71,97	 80,94	  15,3	  26,3	  30,3	  30,5	  31,8	  33,4	  31,3	   2,7
s	   117,1991	 8	 71,73	 80,96	  14,4	  25,8	  30,0	  30,1	  31,4	  32,9	  31,1	   2,6
s	   117,4519	 8	 70,27	 77,73	  14,3	  25,8	  29,9	  30,1	  31,4	  32,9	  31,1	   2,5
s	   118,1576	 8	172,11	 83,48	  13,8	  25,5	  30,5	  31,1	  32,5	  33,6	  30,8	   2,2
s	   118,5406	 8	 71,72	 74,34	  14,0	  24,7	  28,5	  28,3	  29,7	  32,2	  30,0	   0,5
s	   118,5741	 8	 71,99	 77,85	  14,3	  25,7	  29,9	  30,0	  31,3	  32,8	  31,0	   2,3
s	   122,8839	 4	116,34	 90,96	  16,2	  26,7	  30,9	  31,7	  32,9	  32,8	  30,0	   0,2
s	   123,0697	 5	116,37	 94,01	  16,0	  26,7	  30,8	  31,6	  32,8	  32,7	  29,9	   0,0
s	   123,1340	 5	116,31	 87,68	  14,9	  25,8	  29,9	  30,4	  31,7	  32,3	  29,9	   0,0
s	   123,4003	 6	309,53	 88,95	  15,0	  26,1	  30,4	  31,3	  32,4	  32,0	  29,7	  -0,2
s	   123,5854	 7	309,49	 91,99	  14,7	  26,0	  30,4	  31,2	  32,3	  31,9	  29,6	  -0,3
s	   123,6495	 7	309,57	 85,69	  13,7	  25,1	  29,5	  30,0	  31,2	  31,5	  29,6	  -0,3
s	   123,7182	 6	116,40	 97,27	  14,7	  25,5	  29,6	  30,0	  31,3	  31,9	  29,7	  -0,2
s	   123,7822	 6	116,28	 84,66	  15,2	  26,2	  30,3	  30,8	  32,1	  32,7	  30,5	   1,3
s	   124,2316	 8	309,44	 95,24	  13,5	  24,8	  29,2	  29,6	  30,8	  31,2	  29,4	  -0,5
s	   124,2954	 8	309,61	 82,67	  14,0	  25,5	  29,9	  30,4	  31,5	  31,9	  30,2	   1,0
s	   124,4457	 7	116,42	 99,53	  12,9	  24,6	  29,8	  30,5	  31,8	  32,5	  30,3	   1,1
s	   124,5336	 5	117,58	 90,95	  15,9	  26,9	  31,2	  32,0	  33,2	  32,9	  30,7	   1,5
s	   124,7173	 6	117,61	 93,96	  15,6	  26,9	  31,2	  31,9	  33,1	  32,9	  30,6	   1,4
s	   124,7809	 6	117,55	 87,71	  14,6	  25,9	  30,2	  30,8	  32,0	  32,5	  30,6	   1,4
s	   124,9539	 5	115,92	 90,97	  15,9	  26,9	  31,2	  32,0	  33,2	  32,9	  30,7	   1,5
s	   125,0206	 7	116,25	 81,21	  14,4	  25,2	  29,4	  29,9	  31,1	  31,6	  29,5	  -0,6
s	   125,1371	 6	115,94	 93,97	  15,6	  26,8	  31,1	  31,9	  33,1	  32,8	  30,6	   1,3
s	   125,2004	 6	115,89	 87,74	  14,6	  25,9	  30,2	  30,7	  31,9	  32,4	  30,6	   1,3
s	   125,2204	 6	116,12	 90,97	  14,9	  26,4	  30,9	  31,7	  32,8	  32,4	  30,6	   1,3
s	   125,3584	 7	117,64	 97,19	  14,4	  25,9	  30,1	  30,6	  31,8	  32,4	  30,4	   1,2
s	   125,4032	 7	116,15	 93,96	  14,6	  26,4	  30,8	  31,6	  32,7	  32,4	  30,4	   1,2
s	   125,4217	 7	117,52	 84,72	  14,3	  25,9	  30,1	  30,6	  31,8	  32,4	  30,4	   1,1
s	   125,4664	 7	116,09	 87,74	  13,6	  25,4	  29,9	  30,4	  31,6	  32,0	  30,4	   1,1
s	   125,7049	 7	310,57	 88,97	  14,6	  26,2	  30,7	  31,5	  32,7	  32,1	  30,4	   1,1
s	   125,7764	 7	115,97	 97,19	  14,3	  25,8	  30,1	  30,6	  31,8	  32,3	  30,4	   1,1
s	   125,8394	 7	115,86	 84,75	  14,3	  25,8	  30,1	  30,6	  31,8	  32,3	  30,4	   1,1
s	   125,8871	 8	310,53	 91,96	  14,4	  26,2	  30,7	  31,4	  32,6	  32,1	  30,3	   1,0
s	   125,9501	 8	310,62	 85,75	  13,3	  25,2	  29,8	  30,3	  31,4	  31,6	  30,3	   0,9
s	   126,0413	 8	116,18	 97,17	  13,3	  25,4	  29,8	  30,3	  31,4	  31,9	  30,3	   0,9
s	   126,1043	 8	116,06	 84,76	  13,3	  25,4	  29,8	  30,3	  31,4	  31,9	  30,3	   0,9
s	   126,3812	 8	116,23	 78,51	  13,6	  25,0	  29,2	  29,3	  30,6	  32,0	  30,0	   0,6
s	   126,4936	 8	115,99	 99,41	  12,1	  24,2	  29,6	  30,3	  31,6	  32,1	  30,2	   0,8
s	   126,6462	 8	117,48	 81,31	  14,1	  25,6	  30,0	  30,5	  31,6	  32,0	  30,2	   0,8
s	   127,0605	 8	115,83	 81,36	  14,0	  25,6	  30,0	  30,4	  31,6	  32,0	  30,2	   0,7
s	   131,7579	 5	  4,71	 89,99	  16,7	  27,0	  31,0	  31,8	  33,0	  32,8	  29,8	  -0,0
s	   131,9328	 6	  4,65	 92,86	  16,5	  26,9	  31,0	  31,7	  32,9	  32,7	  29,7	  -0,2
s	   132,0158	 6	  5,59	 90,01	  16,5	  26,9	  31,0	  31,7	  32,9	  32,7	  28,9	  -1,7
s	   132,1858	 5	216,47	 89,17	  16,3	  26,4	  30,5	  31,3	  32,4	  32,1	  28,9	  -1,7
s	   132,1904	 7	  5,53	 92,87	  15,7	  26,7	  30,9	  31,6	  32,8	  32,5	  29,8	  -0,1
s	   132,3603	 6	216,52	 92,03	  16,1	  26,4	  30,4	  31,2	  32,3	  32,1	  28,8	  -1,9
s	   132,4206	 6	216,42	 86,10	  14,2	  25,0	  29,3	  29,8	  31,0	  31,4	  28,9	  -1,8
s	   132,5436	 7	  4,59	 95,93	  15,2	  25,9	  30,0	  30,4	  31,7	  32,2	  29,5	  -0,4
s	   132,8001	 8	  5,46	 95,94	  15,0	  25,8	  29,9	  30,3	  31,6	  32,2	  28,6	  -2,1
s	   132,9693	 7	216,58	 95,09	  14,8	  25,4	  29,4	  29,9	  31,0	  31,6	  28,6	  -2,1
s	   133,0294	 7	216,37	 83,25	  14,8	  25,4	  29,4	  29,9	  31,0	  31,6	  28,6	  -2,1
s	   133,6215	 6	217,16	 89,16	  16,0	  26,6	  30,8	  31,6	  32,7	  32,3	  29,7	  -0,3
s	   133,7943	 7	217,21	 91,99	  15,8	  26,6	  30,8	  31,5	  32,6	  32,3	  29,6	  -0,5
s	   133,8541	 7	217,11	 86,11	  13,9	  25,2	  29,6	  30,1	  31,3	  31,6	  29,6	  -0,4
s	   133,9214	 8	216,62	 97,91	  14,1	  25,4	  29,6	  30,0	  31,2	  31,7	  29,3	  -0,8
s	   134,1005	 8	216,32	 80,23	  13,5	  24,2	  28,1	  28,3	  29,4	  30,8	  28,4	  -2,4
s	   134,3977	 8	217,26	 95,03	  14,5	  25,6	  29,8	  30,2	  31,3	  31,8	  29,4	  -0,7
s	   134,4572	 8	217,07	 83,30	  14,5	  25,6	  29,8	  30,2	  31,3	  31,8	  29,4	  -0,7
s	   134,9665	 6	215,68	 89,19	  16,0	  26,5	  30,7	  31,5	  32,6	  32,2	  29,6	  -0,6
s	   135,1379	 7	215,73	 92,00	  15,7	  26,5	  30,7	  31,4	  32,5	  32,2	  29,5	  -0,7
s	   135,1971	 7	215,63	 86,17	  13,8	  25,2	  29,5	  30,0	  31,2	  31,5	  29,5	  -0,6
s	   135,2350	 6	  4,58	 89,99	  15,8	  26,5	  30,8	  31,5	  32,7	  32,3	  29,6	  -0,5
s	   135,2947	 7	  4,79	 89,99	  14,8	  26,1	  30,4	  31,2	  32,3	  31,9	  29,5	  -0,7
s	   135,3170	 7	215,85	 89,19	  15,0	  26,1	  30,4	  31,2	  32,3	  31,7	  29,4	  -0,7
s	   135,4060	 7	  4,52	 92,79	  15,5	  26,5	  30,7	  31,4	  32,6	  32,3	  29,5	  -0,7
s	   135,4657	 8	  4,73	 92,79	  14,6	  26,0	  30,4	  31,1	  32,2	  31,8	  29,4	  -0,8
s	   135,4879	 8	215,90	 91,99	  14,7	  26,0	  30,3	  31,1	  32,2	  31,7	  29,3	  -0,9
s	   135,5470	 8	215,80	 86,17	  12,8	  24,7	  29,2	  29,7	  30,8	  31,0	  29,4	  -0,8
s	   135,7360	 8	215,78	 95,00	  14,5	  25,5	  29,7	  30,2	  31,3	  31,7	  29,3	  -0,9
s	   135,7950	 8	215,58	 83,37	  14,5	  25,5	  29,7	  30,1	  31,3	  31,7	  29,3	  -0,9
s	   136,0030	 8	  4,45	 95,79	  14,3	  25,5	  29,7	  30,1	  31,3	  31,8	  29,3	  -0,9
s	   136,2139	 8	  4,43	 97,90	  12,8	  24,3	  29,4	  30,0	  31,3	  32,1	  29,1	  -1,2
s	   136,7455	 8	  4,78	 80,98	  14,7	  25,6	  29,7	  30,1	  31,3	  31,9	  29,0	  -1,3
s	   137,0200	 8	 18,42	 90,27	  13,7	  25,4	  30,0	  30,8	  31,8	  31,1	  29,2	  -1,1
s	   138,0117	 6	  4,54	 87,02	  15,1	  25,9	  29,8	  30,2	  31,5	  32,4	  29,1	  -1,3
s	   138,2594	 7	  5,39	 87,04	  14,9	  25,8	  29,7	  30,1	  31,4	  32,3	  28,2	  -3,0
s	   139,4097	 6	304,72	 88,90	  14,1	  25,1	  29,5	  30,3	  31,4	  30,9	  28,2	  -3,1
s	   139,4776	 6	 51,50	 87,90	  13,8	  24,8	  28,9	  29,4	  30,6	  31,1	  28,2	  -3,1
s	   139,5763	 7	304,69	 91,63	  13,8	  25,1	  29,5	  30,2	  31,3	  30,9	  28,1	  -3,2
s	   139,6339	 7	304,76	 85,97	  12,8	  24,2	  28,5	  29,0	  30,2	  30,4	  28,1	  -3,2
s	   140,0594	 7	 51,54	 85,18	  14,9	  25,6	  29,6	  30,0	  31,2	  31,8	  28,8	  -1,8
s	   140,1577	 8	304,66	 94,56	  12,5	  23,9	  28,2	  28,6	  29,8	  30,1	  27,9	  -3,4
s	   140,2151	 8	304,79	 83,25	  13,0	  24,6	  29,0	  29,4	  30,6	  30,9	  28,7	  -1,9
s	   140,3810	 5	 94,23	 91,10	  14,2	  25,7	  30,1	  30,9	  32,0	  31,7	  29,3	  -1,4
s	   140,5465	 6	 94,24	 93,81	  14,0	  25,7	  30,0	  30,8	  31,9	  31,6	  29,1	  -1,5
s	   140,6038	 6	 94,23	 88,18	  13,7	  25,2	  29,4	  29,8	  31,0	  31,6	  29,1	  -1,5
s	   141,0836	 8	 51,58	 82,28	  13,1	  23,9	  27,8	  27,9	  29,1	  30,5	  27,8	  -3,7
s	   141,1124	 6	 51,97	 90,85	  15,6	  26,3	  30,4	  31,2	  32,3	  32,1	  29,0	  -1,7
s	   141,1245	 7	 94,24	 96,72	  12,7	  24,7	  29,0	  29,5	  30,7	  31,1	  29,0	  -1,7
s	   141,1815	 7	 94,22	 85,48	  13,5	  25,1	  29,3	  29,7	  30,9	  31,5	  29,0	  -1,7
s	   141,2771	 7	 51,93	 93,55	  15,4	  26,3	  30,4	  31,1	  32,2	  32,0	  28,9	  -1,8
s	   141,3025	 7	304,24	 88,90	  13,7	  25,3	  29,8	  30,6	  31,7	  31,1	  29,0	  -1,7
s	   141,3341	 7	 52,00	 87,94	  13,4	  24,9	  29,2	  29,7	  30,9	  31,3	  29,0	  -1,7
s	   141,4622	 7	 51,80	 90,84	  14,6	  25,9	  30,1	  30,8	  31,9	  31,6	  28,9	  -1,8
s	   141,4671	 8	304,20	 91,60	  13,5	  25,3	  29,8	  30,5	  31,6	  31,0	  28,8	  -1,9
s	   141,4852	 7	  4,42	 87,08	  14,2	  25,5	  29,5	  29,9	  31,2	  31,9	  28,9	  -1,8
s	   141,5240	 8	304,27	 86,00	  12,5	  24,3	  28,9	  29,4	  30,5	  30,6	  28,8	  -1,9
s	   141,5427	 8	  4,63	 87,09	  13,2	  25,0	  29,2	  29,6	  30,8	  31,5	  28,8	  -1,9
s	   141,6266	 8	 51,77	 93,54	  14,4	  25,8	  30,0	  30,8	  31,8	  31,5	  28,8	  -2,0
s	   141,6410	 8	304,40	 88,90	  12,7	  24,8	  29,5	  30,3	  31,3	  30,6	  28,8	  -1,9
s	   141,6834	 8	 51,84	 87,94	  12,5	  24,5	  28,9	  29,4	  30,5	  30,8	  28,8	  -1,9
s	   141,7735	 8	 94,24	 98,74	  10,5	  23,1	  28,5	  29,2	  30,4	  30,9	  28,8	  -1,9
s	   141,9093	 8	 52,04	 85,25	  14,1	  25,3	  29,4	  29,8	  30,9	  31,5	  28,7	  -2,0
s	   142,2868	 8	 94,22	 82,40	  13,2	  24,8	  29,1	  29,6	  30,7	  31,2	  28,8	  -2,0
s	   142,7901	 7	136,50	 90,73	  13,6	  25,2	  29,8	  30,5	  31,6	  31,0	  28,8	  -2,0
s	   142,9532	 8	136,54	 93,40	  13,4	  25,2	  29,7	  30,5	  31,5	  30,9	  28,7	  -2,1
s	   143,0096	 8	136,45	 87,85	  12,4	  24,3	  28,8	  29,3	  30,4	  30,5	  28,7	  -2,2
s	   144,4409	 6	 94,10	 91,10	  13,0	  25,1	  29,5	  30,3	  31,4	  31,0	  28,8	  -2,2
s	   144,6023	 7	 94,10	 93,75	  12,8	  25,0	  29,5	  30,2	  31,3	  30,9	  28,7	  -2,3
s	   144,6581	 7	 94,09	 88,25	  12,5	  24,5	  28,8	  29,3	  30,5	  30,9	  28,7	  -2,3
s	   145,1660	 8	 94,11	 96,58	  11,5	  24,0	  28,5	  28,9	  30,1	  30,4	  28,5	  -2,5
s	   145,2217	 8	 94,09	 85,62	  12,3	  24,4	  28,7	  29,2	  30,3	  30,8	  28,5	  -2,6
s	   151,1109	 7	 54,44	 90,88	  13,2	  24,5	  28,8	  29,6	  30,7	  30,1	  27,1	  -5,3
s	   151,2660	 8	 54,41	 93,43	  13,0	  24,4	  28,8	  29,5	  30,6	  30,1	  26,9	  -5,4
s	   154,3565	 6	111,05	 91,03	  13,3	  24,8	  29,2	  30,0	  31,1	  30,5	  27,9	  -3,9
s	   154,5614	 7	111,03	 88,34	  13,5	  24,7	  28,8	  29,2	  30,4	  30,9	  27,8	  -4,1
s	   154,6588	 6	326,63	 89,24	  14,9	  25,0	  29,2	  29,9	  31,0	  30,4	  26,8	  -5,8
s	   154,6933	 6	132,36	 90,80	  13,3	  24,3	  28,7	  29,5	  30,6	  30,0	  26,9	  -5,8
s	   154,8107	 7	326,59	 91,73	  14,7	  25,0	  29,1	  29,8	  30,9	  30,4	  26,7	  -6,0
s	   154,8452	 7	132,39	 93,29	  13,0	  24,3	  28,6	  29,4	  30,5	  29,9	  26,7	  -5,9
s	   154,8633	 7	326,68	 86,56	  13,7	  24,1	  28,2	  28,7	  29,8	  30,0	  26,7	  -6,0
s	   154,8978	 7	132,32	 88,11	  12,0	  23,4	  27,7	  28,2	  29,3	  29,5	  26,7	  -5,9
s	   155,0404	 8	111,09	 96,20	  11,0	  22,9	  27,2	  27,6	  28,7	  29,0	  26,6	  -6,1
s	   155,0929	 8	111,01	 85,86	  13,0	  24,4	  28,5	  28,9	  30,1	  30,6	  27,4	  -4,5
s	   155,3415	 8	326,54	 94,40	  13,4	  24,0	  28,1	  28,6	  29,6	  29,9	  26,5	  -6,2
s	   155,4283	 8	132,28	 85,64	  11,7	  23,3	  27,6	  28,1	  29,2	  29,4	  26,6	  -6,1
s	   155,7101	 7	112,11	 91,02	  12,2	  24,3	  28,9	  29,6	  30,7	  30,0	  27,7	  -4,3
s	   155,9106	 7	325,99	 89,23	  14,6	  25,3	  29,5	  30,3	  31,3	  30,6	  27,6	  -4,4
s	   155,9134	 8	112,09	 88,36	  12,5	  24,1	  28,4	  28,8	  30,0	  30,4	  27,6	  -4,4
s	   156,0614	 8	325,94	 91,70	  14,4	  25,2	  29,5	  30,2	  31,2	  30,6	  27,5	  -4,5
s	   156,5153	 7	110,76	 91,03	  12,2	  24,3	  28,8	  29,6	  30,7	  29,9	  27,6	  -4,4
s	   156,6656	 8	110,78	 93,50	  12,0	  24,2	  28,8	  29,5	  30,6	  29,9	  27,5	  -4,6
s	   156,7177	 8	110,74	 88,38	  12,4	  24,1	  28,4	  28,8	  29,9	  30,3	  27,5	  -4,6
s	   156,7340	 8	110,94	 91,03	  11,2	  23,8	  28,5	  29,3	  30,3	  29,5	  27,5	  -4,6
s	   156,7874	 8	131,97	 90,80	  12,0	  24,1	  28,7	  29,5	  30,5	  29,7	  27,5	  -4,6
s	   157,1200	 7	133,18	 90,78	  12,9	  24,5	  29,0	  29,8	  30,8	  30,1	  27,6	  -4,5
s	   157,2698	 8	133,21	 93,24	  12,7	  24,5	  29,0	  29,7	  30,8	  30,0	  27,5	  -4,7
s	   157,3216	 8	133,14	 88,14	  11,6	  23,5	  28,0	  28,5	  29,6	  29,6	  27,4	  -4,7
s	   158,4334	 6	173,77	 90,04	  14,3	  25,1	  29,3	  30,0	  31,2	  30,7	  27,3	  -4,9
s	   158,5822	 7	173,82	 92,47	  14,1	  25,0	  29,2	  29,9	  31,1	  30,6	  27,2	  -5,0
s	   158,6641	 8	326,56	 86,62	  13,3	  24,3	  28,5	  28,9	  30,0	  30,2	  27,3	  -5,0
s	   161,9155	 7	173,86	 90,04	  13,4	  24,7	  29,0	  29,8	  30,9	  30,2	  27,2	  -5,4
s	   162,0614	 8	173,91	 92,43	  13,2	  24,6	  29,0	  29,7	  30,8	  30,2	  27,0	  -5,5
s	   162,1084	 8	173,96	 95,01	  12,7	  24,0	  28,1	  28,5	  29,7	  30,2	  26,8	  -5,7
s	   164,6629	 7	173,88	 87,50	  12,8	  24,1	  28,1	  28,5	  29,7	  30,3	  26,7	  -6,1
s	   164,8748	 8	173,16	 87,52	  12,5	  24,0	  28,1	  28,4	  29,6	  30,2	  25,8	  -7,8
s	   164,9442	 8	129,40	 90,84	  10,8	  22,9	  27,6	  28,3	  29,3	  28,4	  25,8	  -7,8
s	   165,0130	 8	173,84	 85,73	  10,5	  22,5	  27,6	  28,2	  29,5	  30,1	  26,6	  -6,2
s	   168,1422	 8	173,97	 87,55	  11,9	  23,7	  27,9	  28,2	  29,4	  29,9	  26,5	  -6,6
s	   169,5429	 7	201,63	 89,47	  12,3	  23,4	  27,9	  28,7	  29,7	  28,8	  25,5	  -8,5
s	   169,6829	 8	201,68	 91,76	  12,1	  23,4	  27,8	  28,6	  29,6	  28,8	  25,4	  -8,6
s	   169,7970	 6	298,30	 88,85	  12,5	  23,6	  28,0	  28,7	  29,8	  29,1	  25,6	  -8,4
s	   169,9368	 7	298,28	 91,14	  12,3	  23,6	  27,9	  28,6	  29,7	  29,0	  25,5	  -8,5
s	   169,9851	 7	298,33	 86,38	  11,3	  22,6	  27,0	  27,5	  28,6	  28,6	  25,5	  -8,5
s	   170,4253	 8	298,26	 93,60	  11,0	  22,4	  26,7	  27,1	  28,2	  28,3	  25,3	  -8,7
s	   170,4596	 8	202,28	 89,45	  12,0	  23,7	  28,3	  29,0	  30,0	  29,1	  26,4	  -6,9
s	   170,4735	 8	298,35	 84,10	  11,5	  23,1	  27,4	  27,9	  29,0	  29,1	  26,1	  -7,2
s	   171,8284	 7	297,96	 88,85	  12,2	  23,8	  28,3	  29,1	  30,1	  29,3	  26,3	  -7,1
s	   171,9667	 8	297,94	 91,11	  12,0	  23,8	  28,2	  29,0	  30,0	  29,2	  26,2	  -7,2
s	   172,0146	 8	297,98	 86,41	  11,0	  22,8	  27,3	  27,8	  28,8	  28,8	  26,2	  -7,2
s	   172,1129	 8	298,11	 88,85	  11,2	  23,3	  28,0	  28,7	  29,7	  28,8	  26,2	  -7,2
s	   173,8793	 4	265,34	 90,96	  13,0	  23,8	  28,8	  29,8	  31,1	  30,9	  26,5	  -7,1
s	   176,2037	 5	265,38	 90,93	  12,0	  23,3	  28,4	  29,4	  30,6	  30,3	  26,2	  -7,6
s	   177,4352	 5	280,23	 90,93	  12,6	  23,5	  28,6	  29,5	  30,8	  30,4	  26,1	  -7,8
s	   177,8575	 7	206,81	 89,37	  11,9	  23,1	  27,5	  28,3	  29,3	  28,4	  24,8	  -9,9
s	   177,9916	 8	206,85	 91,57	  11,7	  23,0	  27,5	  28,2	  29,2	  28,3	  24,7	 -10,0
s	   178,1577	 6	281,22	 90,93	  11,6	  23,0	  28,2	  29,2	  30,4	  29,9	  25,9	  -8,0
s	   178,3933	 8	 39,31	 90,68	  12,6	  23,9	  28,2	  28,9	  29,9	  29,1	  25,6	  -8,4
s	   178,9630	 8	207,41	 89,36	  11,7	  23,3	  27,9	  28,7	  29,6	  28,6	  25,7	  -8,4
s	   179,7180	 6	280,10	 90,91	  11,6	  22,9	  28,2	  29,1	  30,3	  29,8	  25,8	  -8,3
s	   179,8330	 7	280,26	 90,91	  10,6	  22,5	  27,8	  28,8	  30,0	  29,3	  25,7	  -8,4
s	   180,5479	 8	124,63	 90,91	  10,1	  22,2	  26,8	  27,6	  28,6	  27,6	  24,5	 -10,4
s	   180,7146	 8	206,36	 87,05	  11,1	  22,6	  27,0	  27,4	  28,5	  28,5	  25,3	  -8,9
s	   180,9496	 8	206,34	 89,38	  11,6	  23,2	  27,8	  28,6	  29,5	  28,5	  25,5	  -8,7
s	   183,5970	 8	232,36	 88,96	  10,7	  22,8	  27,5	  28,2	  29,2	  28,2	  25,3	  -9,2
s	   184,2100	 3	265,51	 88,72	  14,0	  24,5	  28,5	  29,3	  30,5	  30,0	  25,8	  -8,7
s	   184,2818	 4	265,52	 90,32	  11,8	  23,0	  28,1	  29,1	  30,3	  29,9	  25,7	  -8,8
s	   184,3848	 4	265,51	 86,42	  13,5	  24,0	  27,8	  28,3	  29,5	  30,0	  25,7	  -8,9
s	   184,4458	 6	249,96	 90,91	  11,4	  22,7	  27,9	  28,9	  30,1	  29,6	  25,4	  -9,1
s	   184,5368	 8	231,63	 86,68	  10,4	  21,9	  26,3	  26,7	  27,8	  27,8	  24,2	 -11,1
s	   184,7940	 5	265,52	 93,13	  11,8	  22,6	  26,5	  26,9	  28,1	  28,5	  24,5	 -10,8
s	   184,8388	 5	265,51	 84,30	  13,1	  23,7	  27,5	  27,9	  29,2	  29,7	  25,3	  -9,3
s	   185,5055	 6	265,52	 95,24	  12,8	  23,6	  27,5	  27,8	  29,1	  29,6	  25,1	  -9,5
s	   185,6008	 7	249,03	 90,91	  10,4	  22,2	  27,6	  28,5	  29,7	  29,0	  25,2	  -9,4
s	   185,7215	 7	  3,15	 89,98	  12,9	  23,6	  27,9	  28,7	  29,7	  28,9	  25,0	  -9,7
s	   185,8505	 8	  3,11	 92,10	  12,6	  23,6	  27,9	  28,6	  29,6	  28,8	  24,9	  -9,8
s	   185,9116	 8	  3,80	 90,00	  12,6	  23,6	  27,9	  28,6	  29,6	  28,8	  24,1	 -11,3
s	   186,5363	 4	265,55	 88,72	  13,0	  24,0	  28,1	  28,9	  30,0	  29,5	  25,5	  -9,2
s	   186,5805	 7	265,53	 97,50	  11,0	  21,9	  25,7	  25,7	  27,0	  28,3	  24,1	 -11,3
s	   186,6073	 5	265,55	 90,30	  10,8	  22,4	  27,7	  28,7	  29,9	  29,3	  25,4	  -9,3
s	   186,6509	 7	250,17	 90,89	  10,3	  22,2	  27,5	  28,5	  29,6	  29,0	  25,2	  -9,6
s	   186,6694	 7	265,50	 79,94	  10,8	  22,2	  26,2	  26,3	  27,5	  28,7	  24,9	  -9,8
s	   186,7092	 5	265,55	 86,45	  12,5	  23,4	  27,4	  27,9	  29,1	  29,4	  25,4	  -9,4
s	   186,8377	 8	250,01	 90,89	   9,3	  21,7	  27,2	  28,2	  29,3	  28,5	  25,0	  -9,7
s	   187,1138	 6	265,56	 93,08	  11,5	  22,9	  27,1	  27,5	  28,7	  28,9	  25,2	  -9,5
s	   187,1581	 6	265,54	 84,35	  12,2	  23,3	  27,4	  27,8	  28,9	  29,3	  25,2	  -9,5
s	   187,5885	 4	279,66	 88,73	  13,7	  24,2	  28,3	  29,1	  30,2	  29,6	  25,4	  -9,4
s	   187,6591	 5	279,66	 90,31	  11,5	  22,6	  27,9	  28,9	  30,0	  29,4	  25,3	  -9,5
s	   187,7605	 5	279,67	 86,48	  13,2	  23,6	  27,6	  28,0	  29,2	  29,5	  25,3	  -9,5
s	   187,8173	 7	265,56	 95,17	  12,0	  23,3	  27,3	  27,6	  28,8	  29,3	  25,1	  -9,8
s	   188,0820	 8	265,50	 77,71	   9,7	  20,9	  24,7	  24,4	  25,7	  27,8	  23,9	 -11,7
s	   188,1630	 6	279,65	 93,08	  11,4	  22,2	  26,3	  26,7	  27,8	  28,0	  24,1	 -11,5
s	   188,2071	 6	279,68	 84,39	  12,7	  23,3	  27,3	  27,7	  28,9	  29,2	  24,9	 -10,0
s	   188,2757	 5	280,61	 88,73	  12,7	  23,7	  28,0	  28,7	  29,8	  29,1	  25,3	  -9,6
s	   188,3461	 6	280,60	 90,31	  10,5	  22,2	  27,5	  28,5	  29,6	  28,9	  25,1	  -9,7
s	   188,4472	 6	280,62	 86,49	  12,2	  23,1	  27,3	  27,7	  28,8	  29,0	  25,1	  -9,8
s	   188,8483	 7	280,59	 93,06	  11,2	  22,7	  26,9	  27,4	  28,5	  28,6	  25,0	  -9,9
s	   188,8630	 7	279,64	 95,15	  12,4	  23,3	  27,2	  27,6	  28,8	  29,2	  24,8	 -10,2
s	   188,8804	 8	265,56	 97,40	  10,7	  22,3	  26,3	  26,3	  27,5	  28,7	  24,9	 -10,1
s	   188,8923	 7	280,63	 84,41	  11,9	  23,1	  27,2	  27,6	  28,7	  29,0	  25,0	  -9,9
s	   188,9683	 8	265,54	 80,04	   9,9	  21,8	  26,0	  26,1	  27,3	  28,3	  24,9	 -10,1
s	   189,2068	 8	  3,08	 89,98	  12,0	  23,3	  27,7	  28,4	  29,4	  28,5	  24,9	 -10,1
s	   189,5460	 8	280,58	 95,14	  11,7	  23,0	  27,1	  27,5	  28,6	  28,9	  24,8	 -10,2
s	   189,8773	 5	279,54	 88,73	  12,6	  23,6	  27,9	  28,7	  29,8	  29,0	  25,1	  -9,9
s	   189,9472	 6	279,54	 90,29	  10,4	  22,1	  27,4	  28,4	  29,6	  28,9	  25,0	 -10,0
s	   189,9867	 6	279,70	 88,73	  11,6	  23,2	  27,6	  28,3	  29,4	  28,6	  25,0	 -10,0
s	   190,0082	 8	279,69	 80,09	  10,4	  21,8	  26,0	  26,1	  27,2	  28,2	  24,6	 -10,5
s	   190,0474	 6	279,55	 86,50	  12,1	  23,1	  27,2	  27,6	  28,8	  29,0	  25,0	 -10,0
s	   190,0565	 7	279,69	 90,29	   9,4	  21,6	  27,1	  28,1	  29,2	  28,4	  24,9	 -10,1
s	   190,1567	 7	279,71	 86,50	  11,1	  22,6	  26,9	  27,3	  28,4	  28,5	  24,9	 -10,2
s	   190,4455	 7	279,53	 93,03	  11,1	  22,6	  26,9	  27,3	  28,4	  28,5	  24,9	 -10,2
s	   190,4891	 7	279,56	 84,43	  11,9	  23,0	  27,1	  27,5	  28,7	  28,9	  24,9	 -10,2
s	   190,5546	 8	279,68	 93,03	  10,1	  22,1	  26,5	  27,0	  28,0	  28,0	  24,8	 -10,3
s	   190,5982	 8	279,71	 84,44	  10,9	  22,6	  26,8	  27,2	  28,3	  28,4	  24,7	 -10,3
s	   191,1379	 8	279,52	 95,08	  11,6	  22,9	  27,1	  27,4	  28,5	  28,8	  24,7	 -10,4
s	   191,9315	 8	  3,07	 87,77	  11,3	  22,7	  26,8	  27,1	  28,3	  28,5	  24,4	 -10,8
s	   194,2663	 5	250,85	 88,78	  12,4	  23,5	  27,7	  28,5	  29,6	  28,8	  24,8	 -10,6
s	   194,3347	 6	250,86	 90,31	  10,2	  21,9	  27,3	  28,2	  29,4	  28,6	  24,7	 -10,7
s	   194,4329	 6	250,84	 86,60	  11,9	  22,9	  27,0	  27,4	  28,6	  28,7	  24,7	 -10,8
s	   194,8228	 7	250,88	 92,99	  10,2	  21,5	  25,7	  26,1	  27,2	  27,2	  23,5	 -12,7
s	   194,8656	 7	250,82	 84,57	  11,4	  22,6	  26,7	  27,1	  28,2	  28,4	  24,3	 -11,2
s	   195,3685	 6	249,96	 88,79	  11,4	  23,0	  27,4	  28,1	  29,1	  28,3	  24,6	 -10,9
s	   195,4366	 7	249,97	 90,31	   9,2	  21,4	  26,9	  27,9	  29,0	  28,1	  24,5	 -11,0
s	   195,5012	 8	250,89	 95,01	  11,2	  22,5	  26,6	  27,0	  28,1	  28,4	  24,1	 -11,4
s	   195,5343	 7	249,95	 86,62	  10,9	  22,4	  26,7	  27,1	  28,2	  28,2	  24,5	 -11,1
s	   195,6379	 8	142,87	 90,65	  11,1	  22,3	  26,7	  27,4	  28,3	  27,3	  23,3	 -13,0
s	   195,9223	 8	249,99	 92,98	   9,9	  21,9	  26,3	  26,8	  27,8	  27,7	  24,3	 -11,2
s	   195,9648	 8	249,93	 84,60	  10,7	  22,3	  26,6	  27,0	  28,1	  28,2	  24,3	 -11,2
s	   196,6626	 7	250,89	 88,78	  10,4	  22,4	  27,0	  27,7	  28,7	  27,8	  24,4	 -11,2
s	   196,7303	 8	250,90	 90,30	   8,2	  20,9	  26,5	  27,5	  28,6	  27,6	  24,3	 -11,4
s	   196,8274	 8	250,88	 86,62	   9,9	  21,9	  26,3	  26,7	  27,7	  27,7	  24,3	 -11,4
s	   199,2146	 8	251,27	 90,77	   8,8	  21,2	  26,7	  27,6	  28,7	  27,9	  24,1	 -11,8
s	   204,2209	 6	293,43	 88,82	  11,8	  22,9	  27,2	  28,0	  29,0	  28,0	  23,9	 -12,4
s	   204,3802	 7	293,44	 86,73	  10,6	  21,9	  26,2	  26,7	  27,7	  27,6	  23,8	 -12,5
s	   204,7528	 8	293,39	 92,84	   9,6	  20,9	  25,2	  25,6	  26,6	  26,5	  22,6	 -14,5
s	   204,7936	 8	293,46	 84,80	  10,1	  21,6	  26,0	  26,4	  27,4	  27,3	  23,4	 -12,9
s	   205,6998	 7	294,23	 88,83	  10,8	  22,4	  26,9	  27,6	  28,6	  27,5	  23,7	 -12,7
s	   205,8580	 8	294,25	 86,75	   9,5	  21,4	  25,9	  26,3	  27,3	  27,0	  23,6	 -12,9
s	   206,2712	 8	237,54	 90,83	   8,5	  20,5	  25,9	  26,8	  27,9	  27,0	  22,5	 -14,7
s	   206,5823	 8	293,31	 88,82	   9,8	  21,9	  26,5	  27,3	  28,2	  27,0	  23,5	 -13,0
s	   206,9286	 7	264,96	 90,64	   8,7	  21,1	  26,5	  27,4	  28,5	  27,8	  23,6	 -12,9
s	   207,3031	 5	 91,74	 93,05	  10,7	  22,0	  27,1	  28,0	  29,2	  28,7	  23,8	 -12,8
s	   208,4719	 7	 91,74	 85,12	   8,1	  19,5	  24,4	  24,7	  25,9	  27,1	  22,5	 -15,0
s	   209,1141	 7	252,05	 88,78	   9,9	  22,0	  26,5	  27,2	  28,2	  27,1	  23,5	 -13,3
s	   209,2524	 8	265,00	 90,62	   7,7	  20,5	  26,1	  27,0	  28,1	  27,2	  23,3	 -13,4
s	   209,2699	 8	252,04	 86,74	   8,7	  21,0	  25,5	  26,0	  26,9	  26,7	  23,3	 -13,4
s	   209,6290	 6	 91,71	 93,03	   9,6	  21,4	  26,7	  27,6	  28,8	  28,1	  23,5	 -13,3
s	   210,1451	 8	251,22	 88,79	   8,9	  21,5	  26,1	  26,9	  27,8	  26,6	  23,3	 -13,6
s	   210,3424	 6	 79,00	 93,00	  10,3	  21,7	  26,9	  27,8	  29,0	  28,3	  23,5	 -13,4
s	   210,7860	 8	 91,71	 85,18	   7,8	  19,9	  25,0	  25,3	  26,5	  27,5	  23,2	 -13,7
s	   211,3465	 8	252,22	 88,78	   8,9	  21,4	  26,1	  26,8	  27,7	  26,6	  23,2	 -13,8
s	   211,4957	 8	 79,03	 85,18	   7,8	  19,2	  24,2	  24,5	  25,7	  26,7	  22,1	 -15,6
s	   212,6378	 7	 79,10	 92,98	   9,3	  21,1	  26,5	  27,4	  28,5	  27,7	  23,2	 -13,9
s	   212,7365	 8	 78,96	 92,98	   8,3	  20,7	  26,2	  27,1	  28,2	  27,2	  23,1	 -14,0
s	   215,4722	 8	174,99	 90,03	  10,7	  22,1	  26,5	  27,1	  28,1	  27,2	  22,6	 -14,7
s	   216,3768	 7	105,02	 92,93	   9,1	  21,0	  26,3	  27,3	  28,4	  27,5	  22,9	 -14,5
s	   217,6588	 4	 91,61	 91,13	  11,8	  22,7	  26,9	  27,6	  28,7	  27,9	  23,2	 -14,3
s	   217,8090	 5	 91,61	 89,17	  11,2	  22,2	  26,2	  26,6	  27,7	  27,9	  23,0	 -14,5
s	   218,1606	 6	 91,61	 94,93	  11,0	  22,1	  26,1	  26,5	  27,6	  27,8	  22,9	 -14,6
s	   218,1992	 6	 91,61	 87,34	  11,0	  22,1	  26,1	  26,5	  27,6	  27,8	  22,9	 -14,6
s	   218,6140	 8	104,87	 92,92	   8,1	  20,5	  25,9	  26,9	  27,9	  27,0	  22,6	 -14,9
s	   218,7725	 7	 91,61	 96,75	  10,5	  21,8	  25,8	  26,1	  27,3	  27,5	  22,5	 -15,1
s	   219,4622	 8	 91,61	 98,25	   6,0	  18,2	  23,4	  23,7	  24,8	  25,7	  21,6	 -16,9
s	   219,6003	 7	265,16	 88,73	   8,8	  21,3	  25,9	  26,6	  27,5	  26,5	  22,7	 -15,0
s	   219,7493	 8	265,16	 86,77	   8,3	  20,7	  25,2	  25,6	  26,6	  26,4	  22,6	 -15,1
s	   219,7746	 8	 91,61	 83,58	  10,0	  21,2	  25,1	  25,1	  26,3	  27,4	  22,3	 -15,4
s	   219,9862	 5	 91,58	 91,14	  10,7	  22,2	  26,5	  27,2	  28,3	  27,4	  22,9	 -14,8
s	   220,1349	 6	 91,58	 89,18	  10,2	  21,6	  25,8	  26,2	  27,3	  27,3	  22,8	 -15,0
s	   220,4831	 7	 91,59	 94,89	  10,0	  21,6	  25,7	  26,1	  27,2	  27,2	  22,6	 -15,1
s	   220,5213	 7	 91,58	 87,38	  10,7	  22,0	  26,0	  26,3	  27,4	  27,7	  22,6	 -15,1
s	   220,5670	 5	 79,43	 91,12	  11,4	  22,4	  26,7	  27,4	  28,5	  27,5	  22,8	 -14,9
s	   220,7154	 6	 79,44	 89,17	  10,9	  21,9	  26,0	  26,4	  27,5	  27,5	  22,7	 -15,1
s	   221,0627	 7	 79,42	 94,87	  10,7	  21,8	  25,9	  26,3	  27,4	  27,4	  22,6	 -15,2
s	   221,0891	 8	 91,59	 96,69	   9,7	  21,5	  25,7	  26,0	  27,1	  27,2	  22,5	 -15,3
s	   221,1008	 7	 79,45	 87,37	  10,7	  21,8	  25,9	  26,3	  27,4	  27,4	  22,6	 -15,2
s	   221,6672	 8	 79,41	 96,66	  10,2	  21,5	  25,6	  26,0	  27,0	  27,1	  22,2	 -15,7
s	   222,3068	 7	278,93	 88,74	   9,4	  21,5	  26,0	  26,7	  27,7	  26,5	  22,5	 -15,4
s	   222,4542	 8	278,93	 86,81	   8,2	  20,5	  25,0	  25,5	  26,4	  26,1	  22,4	 -15,6
s	   222,8664	 6	 79,52	 91,12	  10,4	  21,9	  26,3	  27,0	  28,0	  27,0	  22,6	 -15,4
s	   222,9609	 7	 79,39	 91,12	   9,4	  21,4	  26,0	  26,7	  27,6	  26,5	  22,4	 -15,5
s	   223,0134	 7	 79,53	 89,19	   9,9	  21,3	  25,6	  26,0	  27,0	  26,9	  22,4	 -15,5
s	   223,1078	 8	 79,39	 89,19	   8,9	  20,9	  25,3	  25,7	  26,7	  26,4	  22,3	 -15,7
s	   223,3574	 8	 79,51	 94,83	   9,6	  21,3	  25,5	  25,9	  26,9	  26,8	  22,3	 -15,7
s	   223,3952	 8	 79,54	 87,40	  10,4	  21,7	  25,8	  26,1	  27,2	  27,3	  22,3	 -15,7
s	   225,4343	 8	 66,39	 92,81	   8,6	  20,5	  25,9	  26,8	  27,9	  26,8	  22,2	 -16,0
s	   227,3094	 7	105,11	 91,10	   9,2	  21,3	  25,8	  26,5	  27,5	  26,3	  22,1	 -16,2
s	   228,3214	 8	105,77	 89,21	   8,7	  20,8	  25,1	  25,5	  26,5	  26,4	  21,9	 -16,5
s	   231,3592	 8	305,65	 88,95	  11,5	  21,7	  25,8	  26,5	  27,3	  26,3	  20,6	 -18,9
s	   235,0533	 7	 67,31	 91,05	   9,7	  21,3	  25,8	  26,5	  27,4	  26,1	  21,6	 -17,5
s	   235,1933	 8	 67,32	 89,21	   9,2	  20,7	  25,1	  25,5	  26,4	  26,1	  21,5	 -17,6
s	   236,3540	 8	 66,58	 91,04	   8,7	  20,8	  25,4	  26,1	  27,0	  25,6	  21,4	 -17,8
s	   246,0402	 8	115,67	 91,02	   7,6	  19,7	  24,3	  25,0	  25,9	  24,4	  19,7	 -21,1
s	   251,8740	 8	265,59	 88,74	   6,7	  19,7	  24,4	  25,1	  26,0	  24,6	  20,3	 -20,2
s	   255,3437	 8	 79,89	 91,13	   7,3	  19,9	  24,5	  25,2	  26,1	  24,6	  20,1	 -20,8
#END
