#HEADER
CATT-Acoustic v8.0b    Copyright © CATT 1988-2003

 Project                : Aula Optica 

 GEOMETRICAL INFORMATION
 Src id and loc     [m] :   A0           0,400        0,600        1,300
 Rec id and loc     [m] :   05          10,500        1,600        1,200

 05       29,5635

 VARIABLE SOURCE DATA
 Directivity
   Type (library)       :  OMNI.SD0
   Dir. Index (DI) [dB] :       0,0      0,0      0,0      0,0      0,0      0,0      0,0      0,0
 Level
   On axis 1m      [dB] :      54,1     63,1     66,8     67,7     69,4     70,6     70,6     54,2
   Total power     [dB] :      65,0     74,0     77,7     78,6     80,3     81,5     81,5     65,1
   Auxiliary delay [ms] :       0,0

 VARIABLE AIR DATA
 Temperature       [°C] :      20
 Relative humidity  [%] :      50
 Density        [kg/m³] :       1,2
 Sound speed      [m/s] :     343
 Impedance      [Ns/m³] :     412
 Diss. coeff. [0.001/m] :      0,10     0,30     0,63     1,07     2,28     6,83    24,23    83,90      (estimated)

#DATAFIELDS
 TYPE DELAY ORDER AZIMUTH ELEVATION SPL125 SPL250 SPL500 SPL1K SPL2K SPL4K SPL8K SPL16K
#DATA
d	     0,0000	 0	112,63	 89,97	  34,0	  43,0	  46,6	  47,5	  49,2	  50,2	  49,4	  30,4
s	     0,5459	 1	119,26	 89,95	  32,6	  42,1	  45,9	  46,8	  48,4	  49,3	  48,9	  29,8
*	     1,1090	 1	117,58	 85,31	  11,0	  20,5	  24,3	  25,2	  26,8	  27,7	  27,2	   8,1
s	     0,8822	 1	112,69	104,37	  33,0	  42,2	  45,9	  46,7	  48,4	  49,4	  48,5	  29,4
*	    47,2081	 1	334,13	 97,64	 -15,6	  -6,5	  -2,8	  -2,0	  -0,5	   0,3	  -1,8	 -25,0
*	    38,6089	 1	317,96	 99,69	 -11,7	  -2,5	   1,2	   2,0	   3,6	   4,3	   2,5	 -20,0
*	    33,8548	 1	293,08	101,31	  -9,1	   0,1	   3,7	   4,6	   6,1	   7,0	   5,2	 -16,8
*	    35,4746	 1	351,86	 99,50	 -11,1	  -2,0	   1,7	   2,5	   4,1	   4,9	   3,1	 -19,1
*	    24,6621	 1	337,62	104,37	  -4,6	   4,6	   8,2	   9,1	  10,7	  11,5	  10,1	 -11,2
*	    17,7596	 1	300,86	111,91	   1,5	  10,7	  14,4	  15,2	  16,8	  17,7	  16,4	  -4,2
*	    26,9815	 1	 15,66	100,56	  -7,9	   1,3	   5,0	   5,8	   7,4	   8,2	   6,7	 -14,7
*	    14,4049	 1	 16,06	108,30	   0,9	  10,0	  13,7	  14,6	  16,2	  17,1	  15,9	  -4,4
*	     4,6245	 1	 19,29	146,63	  14,9	  24,0	  27,7	  28,5	  30,2	  31,2	  30,2	  10,8
*	    22,6895	 1	 39,30	 99,88	  -6,7	   2,5	   6,1	   7,0	   8,6	   9,5	   8,0	 -13,0
*	    10,1515	 1	 53,81	104,80	   1,1	  10,3	  14,0	  14,8	  16,4	  17,4	  16,3	  -3,6
*	     1,9393	 1	 90,05	112,10	   8,2	  17,4	  21,1	  21,9	  23,5	  24,6	  23,7	   4,5
*	    22,4048	 1	 56,76	 98,30	  -7,0	   2,1	   5,8	   6,6	   8,2	   9,1	   7,7	 -13,3
*	    10,1866	 1	 72,89	100,46	  -0,1	   9,1	  12,8	  13,6	  15,3	  16,2	  15,1	  -4,8
*	     2,2087	 1	 97,40	102,15	   5,9	  15,1	  18,8	  19,6	  21,2	  22,3	  21,4	   2,1
s	     1,1817	 1	112,57	 74,59	  31,4	  40,5	  44,1	  44,7	  46,3	  48,1	  47,7	  27,8
*	    50,0426	 1	289,97	 79,44	 -13,1	  -3,2	   0,6	   1,4	   2,9	   4,4	   2,7	 -19,1
*	    53,0110	 1	308,13	 80,18	 -14,2	  -4,4	  -0,5	   0,2	   1,8	   3,2	   1,4	 -20,6
*	    59,3411	 1	322,80	 81,48	 -16,6	  -6,7	  -2,9	  -2,1	  -0,6	   0,8	  -1,2	 -23,8
*	    33,7712	 1	291,47	 74,64	  -5,9	   4,0	   7,8	   8,6	  10,2	  11,7	  10,4	  -9,9
*	    37,6785	 1	317,17	 76,67	  -8,1	   1,8	   5,7	   6,4	   8,0	   9,5	   8,1	 -12,6
*	    45,5881	 1	334,30	 79,53	 -11,8	  -2,0	   1,9	   2,6	   4,2	   5,7	   4,1	 -17,3
*	    17,8832	 1	295,97	 61,70	   4,4	  14,3	  18,2	  18,9	  20,6	  22,2	  21,3	   2,4
*	    23,5897	 1	336,49	 70,61	  -0,7	   9,2	  13,0	  13,8	  15,4	  17,0	  16,0	  -3,5
*	    33,6617	 1	352,37	 77,35	  -7,1	   2,8	   6,6	   7,4	   8,9	  10,5	   9,2	 -11,1
*	     4,9180	 1	 21,76	 16,52	  17,0	  26,9	  30,7	  31,5	  33,1	  34,9	  34,4	  16,6
*	    13,0776	 1	 17,62	 65,57	   5,2	  15,1	  18,9	  19,7	  21,3	  23,0	  22,3	   3,8
*	    24,9324	 1	 17,32	 76,39	  -3,6	   6,2	  10,1	  10,9	  12,5	  14,1	  13,0	  -6,5
*	     1,8129	 1	 98,20	 63,16	  11,5	  21,4	  25,2	  26,0	  27,7	  29,4	  29,0	  11,5
*	     8,6649	 1	 58,19	 71,46	   5,4	  15,2	  19,1	  19,9	  21,5	  23,2	  22,6	   4,5
*	    20,4201	 1	 42,13	 77,85	  -2,3	   7,5	  11,4	  12,1	  13,8	  15,4	  14,5	  -4,7
*	     1,7380	 1	102,53	 75,85	   9,5	  19,4	  23,2	  24,0	  25,6	  27,4	  27,0	   9,5
*	     8,4081	 1	 77,10	 77,71	   4,3	  14,2	  18,1	  18,8	  20,5	  22,2	  21,6	   3,5
*	    19,8737	 1	 60,00	 80,32	  -2,6	   7,3	  11,2	  11,9	  13,5	  15,2	  14,3	  -4,8
*	     3,1242	 1	104,01	 80,60	  12,8	  22,7	  26,6	  27,4	  29,0	  30,8	  30,3	  12,7
*	    11,2980	 1	 85,98	 81,25	   3,8	  13,7	  17,6	  18,3	  20,0	  21,7	  21,0	   2,6
*	    22,9321	 1	 71,39	 82,41	  -3,7	   6,2	  10,0	  10,8	  12,4	  14,0	  13,0	  -6,4
*	     1,2045	 1	122,93	107,09	 -14,5	  -4,9	  -1,1	  -0,2	   1,4	   2,3	   1,8	 -17,3
s	     1,4126	 2	119,33	104,10	  32,1	  41,8	  45,7	  46,5	  48,1	  49,0	  48,5	  29,3
*	     4,1251	 1	114,76	 81,30	   7,1	  16,1	  19,9	  20,8	  22,3	  23,2	  23,4	   5,7
*	     2,9082	 1	115,38	 80,59	   5,8	  14,8	  18,6	  19,5	  21,1	  21,9	  22,2	   4,6
*	     2,2732	 1	116,11	 79,76	   3,8	  12,8	  16,6	  17,5	  19,1	  19,9	  20,2	   2,7
*	     1,9409	 1	116,96	 78,78	   2,0	  11,0	  14,8	  15,7	  17,3	  18,1	  18,4	   0,9
*	     1,7714	 1	118,00	 77,61	   0,6	   9,7	  13,5	  14,3	  15,9	  16,8	  17,1	  -0,4
*	     1,7021	 1	119,27	 76,19	  -0,3	   8,8	  12,6	  13,4	  15,0	  15,9	  16,2	  -1,3
s	     1,8693	 2	119,18	 73,81	  32,0	  41,6	  45,5	  46,4	  47,9	  48,7	  48,4	  29,2
s	     2,3195	 1	112,22	 90,01	  32,1	  41,6	  45,4	  46,3	  47,9	  48,8	  48,3	  29,1
*	    33,7570	 1	 70,71	 91,64	  -8,9	   0,6	   4,4	   5,3	   6,8	   7,5	   6,2	 -15,9
*	    17,8020	 1	 86,13	 91,86	   0,2	   9,7	  13,5	  14,4	  15,9	  16,7	  15,9	  -4,8
*	     5,1107	 1	105,39	 91,92	  17,7	  27,2	  31,1	  31,9	  33,5	  34,4	  33,9	  14,4
*	    27,7094	 1	 76,01	 85,63	 -17,6	  -8,4	  -4,7	  -3,9	  -2,3	  -1,5	   1,0	 -18,8
*	    27,4388	 1	 76,01	 88,58	 -17,4	  -8,3	  -4,6	  -3,8	  -2,2	  -1,3	   1,1	 -18,7
*	    24,9795	 1	 78,62	 85,51	 -16,1	  -6,9	  -3,2	  -2,4	  -0,8	   0,1	   2,6	 -17,0
*	    24,6911	 1	 78,62	 88,54	 -15,9	  -6,8	  -3,1	  -2,3	  -0,7	   0,2	   2,7	 -16,8
*	    22,3293	 1	 81,36	 85,39	 -14,5	  -5,3	  -1,7	  -0,8	   0,8	   1,7	   4,2	 -15,1
*	    22,0201	 1	 81,36	 88,50	 -14,3	  -5,1	  -1,5	  -0,7	   1,0	   1,8	   4,4	 -14,9
*	    19,7656	 1	 84,22	 85,28	 -12,8	  -3,6	   0,0	   0,9	   2,5	   3,4	   6,0	 -13,1
*	    19,4316	 1	 84,22	 88,44	 -12,6	  -3,4	   0,3	   1,1	   2,7	   3,6	   6,2	 -12,8
*	    17,2962	 1	 87,21	 85,18	 -11,0	  -1,8	   1,9	   2,7	   4,3	   5,2	   7,9	 -11,0
*	    16,9321	 1	 87,21	 88,41	 -10,7	  -1,6	   2,1	   2,9	   4,6	   5,5	   8,2	 -10,6
*	    14,9298	 1	 90,33	 85,08	  -9,0	   0,2	   3,8	   4,7	   6,3	   7,2	  10,0	  -8,7
*	    14,5277	 1	 90,33	 88,37	  -8,7	   0,5	   4,2	   5,0	   6,6	   7,6	  10,3	  -8,3
*	    12,6769	 1	 93,54	 85,00	  -6,8	   2,4	   6,0	   6,9	   8,5	   9,5	  12,3	  -6,2
*	    12,2251	 1	 93,54	 88,33	  -6,3	   2,8	   6,5	   7,3	   9,0	   9,9	  12,7	  -5,7
*	    10,5517	 1	 96,84	 84,92	  -4,3	   4,9	   8,5	   9,4	  11,0	  12,0	  14,8	  -3,4
*	    10,0315	 1	 96,84	 88,30	  -3,7	   5,5	   9,2	  10,0	  11,6	  12,6	  15,5	  -2,7
*	     8,5771	 1	100,22	 84,87	  -1,4	   7,8	  11,4	  12,3	  13,9	  14,9	  17,8	  -0,3
*	     7,9565	 1	100,22	 88,28	  -0,4	   8,7	  12,4	  13,2	  14,9	  15,9	  18,8	   0,8
*	     6,7977	 1	103,63	 84,83	   2,0	  11,1	  14,8	  15,7	  17,3	  18,3	  21,3	   3,3
*	     6,0170	 1	103,64	 88,26	   3,6	  12,8	  16,5	  17,3	  19,0	  20,0	  23,0	   5,1
*	     2,5094	 1	105,61	 96,06	 -12,2	  -2,6	   2,2	   3,3	   5,0	   6,0	   5,2	 -14,0
s	     3,1392	 2	112,27	103,40	  31,7	  41,4	  45,2	  46,0	  47,6	  48,5	  48,0	  28,7
s	     3,4182	 2	112,16	 75,69	  30,6	  40,4	  44,2	  44,8	  46,4	  48,0	  47,9	  28,6
s	     3,7865	 2	112,75	118,11	  30,5	  39,8	  43,4	  43,9	  45,5	  47,3	  46,7	  26,6
s	     4,0602	 2	112,51	 62,08	  30,9	  40,4	  44,1	  44,6	  46,2	  48,1	  47,5	  28,1
s	     4,5412	 3	119,12	 62,49	  29,8	  39,8	  43,6	  44,2	  45,8	  47,5	  47,2	  27,8
*	     5,5829	 1	115,84	 81,71	  -0,2	   9,3	  13,2	  14,0	  15,6	  16,5	  15,9	  -3,6
s	     5,8590	 3	112,32	116,37	  29,7	  39,7	  43,5	  44,1	  45,7	  47,4	  47,1	  27,5
*	     6,0694	 1	112,91	 81,90	 -11,8	  -2,3	   1,5	   2,4	   4,0	   4,8	   4,3	 -15,3
s	     6,1167	 3	112,11	 63,86	  29,7	  39,6	  43,5	  44,0	  45,6	  47,3	  47,0	  27,4
s	     7,8983	 3	112,80	128,43	  29,8	  39,4	  43,1	  43,6	  45,2	  47,0	  46,3	  26,5
*	     8,5654	 1	 95,63	 95,64	  -2,3	   7,3	  12,1	  13,2	  14,9	  15,9	  14,9	  -4,9
*	    16,0644	 1	 84,59	 95,35	  -9,5	   0,2	   5,0	   6,1	   7,7	   8,6	   7,5	 -13,0
*	    24,6740	 1	 75,06	 94,95	 -14,9	  -5,3	  -0,5	   0,6	   2,3	   3,1	   1,8	 -19,5
s	     8,6250	 3	112,45	 51,26	  28,1	  37,6	  41,2	  41,5	  43,1	  45,7	  45,3	  24,7
s	     8,6872	 4	119,49	128,59	  29,6	  39,5	  43,4	  44,2	  45,8	  46,6	  46,0	  26,2
s	     9,4166	 4	119,03	 51,07	  27,9	  37,9	  41,8	  42,4	  43,9	  45,5	  45,0	  24,3
s	     9,7546	 4	112,38	126,35	  28,6	  38,7	  42,6	  43,1	  44,7	  46,4	  45,9	  26,0
s	    10,4476	 4	112,05	 53,36	  27,4	  37,7	  41,5	  41,8	  43,3	  45,8	  45,7	  25,8
s	    13,3926	 4	112,87	137,04	  26,8	  36,5	  40,2	  40,3	  42,0	  44,5	  44,0	  23,0
s	    13,8171	 4	112,39	 43,49	  27,2	  37,1	  40,8	  41,0	  42,7	  45,2	  44,7	  24,4
s	    14,1910	 5	119,57	137,02	  26,7	  36,9	  40,8	  41,3	  42,8	  44,4	  43,7	  22,6
s	    14,6155	 5	118,97	 43,47	  27,1	  37,3	  41,2	  41,7	  43,3	  44,8	  44,4	  24,0
s	    15,0207	 5	112,43	134,88	  26,3	  36,7	  40,5	  40,7	  42,3	  44,8	  44,5	  24,2
s	    15,4299	 5	112,00	 45,65	  26,2	  36,6	  40,4	  40,6	  42,2	  44,7	  44,4	  24,0
s	    19,1665	 5	112,93	143,18	  26,0	  36,1	  39,8	  39,9	  41,5	  44,1	  43,4	  22,6
s	    19,9609	 6	119,64	143,06	  25,9	  36,3	  40,2	  40,6	  42,2	  43,7	  43,1	  22,3
s	    20,0977	 5	112,34	 37,07	  24,3	  34,3	  37,9	  37,8	  39,4	  42,8	  42,4	  20,8
s	    20,6076	 6	112,49	141,08	  25,0	  35,6	  39,4	  39,6	  41,2	  43,6	  43,2	  22,3
s	    21,3595	 6	118,88	 36,75	  25,2	  35,4	  39,4	  39,9	  41,4	  42,7	  42,0	  20,3
s	    21,5126	 6	111,95	 39,16	  23,8	  34,5	  38,3	  38,3	  39,8	  43,1	  43,0	  22,0
s	    25,8711	 6	112,99	148,30	  23,1	  33,3	  36,9	  36,8	  38,4	  41,7	  41,1	  19,0
s	    26,3648	 6	112,28	 32,44	  23,6	  33,9	  37,6	  37,5	  39,1	  42,4	  41,8	  20,4
s	    26,5375	 1	 48,60	 90,14	  27,2	  36,2	  40,0	  40,9	  42,4	  43,1	  41,5	  19,4
*	    27,3343	 1	 57,33	 93,20	   4,0	  13,0	  16,8	  17,6	  19,2	  19,9	  19,5	  -0,3
*	    26,6511	 1	 50,51	 93,41	   4,3	  13,3	  17,1	  17,9	  19,5	  20,2	  19,9	   0,2
*	    26,8775	 1	 42,41	 93,60	   4,3	  13,4	  17,1	  18,0	  19,6	  20,2	  19,9	   0,2
*	    27,0501	 1	 42,48	 83,95	   4,3	  13,3	  17,1	  17,9	  19,5	  20,1	  19,8	   0,1
*	    28,0436	 1	 33,07	 93,73	   4,1	  13,1	  16,9	  17,8	  19,3	  20,0	  19,6	  -0,2
*	    28,2194	 1	 33,16	 83,47	   4,0	  13,0	  16,8	  17,7	  19,2	  19,9	  19,5	  -0,3
*	    30,1863	 1	 22,76	 93,76	   3,5	  12,5	  16,3	  17,1	  18,7	  19,3	  18,9	  -1,1
*	    30,3626	 1	 22,86	 83,14	   3,4	  12,4	  16,2	  17,0	  18,6	  19,2	  18,8	  -1,2
*	    33,3171	 1	 12,07	 93,66	   2,4	  11,5	  15,2	  16,1	  17,6	  18,3	  17,8	  -2,5
*	    33,4900	 1	 12,18	 83,03	   2,3	  11,4	  15,1	  16,0	  17,5	  18,2	  17,7	  -2,6
*	    37,3912	 1	  1,70	 93,46	   1,0	  10,0	  13,8	  14,6	  16,2	  16,8	  16,2	  -4,5
*	    37,5567	 1	  1,80	 83,14	   0,9	   9,9	  13,7	  14,5	  16,1	  16,7	  16,1	  -4,6
*	    42,3031	 1	352,26	 93,15	  -0,8	   8,2	  12,0	  12,8	  14,4	  14,9	  14,2	  -6,9
*	    42,4584	 1	352,36	 83,45	  -0,9	   8,2	  11,9	  12,8	  14,3	  14,9	  14,1	  -7,0
*	    47,9121	 1	344,06	 92,83	  -2,8	   6,2	  10,0	  10,8	  12,4	  12,9	  12,0	  -9,6
*	    48,0559	 1	344,15	 83,85	  -2,8	   6,2	   9,9	  10,8	  12,3	  12,8	  11,9	  -9,7
*	    54,0748	 1	337,13	 92,50	  -4,9	   4,2	   7,9	   8,8	  10,3	  10,8	   9,7	 -12,4
*	    54,2071	 1	337,21	 84,29	  -4,9	   4,1	   7,9	   8,7	  10,2	  10,7	   9,7	 -12,5
*	    60,6664	 1	331,36	 92,21	  -6,9	   2,1	   5,8	   6,7	   8,2	   8,6	   7,4	 -15,3
*	    60,7877	 1	331,43	 84,73	  -7,0	   2,0	   5,8	   6,6	   8,1	   8,6	   7,4	 -15,4
s	    27,0073	 2	 48,55	 97,83	  27,4	  36,6	  40,4	  41,2	  42,8	  43,5	  42,1	  20,7
s	    27,1421	 7	112,54	146,32	  22,7	  33,6	  37,4	  37,3	  38,8	  42,1	  41,8	  20,3
s	    27,1481	 7	118,82	 32,57	  23,5	  34,1	  38,0	  38,2	  39,7	  42,0	  41,5	  20,1
s	    27,1481	 7	119,72	148,44	  24,0	  34,4	  38,4	  38,8	  40,3	  41,7	  40,7	  18,5
s	    27,6248	 7	111,90	 34,42	  22,6	  33,5	  37,3	  37,2	  38,7	  42,0	  41,7	  20,2
s	    27,7937	 2	 50,59	 90,15	  26,8	  36,3	  40,2	  41,1	  42,6	  43,2	  42,2	  20,7
s	    28,2533	 3	 50,54	 97,68	  26,5	  36,2	  40,1	  40,9	  42,4	  43,1	  42,0	  20,5
s	    28,6219	 3	 48,50	105,82	  25,4	  34,7	  38,4	  38,9	  40,5	  42,0	  40,9	  18,6
s	    29,5420	 2	 46,83	 90,14	  26,5	  36,1	  40,0	  40,8	  42,3	  42,9	  41,9	  20,2
s	    29,8341	 4	 50,48	105,51	  25,0	  35,0	  38,9	  39,5	  41,0	  42,4	  41,6	  19,9
s	    29,8341	 3	 47,31	 90,14	  25,5	  35,6	  39,6	  40,5	  41,9	  42,4	  41,7	  20,0
s	    29,9881	 3	 46,78	 97,44	  26,2	  36,0	  39,9	  40,7	  42,2	  42,8	  41,7	  20,0
*	    30,0392	 1	 56,22	 87,29	   3,2	  12,4	  16,1	  16,9	  18,5	  19,3	  17,7	  -4,0
*	    32,5926	 1	 63,71	 87,70	   2,3	  11,5	  15,1	  16,0	  17,6	  18,4	  16,7	  -5,2
s	    30,1418	 3	 46,88	 82,29	  25,2	  35,0	  38,9	  39,5	  41,0	  42,4	  41,7	  19,9
s	    30,2780	 4	 47,26	 97,41	  25,2	  35,5	  39,5	  40,3	  41,8	  42,3	  41,5	  19,8
s	    30,4310	 4	 47,37	 82,33	  24,2	  34,5	  38,6	  39,1	  40,6	  41,8	  41,5	  19,8
s	    30,9318	 3	 49,03	 82,41	  25,1	  35,0	  38,8	  39,4	  40,9	  42,5	  41,5	  19,7
s	    31,5240	 4	 48,76	 67,12	  23,7	  33,3	  37,0	  37,2	  38,8	  41,1	  40,3	  17,7
s	    31,5240	 4	 46,72	105,06	  24,8	  34,8	  38,7	  39,2	  40,7	  42,1	  41,3	  19,5
s	    31,6738	 4	 46,93	 75,26	  24,7	  34,7	  38,6	  39,2	  40,7	  42,1	  41,3	  19,4
s	    31,8067	 5	 47,21	104,99	  23,8	  34,3	  38,3	  38,9	  40,3	  41,6	  41,1	  19,3
s	    31,9558	 5	 47,42	 75,33	  23,7	  34,3	  38,3	  38,8	  40,3	  41,6	  41,1	  19,2
s	    31,9891	 4	 49,07	 77,14	  22,7	  33,3	  38,2	  39,0	  40,6	  42,1	  41,2	  19,3
s	    32,4092	 7	113,05	152,04	  22,4	  33,0	  36,6	  36,5	  38,1	  41,4	  40,6	  18,7
s	    32,6796	 5	 50,74	 67,59	  23,4	  33,6	  37,5	  37,8	  39,3	  41,5	  41,0	  19,0
*	    33,0618	 1	 69,98	 90,82	  -6,4	   2,7	   6,4	   7,3	   8,8	   9,5	   9,0	 -11,3
*	    33,1864	 1	 69,98	 93,30	  -6,4	   2,6	   6,4	   7,2	   8,8	   9,4	   8,9	 -11,4
s	    33,2102	 5	 46,68	110,11	  22,3	  33,0	  38,0	  38,7	  40,3	  41,7	  40,9	  18,9
s	    33,4356	 7	112,22	 28,52	  20,8	  31,2	  34,8	  34,4	  36,0	  40,0	  39,6	  16,8
s	    33,4853	 6	 47,17	110,02	  21,3	  32,5	  37,6	  38,4	  39,9	  41,2	  40,7	  18,7
s	    33,5486	 8	112,60	150,19	  21,5	  32,6	  36,4	  36,2	  37,8	  41,0	  40,5	  18,5
s	    33,6936	 8	119,79	152,08	  23,3	  33,9	  37,9	  38,3	  39,8	  41,1	  40,2	  18,2
s	    33,9621	 5	 48,85	109,88	  22,2	  33,0	  37,9	  38,6	  40,2	  41,8	  40,8	  18,7
s	    33,9999	 5	 48,80	 62,39	  21,7	  32,1	  37,0	  37,5	  39,1	  41,3	  40,5	  18,5
s	    34,2943	 5	 46,98	 68,18	  23,1	  33,4	  37,3	  37,6	  39,1	  41,2	  40,7	  18,6
s	    34,5568	 8	111,84	 30,35	  20,4	  31,5	  35,3	  34,9	  36,5	  40,5	  40,3	  18,2
s	    34,5648	 6	 47,47	 68,28	  22,1	  32,9	  37,0	  37,2	  38,7	  40,7	  40,5	  18,4
s	    34,6599	 2	169,71	 89,84	  25,1	  34,6	  38,5	  39,4	  40,9	  41,4	  39,9	  17,1
*	    34,9222	 1	 69,36	 85,96	 -21,3	 -12,3	  -8,5	  -7,6	  -6,1	  -5,5	  -6,0	 -26,5
*	    34,7077	 1	 69,35	 88,39	 -21,2	 -12,2	  -8,4	  -7,6	  -6,0	  -5,4	  -5,9	 -26,3
s	    34,7207	 8	118,74	 28,43	  21,7	  32,3	  36,3	  36,5	  37,9	  40,1	  39,3	  16,4
s	    34,8361	 3	112,69	 90,27	  24,1	  34,6	  38,7	  39,5	  41,0	  41,5	  40,8	  18,7
s	    35,0708	 3	169,78	 96,57	  24,8	  34,5	  38,4	  39,2	  40,7	  41,3	  39,8	  16,9
s	    35,1113	 6	 50,77	 62,93	  20,8	  31,8	  36,7	  37,2	  38,8	  41,0	  40,5	  18,3
s	    35,2458	 4	112,71	 96,98	  23,8	  34,5	  38,6	  39,4	  40,8	  41,4	  40,6	  18,5
s	    35,4653	 4	112,66	 82,55	  23,8	  34,3	  38,5	  39,4	  40,8	  41,1	  40,6	  18,4
s	    35,7601	 3	167,89	 89,87	  24,7	  34,7	  38,8	  39,6	  41,1	  41,5	  40,7	  18,5
s	    36,1641	 4	167,96	 96,48	  24,4	  34,6	  38,7	  39,5	  40,9	  41,4	  40,5	  18,2
s	    36,6271	 4	169,57	 76,10	  23,8	  33,8	  37,7	  38,3	  39,8	  41,1	  40,2	  17,9
s	    36,7980	 5	112,63	 76,56	  22,1	  33,1	  37,2	  37,7	  39,1	  40,4	  40,0	  17,7
s	    37,1550	 4	112,49	 90,28	  22,8	  33,8	  38,1	  38,9	  40,3	  40,7	  40,3	  18,0
s	    37,2548	 6	 46,62	118,22	  22,5	  33,0	  36,9	  37,1	  38,6	  40,8	  40,1	  17,7
s	    37,5133	 7	 47,11	118,11	  21,5	  32,5	  36,5	  36,7	  38,2	  40,3	  39,9	  17,6
s	    37,5506	 5	112,51	 96,76	  22,5	  33,7	  38,0	  38,8	  40,2	  40,6	  40,2	  17,8
s	    37,5705	 6	 48,35	123,75	  21,0	  31,6	  36,5	  36,9	  38,5	  40,8	  39,8	  17,4
s	    37,7626	 5	112,46	 82,83	  22,5	  33,6	  37,9	  38,7	  40,1	  40,3	  40,1	  17,7
s	    37,7859	 3	171,07	 89,84	  24,4	  34,5	  38,5	  39,4	  40,8	  41,2	  40,3	  17,9
s	    37,8327	 7	113,05	 82,83	  20,3	  32,1	  36,6	  37,2	  38,5	  39,4	  39,9	  17,5
s	    37,8973	 3	170,83	 82,90	  23,9	  33,8	  37,7	  38,2	  39,7	  41,2	  40,1	  17,7
s	    38,0424	 4	170,63	 89,85	  23,4	  34,0	  38,2	  39,0	  40,4	  40,7	  40,2	  17,8
s	    38,1778	 4	171,14	 96,26	  24,2	  34,4	  38,4	  39,2	  40,7	  41,1	  40,2	  17,7
s	    38,4328	 5	170,69	 96,24	  23,2	  33,9	  38,1	  38,9	  40,3	  40,6	  40,0	  17,6
s	    38,6238	 7	 50,35	123,18	  20,1	  31,2	  36,2	  36,7	  38,2	  40,4	  39,8	  17,3
s	    38,9455	 4	169,07	 83,03	  23,0	  33,5	  37,4	  38,0	  39,5	  40,8	  40,0	  17,5
s	    39,0210	 6	112,77	110,65	  22,6	  33,5	  37,7	  38,5	  39,9	  40,3	  39,6	  17,1
s	    39,0507	 6	112,44	 77,03	  21,1	  32,6	  36,8	  37,3	  38,7	  39,9	  39,8	  17,3
s	    39,0588	 5	169,50	 69,48	  21,8	  31,9	  35,7	  35,9	  37,4	  39,5	  38,9	  15,6
s	    39,1236	 4	171,03	103,08	  23,0	  33,0	  36,7	  37,1	  38,7	  40,2	  39,0	  15,7
s	    39,4305	 6	112,60	 69,50	  21,0	  32,0	  36,2	  36,8	  38,2	  39,3	  38,7	  15,4
s	    39,6644	 5	170,94	 76,71	  22,7	  33,2	  37,3	  37,8	  39,2	  40,5	  39,8	  17,2
s	    39,6864	 8	113,11	155,26	  19,7	  30,4	  34,0	  33,5	  35,0	  39,1	  38,4	  15,1
s	    39,9139	 6	170,50	 76,76	  21,7	  32,7	  36,9	  37,4	  38,8	  40,0	  39,7	  17,1
s	    40,0895	 6	167,69	 69,81	  21,4	  32,2	  36,2	  36,5	  37,9	  40,0	  39,6	  17,0
s	    40,1534	 5	169,27	102,90	  22,7	  33,3	  37,2	  37,7	  39,2	  40,6	  39,7	  17,1
s	    40,2136	 8	112,17	 25,60	  20,2	  31,0	  34,6	  34,2	  35,8	  39,8	  39,2	  16,5
s	    40,8051	 5	171,09	108,08	  22,1	  32,7	  37,7	  38,7	  40,2	  40,8	  39,4	  16,7
s	    41,2030	 7	112,57	110,01	  21,6	  33,0	  37,4	  38,1	  39,5	  39,8	  39,3	  16,6
s	    41,5999	 7	112,41	 70,17	  20,5	  32,1	  36,4	  36,9	  38,3	  39,3	  39,3	  16,5
s	    41,7506	 7	 47,09	 56,40	  20,7	  31,4	  35,3	  35,3	  36,7	  39,7	  39,3	  16,5
s	    41,8107	 6	169,32	107,83	  21,3	  32,3	  37,5	  38,5	  39,9	  40,4	  39,4	  16,6
s	    41,8219	 6	169,99	115,99	  21,2	  31,5	  35,3	  35,5	  37,0	  39,1	  38,3	  14,8
s	    41,9928	 8	 47,57	 56,53	  19,7	  31,0	  35,0	  34,9	  36,3	  39,2	  39,1	  16,3
s	    41,9928	 6	170,87	 70,34	  21,2	  32,0	  36,0	  36,3	  37,7	  39,7	  39,3	  16,6
s	    42,2027	 5	172,28	102,50	  22,4	  33,0	  37,0	  37,5	  39,0	  40,4	  39,4	  16,6
s	    42,2343	 7	170,43	 70,42	  20,2	  31,5	  35,7	  35,9	  37,3	  39,2	  39,2	  16,4
s	    42,2361	 7	112,80	116,78	  20,5	  31,7	  35,8	  36,3	  37,7	  38,9	  38,2	  14,6
s	    42,3303	 6	172,03	 77,20	  21,1	  31,9	  36,0	  36,2	  37,6	  39,7	  39,3	  16,5
s	    42,4435	 6	171,85	102,46	  21,4	  32,6	  36,6	  37,1	  38,6	  39,9	  39,3	  16,4
s	    42,4955	 7	112,58	 63,87	  20,9	  32,1	  36,3	  36,8	  38,2	  39,4	  38,9	  16,1
s	    42,5706	 7	171,60	 77,25	  20,1	  31,4	  35,6	  35,9	  37,3	  39,2	  39,1	  16,3
s	    42,7379	 7	 49,23	 56,38	  21,6	  32,2	  36,1	  36,3	  37,8	  40,0	  39,1	  16,3
s	    42,8133	 7	168,17	115,63	  20,9	  31,8	  35,9	  36,1	  37,5	  39,5	  39,1	  16,2
s	    43,5550	 7	 48,28	130,32	  20,5	  30,7	  34,4	  34,2	  35,8	  38,8	  37,9	  14,3
s	    43,8137	 6	172,33	107,30	  21,0	  32,1	  37,2	  38,2	  39,7	  40,2	  39,0	  16,1
s	    44,0492	 7	171,90	107,25	  20,0	  31,6	  36,9	  37,9	  39,3	  39,7	  38,9	  15,9
s	    44,3231	 8	112,59	115,98	  20,0	  31,7	  36,0	  36,5	  37,8	  38,9	  38,7	  15,8
s	    44,4201	 8	 43,29	 64,98	  18,4	  30,1	  35,2	  35,6	  37,1	  39,2	  38,7	  15,7
s	    44,4926	 7	170,04	119,96	  19,2	  30,3	  35,3	  35,7	  37,2	  39,4	  38,6	  15,6
s	    44,5232	 8	 50,28	129,71	  20,1	  31,1	  35,0	  34,8	  36,3	  39,3	  38,7	  15,7
s	    44,5753	 8	112,38	 64,68	  20,0	  31,7	  36,0	  36,5	  37,8	  38,9	  38,7	  15,7
s	    44,6468	 7	171,34	114,92	  20,6	  31,6	  35,6	  35,8	  37,3	  39,3	  38,8	  15,8
s	    44,8797	 8	170,89	114,84	  19,6	  31,1	  35,3	  35,5	  36,9	  38,8	  38,7	  15,6
s	    44,9001	 6	173,45	 83,10	  21,9	  32,5	  36,6	  37,1	  38,5	  39,7	  38,9	  15,8
s	    45,1321	 7	173,04	 83,13	  20,9	  32,1	  36,2	  36,7	  38,1	  39,3	  38,7	  15,7
s	    45,4488	 8	168,22	119,56	  18,3	  30,0	  35,1	  35,5	  37,0	  39,1	  38,6	  15,5
s	    45,8849	 8	 46,51	128,85	  20,0	  30,9	  34,8	  34,7	  36,1	  39,1	  38,5	  15,4
s	    45,8910	 8	112,82	121,94	  20,3	  31,7	  35,9	  36,3	  37,7	  38,9	  38,3	  15,2
s	    46,1786	 8	172,39	112,36	  18,2	  29,9	  35,0	  35,4	  36,9	  39,0	  38,5	  15,3
s	    46,2483	 8	 47,14	 51,65	  19,9	  30,9	  34,8	  34,6	  36,1	  39,1	  38,4	  15,3
s	    46,8163	 8	112,55	 58,01	  19,7	  30,9	  35,2	  35,7	  37,0	  38,0	  37,3	  13,4
s	    48,3591	 7	170,56	 59,29	  19,2	  29,9	  33,6	  33,5	  35,0	  38,0	  37,2	  13,1
s	    49,2683	 8	168,81	 59,70	  18,9	  30,2	  34,2	  34,1	  35,5	  38,5	  38,0	  14,6
s	    49,3666	 1	284,86	 89,23	  24,2	  33,7	  37,5	  38,4	  39,9	  40,5	  38,8	  15,3
*	    63,7361	 1	329,22	 85,45	  -1,8	   7,7	  11,5	  12,3	  13,8	  14,3	  12,2	 -12,5
*	    53,2290	 1	309,96	 84,28	   1,9	  11,4	  15,2	  16,0	  17,5	  18,1	  16,3	  -7,5
*	    49,5432	 1	283,58	 83,72	   3,3	  12,8	  16,6	  17,5	  19,0	  19,5	  17,8	  -5,6
s	    49,4441	 8	 48,98	 45,67	  18,6	  29,1	  32,8	  32,3	  33,8	  37,6	  36,9	  12,8
s	    49,7012	 2	284,85	 94,71	  23,7	  33,4	  37,2	  38,0	  39,5	  40,1	  38,4	  14,9
s	    49,8167	 2	284,88	 83,33	  22,2	  31,8	  35,5	  36,1	  37,6	  38,9	  37,6	  13,3
s	    50,8615	 3	284,83	100,51	  21,9	  31,6	  35,4	  35,8	  37,4	  38,8	  37,3	  13,0
s	    50,9754	 3	284,89	 77,97	  22,4	  32,3	  36,1	  36,6	  38,1	  39,5	  38,1	  14,5
s	    51,3762	 8	171,83	 60,07	  19,7	  30,8	  34,8	  35,0	  36,4	  38,4	  37,7	  14,1
s	    51,6952	 2	284,92	 89,24	  23,0	  33,0	  37,0	  37,8	  39,3	  39,7	  38,3	  14,7
s	    52,0203	 3	284,91	 94,56	  22,8	  32,9	  36,9	  37,7	  39,1	  39,6	  38,2	  14,5
s	    52,1325	 3	284,94	 83,51	  21,7	  32,0	  35,9	  36,5	  38,0	  39,2	  38,1	  14,5
s	    52,4954	 8	171,31	125,44	  19,5	  30,2	  34,0	  34,1	  35,5	  37,7	  36,5	  12,1
s	    52,6518	 4	284,82	105,70	  22,0	  32,1	  35,9	  36,4	  37,9	  39,3	  37,7	  14,0
s	    52,9854	 4	284,91	 72,41	  20,4	  30,4	  34,2	  34,4	  35,9	  38,0	  36,9	  12,4
s	    53,1480	 4	284,89	100,20	  21,4	  31,8	  35,8	  36,3	  37,8	  39,1	  37,9	  14,1
s	    53,2587	 4	284,95	 78,29	  21,4	  31,8	  35,8	  36,3	  37,8	  39,0	  37,9	  14,1
s	    54,8898	 5	284,88	105,25	  21,0	  31,6	  35,6	  36,0	  37,5	  38,8	  37,5	  13,6
s	    55,2147	 5	284,97	 72,87	  19,9	  30,7	  34,6	  34,8	  36,3	  38,4	  37,5	  13,5
s	    55,2963	 5	284,80	110,99	  19,9	  30,2	  33,9	  34,0	  35,5	  37,7	  36,4	  11,7
s	    55,5120	 5	284,92	 67,53	  20,4	  30,8	  34,6	  34,8	  36,3	  38,5	  37,2	  13,2
s	    57,4664	 6	284,87	110,43	  19,5	  30,4	  34,3	  34,5	  36,0	  38,1	  37,1	  12,9
s	    57,6767	 6	284,98	 68,10	  19,5	  30,4	  34,3	  34,5	  36,0	  38,0	  37,0	  12,9
s	    58,3602	 6	284,79	115,58	  19,9	  30,5	  34,3	  34,4	  35,9	  38,1	  36,7	  12,5
s	    58,8797	 6	284,94	 62,62	  18,3	  28,8	  32,6	  32,4	  33,9	  36,9	  35,8	  10,8
s	    60,4564	 7	284,85	114,93	  19,0	  30,1	  34,0	  34,1	  35,6	  37,7	  36,6	  12,1
s	    60,9639	 7	285,00	 63,29	  17,9	  29,1	  33,0	  32,9	  34,4	  37,2	  36,5	  12,0
s	    62,2459	 7	284,77	120,16	  17,8	  28,5	  32,2	  32,0	  33,5	  36,5	  35,3	  10,0
s	    62,5448	 7	284,95	 58,42	  18,2	  29,1	  32,9	  32,8	  34,3	  37,2	  36,0	  11,4
s	    62,6497	 2	318,18	 89,43	  21,9	  31,4	  35,3	  36,2	  37,6	  38,0	  35,8	  10,4
s	    62,9363	 3	318,14	 94,13	  22,2	  31,9	  35,8	  36,6	  38,0	  38,4	  36,4	  11,8
s	    63,0353	 3	318,22	 84,38	  20,6	  30,3	  34,1	  34,6	  36,0	  37,2	  35,6	  10,2
s	    63,9325	 4	318,10	 99,12	  20,3	  30,1	  34,0	  34,4	  35,9	  37,0	  35,4	   9,9
s	    64,0304	 4	318,25	 79,76	  20,8	  30,8	  34,7	  35,2	  36,7	  37,8	  36,2	  11,5
s	    64,2553	 8	284,84	119,43	  17,3	  28,7	  32,7	  32,5	  34,0	  36,8	  35,9	  11,2
s	    64,5078	 3	320,00	 89,45	  21,5	  31,6	  35,6	  36,4	  37,8	  38,1	  36,5	  11,7
s	    64,5479	 8	285,01	 59,15	  17,3	  28,7	  32,6	  32,5	  33,9	  36,8	  35,9	  11,1
s	    64,6506	 3	317,44	 89,43	  21,5	  31,5	  35,6	  36,4	  37,8	  38,0	  36,4	  11,7
s	    64,7888	 4	319,96	 94,06	  21,3	  31,5	  35,5	  36,3	  37,7	  38,0	  36,3	  11,5
s	    64,8858	 4	320,04	 84,50	  20,2	  30,6	  34,6	  35,1	  36,5	  37,6	  36,3	  11,5
s	    64,9311	 4	317,41	 94,03	  21,3	  31,5	  35,5	  36,3	  37,7	  38,0	  36,3	  11,5
s	    64,9473	 4	317,75	 89,44	  20,5	  31,1	  35,2	  36,1	  37,4	  37,5	  36,3	  11,5
s	    65,0280	 4	317,48	 84,49	  20,2	  30,5	  34,6	  35,1	  36,5	  37,5	  36,3	  11,5
s	    65,2269	 5	317,71	 94,02	  20,3	  31,0	  35,2	  36,0	  37,3	  37,5	  36,2	  11,3
s	    65,3235	 5	317,79	 84,51	  19,2	  30,1	  34,2	  34,8	  36,1	  37,1	  36,1	  11,3
s	    65,4768	 5	318,07	103,63	  20,5	  30,6	  34,5	  35,0	  36,4	  37,6	  35,9	  11,0
s	    65,7656	 5	318,29	 74,93	  18,9	  29,0	  32,8	  33,0	  34,4	  36,4	  35,1	   9,4
s	    65,7656	 5	319,93	 98,95	  19,9	  30,4	  34,5	  35,0	  36,4	  37,4	  36,1	  11,2
s	    65,8617	 5	320,07	 79,97	  19,9	  30,4	  34,4	  35,0	  36,4	  37,4	  36,1	  11,2
s	    65,9065	 5	317,37	 98,92	  19,9	  30,4	  34,4	  35,0	  36,3	  37,4	  36,1	  11,2
s	    66,0024	 5	317,51	 79,96	  19,9	  30,4	  34,4	  34,9	  36,3	  37,4	  36,1	  11,2
s	    66,1993	 6	317,68	 98,89	  18,9	  29,9	  34,1	  34,6	  36,0	  36,9	  35,9	  11,0
s	    66,2949	 6	317,82	 79,99	  18,9	  29,9	  34,1	  34,6	  35,9	  36,9	  35,9	  11,0
s	    66,3353	 8	284,76	124,05	  17,7	  28,7	  32,5	  32,3	  33,8	  36,8	  35,4	  10,5
s	    67,0018	 8	284,97	 54,27	  16,1	  27,0	  30,8	  30,3	  31,8	  35,5	  34,6	   8,8
s	    67,2807	 6	319,89	103,37	  19,6	  30,2	  34,3	  34,7	  36,1	  37,2	  35,8	  10,8
s	    67,4194	 6	317,34	103,33	  19,6	  30,2	  34,3	  34,7	  36,1	  37,2	  35,8	  10,7
s	    67,5641	 6	320,11	 75,22	  18,5	  29,3	  33,3	  33,6	  34,9	  36,8	  35,7	  10,7
s	    67,7024	 6	317,55	 75,22	  18,5	  29,3	  33,3	  33,5	  34,9	  36,8	  35,7	  10,7
s	    67,7076	 7	317,64	103,30	  18,6	  29,8	  33,9	  34,4	  35,7	  36,7	  35,6	  10,6
s	    67,7735	 6	318,03	108,29	  18,5	  28,8	  32,6	  32,7	  34,2	  36,2	  34,7	   8,9
s	    67,9616	 6	318,32	 70,62	  19,0	  29,4	  33,3	  33,5	  34,9	  36,9	  35,5	  10,4
s	    67,9898	 7	317,86	 75,26	  17,5	  28,8	  33,0	  33,2	  34,5	  36,3	  35,6	  10,5
s	    68,0559	 4	253,27	 89,28	  20,2	  30,8	  34,9	  35,8	  37,1	  37,2	  35,9	  10,8
s	    68,3266	 5	253,28	 93,71	  20,0	  30,7	  34,9	  35,7	  37,0	  37,2	  35,8	  10,7
s	    68,3804	 5	252,98	 89,28	  19,2	  30,3	  34,6	  35,4	  36,7	  36,7	  35,8	  10,6
s	    68,4202	 5	253,25	 84,50	  18,9	  29,8	  33,9	  34,5	  35,8	  36,7	  35,8	  10,6
s	    68,6502	 6	252,99	 93,70	  19,0	  30,2	  34,5	  35,3	  36,6	  36,7	  35,6	  10,5
s	    69,2685	 6	253,29	 98,43	  18,6	  29,7	  33,8	  34,3	  35,7	  36,6	  35,5	  10,3
s	    69,3612	 6	253,24	 80,13	  18,6	  29,6	  33,8	  34,3	  35,7	  36,6	  35,5	  10,3
s	    69,5357	 7	319,85	107,96	  18,1	  29,1	  33,1	  33,3	  34,7	  36,5	  35,4	  10,2
s	    69,5890	 7	253,01	 98,41	  17,7	  29,2	  33,5	  34,0	  35,3	  36,1	  35,4	  10,2
s	    69,6712	 7	317,30	107,91	  18,1	  29,1	  33,1	  33,3	  34,7	  36,5	  35,4	  10,1
s	    69,6814	 7	252,95	 80,16	  17,6	  29,2	  33,5	  34,0	  35,3	  36,1	  35,4	  10,1
s	    69,7204	 7	320,15	 70,98	  18,1	  29,1	  33,1	  33,3	  34,7	  36,5	  35,4	  10,1
s	    69,8556	 7	317,59	 70,99	  18,1	  29,1	  33,1	  33,3	  34,6	  36,5	  35,4	  10,1
s	    69,9529	 8	317,61	107,86	  17,1	  28,6	  32,8	  32,9	  34,3	  36,0	  35,2	  10,0
s	    70,1368	 8	317,89	 71,04	  17,1	  28,6	  32,7	  32,9	  34,3	  36,0	  35,2	   9,9
s	    70,4559	 7	318,00	112,40	  18,6	  29,2	  33,1	  33,2	  34,6	  36,6	  35,0	   9,7
s	    70,7307	 7	253,30	102,71	  18,3	  29,5	  33,7	  34,1	  35,5	  36,4	  35,2	   9,9
s	    70,9129	 7	318,36	 66,22	  17,0	  27,5	  31,4	  31,2	  32,6	  35,4	  34,2	   8,1
s	    71,0044	 7	253,22	 75,54	  17,2	  28,5	  32,7	  32,9	  34,3	  36,0	  35,2	   9,9
s	    71,0466	 8	253,02	102,67	  17,3	  29,0	  33,3	  33,8	  35,1	  35,9	  35,1	   9,7
s	    71,3194	 8	252,94	 75,58	  16,3	  28,1	  32,4	  32,6	  33,9	  35,5	  35,1	   9,7
s	    71,6094	 8	317,28	110,98	  15,7	  27,3	  32,5	  32,9	  34,3	  36,2	  35,0	   9,6
s	    72,1716	 8	319,82	112,01	  17,7	  28,8	  32,8	  33,0	  34,3	  36,2	  35,0	   9,5
s	    72,6209	 8	320,19	 66,64	  16,6	  27,8	  31,9	  31,8	  33,1	  35,8	  34,9	   9,4
s	    72,7523	 8	317,62	 66,66	  16,6	  27,8	  31,9	  31,8	  33,1	  35,8	  34,9	   9,4
s	    72,9098	 8	253,32	107,15	  16,9	  28,3	  32,5	  32,7	  34,0	  35,8	  34,9	   9,4
s	    73,0884	 8	253,21	 71,43	  16,8	  28,3	  32,5	  32,7	  34,0	  35,7	  34,8	   9,3
s	    73,8883	 8	317,96	116,57	  16,5	  27,2	  31,1	  30,9	  32,3	  35,1	  33,7	   7,4
s	    74,1537	 8	318,40	 62,37	  17,0	  27,9	  31,8	  31,6	  33,1	  35,8	  34,5	   8,9
s	    76,5410	 3	 33,07	 90,16	  20,5	  30,0	  34,0	  34,8	  36,2	  36,3	  34,0	   7,4
s	    76,7902	 4	 33,04	 94,24	  20,2	  30,0	  33,9	  34,7	  36,1	  36,3	  33,8	   7,2
s	    77,7431	 5	 33,14	 81,73	  19,4	  29,4	  33,4	  33,9	  35,3	  36,2	  34,4	   8,4
s	    78,6273	 6	 32,97	101,59	  17,1	  27,8	  32,9	  33,6	  35,0	  36,0	  34,2	   8,2
s	    79,7810	 4	 32,67	 85,88	  19,5	  29,5	  33,3	  33,8	  35,2	  36,3	  34,3	   8,1
s	    79,9035	 4	 32,56	 90,16	  20,0	  30,1	  34,2	  35,0	  36,3	  36,3	  34,5	   8,3
s	    80,0615	 5	 32,86	 90,16	  19,0	  29,6	  33,8	  34,7	  35,9	  35,8	  34,4	   8,2
s	    80,1450	 5	 32,53	 94,12	  19,7	  30,0	  34,1	  34,9	  36,2	  36,2	  34,3	   8,2
s	    80,3027	 6	 32,82	 94,11	  18,8	  29,5	  33,8	  34,6	  35,8	  35,8	  34,2	   8,0
s	    80,4308	 5	 33,84	 85,92	  19,2	  29,4	  33,2	  33,7	  35,1	  36,2	  33,3	   6,3
s	    81,0691	 6	 32,63	 81,98	  18,4	  29,0	  33,1	  33,6	  34,9	  35,7	  34,1	   7,9
s	    81,2254	 7	 32,93	 82,00	  17,4	  28,5	  32,7	  33,2	  34,5	  35,2	  34,0	   7,7
s	    81,9268	 7	 32,47	101,24	  16,1	  27,3	  32,5	  33,3	  34,6	  35,5	  33,9	   7,6
s	    82,0820	 8	 32,76	101,23	  15,1	  26,9	  32,2	  32,9	  34,3	  35,0	  33,8	   7,5
s	    82,1026	 6	 32,74	 77,81	  17,3	  27,6	  31,4	  31,5	  32,9	  34,8	  33,0	   5,9
s	    82,7390	 7	 33,91	 77,89	  17,5	  28,2	  32,0	  32,2	  33,6	  35,5	  32,8	   5,7
s	    83,2943	 6	 32,47	 86,02	  17,5	  28,5	  32,7	  33,2	  34,5	  35,3	  33,9	   7,4
s	    83,4761	 7	 32,76	 74,98	  15,5	  26,6	  31,6	  32,0	  33,4	  35,3	  33,5	   7,1
s	    83,7961	 8	 33,25	 69,71	  15,7	  26,3	  30,2	  30,1	  31,4	  33,9	  32,6	   5,3
s	    83,9831	 8	 32,77	 74,07	  15,7	  26,3	  30,2	  30,0	  31,4	  33,9	  32,6	   5,3
s	    84,1047	 8	 33,93	 75,08	  14,7	  26,3	  31,4	  31,9	  33,3	  35,1	  33,6	   7,1
s	    84,2532	 8	 32,42	106,20	  16,7	  27,7	  31,8	  32,0	  33,3	  34,9	  33,5	   7,0
s	    85,2503	 8	 33,12	 98,34	  18,2	  28,7	  32,7	  33,1	  34,4	  35,4	  32,4	   5,0
s	    85,5252	 4	182,16	 89,83	  18,8	  28,9	  33,0	  33,8	  35,1	  35,1	  32,8	   5,4
s	    85,5450	 8	 32,54	 78,19	  15,8	  27,3	  31,5	  31,6	  33,0	  34,6	  33,4	   6,8
s	    85,7549	 5	182,20	 93,60	  18,6	  28,8	  32,9	  33,7	  35,0	  35,0	  32,7	   5,3
s	    86,6344	 6	182,09	 82,05	  17,2	  27,8	  31,9	  32,4	  33,7	  34,5	  32,5	   5,0
s	    88,9077	 5	182,60	 89,83	  18,3	  28,9	  33,2	  34,0	  35,2	  35,1	  33,4	   6,4
s	    89,0537	 6	182,32	 89,84	  17,3	  28,4	  32,8	  33,7	  34,9	  34,6	  33,2	   6,3
s	    89,0586	 5	181,45	 89,84	  18,8	  29,2	  33,2	  34,0	  35,3	  35,5	  32,3	   4,6
s	    89,1309	 6	182,63	 93,49	  18,1	  28,9	  33,1	  33,9	  35,1	  35,0	  33,2	   6,3
s	    89,2766	 7	182,36	 93,49	  17,1	  28,4	  32,8	  33,5	  34,8	  34,5	  33,1	   6,1
s	    89,2815	 6	181,49	 93,50	  18,1	  29,0	  33,1	  33,9	  35,2	  35,2	  33,2	   6,2
s	    89,4613	 6	182,62	 97,43	  17,5	  28,2	  32,2	  32,7	  34,0	  35,0	  33,0	   6,0
s	    90,0585	 7	181,53	 97,40	  17,3	  28,1	  32,1	  32,5	  33,9	  34,9	  32,0	   4,2
s	    90,7797	 8	182,70	100,09	  14,5	  26,2	  31,6	  32,3	  33,6	  34,3	  32,8	   5,7
s	    90,9066	 7	182,42	 78,40	  15,7	  26,5	  30,4	  30,5	  31,9	  33,6	  31,9	   4,0
s	    90,9283	 8	181,55	100,09	  14,5	  26,3	  31,6	  32,3	  33,6	  34,5	  32,8	   5,7
s	    91,4967	 8	181,33	 78,47	  15,9	  27,1	  31,1	  31,2	  32,5	  34,3	  31,7	   3,8
s	    92,1375	 6	182,91	 85,99	  16,8	  27,8	  32,0	  32,5	  33,8	  34,6	  32,9	   5,7
s	    92,1807	 8	182,40	 75,77	  13,9	  25,5	  30,6	  31,0	  32,4	  34,1	  32,4	   5,2
s	    92,2796	 7	182,65	 86,00	  15,9	  27,4	  31,7	  32,2	  33,4	  34,1	  32,8	   5,5
s	    92,3997	 6	 47,37	 86,45	  17,3	  27,9	  32,0	  32,5	  33,8	  34,5	  32,6	   5,4
s	    92,5016	 8	182,69	104,77	  15,3	  26,3	  30,3	  30,3	  31,7	  33,4	  31,6	   3,6
s	    94,2275	 8	182,84	 78,71	  15,2	  26,7	  30,8	  31,0	  32,3	  33,9	  32,5	   5,0
s	    99,3323	 4	339,25	 89,67	  18,7	  28,3	  32,2	  33,0	  34,3	  34,2	  31,3	   2,6
s	    99,5375	 5	339,22	 93,03	  18,5	  28,2	  32,2	  32,9	  34,2	  34,2	  31,1	   2,5
s	    99,6084	 5	339,28	 86,05	  16,5	  26,9	  31,0	  31,5	  32,8	  33,5	  31,2	   2,5
s	   100,2531	 6	339,18	 96,62	  17,2	  27,2	  31,1	  31,6	  32,9	  33,7	  31,0	   2,2
s	   100,3237	 6	339,31	 82,71	  17,7	  27,7	  31,6	  32,1	  33,4	  34,2	  31,7	   3,8
s	   100,7712	 5	338,44	 89,66	  18,4	  28,5	  32,5	  33,4	  34,6	  34,4	  32,0	   4,0
s	   100,9741	 6	338,41	 92,99	  18,2	  28,4	  32,5	  33,3	  34,5	  34,3	  31,9	   3,9
s	   101,0443	 6	338,47	 86,08	  16,2	  27,1	  31,3	  31,9	  33,1	  33,6	  32,0	   3,9
s	   101,5795	 7	339,35	 79,17	  15,9	  26,0	  29,9	  30,0	  31,2	  32,8	  30,7	   1,9
s	   101,6819	 7	338,37	 96,54	  16,9	  27,4	  31,5	  32,0	  33,2	  33,8	  31,7	   3,6
s	   101,7517	 7	338,50	 82,78	  16,9	  27,4	  31,5	  32,0	  33,1	  33,8	  31,7	   3,6
s	   102,1141	 5	340,18	 89,68	  18,3	  28,4	  32,5	  33,3	  34,5	  34,3	  31,9	   3,8
s	   102,3149	 6	340,15	 92,97	  18,1	  28,3	  32,4	  33,2	  34,4	  34,2	  31,8	   3,6
s	   102,3844	 6	340,21	 86,13	  16,1	  27,0	  31,2	  31,8	  33,0	  33,5	  31,8	   3,7
s	   102,4638	 6	339,98	 89,68	  17,3	  27,9	  32,1	  32,9	  34,1	  33,8	  31,8	   3,6
s	   102,6642	 7	339,95	 92,96	  17,1	  27,9	  32,1	  32,8	  34,0	  33,8	  31,6	   3,5
s	   102,7334	 7	340,01	 86,14	  15,1	  26,5	  30,9	  31,4	  32,6	  33,1	  31,7	   3,5
s	   102,9940	 8	338,54	 79,28	  15,5	  26,4	  30,4	  30,6	  31,8	  33,3	  31,5	   3,3
s	   103,0155	 7	340,11	 96,49	  16,8	  27,3	  31,4	  31,9	  33,1	  33,7	  31,6	   3,4
s	   103,0463	 8	339,12	103,39	  15,5	  25,9	  29,7	  29,8	  31,1	  32,7	  30,4	   1,5
s	   103,0846	 7	340,24	 82,87	  16,8	  27,3	  31,4	  31,9	  33,1	  33,7	  31,6	   3,4
s	   103,1844	 8	339,38	 75,96	  16,0	  26,5	  30,4	  30,6	  31,8	  33,4	  31,2	   3,0
s	   103,3629	 8	339,91	 96,47	  15,8	  26,8	  31,0	  31,5	  32,7	  33,2	  31,4	   3,2
s	   103,4319	 8	340,04	 82,88	  15,8	  26,8	  31,0	  31,5	  32,7	  33,2	  31,4	   3,2
s	   104,1091	 8	340,08	 99,72	  15,6	  26,8	  31,0	  31,5	  32,7	  33,3	  31,4	   3,1
s	   104,3146	 8	340,28	 79,40	  15,5	  26,3	  30,3	  30,5	  31,7	  33,2	  31,3	   3,0
s	   105,8422	 6	233,82	 89,41	  16,2	  27,3	  31,7	  32,5	  33,7	  33,3	  31,5	   3,0
s	   106,0375	 7	233,84	 92,61	  16,0	  27,2	  31,6	  32,4	  33,6	  33,2	  31,3	   2,9
s	   106,1051	 7	233,80	 85,96	  14,9	  26,3	  30,7	  31,2	  32,4	  32,8	  31,3	   2,9
s	   106,7190	 8	233,86	 96,04	  14,7	  26,2	  30,6	  31,1	  32,3	  32,7	  31,2	   2,6
s	   106,7862	 8	233,78	 82,79	  14,7	  26,2	  30,6	  31,1	  32,3	  32,7	  31,2	   2,6
s	   109,3791	 5	 86,73	 96,95	  14,7	  25,1	  30,0	  30,7	  32,1	  33,0	  30,2	   0,7
s	   109,6894	 6	231,47	 89,43	  16,9	  27,5	  31,6	  32,5	  33,6	  33,3	  31,0	   2,2
s	   109,8794	 7	231,49	 92,54	  16,6	  27,4	  31,6	  32,4	  33,5	  33,2	  30,9	   2,1
s	   110,0202	 7	231,67	 89,43	  15,9	  27,0	  31,3	  32,1	  33,2	  32,8	  30,9	   2,1
s	   110,2097	 8	231,69	 92,53	  15,6	  26,9	  31,3	  32,0	  33,1	  32,7	  30,8	   1,9
s	   110,5095	 2	108,17	 90,43	  18,3	  28,3	  32,2	  33,0	  34,3	  34,4	  31,5	   2,6
s	   110,5422	 8	231,51	 95,87	  15,3	  26,4	  30,6	  31,1	  32,2	  32,7	  30,7	   1,9
s	   110,6192	 6	 85,38	 96,90	  14,4	  25,5	  30,6	  31,3	  32,7	  33,5	  31,0	   2,1
s	   110,6983	 3	108,18	 93,52	  18,0	  28,2	  32,1	  32,9	  34,2	  34,3	  31,3	   2,4
s	   110,7636	 3	108,16	 87,10	  17,0	  27,3	  31,2	  31,7	  33,1	  33,9	  31,3	   2,4
s	   111,3573	 4	108,19	 96,84	  16,0	  26,3	  30,1	  30,6	  31,9	  32,8	  30,1	   0,4
s	   111,4223	 4	108,15	 84,02	  16,5	  27,0	  30,9	  31,4	  32,7	  33,6	  30,9	   2,0
s	   111,5543	 6	 87,06	 96,86	  14,3	  25,5	  30,6	  31,3	  32,6	  33,4	  30,9	   2,0
s	   111,7526	 7	 86,84	 96,85	  13,3	  25,0	  30,2	  30,9	  32,2	  32,9	  30,8	   1,8
s	   112,3866	 5	108,20	 99,88	  16,2	  26,9	  30,8	  31,2	  32,6	  33,5	  30,7	   1,7
s	   112,5801	 5	108,14	 80,76	  14,7	  25,2	  29,1	  29,2	  30,6	  32,3	  29,9	   0,1
s	   112,5822	 7	 87,06	 99,89	  14,0	  25,3	  30,4	  31,1	  32,5	  33,3	  30,7	   1,7
s	   112,7791	 8	 86,84	 99,88	  13,0	  24,9	  30,1	  30,8	  32,1	  32,8	  30,6	   1,5
s	   112,8391	 3	108,15	 90,43	  17,2	  27,7	  31,7	  32,5	  33,8	  33,8	  31,1	   2,0
s	   113,0249	 4	108,16	 93,48	  16,9	  27,6	  31,7	  32,4	  33,7	  33,7	  31,0	   1,9
s	   113,0891	 4	108,14	 87,15	  15,9	  26,7	  30,7	  31,3	  32,6	  33,3	  31,0	   1,9
s	   113,6731	 5	108,17	 96,74	  15,6	  26,6	  30,6	  31,1	  32,4	  33,2	  30,8	   1,7
s	   113,7371	 5	108,13	 84,13	  15,6	  26,6	  30,6	  31,1	  32,4	  33,2	  30,8	   1,7
s	   113,9345	 6	108,21	103,09	  14,4	  25,1	  29,0	  29,1	  30,4	  32,1	  29,7	  -0,3
s	   114,0621	 6	108,13	 77,78	  14,9	  25,8	  29,7	  29,8	  31,2	  32,9	  30,4	   1,3
s	   114,6859	 6	108,18	 99,73	  15,4	  26,5	  30,5	  31,0	  32,3	  33,1	  30,6	   1,4
s	   114,8763	 6	108,12	 80,91	  14,3	  25,5	  29,6	  29,8	  31,1	  32,7	  30,6	   1,3
s	   115,2813	 6	284,44	 89,33	  14,1	  26,1	  30,6	  31,4	  32,6	  32,2	  30,6	   1,3
s	   115,4639	 7	284,43	 92,32	  13,9	  26,1	  30,6	  31,3	  32,5	  32,2	  30,4	   1,1
s	   115,5622	 7	284,45	 85,87	  13,9	  25,9	  30,5	  31,3	  32,4	  31,9	  30,4	   1,1
s	   115,7673	 7	108,22	106,01	  14,6	  25,6	  29,5	  29,7	  31,0	  32,7	  30,2	   0,8
s	   116,0822	 7	108,12	 74,65	  13,0	  24,0	  27,9	  27,7	  29,0	  31,5	  29,3	  -0,8
s	   116,1642	 8	284,46	 83,13	  12,6	  25,1	  29,6	  30,0	  31,2	  31,7	  30,2	   0,9
s	   116,2094	 7	108,19	102,89	  14,0	  25,4	  29,5	  29,6	  30,9	  32,5	  30,4	   1,0
s	   116,3350	 7	108,11	 77,98	  14,0	  25,4	  29,5	  29,6	  30,9	  32,5	  30,3	   1,0
s	   117,6092	 7	284,48	 89,33	  13,0	  25,5	  30,2	  31,0	  32,1	  31,6	  30,2	   0,7
s	   117,7889	 8	284,47	 92,27	  12,8	  25,5	  30,1	  30,9	  32,0	  31,5	  30,1	   0,6
s	   117,8856	 8	284,49	 85,93	  12,8	  25,3	  30,1	  30,9	  31,9	  31,3	  30,1	   0,6
s	   118,0140	 8	108,20	105,77	  13,7	  25,3	  29,3	  29,4	  30,7	  32,4	  30,1	   0,5
s	   118,1505	 8	108,23	109,06	  12,7	  23,8	  27,7	  27,5	  28,8	  31,3	  29,0	  -1,3
s	   118,3241	 8	108,10	 74,89	  12,6	  24,3	  28,4	  28,3	  29,6	  31,9	  30,0	   0,5
s	   118,3365	 8	108,11	 71,82	  13,2	  24,5	  28,4	  28,3	  29,6	  32,1	  29,8	   0,2
s	   118,4019	 3	 88,14	 90,46	  17,6	  27,6	  31,6	  32,4	  33,7	  33,6	  30,6	   1,0
s	   118,5807	 4	 88,14	 93,39	  17,3	  27,5	  31,5	  32,3	  33,6	  33,5	  30,5	   0,9
s	   118,6425	 4	 88,14	 87,31	  17,1	  27,0	  30,9	  31,4	  32,7	  33,5	  30,5	   0,9
s	   119,0228	 5	 88,14	 95,82	  13,3	  24,1	  29,2	  29,9	  31,2	  31,9	  29,3	  -1,1
s	   119,2663	 5	 88,14	 84,40	  16,6	  26,7	  30,6	  31,0	  32,4	  33,2	  30,0	   0,4
s	   119,5670	 4	 86,87	 90,46	  16,5	  27,1	  31,2	  32,0	  33,3	  33,0	  30,4	   0,7
s	   119,7443	 5	 86,87	 93,37	  16,3	  27,0	  31,2	  31,9	  33,2	  33,0	  30,2	   0,6
s	   119,8057	 5	 86,87	 87,33	  16,0	  26,5	  30,5	  31,0	  32,3	  33,0	  30,2	   0,5
s	   120,1831	 6	 86,87	 95,78	  13,0	  24,5	  29,8	  30,5	  31,8	  32,4	  30,1	   0,4
s	   120,3635	 6	 88,14	 81,30	  14,7	  25,0	  28,8	  28,9	  30,2	  31,9	  29,0	  -1,5
s	   120,4246	 6	 86,87	 84,44	  15,8	  26,4	  30,4	  30,9	  32,2	  32,9	  30,1	   0,3
s	   120,6091	 4	 88,43	 90,47	  16,5	  27,0	  31,2	  32,0	  33,2	  33,0	  30,3	   0,5
s	   120,7853	 5	 88,43	 93,35	  16,2	  27,0	  31,1	  31,9	  33,1	  32,9	  30,1	   0,4
s	   120,7955	 5	 88,22	 90,47	  15,5	  26,5	  30,8	  31,6	  32,8	  32,5	  30,1	   0,4
s	   120,8462	 5	 88,43	 87,36	  16,0	  26,4	  30,4	  30,9	  32,2	  32,9	  30,1	   0,4
s	   120,9714	 6	 88,22	 93,35	  15,3	  26,5	  30,8	  31,5	  32,7	  32,4	  30,0	   0,2
s	   121,0322	 6	 88,22	 87,36	  15,0	  26,0	  30,1	  30,6	  31,8	  32,4	  30,0	   0,2
s	   121,2210	 6	 88,43	 95,74	  13,0	  24,5	  29,7	  30,4	  31,7	  32,3	  30,0	   0,2
s	   121,4066	 7	 88,22	 95,73	  12,0	  24,0	  29,4	  30,1	  31,4	  31,8	  29,9	   0,0
s	   121,4609	 6	 88,43	 84,49	  15,7	  26,4	  30,4	  30,8	  32,1	  32,8	  30,0	   0,1
s	   121,5135	 7	 86,87	 81,37	  14,5	  25,4	  29,4	  29,5	  30,8	  32,4	  29,9	   0,0
s	   121,6462	 7	 88,22	 84,49	  14,7	  25,9	  30,0	  30,5	  31,7	  32,3	  29,8	  -0,0
s	   121,6482	 7	 88,14	102,47	  13,7	  24,5	  28,4	  28,5	  29,8	  31,3	  28,8	  -1,8
s	   121,7693	 7	 88,14	 78,47	  14,9	  25,6	  29,4	  29,5	  30,9	  32,5	  29,6	  -0,3
s	   122,5423	 7	 88,43	 81,43	  14,4	  25,3	  29,3	  29,5	  30,8	  32,3	  29,8	  -0,2
s	   122,7263	 8	 88,22	 81,44	  13,4	  24,9	  29,0	  29,2	  30,4	  31,8	  29,6	  -0,3
s	   122,7885	 8	 86,86	102,38	  13,4	  24,9	  29,0	  29,2	  30,4	  31,8	  29,6	  -0,3
s	   122,9087	 8	 86,88	 78,56	  14,1	  25,3	  29,3	  29,4	  30,7	  32,2	  29,6	  -0,4
s	   123,3887	 8	 88,14	105,25	  14,6	  25,4	  29,3	  29,3	  30,7	  32,4	  29,3	  -0,7
s	   123,6879	 8	 88,15	 75,48	  12,3	  23,4	  27,3	  27,1	  28,4	  30,7	  28,5	  -2,3
s	   123,8087	 8	 88,42	102,30	  13,4	  24,8	  28,9	  29,1	  30,3	  31,7	  29,5	  -0,5
s	   123,9282	 8	 88,43	 78,64	  14,1	  25,2	  29,2	  29,3	  30,6	  32,1	  29,5	  -0,5
s	   132,2825	 5	 27,45	 90,16	  16,1	  26,4	  30,4	  31,2	  32,4	  32,1	  28,8	  -2,0
s	   132,4460	 6	 27,42	 92,84	  15,9	  26,3	  30,4	  31,1	  32,3	  32,0	  28,7	  -2,1
s	   132,7222	 6	 28,26	 90,17	  15,9	  26,3	  30,4	  31,1	  32,3	  32,0	  27,9	  -3,7
s	   132,8853	 7	 28,23	 92,84	  15,1	  26,1	  30,3	  31,0	  32,2	  31,8	  28,8	  -2,0
s	   133,0168	 7	 27,40	 95,71	  14,6	  25,3	  29,4	  29,8	  31,0	  31,6	  28,6	  -2,3
s	   133,4545	 8	 28,21	 95,71	  14,4	  25,2	  29,3	  29,7	  30,9	  31,5	  27,6	  -4,0
s	   135,4782	 6	 27,28	 87,33	  14,7	  25,4	  29,3	  29,8	  31,0	  31,7	  28,5	  -2,6
s	   135,7207	 6	 27,23	 90,16	  15,2	  26,0	  30,2	  30,9	  32,1	  31,7	  28,7	  -2,4
s	   135,8254	 7	 27,43	 90,16	  14,2	  25,5	  29,9	  30,6	  31,7	  31,2	  28,5	  -2,6
s	   135,8808	 7	 27,20	 92,79	  15,0	  25,9	  30,1	  30,8	  32,0	  31,6	  28,5	  -2,6
s	   135,9094	 7	 28,08	 87,35	  14,5	  25,3	  29,3	  29,7	  30,9	  31,6	  27,5	  -4,4
s	   135,9854	 8	 27,40	 92,79	  14,0	  25,4	  29,8	  30,5	  31,6	  31,1	  28,4	  -2,7
s	   136,0386	 7	 27,31	 84,71	  14,4	  25,3	  29,3	  29,7	  30,9	  31,6	  28,3	  -2,8
s	   136,4398	 8	 27,18	 95,60	  13,7	  24,9	  29,1	  29,5	  30,7	  31,1	  28,4	  -2,8
s	   136,6129	 8	 27,19	 97,57	  12,2	  23,7	  28,8	  29,4	  30,7	  31,4	  28,1	  -3,1
s	   139,0168	 8	 27,26	 87,39	  12,8	  24,5	  28,8	  29,2	  30,3	  30,8	  28,2	  -3,2
s	   141,4563	 6	187,07	 89,83	  14,7	  25,4	  29,6	  30,4	  31,5	  31,1	  27,9	  -3,7
s	   141,6109	 7	187,09	 92,37	  14,4	  25,4	  29,6	  30,3	  31,5	  31,0	  27,8	  -3,8
s	   142,2047	 8	187,02	 84,58	  13,2	  24,4	  28,6	  29,0	  30,2	  30,5	  27,6	  -4,0
s	   144,9004	 7	187,27	 89,83	  13,8	  25,0	  29,4	  30,1	  31,2	  30,6	  27,8	  -4,2
s	   144,9996	 8	187,08	 89,83	  12,8	  24,6	  29,1	  29,8	  30,9	  30,2	  27,6	  -4,3
s	   145,0521	 8	187,29	 92,32	  13,5	  25,0	  29,3	  30,0	  31,1	  30,6	  27,6	  -4,3
s	   145,1243	 8	187,29	 95,00	  13,0	  24,4	  28,5	  28,9	  30,1	  30,6	  27,4	  -4,6
s	   145,3510	 6	350,17	 89,81	  14,0	  24,6	  28,9	  29,7	  30,8	  30,1	  26,8	  -5,9
s	   145,4907	 7	 69,97	 85,29	  14,9	  25,1	  29,0	  29,4	  30,5	  31,1	  27,4	  -4,6
s	   145,5022	 7	350,15	 92,29	  13,7	  24,5	  28,8	  29,6	  30,7	  30,0	  26,7	  -6,1
s	   146,0828	 8	350,22	 84,67	  12,4	  23,5	  27,8	  28,3	  29,4	  29,6	  26,5	  -6,3
s	   146,4140	 7	349,50	 89,80	  13,7	  24,8	  29,3	  30,0	  31,1	  30,3	  27,6	  -4,4
s	   146,4245	 8	 69,98	 82,65	  13,1	  23,4	  27,2	  27,3	  28,5	  29,8	  26,4	  -6,4
s	   146,5644	 8	349,47	 92,26	  13,5	  24,8	  29,2	  30,0	  31,0	  30,3	  27,5	  -4,6
s	   147,1717	 8	 70,26	 87,80	  12,4	  23,9	  28,3	  28,8	  29,9	  30,0	  27,5	  -4,7
s	   148,0876	 8	187,41	 87,20	  12,4	  24,0	  28,3	  28,7	  29,9	  30,2	  27,4	  -4,8
s	   148,2604	 7	350,64	 87,18	  13,1	  24,1	  28,3	  28,8	  29,9	  30,2	  27,2	  -5,0
s	   148,4776	 7	350,68	 89,81	  13,6	  24,7	  29,2	  29,9	  31,0	  30,2	  27,5	  -4,8
s	   148,6262	 8	350,66	 92,25	  13,4	  24,7	  29,1	  29,8	  30,9	  30,2	  27,3	  -4,9
s	   148,7293	 8	350,56	 94,87	  12,8	  24,0	  28,3	  28,7	  29,8	  30,1	  27,1	  -5,2
s	   148,7365	 8	350,51	 89,81	  12,6	  24,2	  28,8	  29,6	  30,6	  29,7	  27,3	  -4,9
s	   149,2991	 6	145,44	 90,23	  13,9	  24,5	  28,7	  29,5	  30,5	  30,0	  26,4	  -6,7
s	   149,3062	 8	349,97	 87,19	  12,3	  23,8	  28,2	  28,7	  29,8	  29,9	  27,3	  -5,0
s	   149,4471	 7	145,46	 92,66	  13,7	  24,5	  28,6	  29,4	  30,4	  29,9	  26,3	  -6,8
s	   149,8132	 8	145,48	 94,67	  10,5	  22,0	  27,2	  28,0	  29,1	  29,3	  26,1	  -7,0
s	   149,9149	 8	284,93	 89,35	  10,3	  23,3	  28,1	  28,9	  29,9	  29,1	  27,2	  -5,1
s	   149,9178	 5	268,43	 89,33	  14,0	  25,0	  29,3	  30,0	  31,2	  30,7	  27,5	  -4,8
s	   150,1162	 6	268,43	 86,73	  13,4	  24,4	  28,6	  29,0	  30,2	  30,6	  27,4	  -5,0
s	   150,5802	 7	268,43	 94,34	  11,7	  23,0	  27,3	  27,7	  28,8	  29,1	  26,2	  -6,9
s	   150,6310	 7	268,43	 84,32	  13,0	  24,1	  28,3	  28,7	  29,9	  30,3	  27,0	  -5,4
s	   151,0599	 6	267,38	 89,33	  13,9	  24,9	  29,1	  29,9	  31,0	  30,4	  27,3	  -5,2
s	   151,3865	 8	268,43	 96,73	  12,7	  24,0	  28,2	  28,5	  29,7	  30,2	  26,9	  -5,6
s	   151,3954	 8	351,13	 87,24	  12,2	  23,7	  28,1	  28,5	  29,6	  29,8	  27,1	  -5,4
s	   151,3981	 8	144,99	 87,66	  12,2	  23,9	  28,1	  28,5	  29,7	  30,0	  27,1	  -5,4
s	   151,4941	 7	146,31	 90,23	  13,6	  24,7	  29,0	  29,8	  30,8	  30,1	  27,1	  -5,4
s	   151,5384	 8	268,43	 81,75	  10,4	  22,0	  26,2	  26,4	  27,5	  28,6	  26,1	  -7,2
s	   151,6402	 8	146,33	 92,62	  13,4	  24,6	  29,0	  29,7	  30,7	  30,1	  27,0	  -5,5
s	   151,7182	 8	267,38	 94,31	  12,4	  23,9	  28,1	  28,5	  29,6	  29,9	  27,0	  -5,5
s	   151,7687	 8	267,38	 84,36	  13,1	  24,3	  28,3	  28,8	  29,9	  30,3	  27,0	  -5,5
s	   152,1284	 6	268,66	 89,33	  12,9	  24,4	  28,8	  29,6	  30,7	  30,1	  27,3	  -5,3
s	   152,3123	 7	268,49	 89,33	  11,9	  24,0	  28,5	  29,3	  30,3	  29,6	  27,1	  -5,5
s	   152,3244	 7	268,66	 86,76	  12,4	  23,9	  28,1	  28,6	  29,7	  30,0	  27,1	  -5,5
s	   152,5081	 8	268,49	 86,76	  11,4	  23,4	  27,8	  28,3	  29,4	  29,5	  27,0	  -5,6
s	   152,7828	 8	268,66	 94,28	  11,4	  23,4	  27,8	  28,3	  29,3	  29,5	  27,0	  -5,6
s	   152,8330	 8	268,66	 84,38	  12,1	  23,8	  28,1	  28,5	  29,6	  29,9	  27,0	  -5,7
s	   153,4358	 7	 50,13	 90,35	  12,6	  23,7	  28,2	  29,0	  30,0	  29,2	  26,0	  -7,4
s	   153,7183	 7	222,46	 89,52	  12,6	  23,7	  28,2	  28,9	  30,0	  29,2	  26,0	  -7,5
s	   153,8627	 8	222,48	 91,89	  12,4	  23,7	  28,1	  28,8	  29,9	  29,1	  25,9	  -7,6
s	   154,7331	 8	223,12	 89,52	  12,3	  24,0	  28,5	  29,3	  30,3	  29,4	  26,8	  -6,0
s	   156,6487	 8	222,04	 87,01	  11,7	  23,2	  27,6	  28,1	  29,1	  29,3	  26,4	  -6,5
s	   156,8794	 8	222,00	 89,52	  12,2	  23,8	  28,4	  29,2	  30,2	  29,3	  26,6	  -6,4
s	   157,9106	 8	 48,61	 90,34	  12,2	  23,8	  28,4	  29,2	  30,2	  29,2	  26,6	  -6,5
s	   158,6512	 7	249,58	 89,37	  12,5	  23,7	  28,0	  28,7	  29,7	  29,2	  25,5	  -8,4
s	   158,7918	 8	249,59	 91,67	  12,3	  23,7	  27,9	  28,6	  29,6	  29,1	  25,4	  -8,5
s	   158,8405	 8	249,57	 86,89	  10,3	  22,4	  26,8	  27,2	  28,3	  28,4	  25,4	  -8,5
s	   159,9591	 3	286,10	 89,36	  14,7	  25,2	  29,2	  30,0	  31,2	  30,8	  26,9	  -6,3
s	   160,0987	 4	286,09	 91,65	  14,4	  25,1	  29,1	  29,9	  31,1	  30,8	  26,8	  -6,5
s	   160,1470	 4	286,10	 86,89	  13,4	  24,2	  28,2	  28,7	  29,9	  30,3	  26,8	  -6,5
s	   160,5078	 8	250,01	 89,37	  12,2	  23,9	  28,3	  29,0	  30,0	  29,4	  26,3	  -7,0
s	   160,5865	 5	286,08	 94,10	  12,4	  23,2	  27,2	  27,6	  28,8	  29,2	  25,6	  -8,4
s	   160,6347	 5	286,11	 84,61	  12,9	  23,9	  27,9	  28,4	  29,6	  30,0	  26,4	  -6,9
s	   161,3506	 6	286,08	 96,37	  12,7	  23,8	  27,8	  28,2	  29,5	  30,0	  26,3	  -7,1
s	   161,4945	 6	286,12	 82,18	  11,1	  22,2	  26,2	  26,3	  27,5	  28,7	  25,5	  -8,7
s	   162,2889	 4	286,11	 89,36	  13,6	  24,6	  28,8	  29,5	  30,7	  30,2	  26,6	  -6,8
s	   162,4268	 5	286,10	 91,62	  13,4	  24,5	  28,7	  29,4	  30,6	  30,2	  26,5	  -7,0
s	   162,4746	 5	286,11	 86,92	  12,3	  23,6	  27,8	  28,3	  29,4	  29,8	  26,5	  -7,0
s	   162,5042	 7	286,07	 98,78	  10,9	  22,1	  26,1	  26,1	  27,4	  28,6	  25,3	  -9,0
s	   162,5996	 7	286,12	 79,94	  11,4	  22,8	  26,8	  26,9	  28,1	  29,4	  26,0	  -7,5
s	   162,9088	 6	286,09	 94,05	  12,1	  23,5	  27,7	  28,2	  29,3	  29,7	  26,4	  -7,2
s	   162,9564	 6	286,12	 84,67	  12,1	  23,5	  27,7	  28,2	  29,3	  29,7	  26,4	  -7,2
s	   163,6637	 7	286,09	 96,29	  11,8	  23,5	  27,6	  28,0	  29,2	  29,6	  26,2	  -7,4
s	   163,8059	 7	286,13	 82,26	  10,8	  22,5	  26,7	  26,9	  28,0	  29,2	  26,2	  -7,4
s	   163,8775	 8	286,06	101,00	  11,1	  22,7	  26,7	  26,8	  28,0	  29,3	  25,8	  -7,8
s	   164,1142	 8	286,13	 77,56	   9,5	  21,1	  25,0	  24,8	  26,0	  28,1	  25,0	  -9,4
s	   164,8036	 8	286,08	 98,67	  10,5	  22,4	  26,6	  26,7	  27,9	  29,1	  26,0	  -7,7
s	   164,8979	 8	286,13	 80,05	  10,5	  22,4	  26,6	  26,7	  27,9	  29,1	  26,0	  -7,7
s	   165,8645	 4	301,13	 89,42	  14,2	  24,7	  28,8	  29,6	  30,8	  30,2	  26,3	  -7,4
s	   166,4731	 6	301,10	 94,02	  11,9	  22,8	  26,8	  27,2	  28,4	  28,7	  25,0	  -9,6
s	   166,8085	 5	302,00	 87,05	  12,9	  23,8	  27,9	  28,3	  29,5	  29,9	  26,2	  -7,7
s	   166,9024	 6	303,05	 87,05	  12,7	  23,6	  27,8	  28,2	  29,4	  29,7	  26,0	  -7,8
s	   167,2797	 6	302,01	 84,84	  12,4	  23,5	  27,6	  28,0	  29,2	  29,6	  25,8	  -8,1
s	   167,3539	 7	301,16	 82,45	  10,6	  21,7	  25,8	  25,9	  27,1	  28,1	  24,9	  -9,8
s	   167,3734	 7	303,06	 84,85	  12,4	  23,6	  27,7	  28,1	  29,3	  29,6	  25,9	  -8,0
s	   168,0402	 7	301,95	 96,37	  13,2	  24,2	  28,4	  29,0	  30,2	  29,7	  25,6	  -8,4
s	   168,0649	 8	303,00	 96,20	  12,2	  23,5	  27,6	  28,0	  29,1	  29,5	  25,7	  -8,3
s	   168,1248	 5	300,96	 89,42	  13,1	  24,1	  28,4	  29,2	  30,3	  29,6	  26,1	  -7,9
s	   168,2664	 6	301,12	 89,42	  12,1	  23,7	  28,1	  28,9	  29,9	  29,2	  25,9	  -8,1
s	   168,7264	 7	300,94	 93,97	  11,6	  23,1	  27,4	  27,8	  28,9	  29,1	  25,8	  -8,3
s	   168,8675	 8	301,10	 93,97	  10,6	  22,6	  27,0	  27,5	  28,6	  28,6	  25,7	  -8,4
s	   169,0580	 6	301,82	 87,07	  11,8	  23,3	  27,4	  27,9	  29,0	  29,3	  25,9	  -8,2
s	   169,2078	 7	301,98	 87,08	  10,8	  22,8	  27,1	  27,6	  28,7	  28,9	  25,7	  -8,3
s	   169,5239	 7	301,83	 84,89	  11,6	  23,2	  27,4	  27,8	  28,9	  29,3	  25,7	  -8,4
s	   169,5973	 8	301,00	 82,53	  10,3	  22,1	  26,4	  26,5	  27,6	  28,6	  25,6	  -8,5
s	   169,6733	 8	302,00	 84,90	  10,6	  22,7	  27,1	  27,5	  28,6	  28,8	  25,6	  -8,5
s	   170,2759	 8	301,77	 96,29	  12,4	  23,9	  28,2	  28,8	  29,9	  29,4	  25,5	  -8,6
s	   177,1877	 8	315,60	 91,61	  10,1	  22,0	  27,4	  28,4	  29,5	  28,7	  25,0	  -9,8
s	   178,3226	 8	317,46	 91,62	  10,0	  21,9	  27,4	  28,3	  29,4	  28,6	  24,9	 -10,0
s	   179,1232	 7	302,06	 89,43	  12,2	  23,5	  27,8	  28,5	  29,6	  28,7	  25,0	 -10,0
s	   179,2500	 8	302,05	 91,51	  12,0	  23,4	  27,7	  28,4	  29,5	  28,7	  24,8	 -10,1
s	   179,5839	 8	 59,88	 90,42	  11,2	  22,8	  27,4	  28,2	  29,1	  28,0	  24,8	 -10,2
s	   179,8150	 8	255,79	 91,43	   9,2	  21,1	  26,6	  27,5	  28,6	  27,8	  23,8	 -12,0
s	   182,7785	 8	 58,24	 90,41	  11,1	  22,7	  27,3	  28,0	  29,0	  27,9	  24,6	 -10,7
s	   185,6177	 6	315,26	 89,52	  11,4	  22,5	  26,8	  27,6	  28,6	  27,7	  23,5	 -12,8
s	   185,7814	 7	 24,83	 90,16	  12,4	  23,2	  27,5	  28,2	  29,3	  28,4	  24,2	 -11,3
s	   185,7832	 7	315,27	 87,35	  10,9	  21,9	  26,1	  26,6	  27,6	  27,7	  23,4	 -12,9
s	   185,9043	 8	 24,81	 92,18	  12,2	  23,2	  27,5	  28,1	  29,2	  28,3	  24,1	 -11,5
s	   186,1120	 8	 25,44	 90,17	  12,2	  23,2	  27,5	  28,1	  29,2	  28,3	  23,3	 -13,1
s	   186,1706	 8	315,23	 93,70	   9,9	  21,4	  25,8	  26,2	  27,3	  27,2	  23,3	 -13,1
s	   186,2130	 8	315,29	 85,34	  11,2	  22,4	  26,6	  27,0	  28,0	  28,1	  24,1	 -11,5
s	   187,2955	 7	257,88	 89,36	  10,4	  22,0	  26,4	  27,2	  28,2	  27,2	  23,3	 -13,1
s	   187,2955	 7	316,07	 89,52	  11,1	  22,7	  27,2	  27,9	  28,9	  27,9	  24,3	 -11,4
s	   187,4597	 8	316,09	 87,37	   9,9	  21,7	  26,2	  26,7	  27,7	  27,4	  24,2	 -11,5
s	   187,6726	 7	314,97	 89,52	  11,1	  22,7	  27,2	  27,9	  28,9	  27,9	  24,3	 -11,4
s	   187,8365	 8	314,98	 87,37	  10,6	  22,1	  26,5	  26,9	  27,9	  27,8	  24,2	 -11,6
s	   187,9465	 8	315,10	 89,52	  10,1	  22,2	  26,8	  27,6	  28,5	  27,4	  24,2	 -11,6
s	   188,9457	 8	 24,74	 88,03	  11,1	  22,3	  26,5	  26,8	  27,9	  28,0	  23,9	 -12,0
s	   189,2444	 8	 24,70	 90,16	  11,6	  22,9	  27,3	  28,0	  29,0	  28,0	  24,1	 -11,8
s	   189,3346	 8	258,18	 89,36	  10,1	  22,2	  26,8	  27,5	  28,5	  27,3	  24,1	 -11,8
s	   190,4823	 8	256,42	 89,36	  10,0	  22,1	  26,7	  27,5	  28,4	  27,3	  24,0	 -12,0
s	   190,9660	 7	122,92	 90,41	  10,2	  22,3	  26,8	  27,6	  28,5	  27,5	  24,1	 -12,0
s	   195,0182	 8	189,45	 89,83	  11,1	  22,4	  26,8	  27,5	  28,5	  27,4	  23,4	 -13,0
s	   195,0387	 8	356,42	 89,89	  11,5	  22,2	  26,5	  27,2	  28,1	  27,0	  22,5	 -14,6
s	   200,4414	 8	300,65	 87,40	   9,4	  21,3	  25,7	  26,2	  27,2	  27,0	  23,2	 -13,6
s	   209,8999	 8	134,66	 90,34	   8,5	  20,6	  25,2	  26,0	  26,9	  25,6	  21,5	 -16,9
s	   215,4297	 6	 95,73	 92,28	   9,8	  21,1	  26,3	  27,2	  28,4	  27,5	  22,4	 -15,8
s	   216,1351	 7	 94,93	 92,27	   8,8	  20,6	  26,0	  26,9	  28,0	  27,1	  22,2	 -16,1
s	   217,7145	 7	 95,83	 92,26	   8,7	  20,6	  25,9	  26,8	  27,9	  27,0	  22,1	 -16,3
s	   217,8277	 8	 95,70	 92,26	   7,7	  20,1	  25,6	  26,5	  27,5	  26,5	  22,0	 -16,4
s	   221,1201	 4	107,64	 90,48	  11,3	  22,2	  26,4	  27,1	  28,2	  27,3	  22,2	 -16,5
s	   221,2257	 5	107,65	 92,21	  11,0	  22,2	  26,3	  27,0	  28,1	  27,2	  22,1	 -16,6
s	   221,2622	 5	107,64	 88,62	  10,0	  21,3	  25,4	  25,9	  26,9	  26,8	  22,1	 -16,7
s	   221,5948	 6	107,65	 94,07	   9,8	  21,2	  25,4	  25,8	  26,8	  26,8	  21,9	 -16,8
s	   221,6313	 6	107,63	 86,89	   9,8	  21,2	  25,4	  25,8	  26,8	  26,8	  21,9	 -16,8
s	   222,1738	 7	107,66	 95,79	   9,3	  20,9	  25,1	  25,4	  26,5	  26,5	  21,5	 -17,3
s	   222,2830	 7	107,63	 85,04	   7,8	  19,3	  23,4	  23,5	  24,5	  25,3	  20,7	 -18,8
s	   223,0499	 8	107,66	 97,64	   7,5	  19,2	  23,3	  23,3	  24,4	  25,2	  20,6	 -19,1
s	   223,1224	 8	107,62	 83,33	   8,0	  19,9	  24,1	  24,1	  25,2	  26,0	  21,4	 -17,5
s	   223,4501	 5	107,64	 90,48	  10,2	  21,7	  26,0	  26,7	  27,7	  26,7	  21,9	 -17,0
s	   223,5547	 6	107,64	 92,20	  10,0	  21,7	  25,9	  26,6	  27,6	  26,7	  21,8	 -17,1
s	   223,5909	 6	107,63	 88,64	   9,0	  20,7	  25,0	  25,5	  26,5	  26,3	  21,8	 -17,1
s	   223,9204	 7	107,65	 94,04	   8,7	  20,7	  25,0	  25,4	  26,4	  26,2	  21,7	 -17,3
s	   223,9566	 7	107,62	 86,93	   8,7	  20,7	  25,0	  25,4	  26,4	  26,2	  21,7	 -17,3
s	   224,4941	 8	107,65	 95,75	   8,5	  20,6	  24,9	  25,3	  26,3	  26,1	  21,5	 -17,5
s	   224,6023	 8	107,62	 85,09	   7,5	  19,7	  24,0	  24,1	  25,1	  25,7	  21,5	 -17,5
s	   225,6141	 5	 96,19	 90,51	  10,9	  21,9	  26,1	  26,9	  27,9	  26,8	  21,8	 -17,3
s	   225,7537	 6	 96,18	 88,68	  11,1	  21,8	  25,7	  26,1	  27,2	  27,2	  21,6	 -17,5
s	   226,0804	 7	 96,19	 94,04	  10,1	  21,3	  25,4	  25,7	  26,8	  26,7	  21,5	 -17,6
s	   226,1163	 7	 96,18	 86,98	  10,1	  21,3	  25,4	  25,7	  26,8	  26,7	  21,5	 -17,6
s	   226,2914	 6	 95,42	 90,51	   9,9	  21,4	  25,8	  26,5	  27,5	  26,3	  21,6	 -17,6
s	   226,4306	 7	 95,42	 88,68	  10,1	  21,3	  25,4	  25,7	  26,8	  26,7	  21,5	 -17,7
s	   226,4886	 8	 96,19	 95,31	   7,7	  19,5	  24,7	  25,3	  26,4	  26,3	  21,1	 -18,1
s	   226,7565	 8	 95,42	 94,03	   9,2	  20,8	  25,0	  25,4	  26,4	  26,2	  21,3	 -17,9
s	   226,7923	 8	 95,41	 86,99	   9,2	  20,8	  25,0	  25,4	  26,4	  26,2	  21,3	 -17,9
s	   227,5006	 7	120,50	 88,61	   9,4	  20,8	  25,1	  25,5	  26,5	  26,2	  21,4	 -17,9
s	   227,8251	 8	120,53	 93,94	   9,1	  20,8	  25,0	  25,4	  26,4	  26,2	  21,3	 -18,0
s	   227,9034	 6	 96,28	 90,51	   9,8	  21,4	  25,7	  26,5	  27,4	  26,3	  21,5	 -17,8
s	   228,0121	 7	 96,16	 90,51	   8,9	  20,9	  25,4	  26,2	  27,1	  25,8	  21,4	 -17,9
s	   228,0417	 7	 96,28	 88,69	   9,3	  20,8	  25,0	  25,4	  26,5	  26,2	  21,4	 -18,0
s	   228,1504	 8	 96,15	 88,70	   8,4	  20,3	  24,7	  25,1	  26,1	  25,8	  21,2	 -18,1
s	   228,3206	 7	120,56	 90,43	   8,9	  20,9	  25,4	  26,1	  27,1	  25,8	  21,3	 -18,0
s	   228,3656	 8	 96,29	 94,00	   9,1	  20,8	  25,0	  25,3	  26,4	  26,2	  21,2	 -18,1
s	   228,4011	 8	 96,28	 87,01	   9,1	  20,8	  25,0	  25,3	  26,4	  26,2	  21,2	 -18,1
s	   229,7654	 8	120,38	 88,63	   8,3	  20,3	  24,7	  25,1	  26,0	  25,7	  21,1	 -18,3
s	   229,7944	 7	119,69	 90,44	   8,8	  20,8	  25,4	  26,1	  27,0	  25,7	  21,2	 -18,2
s	   229,8965	 8	119,70	 92,11	   8,6	  20,8	  25,3	  26,0	  26,9	  25,7	  21,1	 -18,4
s	   231,4585	 8	 83,97	 92,17	   8,0	  19,9	  25,3	  26,3	  27,3	  26,1	  21,0	 -18,6
s	   242,1250	 8	 85,60	 90,51	   8,2	  20,3	  24,9	  25,6	  26,4	  24,9	  20,3	 -20,3
s	   242,3764	 8	 84,16	 90,51	   8,2	  20,3	  24,9	  25,6	  26,4	  24,9	  20,3	 -20,3
s	   260,3328	 8	 96,79	 90,52	   6,9	  19,4	  24,1	  24,8	  25,6	  24,0	  19,1	 -23,1
s	   264,3931	 8	296,33	 92,49	   6,7	  18,5	  23,7	  24,2	  25,3	  25,0	  18,8	 -23,8
s	   270,5748	 5	286,42	 89,39	   8,7	  20,2	  24,5	  25,2	  26,1	  24,8	  18,7	 -24,4
s	   270,6630	 6	286,42	 90,84	   8,5	  20,1	  24,4	  25,1	  26,0	  24,7	  18,6	 -24,5
s	   270,6936	 6	286,42	 87,83	   7,5	  19,2	  23,5	  23,9	  24,8	  24,3	  18,6	 -24,5
s	   270,9714	 7	286,41	 92,39	   7,2	  19,2	  23,4	  23,8	  24,7	  24,3	  18,5	 -24,7
s	   271,0019	 7	286,43	 86,39	   7,2	  19,2	  23,4	  23,8	  24,7	  24,3	  18,5	 -24,7
s	   271,4555	 8	286,41	 93,83	   6,8	  18,9	  23,1	  23,5	  24,4	  24,0	  18,1	 -25,1
s	   271,5468	 8	286,43	 84,84	   5,2	  17,3	  21,5	  21,5	  22,4	  22,7	  17,3	 -26,6
s	   272,9049	 6	286,42	 89,39	   7,7	  19,7	  24,1	  24,8	  25,7	  24,2	  18,5	 -24,8
s	   272,9924	 7	286,42	 90,83	   7,5	  19,6	  24,0	  24,7	  25,6	  24,2	  18,3	 -25,0
s	   273,0227	 7	286,43	 87,85	   6,4	  18,7	  23,1	  23,5	  24,4	  23,8	  18,3	 -25,0
s	   273,2984	 8	286,42	 92,37	   6,2	  18,6	  23,1	  23,4	  24,3	  23,7	  18,2	 -25,1
s	   273,3287	 8	286,43	 86,41	   6,2	  18,6	  23,0	  23,4	  24,3	  23,7	  18,2	 -25,1
s	   274,3384	 6	296,02	 89,43	   8,4	  19,9	  24,3	  25,0	  25,8	  24,4	  18,4	 -25,1
s	   274,4255	 7	296,01	 90,85	   8,2	  19,9	  24,2	  24,9	  25,7	  24,3	  18,3	 -25,2
s	   274,4556	 7	296,03	 87,89	   8,6	  19,8	  23,8	  24,2	  25,1	  24,7	  18,3	 -25,2
s	   274,7602	 8	296,03	 86,46	   6,9	  18,9	  23,2	  23,6	  24,5	  23,8	  18,1	 -25,4
s	   276,6398	 7	295,95	 89,43	   7,4	  19,4	  23,9	  24,6	  25,4	  23,8	  18,1	 -25,5
s	   276,7262	 8	295,95	 90,84	   7,1	  19,3	  23,8	  24,5	  25,3	  23,8	  18,0	 -25,7
s	   276,7312	 8	296,06	 89,43	   6,4	  18,9	  23,6	  24,3	  25,0	  23,4	  18,0	 -25,7
s	   276,7561	 8	295,96	 87,90	   7,6	  19,2	  23,4	  23,8	  24,7	  24,2	  18,0	 -25,7
s	   278,2315	 8	276,29	 89,37	   6,3	  18,9	  23,5	  24,2	  25,0	  23,3	  17,9	 -25,9
#END
