#HEADER
CATT-Acoustic v8.0b    Copyright © CATT 1988-2003

 Project                : Aula Optica 

 GEOMETRICAL INFORMATION
 Src id and loc     [m] :   E0           9,400        4,600        1,300
 Rec id and loc     [m] :   08           1,000        4,600        1,200

 08       24,4684

 VARIABLE SOURCE DATA
 Directivity
   Type (library)       :  OMNI.SD0
   Dir. Index (DI) [dB] :       0,0      0,0      0,0      0,0      0,0      0,0      0,0      0,0
 Level
   On axis 1m      [dB] :      48,1     57,1     60,8     61,7     63,4     64,6     64,6     48,2
   Total power     [dB] :      59,0     68,0     71,7     72,6     74,3     75,5     75,5     59,1
   Auxiliary delay [ms] :       0,0

 VARIABLE AIR DATA
 Temperature       [°C] :      20
 Relative humidity  [%] :      50
 Density        [kg/m³] :       1,2
 Sound speed      [m/s] :     343
 Impedance      [Ns/m³] :     412
 Diss. coeff. [0.001/m] :      0,10     0,30     0,63     1,07     2,28     6,83    24,23    83,90      (estimated)

#DATAFIELDS
 TYPE DELAY ORDER AZIMUTH ELEVATION SPL125 SPL250 SPL500 SPL1K SPL2K SPL4K SPL8K SPL16K
#DATA
d	     0,0000	 0	179,52	 89,52	  29,6	  38,6	  42,3	  43,2	  44,8	  45,9	  45,2	  26,7
s	     1,0589	 1	191,88	101,64	  28,6	  37,7	  41,4	  42,3	  43,9	  45,0	  44,3	  25,6
*	    44,3259	 1	191,81	 84,47	 -18,8	  -9,6	  -6,0	  -5,2	  -3,6	  -2,8	  -4,7	 -27,2
*	    40,6417	 1	184,44	 91,90	 -17,0	  -7,8	  -4,2	  -3,3	  -1,8	  -1,0	  -2,7	 -24,9
*	    41,7567	 1	176,83	 99,47	 -17,6	  -8,4	  -4,8	  -4,0	  -2,4	  -1,6	  -3,4	 -25,7
*	    29,5129	 1	194,69	 83,02	 -11,7	  -2,5	   1,1	   2,0	   3,6	   4,4	   3,0	 -18,2
*	    24,2959	 1	185,75	 92,05	  -7,8	   1,4	   5,1	   5,9	   7,5	   8,4	   7,1	 -13,7
*	    25,9800	 1	176,40	101,32	  -9,3	  -0,1	   3,6	   4,4	   6,0	   6,9	   5,5	 -15,4
*	    17,1587	 1	199,12	 80,83	  -4,4	   4,8	   8,5	   9,3	  10,9	  11,9	  10,7	  -9,4
*	     9,0278	 1	187,85	 92,26	   6,4	  15,6	  19,3	  20,1	  21,7	  22,7	  21,8	   2,4
*	    12,0947	 1	175,69	104,24	   1,0	  10,2	  13,8	  14,7	  16,3	  17,3	  16,3	  -3,4
*	    10,3288	 1	206,71	 77,28	  -1,4	   7,8	  11,5	  12,3	  14,0	  15,0	  14,0	  -5,5
*	     2,0718	 1	191,67	 92,66	   8,2	  17,4	  21,1	  21,9	  23,5	  24,6	  23,9	   5,1
*	     4,9387	 1	174,39	109,49	   4,0	  13,1	  16,8	  17,7	  19,3	  20,3	  19,5	   0,5
*	     8,9971	 1	221,64	 71,24	  -1,6	   7,6	  11,3	  12,1	  13,8	  14,8	  13,9	  -5,5
*	     1,5326	 1	200,74	 93,54	   5,1	  14,3	  18,0	  18,8	  20,5	  21,5	  20,8	   2,1
*	     3,6794	 1	171,09	121,18	   3,0	  12,2	  15,9	  16,7	  18,4	  19,4	  18,6	  -0,3
s	     1,4153	 1	166,28	 76,66	  26,9	  36,0	  39,6	  40,2	  41,8	  43,7	  43,3	  23,9
*	    57,8373	 1	170,92	 92,36	 -20,7	 -10,8	  -7,0	  -6,2	  -4,7	  -3,3	  -5,1	 -27,1
*	    56,3593	 1	177,24	 86,02	 -20,1	 -10,3	  -6,4	  -5,7	  -4,1	  -2,7	  -4,4	 -26,3
*	    58,5395	 1	183,62	 79,75	 -21,0	 -11,1	  -7,3	  -6,5	  -5,0	  -3,5	  -5,3	 -27,4
*	    41,9315	 1	169,26	 92,79	 -14,5	  -4,6	  -0,8	  -0,0	   1,6	   3,1	   1,7	 -18,9
*	    39,9913	 1	176,72	 85,26	 -13,5	  -3,6	   0,2	   1,0	   2,6	   4,1	   2,8	 -17,6
*	    42,8386	 1	184,30	 77,88	 -15,0	  -5,1	  -1,2	  -0,5	   1,1	   2,6	   1,2	 -19,5
*	    26,6516	 1	166,86	 93,40	  -6,6	   3,3	   7,2	   7,9	   9,5	  11,2	  10,2	  -9,1
*	    23,8119	 1	175,98	 84,19	  -4,2	   5,6	   9,5	  10,3	  11,9	  13,5	  12,6	  -6,4
*	    27,9170	 1	185,29	 75,22	  -7,5	   2,4	   6,2	   7,0	   8,6	  10,2	   9,2	 -10,1
*	    13,5207	 1	163,13	 94,33	   2,5	  12,3	  16,2	  17,0	  18,6	  20,3	  19,7	   1,6
*	     8,6993	 1	174,77	 82,48	  10,1	  20,0	  23,9	  24,6	  26,3	  28,1	  27,5	   9,9
*	    15,3423	 1	186,86	 71,13	   0,4	  10,3	  14,2	  14,9	  16,6	  18,3	  17,6	  -0,6
*	     6,6437	 1	156,61	 95,92	   5,3	  15,2	  19,1	  19,9	  21,5	  23,3	  22,8	   5,4
*	     1,9751	 1	172,56	 79,38	  11,5	  21,4	  25,3	  26,0	  27,7	  29,5	  29,2	  12,1
*	     8,5229	 1	189,74	 64,16	   3,4	  13,3	  17,2	  17,9	  19,6	  21,3	  20,8	   3,2
*	     5,4439	 1	142,92	 98,95	   4,6	  14,5	  18,3	  19,1	  20,8	  22,5	  22,1	   4,8
*	     1,4863	 1	167,17	 72,15	   8,3	  18,2	  22,1	  22,8	  24,5	  26,3	  26,0	   9,0
*	     7,1786	 1	196,70	 50,58	   3,1	  13,0	  16,9	  17,6	  19,3	  21,0	  20,6	   3,1
*	     7,8880	 1	108,56	103,91	   5,3	  15,1	  19,0	  19,8	  21,4	  23,2	  22,7	   5,1
*	     2,8403	 1	138,09	 45,89	  13,1	  23,0	  26,9	  27,6	  29,3	  31,1	  30,7	  13,6
*	     9,8146	 1	229,76	 24,61	   3,1	  13,0	  16,9	  17,7	  19,3	  21,0	  20,5	   2,8
s	     4,4613	 2	204,04	112,17	  25,7	  35,0	  38,6	  39,1	  40,8	  42,6	  42,1	  22,4
s	     4,7763	 2	155,16	 67,21	  26,1	  35,6	  39,3	  39,8	  41,5	  43,3	  42,8	  23,8
*	     5,0423	 1	 27,86	169,40	   4,0	  13,6	  18,4	  19,5	  21,2	  22,3	  21,5	   2,5
*	     4,9259	 1	279,61	 86,32	   4,3	  14,0	  18,8	  19,9	  21,6	  22,6	  21,9	   2,9
*	    11,6162	 1	274,63	 61,15	  -7,5	   2,1	   6,9	   8,0	   9,7	  10,7	   9,8	  -9,8
s	     5,8251	 1	  0,39	 89,61	  26,6	  36,1	  39,9	  40,8	  42,4	  43,3	  42,8	  23,7
*	    20,1752	 1	285,94	 49,17	  -0,9	   8,6	  12,4	  13,3	  14,9	  15,7	  14,9	  -5,5
*	     7,2591	 1	318,58	 68,47	  16,3	  25,8	  29,6	  30,5	  32,1	  33,0	  32,5	  13,3
*	    12,4836	 1	 60,06	136,24	   6,7	  16,2	  20,0	  20,9	  22,5	  23,3	  22,7	   3,0
*	    15,1840	 1	302,20	 31,36	  -8,1	   1,1	   4,8	   5,6	   7,2	   8,2	  11,1	  -7,1
*	    14,6826	 1	296,17	 40,75	  -7,5	   1,6	   5,3	   6,1	   7,8	   8,8	  11,7	  -6,5
*	    12,9754	 1	311,23	 29,96	  -5,6	   3,6	   7,3	   8,1	   9,7	  10,7	  13,7	  -4,4
*	    12,3963	 1	302,20	 40,66	  -4,8	   4,3	   8,0	   8,8	  10,5	  11,5	  14,4	  -3,5
*	    10,9669	 1	325,25	 29,12	  -2,8	   6,3	  10,0	  10,8	  12,5	  13,5	  16,5	  -1,4
*	    10,2799	 1	311,23	 41,12	  -1,7	   7,4	  11,1	  11,9	  13,6	  14,6	  17,6	  -0,2
*	     9,2366	 1	346,12	 30,65	   0,1	   9,3	  12,9	  13,8	  15,4	  16,4	  19,5	   1,8
*	     8,3971	 1	325,23	 43,32	   1,8	  11,0	  14,7	  15,5	  17,2	  18,2	  21,2	   3,6
*	     7,9335	 1	 11,32	 38,32	   2,9	  12,0	  15,7	  16,6	  18,2	  19,2	  22,3	   4,7
*	     6,8963	 1	346,13	 50,69	   5,7	  14,8	  18,5	  19,4	  21,0	  22,0	  25,1	   7,7
*	     7,3054	 1	 32,91	 54,69	   4,5	  13,6	  17,3	  18,2	  19,8	  20,8	  23,9	   6,4
*	     6,1167	 1	 11,32	 68,75	   8,3	  17,4	  21,1	  22,0	  23,6	  24,6	  27,8	  10,3
*	     7,5582	 1	 47,58	 75,03	   3,8	  13,0	  16,6	  17,5	  19,1	  20,2	  23,2	   5,7
*	     6,4372	 1	 32,91	 92,44	   7,1	  16,3	  20,0	  20,8	  22,5	  23,5	  26,6	   9,2
*	     8,5996	 1	 57,02	 91,58	   1,4	  10,5	  14,2	  15,1	  16,7	  17,7	  20,8	   3,1
*	     7,6772	 1	 47,58	108,56	   3,5	  12,7	  16,4	  17,2	  18,9	  19,9	  23,0	   5,4
*	    10,1668	 1	 63,30	102,61	  -1,6	   7,6	  11,3	  12,1	  13,7	  14,8	  17,8	  -0,0
*	     9,4192	 1	 57,02	117,21	  -0,2	   8,9	  12,6	  13,5	  15,1	  16,1	  19,1	   1,4
*	    12,0660	 1	 67,67	109,74	  -4,4	   4,8	   8,4	   9,3	  10,9	  11,9	  14,9	  -3,1
*	    11,4441	 1	 63,29	122,02	  -3,5	   5,6	   9,3	  10,1	  11,8	  12,8	  15,8	  -2,1
s	     6,6866	 2	350,35	 99,51	  25,9	  35,5	  39,4	  40,2	  41,8	  42,7	  42,2	  23,0
s	     6,9793	 2	 11,15	 79,05	  25,0	  34,3	  37,9	  38,4	  40,0	  41,9	  41,3	  21,4
s	     8,7256	 3	342,42	106,81	  21,6	  31,8	  36,7	  37,5	  39,1	  40,8	  40,7	  20,6
s	     9,1187	 3	213,62	118,98	  24,7	  34,3	  38,0	  38,5	  40,2	  42,0	  41,4	  22,0
s	     9,7988	 3	 20,50	 70,70	  24,5	  34,2	  37,8	  38,4	  40,0	  41,8	  41,2	  21,7
s	     9,9273	 3	145,06	 60,20	  23,0	  32,5	  36,1	  36,4	  38,0	  40,6	  40,3	  20,1
*	    11,0177	 1	159,98	122,03	  -2,5	   7,0	  10,8	  11,7	  13,2	  14,1	  13,5	  -6,0
s	    11,8189	 1	141,94	121,10	  25,0	  34,5	  38,3	  39,2	  40,8	  41,6	  41,0	  21,4
*	    14,9433	 1	104,31	124,41	   5,8	  15,3	  19,1	  20,0	  21,5	  22,4	  21,7	   1,8
*	    17,6248	 1	 86,29	114,73	 -12,8	  -3,8	   0,0	   0,9	   2,5	   3,2	   3,3	 -15,2
*	    15,8108	 1	 96,19	114,65	 -11,9	  -2,9	   0,9	   1,7	   3,3	   4,1	   4,2	 -14,1
*	    14,3665	 1	105,74	113,95	 -11,4	  -2,4	   1,4	   2,3	   3,9	   4,7	   4,8	 -13,4
*	    13,2768	 1	114,47	112,79	 -11,0	  -2,0	   1,8	   2,6	   4,2	   5,0	   5,2	 -12,9
*	    12,5156	 1	122,15	111,34	 -10,9	  -1,8	   1,9	   2,8	   4,4	   5,2	   5,4	 -12,6
*	    12,0555	 1	128,72	109,81	 -10,8	  -1,7	   2,0	   2,9	   4,5	   5,3	   5,5	 -12,5
*	    11,8759	 1	134,27	108,29	 -10,7	  -1,7	   2,1	   2,9	   4,5	   5,3	   5,5	 -12,4
*	    13,0039	 1	146,21	104,39	 -10,9	  -1,9	   1,9	   2,7	   4,3	   5,1	   5,3	 -12,7
*	    13,9911	 1	149,06	103,35	 -11,2	  -2,2	   1,6	   2,5	   4,1	   4,9	   5,0	 -13,1
*	    15,3285	 1	151,50	102,42	 -11,7	  -2,7	   1,1	   2,0	   3,6	   4,4	   4,5	 -13,8
*	    17,0356	 1	153,60	101,60	 -12,5	  -3,4	   0,4	   1,2	   2,8	   3,6	   3,6	 -14,8
*	    19,1139	 1	155,43	100,86	 -13,5	  -4,5	  -0,7	   0,2	   1,8	   2,5	   2,5	 -16,0
*	    21,5427	 1	157,05	100,21	 -14,8	  -5,7	  -2,0	  -1,1	   0,5	   1,2	   1,1	 -17,6
*	    24,2833	 1	158,47	 99,62	 -16,3	  -7,2	  -3,5	  -2,6	  -1,0	  -0,3	  -0,4	 -19,5
*	    33,9061	 1	161,86	 98,17	 -21,3	 -12,2	  -8,5	  -7,6	  -6,1	  -5,4	  -5,8	 -25,7
s	    12,2512	 1	218,06	 57,80	  24,9	  33,9	  37,7	  38,6	  40,2	  41,0	  39,9	  19,5
*	    12,7838	 1	231,13	 57,60	   4,4	  13,4	  17,2	  18,1	  19,7	  20,5	  20,6	   2,6
*	    12,3905	 1	219,82	 62,44	   4,5	  13,5	  17,3	  18,1	  19,7	  20,5	  20,7	   2,7
*	    13,0843	 1	212,12	 66,57	   4,3	  13,4	  17,1	  18,0	  19,6	  20,4	  20,6	   2,5
*	    13,3280	 1	204,37	 57,99	   4,2	  13,2	  17,0	  17,8	  19,4	  20,2	  20,4	   2,3
*	    14,9723	 1	206,72	 69,87	   3,8	  12,8	  16,6	  17,4	  19,0	  19,8	  19,9	   1,7
*	    15,2096	 1	199,97	 62,65	   3,6	  12,6	  16,4	  17,3	  18,9	  19,6	  19,7	   1,5
*	    18,2282	 1	202,79	 72,47	   2,3	  11,4	  15,1	  16,0	  17,6	  18,4	  18,4	  -0,1
*	    18,4541	 1	196,87	 66,27	   2,2	  11,2	  15,0	  15,9	  17,4	  18,2	  18,2	  -0,3
*	    22,8659	 1	199,83	 74,55	  -0,1	   9,0	  12,7	  13,6	  15,2	  15,9	  15,8	  -3,1
*	    23,0727	 1	194,58	 69,12	  -0,2	   8,8	  12,6	  13,5	  15,0	  15,8	  15,7	  -3,2
*	    28,6449	 1	197,52	 76,21	  -3,1	   5,9	   9,7	  10,5	  12,1	  12,8	  12,6	  -6,9
*	    28,8288	 1	192,83	 71,40	  -3,2	   5,8	   9,6	  10,4	  12,0	  12,7	  12,4	  -7,0
*	    35,2267	 1	195,68	 77,56	  -6,4	   2,6	   6,4	   7,3	   8,8	   9,5	   9,1	 -11,0
*	    35,3885	 1	191,46	 73,25	  -6,5	   2,6	   6,3	   7,2	   8,7	   9,4	   9,0	 -11,1
*	    42,3331	 1	194,19	 78,70	  -9,6	  -0,5	   3,2	   4,1	   5,6	   6,2	   5,6	 -15,0
*	    42,4761	 1	190,34	 74,78	  -9,6	  -0,6	   3,2	   4,0	   5,5	   6,2	   5,5	 -15,1
*	    49,7801	 1	192,95	 79,65	 -12,5	  -3,5	   0,2	   1,1	   2,6	   3,2	   2,4	 -18,9
*	    49,9074	 1	189,42	 76,07	 -12,6	  -3,6	   0,2	   1,0	   2,6	   3,1	   2,3	 -19,0
*	    57,4533	 1	191,90	 80,46	 -15,3	  -6,3	  -2,5	  -1,7	  -0,2	   0,3	  -0,7	 -22,7
*	    57,5677	 1	188,64	 77,16	 -15,3	  -6,3	  -2,6	  -1,7	  -0,2	   0,3	  -0,7	 -22,7
s	    12,4744	 4	333,73	113,88	  20,9	  31,5	  36,5	  37,2	  38,9	  40,6	  40,3	  20,6
s	    12,5412	 2	150,58	130,63	  24,6	  34,3	  38,1	  38,9	  40,5	  41,4	  40,7	  21,0
s	    12,9243	 2	134,00	109,63	  23,8	  33,3	  37,2	  38,1	  39,6	  40,4	  39,6	  19,1
s	    12,9651	 2	225,05	 67,69	  24,5	  33,7	  37,5	  38,3	  39,9	  40,8	  39,6	  19,1
s	    13,7050	 4	220,26	122,87	  19,8	  30,1	  34,8	  35,2	  36,9	  39,5	  39,2	  18,6
s	    14,2880	 4	 29,44	 63,83	  21,7	  31,4	  35,1	  35,2	  36,9	  39,5	  39,0	  18,4
*	    26,3790	 1	161,18	102,99	  -0,1	   9,4	  13,2	  14,1	  15,6	  16,4	  15,4	  -5,5
*	    14,5068	 1	152,24	108,43	   5,8	  15,3	  19,2	  20,0	  21,6	  22,5	  21,8	   1,9
s	    14,9650	 3	161,83	139,23	  22,1	  31,8	  35,6	  36,1	  37,7	  39,4	  39,0	  18,3
s	    15,1967	 3	128,94	101,08	  22,5	  32,5	  36,3	  36,8	  38,4	  40,1	  39,7	  19,8
*	    15,2223	 1	229,55	 46,32	   3,6	  12,7	  16,4	  17,2	  18,9	  19,9	  18,8	  -1,2
*	    17,9619	 1	256,77	 39,30	   2,6	  11,8	  15,5	  16,3	  17,9	  18,9	  17,7	  -2,5
s	    15,5919	 2	211,71	 45,88	  23,9	  33,1	  36,9	  37,7	  39,3	  40,1	  38,9	  18,2
s	    15,6137	 4	137,46	 55,94	  21,9	  31,8	  35,5	  35,7	  37,4	  40,0	  39,5	  19,5
s	    15,9762	 2	 32,31	117,61	  23,1	  33,1	  37,1	  37,9	  39,5	  40,2	  39,8	  19,8
s	    16,3645	 2	327,69	 61,37	  23,0	  32,5	  36,5	  37,3	  38,9	  39,6	  38,7	  17,9
s	    16,6254	 3	 24,49	125,90	  22,7	  32,9	  36,9	  37,7	  39,2	  40,0	  39,6	  19,5
s	    16,9708	 3	 39,91	107,65	  22,6	  32,4	  36,3	  37,1	  38,6	  39,4	  38,5	  17,6
s	    17,0076	 3	321,02	 69,96	  22,6	  32,4	  36,3	  37,1	  38,6	  39,4	  38,5	  17,6
s	    17,6766	 5	325,63	119,45	  18,0	  28,7	  33,6	  34,0	  35,7	  38,1	  38,1	  17,2
s	    17,7208	 4	202,58	 38,91	  21,0	  30,6	  34,3	  34,5	  36,1	  38,5	  38,2	  17,3
s	    18,1920	 4	 17,15	132,00	  18,4	  29,2	  34,2	  35,0	  36,5	  38,1	  38,1	  17,1
s	    18,8133	 4	174,71	145,41	  22,6	  32,5	  36,4	  37,2	  38,7	  39,4	  38,7	  18,4
s	    19,0323	 4	 44,98	100,09	  21,5	  31,6	  35,4	  35,9	  37,5	  39,2	  38,6	  18,4
s	    19,1336	 4	124,17	 92,44	  19,9	  30,0	  33,8	  34,0	  35,5	  38,0	  37,8	  16,8
*	    19,2783	 1	282,10	 46,41	  -6,4	   2,6	   6,4	   7,2	   8,8	   9,6	   9,6	  -9,0
*	    19,4626	 1	280,87	 52,98	  -6,6	   2,5	   6,2	   7,1	   8,7	   9,4	   9,4	  -9,2
s	    19,3929	 5	 42,63	110,16	  20,7	  31,2	  35,2	  35,8	  37,3	  38,7	  38,7	  18,4
s	    19,3929	 3	333,48	 50,52	  22,9	  32,3	  36,1	  36,8	  38,4	  39,3	  37,9	  16,8
s	    19,4129	 5	 36,54	 59,23	  20,9	  31,0	  34,7	  34,9	  36,5	  39,1	  38,4	  18,1
s	    19,4940	 4	185,29	 33,98	  20,6	  30,2	  33,9	  34,1	  35,7	  38,1	  37,7	  16,7
s	    19,7850	 5	226,82	126,10	  18,8	  29,4	  34,2	  34,6	  36,3	  38,9	  38,4	  18,0
*	    19,8823	 1	 80,92	115,53	 -12,5	  -3,0	   0,8	   1,7	   3,3	   4,1	   3,3	 -17,1
*	    19,9585	 1	279,24	 43,07	 -13,6	  -4,6	  -0,8	   0,1	   1,6	   2,4	   2,4	 -16,3
*	    20,0112	 1	278,30	 49,37	 -13,6	  -4,6	  -0,8	   0,0	   1,6	   2,4	   2,3	 -16,3
*	    20,3281	 1	277,53	 55,57	 -13,9	  -4,8	  -1,1	  -0,2	   1,4	   2,1	   2,1	 -16,6
s	    20,5485	 4	314,25	 74,67	  18,7	  29,1	  34,0	  34,7	  36,3	  38,0	  37,5	  16,3
*	    21,8648	 1	289,58	 28,58	 -12,8	  -3,7	   0,0	   0,9	   2,5	   3,2	   3,2	 -15,7
*	    21,2694	 1	286,99	 34,32	 -12,3	  -3,3	   0,5	   1,3	   2,9	   3,7	   3,6	 -15,2
*	    20,9243	 1	284,99	 40,34	 -12,1	  -3,0	   0,7	   1,6	   3,2	   3,9	   3,9	 -14,9
s	    21,1377	 4	237,35	 83,93	  22,8	  32,4	  36,2	  36,9	  38,5	  39,4	  38,2	  17,7
s	    21,3456	 5	341,43	 44,23	  20,0	  29,8	  33,5	  33,7	  35,3	  37,7	  37,2	  16,0
s	    21,4425	 5	  6,75	138,36	  19,1	  30,0	  35,1	  36,2	  37,7	  38,3	  38,0	  17,5
s	    22,1715	 5	184,14	148,27	  17,1	  27,9	  32,7	  33,2	  34,8	  37,2	  37,0	  15,7
s	    22,3391	 5	130,93	 52,93	  18,8	  28,8	  32,4	  32,3	  33,9	  37,3	  37,0	  15,7
s	    22,3984	 5	329,16	 48,83	  21,4	  31,2	  35,0	  35,4	  37,0	  38,7	  37,8	  17,2
s	    22,5086	 5	238,60	 91,66	  17,8	  28,1	  32,9	  33,3	  34,9	  37,3	  37,0	  15,6
s	    22,6498	 5	 49,95	 92,25	  19,0	  29,3	  33,0	  33,2	  34,8	  37,2	  36,9	  15,6
s	    22,9835	 5	355,72	 39,80	  19,7	  29,5	  33,2	  33,4	  34,9	  37,4	  36,8	  15,5
s	    23,2532	 6	319,28	123,12	  17,2	  28,3	  33,2	  33,7	  35,3	  37,8	  37,5	  16,8
s	    23,6401	 5	309,41	 82,67	  19,4	  30,0	  35,0	  36,0	  37,6	  38,3	  37,5	  16,8
s	    23,7462	 5	120,58	 85,84	  19,3	  29,8	  33,6	  33,8	  35,4	  37,8	  37,5	  16,8
s	    23,9887	 6	239,66	 88,59	  17,8	  28,4	  33,3	  33,8	  35,4	  37,8	  37,3	  16,6
s	    24,0724	 5	172,80	 30,53	  20,0	  30,0	  33,7	  34,0	  35,5	  37,9	  37,4	  16,7
s	    25,4743	 6	356,65	142,59	  15,6	  26,8	  31,8	  32,2	  33,8	  36,1	  36,2	  14,6
s	    25,6308	 6	 42,97	 55,72	  18,0	  28,2	  31,8	  31,6	  33,3	  36,6	  36,2	  14,6
s	    25,7892	 6	307,08	 91,55	  16,3	  27,0	  32,0	  32,4	  34,0	  36,3	  36,1	  14,5
s	    26,7795	 6	232,46	128,41	  15,8	  26,5	  31,2	  31,3	  33,0	  36,3	  35,9	  14,2
*	    26,8171	 1	167,80	109,81	  -9,3	   0,2	   4,0	   4,9	   6,5	   7,2	   6,2	 -14,7
s	    26,9479	 6	 53,81	 86,10	  18,6	  29,2	  33,0	  33,1	  34,7	  37,2	  36,7	  15,7
s	    27,1754	 7	305,92	 88,67	  16,3	  27,4	  32,4	  32,9	  34,4	  36,8	  36,5	  15,5
s	    27,2539	 6	  5,82	 36,07	  19,3	  29,4	  33,1	  33,3	  34,9	  37,3	  36,6	  15,6
s	    27,2659	 6	196,24	150,49	  16,5	  27,6	  32,5	  33,0	  34,6	  37,0	  36,6	  15,6
s	    27,5700	 6	241,70	 97,41	  17,2	  27,8	  32,7	  33,1	  34,7	  37,1	  36,6	  15,5
*	    28,1449	 1	170,15	107,35	 -10,9	  -1,4	   2,4	   3,3	   4,8	   5,6	   4,5	 -16,5
s	    28,9421	 6	126,08	 51,06	  18,0	  28,3	  32,0	  31,9	  33,5	  36,8	  36,3	  15,1
s	    29,8025	 7	313,57	125,92	  14,3	  25,5	  30,4	  30,5	  32,1	  35,3	  35,2	  13,2
s	    29,8993	 6	117,21	 79,74	  17,6	  27,9	  31,7	  31,9	  33,4	  35,6	  35,3	  13,3
s	    30,2621	 7	346,76	145,35	  15,1	  26,6	  31,7	  32,1	  33,7	  36,0	  35,9	  14,6
s	    30,2869	 7	 46,80	 53,91	  14,8	  26,1	  31,0	  31,2	  32,8	  36,0	  35,9	  14,6
s	    30,5496	 7	303,69	 97,01	  15,8	  26,9	  31,9	  32,3	  33,9	  36,2	  35,9	  14,6
s	    31,7673	 6	163,76	 26,95	  18,0	  28,0	  31,7	  31,8	  33,4	  35,7	  34,9	  12,8
s	    32,7577	 7	 57,52	 80,26	  16,9	  27,4	  31,2	  31,3	  32,8	  35,1	  34,6	  12,4
s	    33,5465	 7	236,66	129,88	  15,0	  26,0	  30,8	  30,9	  32,6	  35,9	  35,3	  13,7
s	    33,8172	 7	208,54	151,46	  14,7	  25,7	  30,6	  31,0	  32,6	  34,8	  34,4	  12,1
s	    34,5354	 7	 13,24	 31,83	  17,4	  27,5	  31,2	  31,3	  32,8	  35,3	  34,3	  11,9
s	    34,9770	 2	237,29	 49,62	  20,5	  30,0	  33,9	  34,8	  36,3	  36,8	  35,8	  14,1
s	    34,9770	 2	122,43	129,86	  19,7	  29,3	  33,2	  34,0	  35,5	  36,1	  34,8	  12,3
s	    35,2873	 7	114,98	 75,84	  16,0	  26,9	  30,7	  30,6	  32,1	  35,3	  35,0	  13,3
s	    35,4206	 3	240,62	 56,38	  20,2	  29,9	  33,8	  34,6	  36,1	  36,7	  35,6	  13,9
s	    35,4206	 3	126,42	136,52	  19,4	  29,2	  33,1	  33,9	  35,4	  36,0	  34,6	  12,1
s	    35,5734	 3	118,92	122,58	  18,4	  28,2	  32,1	  32,7	  34,2	  35,6	  34,6	  12,1
s	    36,2335	 8	309,16	127,79	  13,7	  25,2	  30,1	  30,2	  31,8	  35,0	  34,7	  12,9
s	    36,3065	 7	121,88	 49,66	  15,1	  25,5	  29,2	  28,7	  30,3	  34,4	  34,0	  11,4
s	    36,4923	 8	336,29	147,13	  13,4	  24,9	  29,9	  30,3	  31,8	  34,0	  33,9	  11,3
s	    36,4923	 8	 59,39	 77,39	  12,9	  24,7	  29,8	  30,0	  31,5	  34,6	  34,6	  12,8
s	    36,7506	 8	 23,06	 32,53	  13,6	  25,0	  30,0	  30,1	  31,7	  34,7	  34,6	  12,8
*	    37,3876	 1	169,86	106,69	 -17,8	  -8,6	  -4,8	  -1,3	   1,2	   1,8	   0,2	 -21,7
*	    39,4304	 1	170,16	106,24	 -18,7	  -9,5	  -5,7	  -2,2	   0,2	   0,8	  -0,8	 -22,9
*	    37,1123	 1	168,66	105,50	 -17,6	  -8,5	  -4,6	  -1,1	   1,3	   1,9	   0,3	 -21,5
*	    39,1655	 1	168,99	105,07	 -18,6	  -9,4	  -5,6	  -2,1	   0,4	   1,0	  -0,7	 -22,7
*	    36,9441	 1	167,46	104,29	 -17,5	  -8,4	  -4,5	  -1,1	   1,4	   2,0	   0,4	 -21,4
*	    39,0038	 1	167,82	103,90	 -18,5	  -9,3	  -5,5	  -2,0	   0,5	   1,1	  -0,6	 -22,6
*	    36,8846	 1	166,27	103,07	 -17,5	  -8,3	  -4,5	  -1,0	   1,4	   2,1	   0,5	 -21,4
*	    38,9467	 1	166,67	102,72	 -18,4	  -9,3	  -5,5	  -2,0	   0,5	   1,1	  -0,5	 -22,6
*	    36,9342	 1	165,09	101,85	 -17,5	  -8,3	  -4,5	  -1,0	   1,4	   2,0	   0,5	 -21,4
*	    38,9945	 1	165,52	101,53	 -18,5	  -9,3	  -5,5	  -2,0	   0,5	   1,1	  -0,6	 -22,6
*	    37,0927	 1	163,93	100,63	 -17,6	  -8,4	  -4,6	  -1,1	   1,3	   2,0	   0,4	 -21,5
*	    39,1471	 1	164,38	100,34	 -18,5	  -9,4	  -5,6	  -2,1	   0,4	   1,0	  -0,6	 -22,7
s	    36,9481	 4	131,77	143,27	  18,0	  28,0	  31,9	  32,4	  33,9	  35,3	  34,2	  11,6
s	    36,9918	 8	153,74	 26,35	  14,7	  25,3	  29,0	  28,5	  30,1	  34,0	  33,8	  11,1
s	    37,2458	 8	 51,45	 51,97	  12,7	  23,9	  28,6	  28,3	  30,0	  34,1	  33,7	  11,1
s	    37,6021	 3	 51,81	127,87	  18,4	  28,4	  32,5	  33,3	  34,8	  35,2	  34,2	  11,5
s	    38,0271	 4	 47,59	134,06	  18,1	  28,3	  32,4	  33,2	  34,6	  35,1	  34,0	  11,3
s	    38,1735	 4	 55,62	121,08	  17,8	  27,8	  31,7	  32,2	  33,7	  35,1	  34,0	  11,3
s	    38,3203	 3	234,64	 42,32	  18,8	  28,7	  32,5	  33,1	  34,6	  36,1	  35,1	  13,1
s	    39,2744	 5	245,85	 69,77	  17,9	  28,1	  32,0	  32,5	  34,0	  35,4	  34,5	  12,4
s	    39,2744	 5	137,99	148,90	  17,9	  28,1	  32,0	  32,5	  34,0	  35,4	  34,5	  12,4
s	    39,4923	 5	 42,12	140,32	  16,7	  27,2	  31,2	  31,7	  33,2	  34,5	  33,7	  10,8
s	    39,7042	 5	113,83	109,30	  16,3	  26,5	  30,3	  30,5	  32,0	  34,2	  33,6	  10,8
s	    39,9165	 8	217,33	151,45	  14,2	  25,5	  30,5	  30,9	  32,4	  34,7	  34,0	  11,9
s	    39,9265	 4	229,56	 35,86	  19,1	  29,0	  32,9	  33,7	  35,2	  35,8	  34,5	  12,4
s	    40,2629	 3	306,97	 51,09	  18,8	  29,0	  32,9	  33,7	  35,2	  35,8	  34,8	  12,6
s	    40,2980	 6	244,88	 62,87	  17,1	  27,6	  31,8	  32,3	  33,7	  34,8	  34,4	  12,3
s	    40,6706	 4	303,60	 57,18	  18,5	  28,9	  32,8	  33,6	  35,1	  35,7	  34,6	  12,4
s	    40,8111	 4	311,30	 44,67	  18,2	  28,3	  32,1	  32,6	  34,2	  35,7	  34,6	  12,4
s	    41,0316	 8	240,34	130,99	  12,2	  23,3	  28,0	  27,8	  29,5	  33,5	  33,1	  10,1
s	    41,1046	 6	 37,63	144,32	  14,7	  25,9	  31,0	  31,8	  33,3	  34,6	  34,1	  11,8
s	    41,5015	 8	247,51	104,13	  14,7	  25,7	  30,5	  30,9	  32,5	  34,9	  33,8	  11,5
s	    41,8058	 6	144,29	152,96	  13,8	  24,6	  29,6	  30,0	  31,5	  33,7	  33,2	  10,1
s	    41,9519	 8	112,77	 72,12	  13,3	  24,3	  28,1	  27,6	  29,1	  33,1	  32,9	   9,8
s	    42,1433	 6	 61,33	108,57	  15,8	  26,1	  29,9	  30,1	  31,6	  33,8	  33,1	  10,0
s	    42,1891	 8	140,77	 28,29	  14,0	  24,6	  28,3	  27,8	  29,3	  33,3	  32,9	   9,8
s	    42,2813	 5	223,67	 30,45	  16,0	  26,2	  30,0	  30,2	  31,7	  34,0	  33,2	  10,1
s	    42,3575	 5	316,54	 38,65	  18,6	  28,6	  32,5	  33,3	  34,7	  35,4	  34,0	  11,6
s	    42,9232	 6	111,93	103,61	  16,2	  26,7	  30,6	  30,8	  32,3	  34,4	  33,8	  11,4
s	    43,3074	 8	118,70	 48,74	  14,4	  25,2	  28,9	  28,4	  30,0	  34,1	  33,5	  11,0
*	    43,4132	 1	170,68	105,42	 -12,3	  -2,8	   1,0	   1,8	   3,4	   4,0	   2,6	 -19,8
s	    43,6287	 6	298,67	 68,01	  14,4	  25,7	  30,8	  31,5	  33,0	  34,5	  33,6	  11,2
s	    43,6797	 6	232,32	 35,97	  17,4	  27,7	  31,6	  32,1	  33,6	  35,0	  33,9	  11,4
s	    44,1702	 7	 30,14	149,31	  12,6	  23,9	  28,9	  29,4	  30,9	  32,9	  32,7	   9,4
s	    44,3041	 6	248,20	 73,33	  13,5	  24,4	  29,3	  29,7	  31,2	  33,6	  32,7	   9,5
s	    44,6294	 6	322,37	 33,61	  15,5	  25,9	  29,7	  29,8	  31,3	  33,6	  32,7	   9,4
s	    45,2498	 7	 63,50	103,15	  15,7	  26,3	  30,2	  30,4	  31,9	  34,1	  33,3	  10,7
s	    45,3816	 7	216,34	 25,78	  14,1	  24,7	  28,5	  28,4	  29,9	  32,9	  32,5	   9,1
*	    45,5885	 1	172,37	103,63	 -19,4	  -9,9	  -6,1	  -5,2	  -3,7	  -3,1	  -4,5	 -27,2
s	    45,7934	 7	154,21	157,25	  14,7	  25,5	  30,6	  31,3	  32,8	  34,1	  33,2	  10,5
s	    45,9813	 7	313,72	 38,47	  16,9	  27,4	  31,3	  31,7	  33,2	  34,6	  33,4	  10,7
s	    46,5855	 7	296,35	 73,88	  12,3	  23,7	  28,7	  29,1	  30,6	  32,8	  32,3	   8,8
s	    47,1277	 7	202,42	 21,69	  13,9	  24,5	  28,3	  28,2	  29,7	  32,6	  32,2	   8,7
s	    47,1277	 7	110,19	 98,10	  13,9	  24,5	  28,3	  28,2	  29,7	  32,6	  32,2	   8,7
s	    47,6289	 7	329,28	 29,26	  15,4	  26,2	  30,0	  30,1	  31,6	  34,0	  32,9	  10,1
s	    48,0279	 8	 21,32	153,35	  13,4	  24,8	  30,0	  30,8	  32,2	  33,3	  32,7	   9,9
s	    48,1547	 7	249,92	 78,91	  14,4	  25,4	  30,4	  31,1	  32,6	  34,0	  32,8	  10,0
s	    49,3218	 8	 65,52	 97,86	  13,4	  24,2	  28,0	  27,8	  29,3	  32,3	  31,7	   8,0
s	    50,1064	 8	165,19	160,16	  11,3	  22,6	  27,5	  27,6	  29,1	  32,1	  31,6	   7,8
s	    50,3187	 8	294,35	 79,24	  13,1	  24,7	  29,8	  30,5	  32,0	  33,3	  32,4	   9,3
s	    50,8661	 7	218,12	 42,93	  15,5	  26,4	  30,4	  30,9	  32,3	  33,6	  32,6	   9,5
s	    51,5736	 8	338,01	 25,44	  13,2	  24,1	  27,8	  27,6	  29,1	  32,2	  31,4	   7,5
s	    51,9736	 8	190,02	 18,97	  14,7	  25,3	  29,3	  29,5	  30,9	  32,9	  32,1	   8,9
s	    51,9736	 8	108,70	 93,24	  14,7	  25,3	  29,3	  29,5	  30,9	  32,9	  32,1	   8,9
s	    52,3352	 8	251,30	 83,56	  11,1	  22,5	  27,3	  27,4	  28,9	  32,0	  31,3	   7,3
s	    55,7265	 4	146,92	118,37	  15,2	  25,7	  29,9	  30,8	  32,1	  32,4	  31,2	   6,9
s	    55,8643	 1	179,85	 89,85	  18,1	  27,6	  31,4	  32,2	  33,7	  34,3	  32,6	   9,0
*	    60,9304	 1	188,59	 77,83	  -5,2	   4,3	   8,1	   8,9	  10,4	  10,9	   9,1	 -14,9
*	    56,0908	 1	179,41	 86,74	  -3,4	   6,1	   9,9	  10,7	  12,2	  12,8	  11,0	 -12,5
*	    58,7943	 1	170,27	 95,87	  -4,4	   5,0	   8,8	   9,7	  11,2	  11,7	   9,9	 -13,9
s	    55,9088	 5	149,75	121,62	  13,0	  24,2	  29,4	  30,5	  31,9	  32,2	  31,1	   6,8
s	    56,1931	 2	183,67	 93,66	  17,8	  27,5	  31,3	  32,1	  33,6	  34,2	  32,4	   8,8
s	    56,3066	 2	175,75	 85,76	  16,8	  26,6	  30,4	  30,9	  32,4	  33,8	  32,4	   8,8
s	    57,3336	 3	187,74	 97,67	  15,7	  25,5	  29,2	  29,7	  31,2	  32,6	  31,1	   6,7
s	    57,4455	 3	171,97	 82,05	  16,2	  26,2	  30,0	  30,5	  32,0	  33,4	  31,9	   8,2
s	    57,6541	 5	210,59	 55,58	  15,2	  25,7	  29,8	  30,3	  31,7	  32,9	  31,9	   8,2
s	    58,2352	 5	141,86	114,64	  14,2	  25,2	  29,2	  29,8	  31,2	  32,4	  31,5	   7,8
s	    58,8887	 6	206,21	 51,24	  16,4	  26,5	  30,5	  31,2	  32,6	  33,0	  31,3	   7,5
s	    58,9619	 7	159,56	130,86	  14,4	  25,3	  29,3	  29,7	  31,1	  32,4	  31,2	   7,4
s	    59,0943	 4	191,45	101,23	  15,8	  25,9	  29,7	  30,2	  31,7	  33,1	  31,5	   7,7
s	    59,3479	 6	153,78	128,15	  15,6	  26,2	  30,2	  30,9	  32,4	  32,8	  31,3	   7,4
s	    59,4226	 4	167,99	 78,24	  14,2	  24,3	  28,0	  28,2	  29,7	  31,9	  30,7	   6,1
s	    60,1207	 3	113,06	132,41	  16,4	  26,5	  30,5	  31,4	  32,8	  33,1	  31,7	   7,8
s	    60,2107	 7	202,93	 48,39	  10,7	  22,0	  27,1	  27,5	  29,0	  30,9	  30,3	   5,6
s	    60,4019	 2	193,41	 76,67	  17,4	  26,9	  30,8	  31,6	  33,1	  33,5	  31,8	   7,9
s	    60,4331	 4	115,15	137,31	  16,2	  26,4	  30,4	  31,2	  32,7	  33,0	  31,6	   7,6
s	    60,7132	 3	196,97	 80,40	  17,1	  26,8	  30,7	  31,5	  33,0	  33,4	  31,6	   7,7
s	    60,7744	 7	136,44	106,83	   9,9	  21,7	  26,8	  27,2	  28,7	  30,7	  30,2	   5,4
s	    61,0657	 7	220,55	 69,80	  13,7	  24,7	  29,0	  29,5	  30,8	  31,7	  31,2	   7,2
s	    61,5530	 4	330,31	 63,40	  15,3	  25,9	  30,1	  30,9	  32,3	  32,5	  31,4	   7,4
s	    61,6896	 2	  0,14	 89,86	  16,5	  26,5	  30,4	  31,3	  32,7	  33,2	  31,6	   7,6
s	    61,6975	 5	195,34	104,82	  13,8	  24,0	  27,8	  27,9	  29,4	  31,6	  30,3	   5,4
s	    61,7940	 4	200,65	 84,38	  15,0	  24,8	  28,7	  29,1	  30,6	  31,8	  30,4	   5,5
s	    61,8210	 8	208,51	 50,27	  14,9	  25,4	  29,4	  29,8	  31,2	  32,4	  30,9	   6,9
s	    61,8602	 5	326,96	 67,41	  15,1	  25,8	  30,0	  30,8	  32,1	  32,4	  31,3	   7,2
s	    61,9001	 4	185,71	 69,19	  15,5	  25,5	  29,4	  29,9	  31,4	  32,6	  31,1	   7,1
s	    61,9099	 5	164,39	 74,94	  14,3	  24,7	  28,5	  28,7	  30,2	  32,4	  31,0	   6,9
s	    61,9857	 4	 62,20	131,29	  15,3	  25,8	  30,0	  30,9	  32,2	  32,4	  31,4	   7,3
s	    61,9963	 3	356,58	 93,41	  16,3	  26,4	  30,4	  31,2	  32,6	  33,1	  31,5	   7,4
s	    62,1022	 3	  3,97	 86,04	  16,0	  25,9	  29,7	  30,2	  31,7	  33,1	  31,5	   7,4
s	    62,2913	 5	 59,83	136,00	  15,0	  25,8	  29,9	  30,7	  32,1	  32,3	  31,2	   7,1
s	    63,0612	 4	352,78	 97,16	  14,2	  24,4	  28,3	  28,8	  30,2	  31,5	  30,2	   5,2
s	    63,1658	 4	  7,49	 82,57	  15,4	  25,5	  29,3	  29,8	  31,3	  32,7	  31,0	   6,8
s	    63,6197	 5	204,16	 88,26	  16,2	  26,1	  30,1	  30,8	  32,2	  32,6	  30,8	   6,6
s	    63,7775	 5	181,62	 65,60	  13,6	  23,7	  27,5	  27,7	  29,1	  31,1	  30,0	   5,0
s	    63,9887	 7	204,65	 87,73	  14,6	  24,9	  29,0	  29,4	  30,8	  31,8	  30,5	   6,3
s	    64,1135	 7	321,44	 74,71	  11,1	  22,8	  28,1	  28,8	  30,2	  31,3	  30,5	   6,2
s	    64,4789	 6	109,08	122,71	  13,3	  24,1	  28,1	  28,3	  29,7	  31,6	  30,8	   6,5
s	    64,7089	 5	349,31	100,51	  14,3	  24,9	  28,9	  29,3	  30,8	  32,1	  30,7	   6,3
s	    64,7165	 6	198,83	107,89	  13,8	  24,4	  28,2	  28,3	  29,8	  32,0	  30,5	   6,2
s	    65,0166	 5	 11,22	 78,99	  13,5	  23,7	  27,4	  27,6	  29,1	  31,2	  29,8	   4,7
s	    65,0292	 5	243,22	 37,36	  14,5	  24,6	  28,5	  29,0	  30,5	  31,7	  29,8	   4,7
s	    65,0516	 7	123,81	150,58	  10,3	  21,5	  26,6	  27,0	  28,5	  30,4	  29,6	   4,5
s	    65,2288	 6	160,65	 71,66	  12,2	  22,7	  26,4	  26,3	  27,8	  30,8	  29,7	   4,5
s	    65,3125	 8	322,01	 70,79	  12,3	  23,9	  28,3	  28,8	  30,0	  30,8	  30,5	   6,1
s	    65,3774	 4	296,94	 48,09	  14,9	  25,2	  29,2	  30,0	  31,4	  31,7	  29,9	   4,7
s	    65,6715	 5	295,00	 52,67	  14,7	  25,1	  29,1	  29,9	  31,3	  31,6	  29,7	   4,6
s	    65,8820	 7	107,06	112,66	  12,7	  23,7	  27,7	  27,9	  29,3	  31,2	  30,3	   5,8
s	    65,9353	 3	347,47	 77,50	  15,9	  25,9	  29,9	  30,8	  32,2	  32,4	  30,9	   6,5
s	    65,9428	 6	207,26	 91,70	  13,1	  23,4	  27,3	  27,4	  28,8	  30,9	  29,6	   4,4
s	    66,1453	 6	177,80	 62,52	  13,6	  24,1	  28,0	  28,2	  29,6	  31,6	  30,4	   5,9
s	    66,1495	 6	119,80	147,10	  15,2	  25,8	  29,8	  30,5	  31,9	  32,3	  30,6	   6,1
s	    66,2277	 4	344,12	 80,99	  15,6	  25,8	  29,9	  30,7	  32,1	  32,4	  30,8	   6,3
s	    66,2543	 7	 66,81	122,00	  12,9	  23,9	  27,9	  28,1	  29,5	  31,4	  30,5	   6,0
s	    66,5355	 6	346,48	103,16	  10,3	  21,6	  26,6	  27,0	  28,5	  30,5	  29,5	   4,3
s	    66,7939	 6	302,00	 38,79	  14,1	  24,4	  28,3	  28,7	  30,2	  31,5	  29,5	   4,2
s	    66,8159	 8	 50,34	148,67	   9,1	  20,9	  26,1	  26,5	  27,9	  29,7	  29,3	   4,0
s	    67,2434	 5	340,64	 84,72	  13,5	  23,9	  27,8	  28,3	  29,7	  30,8	  29,5	   4,2
s	    67,3433	 5	354,67	 70,47	  14,8	  24,9	  28,8	  29,3	  30,7	  32,0	  30,3	   5,7
s	    67,3525	 6	 14,60	 75,85	  13,5	  24,1	  27,9	  28,0	  29,5	  31,7	  30,2	   5,6
s	    67,5031	 6	246,39	 41,63	  13,3	  23,8	  27,9	  28,5	  29,8	  30,8	  29,4	   4,0
s	    67,6304	 8	 69,19	112,21	  12,3	  23,4	  27,5	  27,6	  29,0	  31,0	  29,9	   5,3
s	    67,8083	 8	128,12	154,56	  10,3	  21,9	  27,0	  27,5	  28,9	  30,8	  29,9	   5,3
s	    67,8319	 7	292,06	 60,92	  11,0	  22,4	  27,5	  28,2	  29,6	  30,8	  29,2	   3,9
s	    67,8928	 7	 54,66	145,46	  14,0	  25,1	  29,3	  30,0	  31,4	  31,6	  30,2	   5,6
s	    68,5496	 7	202,43	110,88	  11,6	  22,3	  26,1	  25,9	  27,4	  30,4	  29,1	   3,7
s	    68,7556	 5	 51,20	127,73	  13,7	  24,7	  29,0	  29,9	  31,2	  31,2	  30,4	   5,7
s	    68,8246	 7	210,20	 94,94	  13,2	  23,8	  27,7	  27,8	  29,3	  31,3	  29,9	   5,2
s	    68,8446	 7	157,32	 68,91	  12,1	  23,0	  26,8	  26,7	  28,1	  31,1	  29,9	   5,2
s	    68,9627	 6	337,30	 88,36	  14,7	  25,1	  29,2	  30,0	  31,3	  31,5	  30,0	   5,3
s	    69,0391	 6	 48,44	131,87	  13,4	  24,7	  29,0	  29,8	  31,1	  31,2	  30,2	   5,5
s	    69,1115	 6	358,49	 67,07	  12,8	  23,1	  27,0	  27,1	  28,5	  30,5	  29,2	   3,7
s	    69,1326	 7	236,78	 28,50	  13,1	  23,8	  27,6	  27,8	  29,2	  31,3	  29,9	   5,1
s	    69,1370	 6	 53,85	123,22	  13,1	  24,1	  28,3	  28,8	  30,2	  31,1	  30,2	   5,5
s	    69,2212	 7	298,42	 42,79	  12,9	  23,6	  27,7	  28,2	  29,6	  30,5	  29,0	   3,6
s	    69,2486	 7	343,16	106,15	  10,4	  22,0	  27,0	  27,4	  28,9	  31,0	  29,8	   5,1
s	    69,3107	 8	336,83	 87,86	  13,2	  23,9	  28,1	  28,6	  29,9	  30,8	  29,7	   5,0
s	    69,5637	 7	173,42	 59,31	  12,6	  22,9	  26,8	  27,0	  28,4	  30,2	  29,0	   3,5
s	    70,0247	 7	 45,09	136,17	  12,1	  23,6	  27,9	  28,4	  29,7	  30,6	  30,0	   5,2
s	    70,0343	 8	290,61	 65,57	   9,6	  21,0	  26,1	  26,5	  27,9	  29,8	  28,8	   3,3
s	    70,0506	 8	118,17	146,75	  13,3	  24,4	  28,4	  28,8	  30,2	  31,4	  29,9	   5,0
s	    70,1216	 7	 56,04	119,05	  12,8	  24,0	  28,2	  28,6	  30,0	  31,0	  30,0	   5,1
s	    70,4813	 7	 18,13	 72,71	  11,5	  22,2	  25,9	  25,7	  27,2	  30,2	  28,9	   3,3
s	    70,5650	 7	335,05	 90,82	   9,7	  21,0	  26,1	  26,5	  27,9	  29,8	  28,9	   3,3
s	    70,8214	 8	309,03	 30,32	  12,8	  23,6	  27,4	  27,5	  29,0	  31,1	  29,5	   4,6
s	    70,8274	 3	204,16	 67,51	  15,4	  25,4	  29,5	  30,3	  31,7	  31,9	  30,3	   5,4
s	    70,8903	 8	241,61	 32,66	  12,2	  22,9	  26,9	  27,0	  28,4	  30,3	  28,7	   3,1
s	    70,9721	 8	247,32	 41,66	  10,7	  22,1	  26,3	  26,6	  27,9	  29,5	  28,7	   3,1
s	    70,9933	 8	254,10	 69,30	  10,7	  22,0	  27,0	  27,4	  28,9	  30,9	  29,5	   4,6
s	    71,1047	 4	207,26	 71,01	  15,2	  25,4	  29,4	  30,2	  31,6	  31,9	  30,2	   5,3
s	    71,2005	 4	200,65	 63,81	  14,1	  24,4	  28,5	  29,0	  30,4	  31,4	  30,2	   5,2
s	    71,3476	 7	  2,05	 64,13	  12,9	  23,6	  27,4	  27,6	  29,0	  31,1	  29,6	   4,6
s	    71,9377	 8	105,53	108,61	  11,4	  22,4	  26,3	  26,4	  27,8	  29,7	  28,6	   2,9
s	    72,0692	 5	210,42	 74,79	  13,8	  24,3	  28,3	  28,9	  30,2	  31,3	  29,9	   4,9
s	    72,4253	 3	154,39	113,16	  14,5	  24,6	  28,6	  29,4	  30,8	  31,0	  29,1	   3,3
s	    72,4953	 8	213,18	 98,18	  11,1	  21,8	  25,6	  25,4	  26,9	  29,7	  28,5	   2,7
s	    72,5881	 8	205,61	113,38	  11,6	  22,6	  26,4	  26,2	  27,7	  30,7	  29,3	   4,3
s	    72,6981	 4	157,57	116,57	  14,3	  24,5	  28,5	  29,3	  30,7	  30,9	  28,9	   3,1
s	    72,7471	 8	339,72	109,12	   8,3	  20,0	  25,0	  25,0	  26,5	  29,4	  28,5	   2,7
s	    72,7784	 8	169,97	 57,02	  11,5	  22,5	  26,3	  26,2	  27,6	  30,5	  29,3	   4,2
s	    72,7924	 4	151,14	109,42	  13,2	  23,6	  27,6	  28,1	  29,5	  30,5	  28,9	   3,1
s	    73,1661	 8	332,20	 93,94	   9,8	  21,4	  26,5	  27,0	  28,4	  30,3	  29,2	   4,1
s	    73,2467	 8	153,91	 66,26	  10,0	  20,9	  24,7	  24,2	  25,7	  29,4	  28,4	   2,6
s	    73,5656	 6	213,18	 78,24	  13,2	  23,9	  27,9	  28,4	  29,8	  30,9	  29,4	   4,3
s	    73,6469	 5	161,17	120,11	  12,9	  23,4	  27,5	  28,0	  29,4	  30,4	  28,7	   2,8
s	    73,8456	 6	193,41	 57,14	  11,7	  22,3	  26,2	  26,4	  27,8	  29,6	  28,6	   2,7
s	    73,9043	 8	 21,29	 70,05	  11,4	  22,5	  26,3	  26,1	  27,6	  30,6	  29,1	   4,0
s	    74,5867	 8	  6,14	 61,02	  11,9	  22,4	  26,3	  26,4	  27,8	  29,7	  28,3	   2,3
s	    75,1197	 6	164,66	123,23	  13,1	  23,8	  27,8	  28,3	  29,6	  30,7	  29,2	   3,9
s	    75,3953	 6	145,41	102,26	  11,5	  22,1	  26,1	  26,3	  27,7	  29,5	  28,4	   2,3
s	    75,7857	 8	291,32	 56,20	  10,1	  21,6	  26,7	  27,4	  28,8	  29,9	  28,1	   2,0
s	    75,7870	 4	337,30	 68,68	  14,0	  24,5	  28,7	  29,5	  30,9	  31,0	  29,6	   4,3
s	    75,7938	 7	215,96	 81,85	  11,3	  22,1	  26,0	  26,2	  27,5	  29,4	  28,2	   2,1
s	    75,9764	 7	189,75	 54,24	  11,8	  22,7	  26,8	  26,9	  28,3	  30,2	  29,0	   3,7
s	    76,0507	 5	334,34	 71,98	  13,8	  24,5	  28,6	  29,4	  30,8	  30,9	  29,4	   4,1
s	    76,1418	 5	340,64	 65,19	  13,5	  24,0	  28,0	  28,5	  29,9	  30,9	  29,4	   4,1
s	    76,9681	 6	331,30	 75,54	  12,4	  23,4	  27,6	  28,1	  29,4	  30,4	  29,2	   3,8
s	    77,3138	 7	168,55	126,36	  11,1	  21,9	  25,9	  26,0	  27,4	  29,3	  28,0	   1,8
s	    77,4937	 7	142,90	 98,95	  11,6	  22,6	  26,6	  26,8	  28,2	  30,0	  28,8	   3,3
s	    77,5243	 7	163,95	 98,52	  10,7	  22,5	  27,0	  27,5	  28,8	  29,4	  29,0	   3,6
s	    78,3933	 7	328,63	 78,80	  11,8	  23,0	  27,2	  27,7	  29,0	  29,9	  28,7	   3,1
s	    78,3999	 8	218,39	 85,06	  11,3	  22,5	  26,5	  26,6	  28,0	  29,9	  28,6	   3,0
s	    78,6602	 7	347,47	 58,85	  11,0	  21,8	  25,8	  25,9	  27,3	  29,1	  27,9	   1,5
s	    78,8443	 8	185,71	 51,39	   9,8	  20,8	  24,8	  24,6	  26,0	  28,7	  27,7	   1,4
s	    79,8820	 8	172,26	129,02	  11,2	  22,3	  26,4	  26,5	  27,9	  29,8	  28,4	   2,7
s	    79,9809	 8	326,53	 81,45	   8,0	  19,7	  24,9	  25,3	  26,7	  28,4	  27,6	   1,2
s	    80,3201	 8	140,37	 95,53	   9,6	  20,7	  24,7	  24,5	  25,9	  28,5	  27,6	   1,1
s	    80,6935	 8	350,90	 56,07	  11,1	  22,3	  26,3	  26,4	  27,8	  29,7	  28,3	   2,6
s	    81,7284	 5	 10,56	100,17	  12,7	  23,7	  27,9	  28,7	  30,0	  30,1	  28,7	   2,8
s	    81,9773	 6	  7,65	103,08	  12,5	  23,7	  27,8	  28,6	  29,8	  30,0	  28,5	   2,7
s	    82,1111	 6	 13,85	 96,77	  12,3	  23,5	  27,8	  28,6	  29,9	  29,9	  28,6	   2,7
s	    82,8441	 7	  4,47	106,16	  10,4	  21,7	  25,8	  26,3	  27,5	  28,4	  27,3	   0,6
s	    82,9295	 7	 16,42	 94,07	  11,6	  22,8	  26,8	  27,3	  28,6	  29,6	  28,1	   2,1
s	    83,0760	 8	 15,18	 98,08	  10,0	  22,0	  26,5	  27,0	  28,2	  28,9	  28,3	   2,3
s	    83,7730	 4	108,12	133,39	  13,3	  23,4	  27,5	  28,3	  29,7	  29,7	  27,6	   0,8
s	    84,0173	 5	109,42	137,28	  13,1	  23,3	  27,5	  28,2	  29,6	  29,6	  27,5	   0,7
s	    84,3171	 8	  1,26	109,12	  10,7	  22,6	  27,0	  27,8	  29,0	  28,9	  27,9	   1,8
s	    84,4449	 8	 19,33	 90,98	   9,8	  21,0	  25,0	  25,1	  26,4	  28,2	  27,0	   0,2
s	    84,8679	 6	111,03	141,42	  11,8	  22,3	  26,4	  26,9	  28,2	  29,1	  27,3	   0,4
s	    85,2366	 5	 67,94	132,67	  12,2	  22,8	  27,1	  27,9	  29,2	  29,1	  27,3	   0,4
s	    85,4777	 6	 66,42	136,47	  12,0	  22,8	  27,0	  27,8	  29,1	  29,0	  27,2	   0,2
s	    86,0727	 7	 65,00	139,58	   8,7	  20,3	  25,6	  26,4	  27,7	  28,4	  27,0	   0,0
s	    86,4395	 7	104,95	121,21	  10,4	  21,2	  25,3	  25,5	  26,9	  28,5	  27,0	  -0,1
s	    87,0459	 5	106,49	129,36	  11,8	  22,3	  26,3	  26,8	  28,2	  29,1	  27,1	   0,0
s	    87,8684	 8	 71,71	120,77	   9,3	  20,6	  24,9	  25,1	  26,4	  27,9	  26,7	  -0,5
s	    87,8736	 6	105,53	125,58	  11,5	  22,2	  26,2	  26,7	  28,0	  29,0	  26,9	  -0,2
s	    88,0390	 5	291,63	 46,94	  12,8	  23,4	  27,6	  28,4	  29,7	  29,6	  28,0	   1,6
s	    88,2740	 6	290,33	 50,66	  12,5	  23,3	  27,6	  28,3	  29,6	  29,5	  27,9	   1,5
s	    88,4671	 6	 69,88	128,77	  10,7	  21,7	  25,9	  26,4	  27,7	  28,6	  26,8	  -0,4
s	    89,0815	 7	112,04	144,96	  11,2	  22,1	  26,1	  26,5	  27,9	  28,9	  26,7	  -0,6
s	    89,2845	 7	 71,01	125,08	  10,5	  21,6	  25,8	  26,3	  27,6	  28,5	  26,6	  -0,6
s	    89,5690	 4	252,70	 46,18	  13,6	  23,8	  27,9	  28,6	  30,0	  30,1	  28,0	   1,4
s	    89,8009	 5	253,74	 49,90	  13,4	  23,8	  27,8	  28,5	  29,9	  30,1	  27,8	   1,3
s	    89,8811	 5	251,42	 42,18	  12,3	  22,8	  26,9	  27,4	  28,7	  29,6	  27,8	   1,2
s	    90,0071	 4	215,58	 59,63	  13,8	  23,3	  27,3	  28,1	  29,4	  29,4	  26,8	  -0,5
s	    90,2381	 5	218,02	 62,75	  13,5	  23,3	  27,2	  28,0	  29,2	  29,3	  26,7	  -0,7
s	    90,6088	 6	254,74	 53,88	  12,1	  22,7	  26,8	  27,2	  28,6	  29,5	  27,6	   1,0
s	    90,6884	 6	250,06	 38,53	  12,1	  22,7	  26,8	  27,2	  28,6	  29,5	  27,6	   1,0
s	    91,0429	 6	220,49	 66,12	  12,2	  22,2	  26,2	  26,7	  27,9	  28,8	  26,5	  -1,0
s	    91,7541	 7	288,92	 53,48	   9,0	  20,7	  25,9	  26,7	  28,0	  28,9	  27,4	   0,6
s	    91,8670	 7	255,56	 57,51	  11,8	  22,6	  26,6	  27,0	  28,4	  29,4	  27,4	   0,6
s	    92,0652	 7	294,19	 39,37	  11,0	  22,2	  26,3	  26,8	  28,1	  29,0	  27,4	   0,6
s	    92,1030	 7	248,36	 34,69	  10,7	  21,7	  25,7	  25,9	  27,2	  29,0	  27,3	   0,6
s	    92,4126	 7	222,79	 69,47	  12,5	  23,0	  27,2	  27,9	  29,2	  29,1	  27,1	   0,3
s	    93,2730	 8	256,18	 60,47	   8,4	  20,0	  25,1	  25,5	  26,9	  28,7	  27,1	   0,2
s	    93,4633	 8	296,16	 35,63	   9,6	  21,1	  25,3	  25,4	  26,7	  28,4	  27,1	   0,2
s	    93,7679	 5	 33,70	118,85	  11,7	  22,1	  26,2	  25,7	  26,0	  26,1	  24,3	  -2,7
s	    93,9916	 6	 31,17	121,79	  11,4	  22,1	  26,1	  25,6	  25,9	  26,1	  24,1	  -2,8
s	    94,0689	 6	 36,27	115,64	  11,1	  21,6	  25,5	  24,7	  25,0	  26,1	  24,1	  -2,8
s	    94,1676	 5	326,30	 60,80	  12,5	  22,6	  26,6	  27,4	  28,7	  28,6	  26,2	  -1,5
s	    94,1733	 8	224,78	 72,52	  10,5	  20,8	  24,7	  24,8	  26,1	  27,8	  25,9	  -1,8
s	    94,1856	 6	292,01	 42,93	  11,1	  22,2	  26,3	  26,7	  28,1	  29,1	  27,2	   0,3
s	    94,3905	 6	323,90	 63,78	  12,2	  22,5	  26,6	  27,3	  28,6	  28,5	  26,1	  -1,6
s	    94,7711	 7	 28,27	124,87	  10,0	  21,6	  25,9	  26,4	  27,6	  28,3	  27,1	   0,0
s	    94,8479	 7	 38,52	112,64	  10,9	  21,5	  25,4	  24,5	  24,8	  26,0	  23,9	  -3,1
s	    95,1674	 7	321,48	 67,00	  10,9	  21,5	  25,5	  26,0	  27,3	  28,0	  25,9	  -1,9
s	    96,4904	 8	319,21	 70,19	  11,2	  22,2	  26,6	  27,3	  28,5	  28,3	  26,5	  -0,6
s	    97,3279	 7	330,63	 54,26	  11,5	  21,9	  25,7	  26,1	  27,4	  28,5	  25,7	  -2,3
s	    99,1571	 8	326,99	 56,21	   9,5	  20,7	  25,0	  25,4	  26,7	  27,4	  25,4	  -2,7
s	   102,2435	 5	187,44	 97,38	  10,0	  20,8	  25,6	  26,3	  27,8	  28,9	  26,2	  -1,4
s	   105,2724	 6	196,13	 88,82	  10,6	  21,2	  26,2	  27,2	  28,5	  28,6	  25,8	  -2,1
s	   105,5233	 8	196,48	 88,46	   9,1	  20,0	  25,1	  25,8	  27,1	  27,9	  25,6	  -2,4
s	   107,9763	 6	352,89	 97,06	   8,6	  19,9	  24,9	  25,6	  27,0	  28,0	  25,5	  -2,6
s	   108,0867	 5	222,79	 55,67	  11,3	  21,9	  26,2	  27,0	  28,2	  28,0	  25,9	  -2,3
s	   108,2862	 6	224,78	 58,48	  11,1	  21,9	  26,1	  26,9	  28,1	  27,9	  25,7	  -2,5
s	   108,9822	 7	226,78	 61,52	   9,8	  20,9	  25,1	  25,6	  26,8	  27,4	  25,6	  -2,7
s	   110,0687	 8	228,51	 64,33	   9,5	  20,7	  25,0	  25,4	  26,7	  27,3	  25,3	  -3,0
s	   110,4151	 5	136,28	124,51	  10,4	  21,0	  25,3	  26,1	  27,3	  27,0	  24,6	  -4,5
s	   110,6112	 6	138,34	127,25	  10,2	  21,0	  25,2	  26,0	  27,2	  27,0	  24,5	  -4,7
s	   110,6227	 2	179,91	 89,91	  13,1	  22,8	  26,5	  27,3	  28,7	  28,9	  24,9	  -4,3
s	   110,6790	 6	134,21	121,51	   9,2	  20,0	  24,3	  24,8	  26,0	  26,6	  24,5	  -4,7
s	   110,8185	 3	182,18	 92,18	  12,4	  22,5	  26,4	  27,2	  28,6	  28,7	  25,8	  -2,6
s	   110,8770	 7	344,55	 88,87	   9,2	  20,3	  25,5	  26,5	  27,8	  27,7	  25,1	  -3,3
s	   110,8862	 3	177,47	 87,47	  11,8	  21,8	  25,5	  26,0	  27,4	  28,5	  24,8	  -4,4
s	   111,2953	 7	140,72	130,15	   8,9	  20,0	  24,2	  24,7	  25,9	  26,5	  24,3	  -4,9
s	   111,3621	 4	175,76	 85,77	   8,8	  19,8	  24,8	  25,5	  27,0	  27,9	  25,4	  -3,1
s	   111,3628	 7	132,41	118,73	   8,9	  20,0	  24,2	  24,7	  25,9	  26,5	  24,3	  -4,9
s	   111,5016	 4	184,62	 94,60	  11,6	  21,7	  25,5	  25,9	  27,3	  28,4	  24,6	  -4,6
s	   111,6959	 6	319,21	 56,70	  10,1	  21,2	  25,6	  26,4	  27,6	  27,2	  25,4	  -3,1
s	   111,7614	 6	287,91	 46,30	  10,1	  20,8	  25,1	  25,9	  27,1	  26,7	  24,4	  -4,9
s	   111,8901	 7	317,23	 59,40	   9,9	  21,2	  25,6	  26,3	  27,5	  27,2	  25,3	  -3,3
s	   111,9556	 7	287,00	 49,41	   9,9	  20,7	  25,0	  25,8	  27,0	  26,6	  24,2	  -5,1
s	   112,3634	 8	143,09	132,75	   8,6	  19,8	  24,1	  24,5	  25,8	  26,3	  24,1	  -5,2
s	   112,5641	 8	130,60	115,74	   7,6	  18,9	  23,1	  23,4	  24,6	  25,9	  24,1	  -5,3
s	   112,5679	 8	315,23	 62,33	   8,6	  20,2	  24,5	  25,0	  26,2	  26,7	  25,1	  -3,5
s	   112,6998	 8	290,14	 39,89	   8,6	  19,7	  24,0	  24,5	  25,7	  26,1	  24,1	  -5,3
s	   112,7685	 5	172,79	 82,84	   9,7	  20,0	  23,7	  23,8	  25,2	  27,0	  24,4	  -5,0
s	   112,8778	 5	104,33	133,97	  11,0	  21,6	  25,9	  26,7	  27,9	  27,6	  25,4	  -3,2
s	   113,0704	 6	105,14	137,08	  10,8	  21,6	  25,8	  26,6	  27,8	  27,5	  25,3	  -3,4
s	   113,3693	 3	188,07	 81,84	  12,7	  22,4	  26,3	  27,0	  28,4	  28,5	  24,5	  -4,9
s	   113,5612	 4	190,28	 84,09	  12,0	  22,2	  26,2	  26,9	  28,3	  28,2	  25,4	  -3,2
s	   113,7423	 7	106,12	140,39	   9,5	  20,6	  24,8	  25,3	  26,5	  27,0	  25,1	  -3,6
s	   113,9636	 6	 41,72	123,50	   9,2	  20,3	  24,7	  25,5	  26,7	  26,3	  24,2	  -5,3
s	   114,0940	 5	183,96	 77,76	   8,4	  19,4	  24,5	  25,3	  26,6	  27,4	  25,0	  -3,7
s	   114,1479	 6	 72,46	133,51	  10,0	  21,2	  25,5	  26,3	  27,5	  27,3	  25,2	  -3,6
s	   114,1547	 7	 39,68	126,15	   9,0	  20,3	  24,7	  25,4	  26,6	  26,3	  24,0	  -5,5
s	   114,1708	 6	189,27	 99,15	   9,4	  19,8	  23,5	  23,6	  25,0	  26,9	  24,1	  -5,4
s	   114,2208	 7	 43,79	120,62	   8,7	  19,8	  24,0	  24,5	  25,7	  26,3	  24,0	  -5,5
s	   114,2308	 5	192,63	 86,51	  11,2	  21,3	  25,2	  25,6	  27,0	  27,9	  24,2	  -5,3
s	   114,3030	 6	170,56	 80,69	   9,2	  20,1	  24,0	  24,2	  25,5	  27,3	  24,9	  -3,8
s	   114,3118	 7	320,62	 53,44	   9,5	  20,6	  24,8	  25,2	  26,5	  27,2	  25,0	  -3,7
s	   114,3387	 7	 71,49	136,57	   9,7	  21,2	  25,4	  26,2	  27,4	  27,2	  25,0	  -3,7
s	   114,4047	 7	 73,40	130,22	   8,7	  20,2	  24,5	  25,0	  26,2	  26,8	  25,0	  -3,7
s	   114,8214	 8	 37,33	128,93	   7,7	  19,3	  23,7	  24,1	  25,3	  25,8	  23,8	  -5,7
s	   114,8871	 8	 45,59	117,94	   8,5	  19,7	  23,9	  24,4	  25,6	  26,2	  23,8	  -5,7
s	   114,9778	 8	322,81	 50,86	   9,2	  20,6	  24,7	  25,1	  26,4	  27,1	  24,9	  -3,9
s	   115,0702	 8	 74,19	127,18	   8,5	  20,1	  24,4	  24,9	  26,1	  26,7	  24,8	  -4,0
s	   115,3763	 8	286,00	 51,81	   6,4	  18,2	  23,5	  24,2	  25,5	  26,0	  23,8	  -5,8
s	   115,4730	 6	180,96	 74,90	   9,3	  19,6	  23,4	  23,5	  24,9	  26,6	  24,0	  -5,6
s	   116,0671	 7	191,46	101,24	   9,6	  20,3	  24,1	  24,2	  25,6	  27,5	  24,6	  -4,3
s	   116,3927	 7	168,20	 78,44	   8,0	  18,7	  22,4	  22,2	  23,6	  26,3	  23,8	  -5,9
s	   116,4332	 5	255,97	 45,75	  10,8	  21,1	  25,2	  25,9	  27,2	  27,0	  24,0	  -5,7
s	   116,4481	 3	  0,08	 89,92	  11,8	  21,9	  25,8	  26,6	  28,0	  28,1	  24,2	  -5,5
s	   116,6209	 6	256,67	 48,78	  10,6	  21,0	  25,1	  25,8	  27,1	  27,0	  23,9	  -5,8
s	   116,6358	 4	357,91	 92,09	  11,0	  21,7	  25,8	  26,5	  27,8	  27,8	  25,1	  -3,8
s	   116,7007	 4	  2,43	 87,58	  10,5	  20,9	  24,9	  25,3	  26,7	  27,6	  24,1	  -5,6
s	   116,7707	 7	102,65	127,70	   9,3	  20,5	  24,6	  25,1	  26,3	  27,0	  24,8	  -4,2
s	   116,8485	 7	197,04	 91,09	   9,0	  19,5	  23,3	  23,3	  24,7	  26,4	  23,8	  -6,0
s	   116,8918	 7	247,81	 47,08	   9,6	  20,4	  24,7	  25,5	  26,7	  26,2	  23,8	  -6,0
s	   116,9781	 7	178,69	 72,81	   8,8	  19,7	  23,7	  23,9	  25,2	  26,8	  24,5	  -4,4
s	   117,1570	 5	  4,06	 85,95	   8,5	  19,6	  24,6	  25,3	  26,7	  27,6	  25,0	  -4,0
s	   117,2909	 5	355,57	 94,42	  10,2	  20,9	  24,8	  25,2	  26,6	  27,5	  23,9	  -5,8
s	   117,3407	 7	254,26	 39,49	   9,3	  20,0	  24,1	  24,5	  25,8	  26,4	  23,7	  -6,1
s	   117,9265	 8	102,03	124,48	   8,0	  19,5	  23,6	  23,8	  25,0	  26,5	  24,6	  -4,5
s	   118,4918	 8	253,20	 36,30	   8,0	  19,0	  23,0	  23,2	  24,5	  25,9	  23,5	  -6,4
s	   118,5065	 6	  6,92	 83,13	   9,2	  19,6	  23,3	  23,3	  24,7	  26,6	  23,7	  -6,2
s	   118,6282	 8	  9,59	112,42	   6,8	  18,6	  23,8	  24,5	  25,8	  26,5	  24,3	  -4,9
s	   118,7093	 8	199,09	 93,22	   9,2	  20,0	  23,9	  23,9	  25,3	  27,0	  24,3	  -4,9
s	   118,7223	 8	166,04	 76,44	   8,2	  19,2	  23,0	  22,8	  24,2	  26,8	  24,3	  -4,9
s	   119,0833	 4	352,26	 82,17	  11,4	  21,6	  25,6	  26,4	  27,7	  27,6	  23,9	  -6,1
s	   119,1920	 8	176,08	 70,49	   8,7	  19,2	  23,1	  23,1	  24,4	  26,0	  23,4	  -6,5
s	   119,2676	 5	350,13	 84,33	  10,6	  21,4	  25,5	  26,3	  27,5	  27,4	  24,8	  -4,4
s	   119,3739	 7	 24,63	112,48	   7,9	  20,0	  24,6	  25,4	  26,5	  26,0	  24,5	  -4,7
s	   119,7793	 6	356,20	 78,25	   8,1	  19,3	  24,4	  25,1	  26,4	  27,2	  24,6	  -4,6
s	   119,8531	 7	351,11	 98,78	   8,1	  19,0	  22,9	  22,9	  24,3	  26,0	  23,5	  -6,5
s	   119,8997	 8	244,31	 51,01	   7,2	  18,7	  24,1	  25,1	  26,3	  25,9	  23,4	  -6,7
s	   119,9107	 6	347,87	 86,65	   9,9	  20,5	  24,5	  25,0	  26,3	  27,0	  23,6	  -6,4
s	   119,9800	 7	  9,05	 81,06	   8,6	  19,7	  23,6	  23,7	  25,1	  26,8	  24,2	  -5,0
s	   120,2189	 7	141,30	121,88	   7,9	  19,5	  24,0	  24,8	  25,9	  25,4	  23,4	  -6,6
s	   120,2428	 7	257,59	 51,87	   9,1	  19,9	  24,0	  24,3	  25,6	  26,5	  23,4	  -6,6
s	   120,3061	 8	254,62	 39,58	   7,9	  18,8	  22,9	  23,1	  24,3	  25,8	  23,3	  -6,7
s	   120,4017	 8	143,30	124,36	   7,7	  19,4	  24,0	  24,7	  25,8	  25,4	  23,3	  -6,7
s	   120,4650	 8	139,26	119,17	   6,6	  18,5	  23,0	  23,6	  24,7	  24,9	  23,3	  -6,8
s	   121,0811	 4	195,75	 74,66	  10,8	  21,3	  25,4	  26,2	  27,5	  27,3	  24,7	  -4,6
s	   121,1044	 7	359,08	 75,50	   8,8	  19,2	  23,0	  23,1	  24,4	  26,1	  23,3	  -6,8
s	   121,2454	 8	258,14	 54,80	   8,8	  19,8	  23,8	  24,2	  25,5	  26,3	  23,2	  -6,9
s	   121,2629	 5	197,83	 76,85	  10,5	  21,2	  25,4	  26,1	  27,4	  27,2	  24,6	  -4,8
s	   121,3257	 5	193,46	 72,32	   9,5	  20,3	  24,4	  25,0	  26,2	  26,8	  24,6	  -4,8
s	   121,6756	 8	349,00	100,80	   8,3	  19,5	  23,5	  23,5	  24,9	  26,6	  24,0	  -5,4
s	   121,9598	 6	191,29	 70,19	   9,2	  20,2	  24,4	  24,8	  26,1	  26,7	  24,4	  -5,0
s	   121,9888	 8	 11,32	 78,89	   7,5	  18,3	  22,0	  21,8	  23,2	  25,8	  23,2	  -7,0
s	   122,4272	 8	343,63	 91,04	   7,7	  18,7	  22,6	  22,7	  24,0	  25,6	  23,1	  -7,1
s	   122,5519	 8	  1,26	 73,48	   8,2	  19,4	  23,4	  23,5	  24,8	  26,4	  23,9	  -5,6
s	   123,0749	 7	188,92	 67,94	   7,2	  18,3	  22,4	  22,5	  23,8	  25,2	  23,2	  -7,1
s	   123,6262	 7	322,88	 58,75	   9,2	  20,5	  24,8	  25,6	  26,7	  26,3	  24,1	  -5,4
s	   123,8049	 8	320,99	 61,18	   8,2	  20,0	  24,5	  25,3	  26,4	  25,9	  24,0	  -5,6
s	   124,3374	 6	237,51	 49,73	   9,4	  20,0	  24,3	  25,1	  26,3	  25,8	  23,1	  -7,2
s	   124,3802	 8	204,07	 83,72	   6,9	  18,2	  22,2	  22,3	  23,6	  25,0	  22,9	  -7,5
s	   124,5032	 8	186,70	 65,93	   7,4	  18,8	  23,0	  23,1	  24,4	  25,8	  23,7	  -5,9
s	   124,5152	 7	238,90	 52,44	   9,1	  19,9	  24,3	  25,0	  26,2	  25,7	  23,0	  -7,4
s	   125,1357	 8	240,29	 55,35	   7,8	  18,9	  23,3	  23,7	  24,9	  25,2	  22,9	  -7,6
s	   126,2986	 6	166,72	106,75	   8,0	  19,4	  24,6	  25,6	  26,9	  26,7	  24,0	  -5,8
s	   126,5035	 5	344,87	 75,22	   9,5	  20,5	  24,8	  25,6	  26,8	  26,4	  24,1	  -5,8
s	   126,6787	 6	342,86	 77,33	   9,2	  20,5	  24,7	  25,5	  26,7	  26,4	  24,0	  -5,9
s	   126,7393	 6	347,08	 72,97	   8,2	  19,5	  23,8	  24,3	  25,5	  26,0	  23,9	  -5,9
s	   127,3404	 7	236,50	 46,71	   7,9	  19,0	  23,2	  23,7	  24,9	  25,3	  22,8	  -7,9
s	   127,3508	 7	349,16	 70,92	   8,7	  19,9	  24,0	  24,4	  25,7	  26,3	  23,8	  -6,1
s	   127,8509	 6	 18,23	103,08	   8,1	  19,6	  23,8	  24,3	  25,5	  26,1	  23,8	  -6,1
s	   127,9495	 8	234,90	 44,10	   7,7	  18,9	  23,1	  23,6	  24,8	  25,2	  22,6	  -8,1
s	   128,3480	 8	323,42	 55,36	   8,4	  19,9	  23,9	  24,3	  25,6	  26,4	  23,6	  -6,4
s	   128,4266	 8	351,44	 68,75	   6,6	  17,9	  22,0	  22,1	  23,3	  24,7	  22,5	  -8,2
s	   128,4579	 7	 11,68	109,79	   8,9	  20,3	  24,6	  25,3	  26,5	  26,2	  23,7	  -6,3
s	   129,5260	 8	 22,21	 98,72	   6,6	  18,0	  22,0	  22,0	  23,3	  24,9	  22,4	  -8,4
s	   129,5737	 5	172,80	 96,99	  10,0	  20,6	  24,7	  25,4	  26,6	  26,5	  22,7	  -8,2
s	   129,7455	 6	174,80	 98,99	   9,2	  20,4	  24,6	  25,3	  26,5	  26,3	  23,6	  -6,5
s	   129,8378	 6	170,52	 94,67	   8,8	  20,0	  24,3	  25,1	  26,3	  25,9	  22,6	  -8,3
s	   130,2225	 7	169,19	 93,31	   6,0	  17,9	  23,2	  23,9	  25,1	  25,7	  23,4	  -6,7
s	   130,3450	 7	176,97	101,12	   8,5	  19,6	  23,6	  24,0	  25,2	  26,0	  22,4	  -8,5
s	   131,4589	 8	166,63	 90,68	   5,9	  17,5	  21,6	  21,7	  22,8	  24,2	  22,2	  -8,8
s	   131,4912	 8	302,99	 49,90	   7,0	  18,9	  23,4	  24,1	  25,2	  24,8	  22,3	  -8,8
s	   131,7419	 7	 12,77	106,15	   6,7	  18,6	  24,0	  25,0	  26,2	  25,9	  23,4	  -6,9
s	   133,0315	 5	156,96	111,24	   9,1	  20,1	  24,4	  25,2	  26,4	  26,0	  23,5	  -6,9
s	   133,1995	 6	158,91	113,32	   8,9	  20,1	  24,4	  25,1	  26,3	  26,0	  23,4	  -7,1
s	   133,2542	 6	230,01	 52,42	   8,9	  19,5	  23,8	  24,6	  25,7	  25,2	  22,3	  -8,9
s	   133,2576	 6	154,92	108,97	   7,8	  19,2	  23,4	  24,0	  25,1	  25,5	  23,3	  -7,1
s	   133,4219	 7	231,54	 54,88	   8,6	  19,4	  23,7	  24,5	  25,6	  25,1	  22,2	  -9,0
s	   133,5308	 7	146,25	118,92	   8,1	  19,1	  23,5	  24,3	  25,3	  24,8	  22,1	  -9,1
s	   133,6982	 8	148,14	121,13	   7,8	  19,1	  23,4	  24,2	  25,2	  24,7	  22,0	  -9,2
s	   133,7860	 7	161,07	115,52	   7,6	  19,1	  23,4	  23,8	  25,0	  25,5	  23,2	  -7,3
s	   134,0076	 8	233,07	 57,54	   7,3	  18,4	  22,7	  23,2	  24,4	  24,6	  22,0	  -9,2
s	   134,0828	 6	213,43	 61,02	   9,6	  20,3	  24,5	  25,3	  26,5	  26,1	  23,3	  -7,2
s	   134,2497	 7	215,24	 63,24	   8,6	  19,9	  24,2	  25,0	  26,1	  25,6	  23,1	  -7,4
s	   134,7132	 8	209,92	 57,03	   5,3	  17,4	  22,8	  23,6	  24,7	  25,0	  23,0	  -7,6
s	   135,1419	 6	201,73	 65,66	   8,2	  19,2	  23,4	  23,8	  25,1	  25,6	  22,9	  -7,7
s	   135,3135	 6	  6,93	 96,74	   8,7	  19,9	  24,0	  24,8	  25,9	  25,7	  22,1	  -9,3
s	   135,4791	 7	  5,01	 98,66	   7,9	  19,6	  23,9	  24,7	  25,8	  25,4	  23,0	  -7,7
s	   135,5681	 7	  9,14	 94,50	   7,5	  19,3	  23,7	  24,4	  25,6	  25,1	  22,0	  -9,4
s	   135,6641	 7	207,63	 72,22	   8,9	  19,6	  23,5	  24,0	  25,1	  25,8	  22,7	  -7,9
s	   135,8457	 8	143,62	117,00	   6,5	  18,2	  22,5	  22,9	  24,1	  24,5	  21,9	  -9,6
s	   135,9390	 8	 10,42	 93,19	   5,4	  17,6	  22,8	  23,5	  24,7	  25,3	  22,8	  -7,9
s	   136,0572	 8	  2,92	100,72	   7,2	  18,8	  23,0	  23,4	  24,5	  25,1	  21,8	  -9,7
s	   136,0905	 7	228,92	 49,59	   7,5	  18,5	  22,7	  23,2	  24,4	  24,8	  22,0	  -9,5
s	   136,1424	 6	337,41	 68,85	   9,2	  20,0	  24,2	  24,9	  26,1	  25,7	  22,9	  -7,8
s	   136,3072	 7	335,54	 70,90	   9,0	  19,9	  24,1	  24,8	  26,0	  25,7	  22,7	  -8,0
s	   136,6665	 8	227,21	 47,22	   7,2	  18,4	  22,6	  23,1	  24,3	  24,7	  21,8	  -9,7
s	   136,8296	 8	197,39	 61,36	   8,1	  18,8	  22,9	  23,3	  24,4	  24,9	  21,7	  -9,8
s	   136,9391	 8	341,44	 64,66	   8,4	  19,3	  23,4	  23,8	  25,0	  25,6	  22,6	  -8,2
s	   137,8693	 7	339,71	 66,89	   7,9	  18,9	  23,1	  23,6	  24,8	  25,2	  22,6	  -8,3
s	   138,3828	 8	333,88	 73,29	   7,6	  18,8	  23,1	  23,5	  24,7	  25,1	  22,4	  -8,5
s	   138,7761	 8	 32,18	117,91	   5,9	  18,0	  22,6	  23,4	  24,5	  23,7	  21,6	 -10,1
s	   139,0829	 8	313,08	 50,47	   7,1	  18,3	  22,5	  22,9	  24,1	  24,5	  21,6	 -10,1
s	   139,8915	 6	102,00	134,26	   8,5	  19,1	  23,4	  24,2	  25,4	  24,7	  21,7	 -10,1
s	   140,0067	 6	257,97	 45,53	   9,2	  20,0	  24,2	  25,0	  26,1	  25,7	  22,7	  -8,3
s	   140,0525	 7	102,56	136,87	   8,3	  19,1	  23,4	  24,1	  25,3	  24,7	  21,6	 -10,2
s	   140,1676	 7	258,49	 48,14	   9,0	  19,9	  24,2	  24,9	  26,0	  25,7	  22,6	  -8,4
s	   140,6146	 8	103,24	139,67	   7,0	  18,1	  22,4	  22,9	  24,0	  24,2	  21,4	 -10,4
s	   140,7294	 8	259,00	 50,94	   7,7	  18,9	  23,2	  23,6	  24,8	  25,2	  22,5	  -8,6
s	   140,8591	 7	284,79	 45,86	   8,2	  19,4	  23,8	  24,6	  25,7	  25,0	  22,6	  -8,6
s	   140,9736	 7	 75,27	133,94	   7,5	  18,7	  23,1	  23,9	  25,0	  24,4	  21,5	 -10,4
s	   141,0191	 8	284,16	 48,44	   8,0	  19,3	  23,8	  24,5	  25,6	  24,9	  22,4	  -8,7
s	   141,1335	 8	 74,58	136,52	   7,2	  18,7	  23,1	  23,8	  24,9	  24,4	  21,4	 -10,5
s	   141,4457	 6	 13,80	103,28	   7,7	  19,2	  23,6	  24,4	  25,6	  25,0	  22,6	  -8,6
s	   141,5339	 7	 12,40	104,71	   5,4	  17,7	  23,2	  24,2	  25,4	  24,9	  22,5	  -8,7
s	   141,6604	 7	 15,77	101,22	   7,2	  18,7	  22,9	  23,4	  24,6	  25,0	  22,5	  -8,7
s	   142,1621	 8	  9,91	107,18	   6,9	  18,6	  22,9	  23,3	  24,5	  24,9	  22,3	  -8,9
s	   143,1004	 7	101,25	131,53	   7,1	  18,1	  22,3	  22,8	  24,0	  24,3	  21,3	 -10,7
s	   143,2155	 7	257,59	 42,76	   7,8	  19,0	  23,1	  23,5	  24,8	  25,3	  22,3	  -9,0
s	   143,6523	 8	100,79	128,97	   6,8	  18,0	  22,3	  22,7	  23,9	  24,2	  21,2	 -10,9
s	   144,0495	 8	285,25	 43,10	   6,8	  18,4	  22,7	  23,2	  24,3	  24,5	  22,2	  -9,2
s	   144,1640	 8	 76,18	131,25	   6,8	  18,2	  22,3	  22,7	  23,9	  24,4	  21,1	 -11,0
s	   145,6817	 6	168,37	104,80	   7,9	  18,7	  23,8	  24,8	  26,0	  25,8	  22,2	  -9,4
s	   146,7264	 8	 77,15	131,41	   5,9	  17,6	  21,9	  22,3	  23,5	  23,9	  20,9	 -11,5
s	   146,8742	 8	284,56	 43,06	   7,4	  18,6	  22,8	  23,3	  24,4	  24,8	  21,9	  -9,7
s	   146,9000	 6	151,04	115,71	   8,1	  18,9	  23,1	  23,9	  25,0	  24,5	  21,1	 -11,3
s	   147,0544	 7	152,81	117,69	   7,2	  18,4	  22,8	  23,5	  24,6	  24,1	  21,0	 -11,4
s	   147,2362	 8	161,03	 97,10	   3,6	  15,4	  20,6	  20,9	  22,2	  23,4	  20,9	 -11,6
s	   147,4834	 8	147,95	112,05	   3,9	  15,9	  21,4	  22,1	  23,3	  23,5	  20,8	 -11,6
s	   148,7073	 6	209,49	 63,67	   8,8	  19,5	  23,8	  24,5	  25,7	  25,2	  22,0	  -9,8
s	   148,8601	 7	211,19	 65,65	   7,8	  19,1	  23,4	  24,2	  25,3	  24,7	  21,9	 -10,0
s	   148,9129	 7	207,61	 61,55	   7,5	  18,6	  22,8	  23,2	  24,4	  24,7	  21,8	 -10,0
s	   148,9858	 7	148,53	114,06	   7,3	  18,5	  22,6	  23,0	  24,2	  24,7	  21,6	 -10,2
s	   149,2847	 8	206,25	 60,10	   4,5	  16,6	  22,0	  22,8	  23,9	  24,1	  21,7	 -10,2
s	   149,3938	 8	212,94	 67,80	   7,3	  18,5	  22,7	  23,1	  24,3	  24,6	  21,7	 -10,2
s	   149,4664	 8	154,04	120,25	   7,0	  18,4	  22,5	  22,9	  24,1	  24,6	  21,5	 -10,4
s	   153,2889	 7	 28,60	115,46	   6,8	  18,1	  22,5	  23,2	  24,3	  23,7	  20,4	 -12,5
s	   153,2890	 7	331,53	 64,39	   7,6	  18,9	  23,2	  24,0	  25,1	  24,4	  21,5	 -10,7
s	   153,4378	 8	 26,89	117,36	   5,9	  17,6	  22,2	  22,9	  23,9	  23,2	  20,3	 -12,7
s	   153,4378	 8	329,88	 66,31	   6,6	  18,4	  22,9	  23,6	  24,7	  24,0	  21,4	 -10,9
s	   153,7193	 6	192,65	 77,52	   7,1	  18,6	  23,0	  23,8	  24,9	  24,3	  21,5	 -10,7
s	   153,9191	 7	190,78	 75,63	   6,5	  18,0	  22,3	  22,8	  23,9	  24,2	  21,4	 -10,9
s	   154,4377	 8	189,03	 73,89	   5,5	  17,6	  22,0	  22,4	  23,5	  23,7	  21,3	 -11,1
s	   155,3497	 8	 31,02	113,88	   6,0	  17,7	  22,0	  22,4	  23,5	  23,9	  21,0	 -11,4
s	   155,4960	 5	167,35	102,22	   7,9	  19,0	  23,2	  24,0	  25,2	  24,6	  21,5	 -10,9
s	   155,6939	 6	165,53	100,34	   6,7	  18,0	  22,3	  22,8	  23,9	  24,2	  21,4	 -11,0
s	   156,1491	 4	181,63	 91,63	   7,6	  18,4	  23,4	  24,4	  25,7	  25,6	  21,6	 -10,9
s	   156,1567	 7	170,93	105,81	   7,2	  18,3	  22,5	  22,9	  24,1	  24,5	  21,2	 -11,2
s	   156,8292	 7	235,00	 50,58	   7,4	  18,6	  23,0	  23,8	  24,8	  24,0	  21,2	 -11,4
s	   156,8736	 8	162,51	 97,14	   3,1	  15,4	  20,8	  21,2	  22,4	  23,5	  21,1	 -11,5
s	   156,9609	 8	172,68	107,51	   6,9	  18,3	  22,4	  22,8	  23,9	  24,4	  21,1	 -11,5
s	   156,9751	 8	236,22	 52,77	   7,2	  18,5	  23,0	  23,7	  24,7	  24,0	  21,1	 -11,5
s	   158,7274	 8	 14,24	100,19	   5,8	  17,5	  21,8	  22,2	  23,3	  23,7	  19,9	 -13,6
s	   159,2774	 7	347,76	 77,90	   5,8	  17,9	  22,4	  23,2	  24,3	  23,5	  21,0	 -11,8
s	   159,4214	 8	346,10	 79,61	   5,6	  17,8	  22,4	  23,1	  24,2	  23,4	  20,8	 -11,9
s	   159,4712	 8	349,56	 76,07	   5,3	  17,3	  21,7	  22,2	  23,3	  23,4	  20,8	 -11,9
s	   159,4845	 8	 53,19	128,58	   5,6	  17,2	  21,8	  22,6	  23,6	  22,7	  19,8	 -13,7
s	   159,7433	 8	234,13	 48,09	   6,0	  17,6	  21,9	  22,4	  23,5	  23,6	  20,8	 -12,0
s	   161,9698	 5	358,42	 91,58	   6,4	  17,7	  22,8	  23,8	  25,1	  24,8	  21,0	 -12,0
s	   163,5431	 7	100,50	134,43	   7,1	  18,2	  22,7	  23,5	  24,5	  23,6	  20,6	 -12,5
s	   163,6838	 8	100,93	136,71	   6,9	  18,2	  22,6	  23,4	  24,4	  23,6	  20,5	 -12,6
s	   164,5335	 8	229,94	 52,47	   6,1	  17,7	  22,3	  23,1	  24,1	  23,1	  20,4	 -12,8
s	   166,4881	 3	179,94	 89,94	   8,6	  19,1	  23,1	  23,9	  25,1	  24,7	  20,8	 -12,6
s	   166,6746	 4	178,21	 88,21	   8,1	  18,5	  22,4	  22,9	  24,1	  24,7	  20,7	 -12,7
s	   167,0327	 7	215,33	 59,85	   7,9	  18,2	  22,3	  23,0	  24,0	  23,4	  19,2	 -15,0
s	   167,1109	 5	183,27	 93,27	   7,9	  18,5	  22,3	  22,8	  24,0	  24,6	  20,5	 -12,9
s	   167,1120	 8	 77,99	134,28	   6,0	  17,7	  22,2	  23,0	  24,0	  23,2	  20,2	 -13,2
s	   167,1587	 5	176,61	 86,61	   7,1	  18,0	  22,1	  22,5	  23,7	  24,2	  20,5	 -12,9
s	   167,1709	 8	216,82	 61,71	   6,9	  17,7	  21,9	  22,7	  23,7	  22,9	  19,1	 -15,1
s	   167,8403	 8	282,73	 45,63	   5,9	  17,1	  21,6	  22,4	  23,4	  22,4	  19,1	 -15,1
s	   167,8693	 6	184,87	 94,85	   7,6	  18,4	  22,3	  22,6	  23,9	  24,5	  20,4	 -13,1
s	   168,4410	 4	185,73	 84,18	   8,3	  18,8	  22,9	  23,7	  24,9	  24,4	  20,5	 -13,0
s	   168,5781	 5	187,31	 85,78	   8,1	  18,8	  22,9	  23,6	  24,8	  24,3	  20,4	 -13,2
s	   169,1092	 7	173,29	 83,34	   6,1	  17,1	  21,0	  21,1	  22,3	  23,8	  19,9	 -13,7
s	   169,9497	 7	180,68	 79,19	   5,5	  16,8	  20,9	  21,1	  22,2	  23,3	  20,1	 -13,6
s	   170,0139	 7	259,82	 45,37	   6,8	  17,6	  21,9	  22,6	  23,7	  22,9	  19,1	 -15,4
s	   170,1499	 8	260,20	 47,58	   6,6	  17,6	  21,9	  22,5	  23,6	  22,9	  18,9	 -15,5
s	   170,3777	 8	188,16	 98,08	   5,0	  16,6	  20,6	  20,7	  21,9	  23,2	  19,7	 -14,0
s	   170,6127	 8	171,59	 81,68	   4,2	  15,4	  19,2	  19,0	  20,2	  22,4	  18,9	 -15,6
s	   170,7820	 8	 34,20	119,23	   6,7	  18,0	  22,3	  23,0	  24,0	  23,3	  19,8	 -13,9
s	   170,9421	 8	192,23	 90,79	   4,5	  15,8	  19,8	  19,9	  21,1	  22,2	  18,9	 -15,7
s	   171,0358	 8	179,07	 77,65	   5,0	  16,4	  20,6	  20,7	  21,8	  23,0	  19,7	 -14,1
s	   171,1857	 8	325,80	 60,55	   6,7	  17,5	  21,8	  22,5	  23,5	  22,7	  18,8	 -15,8
s	   172,3135	 4	  0,06	 89,94	   7,4	  18,4	  22,5	  23,3	  24,5	  23,9	  20,2	 -13,7
s	   172,4945	 5	  1,74	 88,26	   6,9	  17,8	  21,8	  22,3	  23,5	  23,9	  20,1	 -13,8
s	   172,5274	 7	198,61	 75,16	   5,5	  16,9	  22,2	  23,1	  24,3	  23,7	  19,9	 -14,0
s	   172,9179	 6	356,82	 93,17	   6,6	  17,7	  21,8	  22,2	  23,4	  23,8	  20,0	 -14,0
s	   172,9643	 6	  3,29	 86,71	   6,6	  17,7	  21,8	  22,2	  23,4	  23,8	  20,0	 -14,0
s	   173,2494	 5	169,19	100,50	   7,1	  18,1	  22,4	  23,2	  24,3	  23,6	  20,0	 -13,9
s	   173,4296	 6	167,53	 98,80	   6,6	  17,6	  21,7	  22,1	  23,3	  23,6	  19,9	 -14,1
s	   173,6541	 7	355,27	 94,71	   6,4	  17,7	  21,7	  22,0	  23,3	  23,7	  19,8	 -14,2
s	   173,7928	 7	  4,96	 85,05	   5,3	  16,7	  20,8	  20,9	  22,1	  23,3	  19,8	 -14,3
s	   173,8971	 7	166,01	 97,22	   5,6	  17,1	  21,4	  21,8	  22,9	  23,1	  19,8	 -14,3
s	   174,2091	 5	354,44	 84,35	   7,1	  18,1	  22,4	  23,1	  24,2	  23,6	  20,0	 -14,1
s	   174,3423	 6	352,90	 85,90	   6,8	  18,1	  22,3	  23,0	  24,2	  23,5	  19,9	 -14,2
s	   174,5837	 8	174,03	105,30	   6,1	  17,4	  21,6	  21,9	  23,1	  23,4	  19,6	 -14,5
s	   174,8580	 8	  6,51	 83,53	   5,6	  16,8	  20,7	  20,7	  22,0	  23,4	  19,4	 -14,8
s	   175,6743	 8	359,34	 79,51	   5,0	  16,5	  20,6	  20,7	  21,9	  23,0	  19,5	 -14,7
s	   178,7946	 8	 15,63	107,88	   3,5	  15,9	  21,3	  22,3	  23,4	  22,7	  19,3	 -15,2
s	   181,1949	 8	120,93	130,54	   5,4	  17,0	  21,6	  22,3	  23,3	  22,2	  19,1	 -15,6
s	   181,7312	 8	239,07	 49,29	   6,3	  16,9	  21,3	  22,0	  22,9	  21,9	  18,0	 -17,5
s	   183,1748	 6	196,75	 73,82	   6,5	  17,5	  21,9	  22,6	  23,7	  22,8	  19,2	 -15,7
s	   183,7476	 8	199,76	 77,02	   5,7	  16,9	  21,1	  21,5	  22,6	  22,7	  18,9	 -16,0
s	   183,7916	 8	193,64	 70,65	   5,0	  16,5	  20,8	  21,3	  22,3	  22,3	  18,9	 -16,0
s	   186,8728	 8	139,56	122,88	   5,1	  16,4	  20,9	  21,6	  22,6	  21,6	  17,6	 -18,3
s	   190,0444	 7	190,40	 79,66	   5,4	  16,9	  21,3	  22,0	  23,0	  22,1	  18,4	 -17,0
s	   190,2104	 8	188,85	 78,10	   4,1	  16,0	  20,3	  20,8	  21,7	  21,7	  18,3	 -17,2
s	   192,1848	 8	151,36	115,51	   4,2	  16,3	  20,9	  21,6	  22,6	  21,5	  18,2	 -17,4
s	   193,6131	 8	 99,06	134,56	   4,8	  16,0	  20,5	  21,3	  22,2	  21,0	  17,1	 -19,5
s	   193,6644	 7	201,27	 69,96	   5,1	  16,6	  21,1	  21,9	  22,9	  21,8	  18,2	 -17,6
s	   195,0871	 7	158,08	110,37	   4,3	  15,8	  20,3	  21,1	  22,1	  21,0	  17,1	 -19,6
s	   195,2493	 8	156,61	108,75	   3,8	  15,3	  19,6	  20,1	  21,1	  21,0	  17,0	 -19,7
s	   195,6858	 8	 10,23	 99,97	   4,2	  16,2	  20,7	  21,5	  22,4	  21,4	  17,9	 -18,1
s	   196,6235	 8	261,04	 45,28	   5,5	  16,8	  21,2	  21,9	  22,9	  21,8	  17,9	 -18,2
s	   196,6445	 7	164,40	104,95	   4,2	  16,2	  20,8	  21,5	  22,5	  21,5	  18,0	 -18,1
s	   196,8056	 8	162,92	103,40	   3,7	  15,7	  20,1	  20,5	  21,5	  21,5	  17,9	 -18,2
s	   200,9996	 6	175,11	 94,77	   4,3	  16,3	  20,7	  21,4	  22,5	  21,6	  17,8	 -18,7
s	   201,1170	 7	176,47	 96,13	   4,0	  16,2	  20,7	  21,4	  22,4	  21,5	  17,7	 -18,8
s	   201,1801	 7	173,54	 93,19	   4,0	  16,1	  20,6	  21,4	  22,3	  21,3	  17,7	 -18,8
s	   201,5273	 8	177,95	 97,59	   2,8	  15,2	  19,7	  20,1	  21,1	  21,0	  17,5	 -19,0
s	   201,5678	 8	172,30	 91,93	   2,8	  15,2	  19,7	  20,1	  21,1	  21,0	  17,5	 -19,0
s	   202,0753	 8	 15,19	104,59	   3,0	  15,6	  20,3	  21,0	  21,9	  20,8	  17,5	 -19,1
s	   209,8123	 8	206,64	 65,76	   3,5	  15,1	  19,7	  20,4	  21,3	  20,0	  15,9	 -22,1
s	   210,8736	 5	181,25	 91,25	   4,3	  15,7	  20,8	  21,7	  22,9	  22,3	  17,2	 -20,2
s	   212,6516	 8	174,87	 84,89	  -0,7	  11,9	  18,1	  18,7	  19,9	  20,9	  16,5	 -21,0
s	   212,8937	 8	174,55	 84,57	   1,3	  13,4	  18,5	  18,8	  20,0	  21,0	  16,5	 -21,1
s	   216,6962	 6	358,78	 91,22	   3,2	  15,0	  20,2	  21,2	  22,3	  21,5	  16,6	 -21,2
s	   221,2467	 4	179,95	 89,95	   6,0	  16,6	  20,6	  21,3	  22,4	  21,7	  15,5	 -23,5
s	   221,3917	 5	178,61	 88,61	   5,4	  16,0	  19,9	  20,3	  21,4	  21,7	  15,4	 -23,6
s	   221,7310	 6	182,54	 92,54	   4,5	  15,6	  19,6	  19,9	  21,1	  21,2	  15,3	 -23,8
s	   221,7682	 6	177,36	 87,36	   4,7	  15,8	  19,8	  20,2	  21,3	  21,4	  16,3	 -22,0
s	   222,4330	 7	176,02	 86,03	   3,2	  14,6	  18,6	  18,7	  19,8	  20,7	  15,1	 -24,0
s	   222,7674	 5	184,46	 85,46	   5,7	  16,4	  20,5	  21,1	  22,2	  21,4	  15,3	 -23,9
s	   222,8745	 6	185,70	 86,71	   4,9	  16,1	  20,4	  21,1	  22,1	  21,1	  16,2	 -22,2
s	   223,2152	 8	185,13	 95,10	   3,7	  14,9	  18,8	  18,8	  19,9	  21,0	  14,9	 -24,3
s	   223,9464	 8	180,53	 81,56	   2,9	  14,3	  18,4	  18,5	  19,6	  20,4	  14,9	 -24,4
s	   227,0721	 5	  0,05	 89,95	   4,8	  15,9	  20,1	  20,8	  21,8	  21,0	  15,0	 -24,6
s	   227,2137	 6	  1,36	 88,64	   4,3	  15,4	  19,4	  19,7	  20,8	  20,9	  14,9	 -24,7
s	   227,5452	 7	357,52	 92,48	   3,3	  14,9	  19,0	  19,4	  20,5	  20,5	  14,7	 -24,8
s	   227,5816	 7	  2,58	 87,42	   3,5	  15,1	  19,3	  19,6	  20,7	  20,7	  15,8	 -23,1
s	   228,5578	 6	355,65	 85,56	   4,5	  15,7	  19,9	  20,6	  21,6	  20,6	  14,8	 -24,9
s	   228,6624	 7	354,43	 86,78	   3,8	  15,5	  19,9	  20,5	  21,5	  20,4	  15,7	 -23,2
s	   233,8539	 8	189,77	 82,62	   1,4	  13,7	  19,2	  20,1	  21,1	  20,0	  15,2	 -24,2
s	   242,9142	 8	196,84	 73,76	   2,3	  14,4	  19,0	  19,7	  20,6	  19,1	  14,6	 -25,6
s	   244,0127	 7	188,24	 81,75	   2,5	  14,5	  19,1	  19,8	  20,7	  19,3	  14,6	 -25,7
s	   244,1454	 8	187,01	 80,51	   2,0	  14,0	  18,4	  18,7	  19,7	  19,3	  14,5	 -25,8
s	   249,7208	 8	351,93	 81,93	   1,4	  13,9	  18,6	  19,3	  20,1	  18,6	  14,1	 -26,7
#END
