#HEADER
CATT-Acoustic v8.0b    Copyright © CATT 1988-2003

 Project                : Aula Optica 

 GEOMETRICAL INFORMATION
 Src id and loc     [m] :   E0           9,400        4,600        1,300
 Rec id and loc     [m] :   17           5,750        7,600        1,200

 17       13,7646

 VARIABLE SOURCE DATA
 Directivity
   Type (library)       :  OMNI.SD0
   Dir. Index (DI) [dB] :       0,0      0,0      0,0      0,0      0,0      0,0      0,0      0,0
 Level
   On axis 1m      [dB] :      48,1     57,1     60,8     61,7     63,4     64,6     64,6     48,2
   Total power     [dB] :      59,0     68,0     71,7     72,6     74,3     75,5     75,5     59,1
   Auxiliary delay [ms] :       0,0

 VARIABLE AIR DATA
 Temperature       [°C] :      20
 Relative humidity  [%] :      50
 Density        [kg/m³] :       1,2
 Sound speed      [m/s] :     343
 Impedance      [Ns/m³] :     412
 Diss. coeff. [0.001/m] :      0,10     0,30     0,63     1,07     2,28     6,83    24,23    83,90      (estimated)

#DATAFIELDS
 TYPE DELAY ORDER AZIMUTH ELEVATION SPL125 SPL250 SPL500 SPL1K SPL2K SPL4K SPL8K SPL16K
#DATA
d	     0,0000	 0	197,43	 88,48	  34,6	  43,6	  47,3	  48,2	  49,9	  51,0	  50,6	  33,0
s	     1,8047	 1	197,96	117,58	  32,9	  42,0	  45,7	  46,6	  48,2	  49,4	  48,9	  31,1
*	    40,2249	 1	238,79	 95,58	 -13,7	  -4,6	  -0,9	  -0,1	   1,5	   2,4	   0,9	 -20,3
*	    38,4097	 1	223,48	 95,62	 -12,5	  -3,4	   0,3	   1,1	   2,7	   3,6	   2,2	 -18,8
*	    41,9328	 1	209,66	 95,32	 -14,1	  -4,9	  -1,3	  -0,5	   1,1	   2,0	   0,5	 -20,9
*	    25,1727	 1	240,18	 97,90	  -5,1	   4,1	   7,7	   8,6	  10,2	  11,2	  10,1	  -9,8
*	    22,3113	 1	219,39	 97,84	  -2,2	   7,0	  10,7	  11,5	  13,1	  14,1	  13,1	  -6,5
*	    27,1480	 1	202,02	 97,01	  -5,3	   3,8	   7,5	   8,3	  10,0	  10,9	   9,8	 -10,2
*	    12,5045	 1	243,14	102,82	   4,9	  14,1	  17,8	  18,6	  20,3	  21,3	  20,6	   1,9
*	     7,5710	 1	211,07	102,14	  13,8	  23,0	  26,7	  27,5	  29,2	  30,3	  29,6	  11,3
*	    15,0372	 1	189,15	 99,54	   5,1	  14,3	  18,0	  18,8	  20,5	  21,5	  20,7	   1,8
*	     5,4784	 1	254,05	118,62	  13,8	  23,0	  26,7	  27,5	  29,2	  30,3	  29,7	  11,6
*	     2,1969	 1	187,92	111,91	  18,1	  27,3	  31,0	  31,8	  33,5	  34,6	  34,1	  16,3
*	    11,3976	 1	166,87	102,68	   7,0	  16,2	  19,9	  20,7	  22,3	  23,4	  22,7	   4,1
*	     8,3824	 1	 15,84	137,65	  14,3	  23,5	  27,2	  28,0	  29,7	  30,8	  30,1	  11,8
*	     8,0287	 1	123,67	117,86	  10,8	  20,0	  23,6	  24,5	  26,2	  27,2	  26,6	   8,3
*	    16,8967	 1	135,48	103,88	   0,7	   9,9	  13,6	  14,4	  16,0	  17,1	  16,2	  -2,9
*	    22,2698	 1	 44,47	108,23	  -1,7	   7,4	  11,1	  11,9	  13,6	  14,6	  13,6	  -6,0
*	    21,5268	 1	 85,36	106,49	  -2,1	   7,1	  10,8	  11,6	  13,3	  14,3	  13,3	  -6,3
*	    27,8733	 1	108,64	101,76	  -7,1	   2,0	   5,7	   6,6	   8,2	   9,1	   8,0	 -12,1
s	     2,3825	 1	196,86	 58,16	  31,0	  40,1	  43,7	  44,3	  46,0	  47,9	  47,8	  29,2
*	    57,4887	 1	213,99	 83,46	 -17,7	  -7,8	  -3,9	  -3,2	  -1,6	  -0,1	  -1,6	 -22,6
*	    54,0890	 1	225,16	 82,95	 -16,4	  -6,6	  -2,7	  -2,0	  -0,4	   1,1	  -0,3	 -21,0
*	    54,6977	 1	237,30	 82,68	 -16,8	  -6,9	  -3,1	  -2,3	  -0,8	   0,8	  -0,7	 -21,5
*	    42,2960	 1	208,62	 82,26	 -11,1	  -1,2	   2,6	   3,4	   5,0	   6,6	   5,5	 -14,2
*	    37,9613	 1	222,08	 81,37	  -9,1	   0,8	   4,7	   5,4	   7,0	   8,7	   7,7	 -11,6
*	    38,8886	 1	237,41	 80,93	  -9,9	   0,0	   3,9	   4,6	   6,2	   7,9	   6,9	 -12,5
*	    28,1531	 1	200,39	 80,56	  -2,8	   7,0	  10,9	  11,7	  13,3	  15,0	  14,3	  -4,2
*	    22,1950	 1	216,90	 78,82	   1,2	  11,1	  14,9	  15,7	  17,3	  19,1	  18,5	   0,6
*	    23,8309	 1	237,62	 77,93	  -0,9	   9,0	  12,8	  13,6	  15,2	  17,0	  16,3	  -1,7
*	    17,0017	 1	187,02	 78,26	   6,2	  16,1	  20,0	  20,7	  22,4	  24,2	  23,7	   6,3
*	     7,9241	 1	206,67	 74,17	  17,0	  26,9	  30,8	  31,6	  33,2	  35,1	  34,8	  18,2
*	    11,1127	 1	238,07	 71,54	   9,7	  19,6	  23,4	  24,2	  25,9	  27,7	  27,4	  10,5
*	    13,8204	 1	165,38	 75,92	   7,7	  17,6	  21,5	  22,2	  23,9	  25,7	  25,3	   8,2
*	     3,4338	 1	181,16	 65,63	  19,7	  29,6	  33,4	  34,2	  35,9	  37,8	  37,7	  21,4
*	     4,4590	 1	239,91	 50,72	  18,1	  28,0	  31,9	  32,7	  34,4	  36,2	  36,1	  19,8
*	    19,1008	 1	137,00	 75,79	   2,1	  12,0	  15,8	  16,6	  18,3	  20,0	  19,5	   1,9
*	     9,7257	 1	127,36	 63,31	  11,3	  21,2	  25,1	  25,9	  27,5	  29,4	  29,1	  12,3
*	     8,0946	 1	 51,00	 33,24	  16,9	  26,8	  30,7	  31,5	  33,1	  35,0	  34,8	  18,1
*	    29,5770	 1	112,54	 78,36	  -5,1	   4,8	   8,7	   9,4	  11,1	  12,8	  12,0	  -6,6
*	    22,5561	 1	 92,59	 73,17	   0,1	  10,0	  13,8	  14,6	  16,2	  18,0	  17,4	  -0,5
*	    21,9307	 1	 55,36	 69,22	   1,5	  11,4	  15,2	  16,0	  17,6	  19,4	  18,8	   0,9
s	     6,9160	 2	198,52	137,97	  28,6	  37,9	  41,6	  42,1	  43,7	  45,6	  45,4	  26,4
s	     7,3544	 2	196,32	 40,37	  29,0	  38,4	  42,1	  42,7	  44,3	  46,2	  46,0	  27,7
s	     7,6971	 1	297,18	 88,32	  29,6	  38,6	  42,4	  43,3	  44,9	  45,8	  45,1	  26,1
*	    14,6067	 1	 13,29	101,19	  10,3	  19,3	  23,1	  24,0	  25,6	  26,5	  26,9	   9,6
*	     9,5557	 1	338,51	105,06	  16,7	  25,7	  29,5	  30,4	  32,0	  32,9	  33,4	  16,6
*	     7,9597	 1	294,28	102,45	  16,7	  25,7	  29,5	  30,4	  32,0	  32,9	  33,5	  16,9
*	     8,5389	 1	294,58	 63,57	  15,6	  24,7	  28,4	  29,3	  30,9	  31,8	  32,4	  15,7
*	     9,3857	 1	270,83	 97,94	  12,8	  21,9	  25,6	  26,5	  28,1	  29,1	  29,6	  12,8
*	     9,8291	 1	270,84	 71,45	  12,3	  21,3	  25,1	  26,0	  27,6	  28,5	  29,0	  12,2
*	    12,7008	 1	260,09	 95,34	   8,7	  17,7	  21,5	  22,4	  24,0	  24,9	  25,3	   8,3
*	    13,0557	 1	260,03	 76,43	   8,3	  17,4	  21,2	  22,0	  23,6	  24,5	  25,0	   7,9
*	    17,5095	 1	254,34	 93,86	   4,4	  13,4	  17,2	  18,1	  19,7	  20,5	  20,8	   3,3
*	    17,8030	 1	254,27	 79,39	   4,1	  13,2	  16,9	  17,8	  19,4	  20,3	  20,6	   3,1
*	    23,4709	 1	250,82	 92,93	  -0,1	   9,0	  12,7	  13,6	  15,2	  16,0	  16,2	  -1,8
*	    23,7165	 1	250,76	 81,28	  -0,3	   8,8	  12,6	  13,4	  15,0	  15,8	  16,0	  -2,1
*	    30,2209	 1	248,47	 92,30	  -4,4	   4,7	   8,4	   9,3	  10,9	  11,6	  11,6	  -7,0
*	    30,4290	 1	248,41	 82,58	  -4,5	   4,5	   8,3	   9,2	  10,7	  11,5	  11,5	  -7,1
*	    37,4765	 1	246,80	 91,85	  -8,3	   0,7	   4,4	   5,3	   6,9	   7,6	   7,4	 -11,9
*	    37,6552	 1	246,74	 83,50	  -8,4	   0,6	   4,4	   5,2	   6,8	   7,5	   7,3	 -12,0
*	    45,0540	 1	245,54	 91,51	 -12,0	  -2,9	   0,8	   1,7	   3,2	   3,9	   3,5	 -16,4
*	    45,2097	 1	245,48	 84,21	 -12,0	  -3,0	   0,8	   1,6	   3,2	   3,8	   3,4	 -16,5
*	    52,8413	 1	244,56	 91,24	 -15,2	  -6,2	  -2,4	  -1,6	  -0,0	   0,6	  -0,0	 -20,7
*	    52,9789	 1	244,51	 84,76	 -15,3	  -6,2	  -2,5	  -1,6	  -0,1	   0,5	  -0,1	 -20,7
s	     8,8969	 2	297,02	107,84	  29,4	  38,6	  42,4	  43,2	  44,8	  45,8	  45,3	  26,9
s	     9,2977	 2	297,36	 67,62	  27,7	  36,8	  40,6	  41,1	  42,7	  44,4	  44,3	  25,1
s	    12,6708	 3	296,85	124,83	  26,3	  35,6	  39,3	  39,8	  41,4	  43,2	  42,9	  23,4
s	    13,0468	 3	199,05	148,80	  26,7	  36,3	  40,0	  40,5	  42,1	  44,0	  43,6	  24,8
s	    14,0532	 3	195,74	 29,36	  24,8	  34,4	  38,0	  38,2	  39,9	  42,5	  42,4	  22,8
s	    14,1810	 5	299,01	 52,67	  25,9	  35,4	  39,4	  40,0	  41,5	  42,9	  42,9	  24,1
*	    17,3967	 1	  8,50	 78,87	   8,7	  17,9	  21,5	  22,4	  24,0	  25,1	  24,2	   5,0
*	    26,5870	 1	 27,83	 83,09	   0,8	   9,9	  13,6	  14,5	  16,1	  17,1	  15,9	  -4,0
s	    17,6996	 4	296,69	136,10	  25,0	  34,7	  38,5	  39,0	  40,6	  42,3	  41,9	  22,7
s	    18,5614	 4	297,71	 40,70	  23,3	  32,9	  36,6	  36,8	  38,4	  40,9	  40,8	  20,8
s	    20,3043	 4	199,61	155,85	  22,8	  32,6	  36,2	  36,4	  38,0	  40,6	  40,3	  20,1
s	    20,8380	 4	195,20	 23,15	  23,2	  33,1	  36,8	  37,0	  38,7	  41,3	  41,0	  21,5
*	    22,2661	 1	154,09	 99,95	  -0,5	   9,0	  12,8	  13,7	  15,3	  16,1	  15,6	  -4,0
s	    23,3277	 1	163,52	 89,84	  24,8	  34,3	  38,1	  39,0	  40,6	  41,4	  40,8	  21,1
*	    30,9222	 1	186,80	 85,48	   4,6	  14,1	  17,9	  18,8	  20,3	  21,1	  20,3	  -0,1
*	    23,5808	 1	164,68	 84,81	   8,9	  18,4	  22,2	  23,1	  24,7	  25,5	  24,9	   5,2
s	    24,0346	 2	163,72	101,39	  24,4	  34,1	  37,9	  38,8	  40,3	  41,2	  40,5	  20,8
s	    24,0749	 5	296,52	144,55	  21,7	  31,5	  35,2	  35,4	  36,9	  39,4	  39,2	  18,6
s	    24,2762	 2	163,31	 77,46	  23,3	  33,1	  36,9	  37,5	  39,1	  40,8	  40,5	  20,7
s	    24,5562	 5	297,88	 33,16	  22,1	  32,0	  35,8	  36,0	  37,6	  40,1	  39,8	  20,0
s	    26,4108	 3	163,93	112,88	  21,9	  31,7	  35,4	  35,9	  37,5	  39,2	  38,8	  18,0
s	    26,6382	 3	163,11	 66,93	  22,4	  32,3	  36,1	  36,7	  38,3	  39,9	  39,5	  19,5
s	    27,3459	 5	200,12	160,12	  21,5	  31,6	  35,2	  35,4	  37,0	  39,7	  39,1	  19,1
*	    30,5640	 1	 96,02	 98,81	 -16,1	  -6,4	  -1,7	  -0,6	   1,1	   2,0	   0,9	 -19,4
*	    27,5146	 1	 78,70	100,31	 -13,8	  -4,1	   0,6	   1,7	   3,4	   4,4	   3,3	 -16,7
*	    27,7581	 1	 56,14	100,87	 -13,5	  -3,9	   0,9	   2,0	   3,7	   4,6	   3,6	 -16,5
s	    28,4456	 5	194,62	 18,75	  19,7	  29,7	  33,4	  33,2	  34,9	  38,2	  38,1	  17,1
s	    29,8843	 4	164,13	122,10	  21,5	  31,6	  35,4	  35,9	  37,5	  39,2	  38,6	  18,3
s	    30,5096	 4	162,90	 57,20	  19,8	  29,9	  33,6	  33,8	  35,4	  37,8	  37,7	  16,6
s	    31,2205	 1	 68,07	 90,57	  23,1	  32,6	  36,4	  37,3	  38,9	  39,7	  38,9	  18,5
*	    34,3437	 1	 40,36	 93,06	   3,8	  13,3	  17,2	  18,0	  19,6	  20,4	  19,5	  -1,2
*	    31,5383	 1	 76,06	 93,34	   5,0	  14,5	  18,3	  19,2	  20,8	  21,6	  20,7	   0,3
*	    38,3574	 1	101,66	 92,77	   0,9	  10,4	  14,2	  15,0	  16,6	  17,3	  16,3	  -4,7
*	    32,4350	 1	 53,98	 80,43	  -6,8	   2,4	   6,1	   6,9	   8,5	   9,4	  12,1	  -6,7
*	    32,0837	 1	 53,92	 86,62	  -6,6	   2,6	   6,3	   7,1	   8,7	   9,7	  12,4	  -6,4
*	    31,8857	 1	 60,26	 80,51	  -6,5	   2,6	   6,3	   7,1	   8,7	   9,7	  12,4	  -6,4
*	    31,5322	 1	 60,20	 86,68	  -6,3	   2,9	   6,5	   7,4	   9,0	   9,9	  12,7	  -6,1
*	    31,6439	 1	 66,45	 80,67	  -6,5	   2,7	   6,4	   7,2	   8,8	   9,7	  12,5	  -6,3
*	    31,2913	 1	 66,41	 86,79	  -6,3	   2,9	   6,6	   7,4	   9,0	  10,0	  12,7	  -6,0
*	    31,7079	 1	 72,44	 80,94	  -6,6	   2,5	   6,2	   7,0	   8,7	   9,6	  12,3	  -6,4
*	    31,3591	 1	 72,41	 86,92	  -6,4	   2,8	   6,4	   7,3	   8,9	   9,8	  12,6	  -6,1
*	    32,0696	 1	 78,09	 81,28	  -6,9	   2,2	   5,9	   6,7	   8,3	   9,3	  12,0	  -6,8
*	    31,7270	 1	 78,07	 87,07	  -6,7	   2,4	   6,1	   6,9	   8,6	   9,5	  12,2	  -6,5
*	    32,7155	 1	 83,34	 81,68	  -7,4	   1,7	   5,4	   6,2	   7,9	   8,8	  11,5	  -7,3
*	    32,3810	 1	 83,33	 87,24	  -7,2	   1,9	   5,6	   6,5	   8,1	   9,0	  11,7	  -7,1
*	    33,6287	 1	 88,15	 82,11	  -8,0	   1,1	   4,8	   5,6	   7,3	   8,2	  10,9	  -8,1
*	    33,3038	 1	 88,14	 87,42	  -7,8	   1,3	   5,0	   5,8	   7,4	   8,4	  11,1	  -7,8
*	    34,7906	 1	 92,51	 82,53	  -8,7	   0,4	   4,1	   4,9	   6,5	   7,4	  10,1	  -8,9
*	    34,4762	 1	 92,52	 87,59	  -8,6	   0,6	   4,3	   5,1	   6,7	   7,6	  10,3	  -8,7
*	    36,1818	 1	 96,46	 82,96	  -9,6	  -0,4	   3,3	   4,1	   5,7	   6,6	   9,2	  -9,9
*	    35,8784	 1	 96,47	 87,76	  -9,4	  -0,2	   3,5	   4,3	   5,9	   6,8	   9,4	  -9,7
*	    37,7831	 1	 99,99	 83,37	 -10,4	  -1,3	   2,4	   3,2	   4,8	   5,7	   8,3	 -11,0
*	    37,4908	 1	100,01	 87,92	 -10,3	  -1,1	   2,6	   3,4	   5,0	   5,9	   8,5	 -10,8
*	    31,3822	 1	186,99	 96,77	  -9,2	   0,3	   4,1	   5,0	   6,6	   7,4	   6,5	 -13,9
s	    31,5437	 6	298,06	 27,38	  18,9	  28,9	  32,6	  32,5	  34,1	  37,3	  37,2	  16,0
s	    31,5446	 2	 68,02	 97,80	  20,6	  30,8	  35,7	  36,8	  38,4	  39,2	  38,4	  18,0
*	    31,6340	 1	191,86	 96,61	  -5,7	   3,8	   7,6	   8,5	  10,1	  10,9	  10,1	 -10,4
*	    31,8944	 1	114,01	100,30	  -4,6	   5,0	   9,8	  10,9	  12,5	  13,5	  12,3	  -8,1
s	    32,0057	 2	 68,14	 80,30	  21,7	  31,0	  34,6	  35,1	  36,7	  38,5	  37,6	  16,3
*	    32,5521	 1	 36,43	 88,57	  -5,3	   3,7	   7,4	   8,3	   9,9	  10,6	  10,6	  -8,3
*	    32,6020	 1	 36,35	 94,17	  -5,4	   3,7	   7,4	   8,3	   9,9	  10,6	  10,5	  -8,3
*	    32,8960	 1	 36,27	 99,72	  -5,6	   3,5	   7,2	   8,1	   9,7	  10,4	  10,3	  -8,5
*	    32,8232	 1	 39,60	 91,27	 -13,3	  -4,2	  -0,5	   0,4	   2,0	   2,7	   2,6	 -16,2
*	    32,9880	 1	 39,52	 96,79	 -13,4	  -4,3	  -0,6	   0,3	   1,9	   2,6	   2,5	 -16,3
*	    33,3926	 1	 39,45	102,19	 -13,6	  -4,6	  -0,8	   0,0	   1,6	   2,3	   2,2	 -16,6
s	    32,9015	 2	313,71	 88,91	  22,6	  32,1	  36,0	  36,9	  38,4	  39,1	  38,4	  17,8
s	    33,4653	 3	313,60	 98,14	  22,3	  32,0	  35,9	  36,7	  38,2	  38,9	  38,1	  17,5
s	    33,6589	 3	313,83	 79,01	  21,2	  31,0	  34,9	  35,5	  37,0	  38,5	  38,1	  17,5
s	    33,9869	 3	 68,20	 71,34	  21,6	  31,3	  34,9	  35,4	  37,1	  38,8	  37,8	  17,1
*	    35,0556	 1	 37,62	 75,54	  -6,5	   2,5	   6,3	   7,2	   8,7	   9,5	   9,3	  -9,7
*	    34,5182	 1	 37,55	 80,62	  -6,2	   2,9	   6,6	   7,5	   9,1	   9,8	   9,7	  -9,3
*	    34,2087	 1	 37,48	 85,88	  -6,0	   3,1	   6,8	   7,7	   9,3	  10,0	   9,9	  -9,1
s	    34,6819	 5	164,35	130,32	  18,8	  29,0	  32,8	  33,0	  34,5	  37,0	  36,6	  15,2
s	    35,1073	 6	200,67	163,32	  18,2	  28,4	  32,0	  31,9	  33,5	  36,9	  36,4	  14,9
s	    35,4395	 5	162,69	 49,22	  20,2	  30,4	  34,3	  34,8	  36,3	  37,8	  37,3	  16,5
s	    35,5738	 4	313,95	 70,32	  20,4	  30,4	  34,3	  34,8	  36,4	  37,8	  37,3	  16,6
s	    35,6665	 6	194,07	 15,89	  18,6	  29,0	  32,7	  32,6	  34,2	  37,5	  37,1	  16,3
s	    36,1170	 3	 30,86	 80,77	  20,0	  29,8	  33,6	  34,0	  35,6	  37,2	  36,5	  15,0
*	    36,8982	 1	193,00	 96,02	 -11,1	  -1,9	   1,9	   5,4	   7,9	   8,6	   7,3	 -13,6
*	    38,6009	 1	194,47	 95,83	 -12,0	  -2,8	   1,0	   4,5	   7,0	   7,7	   6,3	 -14,8
*	    40,3633	 1	195,85	 95,65	 -12,9	  -3,7	   0,1	   3,6	   6,1	   6,7	   5,3	 -15,9
*	    42,1789	 1	197,18	 95,47	 -13,8	  -4,7	  -0,8	   2,7	   5,1	   5,8	   4,3	 -17,0
*	    36,5802	 1	192,96	 93,87	 -10,9	  -1,7	   2,1	   5,6	   8,1	   8,8	   7,5	 -13,4
*	    38,2948	 1	194,43	 93,73	 -11,8	  -2,6	   1,2	   4,7	   7,2	   7,8	   6,5	 -14,5
*	    40,0686	 1	195,82	 93,60	 -12,8	  -3,6	   0,2	   3,7	   6,2	   6,9	   5,5	 -15,7
*	    41,8951	 1	197,15	 93,47	 -13,7	  -4,5	  -0,7	   2,8	   5,3	   5,9	   4,5	 -16,8
*	    36,3863	 1	192,92	 91,69	 -10,8	  -1,6	   2,2	   5,7	   8,2	   8,9	   7,6	 -13,3
*	    38,1083	 1	194,40	 91,62	 -11,7	  -2,5	   1,3	   4,8	   7,3	   8,0	   6,6	 -14,4
*	    39,8891	 1	195,78	 91,54	 -12,7	  -3,5	   0,3	   3,8	   6,3	   7,0	   5,6	 -15,6
*	    41,7225	 1	197,11	 91,47	 -13,6	  -4,4	  -0,6	   2,9	   5,4	   6,0	   4,6	 -16,7
*	    36,3184	 1	192,88	 89,51	 -10,7	  -1,5	   2,3	   5,8	   8,3	   9,0	   7,7	 -13,2
*	    38,0431	 1	194,36	 89,50	 -11,7	  -2,5	   1,3	   4,8	   7,3	   8,0	   6,6	 -14,4
*	    39,8265	 1	195,75	 89,47	 -12,6	  -3,4	   0,4	   3,9	   6,4	   7,0	   5,6	 -15,5
*	    41,6623	 1	197,08	 89,46	 -13,6	  -4,4	  -0,6	   2,9	   5,4	   6,1	   4,6	 -16,7
*	    36,3772	 1	192,85	 87,33	 -10,8	  -1,6	   2,2	   5,7	   8,2	   8,9	   7,6	 -13,2
*	    38,0998	 1	194,33	 87,38	 -11,7	  -2,5	   1,3	   4,8	   7,3	   8,0	   6,6	 -14,4
*	    39,8812	 1	195,71	 87,41	 -12,6	  -3,5	   0,3	   3,8	   6,3	   7,0	   5,6	 -15,6
*	    41,7150	 1	197,04	 87,46	 -13,6	  -4,4	  -0,6	   2,9	   5,4	   6,1	   4,6	 -16,7
*	    36,5623	 1	192,81	 85,17	 -10,9	  -1,7	   2,1	   5,6	   8,1	   8,8	   7,5	 -13,4
*	    38,2780	 1	194,29	 85,27	 -11,8	  -2,6	   1,2	   4,7	   7,2	   7,9	   6,5	 -14,5
*	    40,0528	 1	195,68	 85,36	 -12,7	  -3,6	   0,3	   3,8	   6,2	   6,9	   5,5	 -15,7
*	    41,8804	 1	197,01	 85,45	 -13,7	  -4,5	  -0,7	   2,8	   5,3	   6,0	   4,5	 -16,8
*	    36,5877	 1	120,39	 85,55	   0,4	   9,9	  13,7	  14,6	  16,1	  16,9	  15,9	  -5,0
s	    36,7631	 4	 67,87	118,03	  20,9	  30,7	  34,4	  34,9	  36,5	  38,3	  37,1	  16,2
s	    38,1244	 4	 31,00	 71,86	  21,0	  30,9	  34,8	  35,6	  37,1	  37,8	  36,8	  15,8
s	    38,2653	 5	313,36	115,52	  19,7	  29,9	  33,8	  34,3	  35,8	  37,3	  36,7	  15,6
s	    38,3370	 7	298,23	 23,43	  17,9	  28,4	  32,1	  32,0	  33,6	  36,8	  36,4	  15,4
s	    38,3370	 7	296,19	154,77	  18,5	  28,5	  32,3	  32,4	  33,9	  36,2	  35,6	  13,9
s	    38,7910	 5	314,07	 61,89	  18,1	  28,2	  32,0	  32,3	  33,8	  36,0	  35,8	  13,9
s	    38,8547	 3	296,59	 88,78	  20,6	  30,6	  34,7	  35,5	  37,0	  37,5	  37,0	  15,9
s	    39,3553	 4	296,53	 96,98	  20,3	  30,5	  34,5	  35,4	  36,8	  37,4	  36,8	  15,7
s	    39,5275	 4	296,66	 79,98	  19,2	  29,5	  33,6	  34,2	  35,6	  36,9	  36,8	  15,6
s	    39,8680	 6	164,55	136,52	  18,2	  28,8	  32,6	  32,8	  34,3	  36,8	  36,2	  15,1
s	    40,2414	 5	 68,32	 57,34	  16,4	  27,3	  32,2	  32,7	  34,3	  36,7	  36,3	  15,1
s	    40,5153	 5	 30,30	115,60	  19,3	  29,7	  33,5	  33,9	  35,5	  37,1	  36,2	  15,0
s	    40,7155	 6	162,49	 43,20	  16,5	  27,0	  30,8	  30,7	  32,2	  35,4	  35,3	  13,3
s	    40,9609	 5	 67,80	125,65	  18,5	  28,4	  32,0	  32,1	  33,7	  36,3	  35,3	  13,3
s	    41,2385	 5	296,73	 72,16	  18,5	  29,0	  33,0	  33,6	  35,0	  36,4	  36,1	  14,8
s	    42,3509	 6	313,24	123,00	  17,3	  27,6	  31,4	  31,6	  33,1	  35,4	  35,0	  12,8
s	    42,4144	 7	201,18	165,49	  17,3	  27,8	  31,5	  31,3	  32,9	  36,3	  35,6	  14,2
s	    42,6765	 6	314,18	 55,04	  17,8	  28,2	  32,1	  32,3	  33,8	  36,1	  35,7	  14,3
s	    42,8926	 2	 95,71	 90,71	  20,2	  30,2	  34,1	  35,0	  36,5	  37,1	  36,3	  14,9
s	    43,1502	 3	 95,72	 96,47	  17,9	  28,6	  33,6	  34,7	  36,3	  36,9	  36,2	  14,7
s	    43,5180	 3	 95,70	 82,53	  19,6	  29,5	  33,3	  33,9	  35,4	  37,0	  36,1	  14,6
s	    43,5447	 7	193,48	 13,62	  15,6	  26,1	  29,7	  29,2	  30,8	  34,9	  34,6	  12,4
s	    43,6652	 6	296,39	112,72	  17,9	  28,6	  32,6	  33,1	  34,6	  35,9	  35,5	  14,0
*	    43,8902	 1	111,16	 81,22	 -12,2	  -2,7	   1,2	   2,0	   3,6	   4,3	   3,1	 -18,4
s	    44,1418	 6	296,80	 64,42	  16,3	  26,9	  30,9	  31,1	  32,5	  34,6	  34,6	  12,3
s	    44,4017	 6	 67,75	130,28	  16,2	  27,0	  31,8	  32,2	  33,8	  36,3	  35,4	  13,8
s	    44,7571	 6	 30,15	123,37	  18,0	  28,1	  32,0	  32,4	  33,9	  35,4	  34,5	  12,2
s	    44,7779	 8	296,05	157,59	  16,7	  27,3	  31,1	  30,9	  32,4	  35,7	  35,1	  13,5
s	    45,1131	 4	 95,69	 75,22	  18,9	  29,0	  32,8	  33,3	  34,8	  36,4	  35,5	  13,8
s	    45,1472	 6	 68,38	 50,72	  14,6	  25,3	  30,0	  30,1	  31,7	  35,0	  34,4	  12,0
s	    45,2824	 2	199,86	 89,37	  19,8	  29,8	  33,8	  34,6	  36,1	  36,7	  35,9	  14,2
s	    45,7290	 3	199,98	 96,69	  19,5	  29,7	  33,6	  34,5	  36,0	  36,6	  35,7	  14,0
*	    45,7665	 1	199,50	 95,14	 -11,3	  -1,8	   2,0	   2,8	   4,4	   5,1	   3,9	 -17,8
s	    45,8634	 8	298,42	 20,20	  15,0	  25,5	  29,2	  28,8	  30,3	  34,3	  34,1	  11,6
s	    45,8828	 3	199,73	 81,52	  18,5	  28,7	  32,7	  33,3	  34,8	  36,2	  35,7	  14,0
s	    46,4833	 7	162,30	 38,30	  15,9	  26,8	  30,6	  30,5	  32,1	  35,3	  34,9	  13,1
*	    47,2197	 1	203,06	 94,98	 -14,2	  -4,7	  -0,8	   0,0	   1,6	   2,2	   1,0	 -20,8
s	    47,2584	 7	313,12	129,38	  17,9	  28,3	  32,3	  32,7	  34,2	  35,5	  34,7	  12,9
s	    47,2663	 4	200,12	104,31	  17,3	  27,6	  31,5	  32,0	  33,5	  34,9	  34,3	  11,7
s	    47,3862	 5	 95,76	113,11	  18,3	  28,6	  32,4	  32,9	  34,4	  36,0	  34,9	  13,1
s	    47,3910	 7	296,32	119,73	  15,6	  26,4	  30,4	  30,5	  32,0	  34,1	  33,9	  11,3
s	    47,4163	 4	199,61	 74,48	  17,8	  28,2	  32,2	  32,7	  34,2	  35,7	  35,0	  13,2
s	    47,6900	 7	296,87	 57,99	  16,0	  27,0	  31,1	  31,3	  32,7	  34,8	  34,7	  12,8
s	    49,0133	 8	 21,98	 59,99	  14,4	  25,8	  30,7	  31,1	  32,7	  35,1	  34,3	  12,3
s	    49,1878	 7	 30,01	129,16	  17,6	  28,1	  32,0	  32,4	  33,9	  35,4	  34,4	  12,4
s	    49,5751	 3	 11,03	 89,93	  19,0	  29,0	  33,1	  33,9	  35,4	  35,8	  35,0	  13,0
s	    49,6068	 5	200,24	110,94	  17,2	  27,9	  31,8	  32,3	  33,8	  35,3	  34,6	  12,5
s	    49,8057	 4	 10,95	 95,08	  16,7	  27,4	  32,6	  33,7	  35,1	  35,6	  34,9	  12,8
s	    49,8852	 7	 67,68	135,97	  12,9	  24,1	  29,0	  29,1	  30,7	  33,8	  33,5	  10,7
s	    50,0391	 5	199,48	 67,39	  15,7	  26,2	  30,1	  30,3	  31,8	  34,0	  33,7	  10,9
s	    50,0422	 2	156,46	 90,14	  19,1	  28,7	  32,6	  33,4	  34,9	  35,4	  34,0	  11,2
s	    50,3526	 8	201,72	167,27	  14,4	  25,0	  28,6	  28,1	  29,7	  33,8	  33,3	  10,4
s	    50,4557	 3	156,57	 96,91	  18,8	  28,6	  32,5	  33,3	  34,8	  35,3	  33,8	  11,0
s	    50,5640	 6	 95,66	 62,74	  14,9	  26,1	  31,2	  32,0	  33,5	  34,8	  34,3	  12,2
s	    50,5982	 3	156,34	 82,86	  17,8	  27,6	  31,5	  32,1	  33,6	  34,9	  33,8	  10,9
s	    50,8482	 8	 70,91	148,41	  13,9	  25,1	  29,8	  29,9	  31,5	  34,9	  34,0	  11,9
s	    50,8980	 6	 95,77	119,82	  16,1	  26,5	  30,2	  30,3	  31,9	  34,3	  33,4	  10,5
s	    50,9217	 8	192,92	 12,02	  14,8	  25,6	  29,3	  28,9	  30,4	  34,5	  34,0	  11,8
s	    51,8824	 4	156,69	104,00	  17,4	  27,4	  31,3	  31,8	  33,3	  34,7	  33,5	  10,5
s	    51,9231	 8	296,26	125,87	  16,3	  27,2	  31,3	  31,8	  33,2	  34,4	  33,8	  11,6
s	    52,0219	 4	156,23	 76,31	  17,4	  27,4	  31,3	  31,8	  33,3	  34,7	  33,5	  10,4
s	    52,1327	 8	164,96	146,02	  14,9	  26,0	  29,8	  29,6	  31,2	  34,4	  33,8	  11,5
s	    52,3236	 4	  9,31	 82,82	  18,1	  28,2	  32,0	  32,5	  34,0	  35,6	  34,4	  12,2
s	    52,3922	 8	313,01	134,41	  14,4	  25,1	  29,0	  28,8	  30,3	  33,3	  33,0	   9,9
s	    52,6274	 8	 98,37	 63,68	  12,4	  24,4	  29,7	  30,1	  31,6	  33,6	  33,7	  11,4
s	    52,8064	 8	314,43	 43,78	  14,8	  25,8	  29,7	  29,5	  31,0	  34,1	  33,7	  11,4
s	    53,0020	 6	200,37	117,48	  15,0	  25,8	  29,7	  29,8	  31,3	  33,5	  33,1	  10,0
s	    53,3045	 1	229,38	 88,98	  19,7	  29,1	  33,0	  33,8	  35,3	  36,0	  34,6	  12,2
*	    56,3789	 1	244,15	 85,44	  -2,2	   7,2	  11,1	  11,9	  13,4	  14,1	  12,6	 -10,0
*	    53,5799	 1	226,53	 85,65	  -1,0	   8,5	  12,3	  13,2	  14,7	  15,4	  14,0	  -8,4
*	    59,0947	 1	210,64	 86,17	  -3,0	   6,5	  10,3	  11,2	  12,7	  13,3	  11,8	 -11,1
s	    53,5537	 6	199,35	 60,96	  16,5	  27,2	  31,2	  31,7	  33,2	  34,5	  33,8	  11,4
s	    53,5843	 8	162,07	 33,72	  14,2	  25,0	  28,8	  28,6	  30,1	  33,2	  32,8	   9,6
s	    53,6246	 6	 10,67	110,16	  17,2	  27,6	  31,5	  31,9	  33,4	  34,9	  33,8	  11,4
s	    53,6980	 2	229,45	 95,43	  19,4	  29,1	  32,9	  33,7	  35,2	  35,9	  34,4	  12,0
s	    53,7108	 5	  9,43	 76,43	  17,4	  27,8	  31,6	  32,0	  33,5	  35,1	  33,9	  11,5
s	    53,8337	 2	229,30	 82,06	  18,3	  28,1	  31,9	  32,5	  34,0	  35,5	  34,4	  12,0
s	    53,8349	 7	 95,78	124,06	  14,0	  25,2	  30,1	  30,5	  32,1	  34,5	  33,6	  11,2
s	    54,0638	 5	156,80	110,23	  17,4	  27,6	  31,5	  32,0	  33,5	  34,8	  33,8	  11,4
s	    54,4679	 5	156,11	 69,66	  15,8	  25,9	  29,8	  30,0	  31,4	  33,6	  32,9	   9,7
s	    54,4774	 7	 95,65	 57,13	  12,3	  23,5	  28,4	  28,5	  30,1	  33,2	  32,7	   9,5
s	    54,5793	 8	 31,54	 46,52	  14,6	  25,7	  29,5	  29,3	  30,8	  34,0	  33,4	  10,9
s	    55,0576	 3	229,53	102,19	  17,2	  27,0	  30,7	  31,2	  32,7	  34,2	  33,1	   9,8
s	    55,1906	 3	229,22	 75,80	  17,7	  27,7	  31,5	  32,0	  33,5	  35,0	  33,8	  11,3
s	    55,2963	 2	252,53	 88,79	  19,2	  28,7	  32,6	  33,5	  34,9	  35,4	  34,2	  11,6
s	    55,4501	 8	 67,62	140,40	  12,5	  24,0	  28,9	  29,1	  30,6	  33,8	  33,2	  10,7
*	    55,4668	 1	204,46	 94,42	 -10,7	  -1,2	   2,6	   3,5	   5,0	   5,6	   4,2	 -18,4
*	    55,6163	 1	204,28	 83,40	 -10,7	  -1,2	   2,6	   3,4	   4,9	   5,6	   4,1	 -18,4
s	    55,6785	 3	252,56	 95,06	  18,9	  28,6	  32,5	  33,3	  34,8	  35,4	  34,0	  11,4
s	    55,8103	 3	252,49	 82,06	  17,9	  27,7	  31,6	  32,2	  33,6	  34,9	  34,0	  11,4
s	    56,8268	 7	 10,54	116,39	  15,1	  25,5	  29,4	  29,5	  31,0	  33,2	  32,3	   8,9
s	    56,8553	 7	200,49	122,92	  14,8	  25,9	  29,9	  30,0	  31,5	  33,8	  33,1	  10,4
s	    57,0000	 4	252,60	101,64	  16,7	  26,6	  30,4	  30,9	  32,4	  33,7	  32,6	   9,2
s	    57,1414	 4	229,60	108,17	  17,2	  27,4	  31,2	  31,7	  33,2	  34,7	  33,4	  10,7
s	    57,5010	 7	199,22	 55,61	  13,2	  24,3	  28,1	  28,0	  29,5	  32,5	  32,2	   8,7
s	    57,5038	 6	156,93	116,85	  16,2	  26,3	  30,2	  30,6	  32,1	  33,3	  32,3	   8,8
s	    57,5038	 6	156,01	 63,95	  15,7	  26,2	  30,1	  30,3	  31,8	  33,9	  33,1	  10,4
s	    57,5280	 4	229,14	 69,41	  15,7	  25,7	  29,5	  29,7	  31,2	  33,4	  32,6	   9,1
s	    57,5779	 6	253,39	 75,58	  16,7	  26,8	  30,9	  31,4	  32,8	  33,9	  33,1	  10,4
s	    58,5162	 7	  9,65	 65,24	  13,7	  25,0	  30,1	  30,9	  32,3	  33,6	  32,9	  10,0
s	    58,6072	 8	 95,80	129,48	  10,9	  22,6	  27,6	  27,7	  29,2	  32,2	  32,0	   8,4
s	    59,0282	 5	252,63	107,46	  16,8	  27,0	  30,9	  31,3	  32,8	  34,2	  33,0	  10,1
s	    59,4049	 5	252,42	 69,74	  15,2	  25,3	  29,2	  29,3	  30,8	  32,9	  32,2	   8,5
s	    59,8213	 8	 10,44	120,79	  14,0	  25,1	  30,2	  30,8	  32,3	  33,6	  32,6	   9,6
s	    59,8253	 3	318,57	 89,10	  17,7	  27,2	  31,2	  32,1	  33,5	  33,8	  32,3	   8,6
s	    60,1842	 4	318,49	 94,98	  17,4	  27,1	  31,1	  31,9	  33,4	  33,7	  32,1	   8,4
s	    60,1914	 5	229,68	114,16	  15,1	  25,4	  29,1	  29,2	  30,8	  33,0	  32,0	   8,3
s	    60,3080	 4	318,66	 82,78	  16,3	  26,2	  30,2	  30,8	  32,2	  33,3	  32,1	   8,4
s	    60,4388	 5	229,07	 63,90	  15,6	  26,0	  29,8	  30,0	  31,5	  33,8	  32,8	   9,8
s	    60,7115	 8	156,39	115,64	  13,6	  24,5	  28,6	  28,7	  30,1	  32,0	  31,6	   7,8
s	    60,8807	 7	157,03	121,66	  15,1	  25,7	  29,6	  29,8	  31,3	  33,4	  32,5	   9,5
s	    61,4265	 5	318,41	101,18	  16,0	  26,0	  30,0	  30,5	  32,0	  33,1	  31,8	   8,0
s	    61,4919	 7	155,89	 58,39	  13,5	  24,1	  27,9	  27,8	  29,2	  32,2	  31,6	   7,8
s	    61,5483	 5	318,73	 77,05	  16,0	  26,0	  30,0	  30,5	  32,0	  33,1	  31,8	   8,0
s	    61,6320	 2	208,74	 89,29	  17,7	  27,7	  31,6	  32,5	  33,9	  34,4	  33,2	  10,1
s	    61,9822	 3	208,83	 95,03	  17,4	  27,6	  31,5	  32,3	  33,8	  34,3	  33,0	   9,9
s	    62,0017	 8	199,10	 50,86	  13,0	  24,4	  28,3	  28,2	  29,6	  32,6	  32,2	   9,1
s	    62,0024	 6	252,66	113,33	  14,7	  25,0	  28,8	  28,9	  30,4	  32,5	  31,6	   7,8
s	    62,0927	 3	112,91	 90,71	  16,6	  26,7	  30,7	  31,6	  33,0	  33,4	  32,0	   8,1
s	    62,1031	 3	208,65	 83,12	  16,4	  26,6	  30,6	  31,2	  32,6	  33,9	  33,0	   9,8
s	    62,2438	 6	252,39	 64,35	  15,2	  25,6	  29,5	  29,7	  31,2	  33,3	  32,4	   9,2
s	    62,2853	 4	112,94	 95,02	  14,4	  25,1	  30,2	  31,3	  32,8	  33,2	  31,8	   7,9
s	    62,3142	 8	  9,77	 59,66	  12,2	  23,3	  28,3	  28,6	  30,1	  32,3	  31,4	   7,5
s	    62,5609	 4	112,87	 84,58	  15,3	  25,7	  29,7	  30,3	  31,7	  32,8	  31,8	   7,8
s	    63,1956	 4	208,93	101,08	  15,3	  25,6	  29,5	  29,9	  31,4	  32,7	  31,7	   7,7
s	    63,3145	 4	208,56	 77,52	  15,8	  26,2	  30,2	  30,7	  32,2	  33,5	  32,5	   9,2
s	    63,3384	 6	318,33	106,69	  16,1	  26,3	  30,3	  30,7	  32,2	  33,4	  32,2	   9,0
s	    63,6878	 6	229,76	119,24	  15,0	  25,6	  29,4	  29,5	  31,1	  33,4	  32,2	   8,9
s	    63,6941	 6	318,82	 71,15	  14,5	  24,6	  28,6	  28,8	  30,2	  32,1	  31,4	   7,3
s	    63,7652	 5	112,83	 79,01	  15,0	  25,5	  29,5	  30,0	  31,5	  32,7	  31,5	   7,4
s	    64,2771	 6	228,99	 58,48	  13,4	  23,9	  27,7	  27,5	  29,0	  32,1	  31,3	   7,2
s	    65,0645	 5	209,02	106,48	  15,3	  26,0	  29,9	  30,4	  31,9	  33,2	  32,1	   8,7
s	    65,1678	 3	269,47	 88,78	  17,0	  27,1	  31,1	  32,0	  33,4	  33,7	  32,5	   9,1
s	    65,4124	 5	208,46	 71,74	  13,8	  24,3	  28,2	  28,4	  29,9	  32,0	  31,3	   7,1
s	    65,4207	 8	157,15	126,71	  12,8	  23,6	  27,4	  27,2	  28,7	  31,6	  30,9	   6,7
s	    65,5024	 4	269,47	 94,26	  16,8	  27,0	  31,0	  31,8	  33,3	  33,6	  32,4	   8,9
s	    65,5053	 6	113,03	107,80	  15,1	  25,8	  29,8	  30,3	  31,7	  32,9	  31,9	   8,5
s	    65,6179	 4	269,47	 82,88	  15,7	  26,1	  30,1	  30,7	  32,1	  33,2	  32,4	   8,9
s	    65,7670	 8	155,78	 53,76	  13,3	  24,2	  28,1	  28,0	  29,4	  32,4	  31,7	   8,2
s	    65,9953	 7	252,35	 59,02	  13,0	  23,5	  27,4	  27,2	  28,7	  31,6	  30,9	   6,7
s	    66,1523	 7	318,25	112,28	  14,0	  24,3	  28,3	  28,4	  29,8	  31,8	  30,9	   6,7
s	    66,3812	 7	318,90	 66,00	  14,5	  25,0	  29,0	  29,2	  30,6	  32,5	  31,7	   8,2
s	    66,6626	 5	269,47	100,06	  14,7	  25,0	  29,0	  29,4	  30,9	  32,0	  31,1	   6,8
s	    66,7765	 5	269,47	 77,52	  15,2	  25,7	  29,7	  30,2	  31,6	  32,8	  31,8	   8,3
s	    67,8189	 6	209,11	111,97	  13,3	  24,0	  27,9	  28,1	  29,5	  31,7	  30,8	   6,4
s	    68,0722	 7	229,84	124,19	  12,8	  23,5	  27,2	  27,0	  28,5	  31,6	  30,7	   6,2
s	    68,2710	 6	208,37	 66,31	  14,8	  25,5	  29,5	  30,0	  31,4	  32,6	  31,5	   7,8
s	    68,4074	 7	228,91	 53,94	  13,2	  24,1	  27,9	  27,8	  29,3	  32,3	  31,4	   7,7
s	    68,4528	 6	269,47	105,24	  14,8	  25,4	  29,5	  30,0	  31,4	  32,6	  31,5	   7,8
s	    68,4680	 7	113,07	113,64	  14,0	  24,6	  28,7	  29,1	  30,4	  31,5	  30,6	   6,1
s	    68,4680	 7	112,75	 68,22	  13,5	  24,5	  28,5	  28,7	  30,1	  32,1	  31,4	   7,7
s	    68,7865	 6	269,47	 71,96	  13,2	  23,8	  27,8	  28,0	  29,4	  31,3	  30,7	   6,2
s	    69,3984	 8	318,17	117,09	  13,9	  24,6	  28,6	  28,7	  30,2	  32,1	  31,1	   7,3
s	    69,9475	 8	318,98	 60,87	  12,3	  23,0	  26,9	  26,7	  28,1	  30,9	  30,3	   5,7
s	    70,0410	 8	252,73	123,54	  13,4	  23,9	  27,8	  27,9	  29,3	  31,3	  30,3	   5,7
s	    70,0410	 8	252,32	 54,53	  12,8	  23,8	  27,6	  27,5	  29,0	  31,9	  31,1	   7,2
s	    71,0013	 7	209,20	116,71	  13,2	  24,3	  28,3	  28,4	  29,9	  32,0	  31,0	   7,1
s	    71,0973	 7	269,47	110,54	  12,7	  23,5	  27,5	  27,6	  29,0	  31,0	  30,2	   5,5
s	    71,3130	 7	269,47	 67,08	  13,2	  24,2	  28,2	  28,4	  29,8	  31,8	  31,0	   7,0
s	    71,3804	 4	358,09	 89,77	  15,4	  25,5	  29,6	  30,5	  31,8	  32,0	  30,5	   5,8
s	    71,5400	 7	208,28	 61,63	  11,7	  22,7	  26,6	  26,4	  27,9	  30,8	  30,2	   5,4
s	    71,7979	 5	358,19	 84,30	  14,1	  24,5	  28,6	  29,2	  30,5	  31,5	  30,3	   5,6
s	    71,9475	 8	112,70	 63,18	  11,4	  22,5	  26,4	  26,3	  27,7	  30,5	  30,0	   5,2
s	    72,2872	 6	115,94	 95,76	  12,1	  23,5	  28,8	  29,8	  31,2	  31,5	  30,2	   5,4
s	    72,6349	 8	229,91	128,31	  12,6	  23,6	  27,4	  27,2	  28,7	  31,8	  30,7	   6,6
s	    73,3741	 8	228,83	 49,56	  11,0	  21,9	  25,7	  25,2	  26,7	  30,5	  29,8	   4,9
s	    73,6829	 3	153,85	 90,25	  16,2	  26,2	  30,2	  31,1	  32,5	  32,8	  31,3	   7,2
s	    73,9850	 4	153,93	 95,20	  15,9	  26,1	  30,2	  31,0	  32,4	  32,7	  31,2	   7,0
s	    74,0894	 4	153,77	 84,93	  14,9	  25,2	  29,2	  29,8	  31,2	  32,3	  31,2	   7,0
s	    74,1611	 8	269,47	115,13	  12,7	  23,8	  27,9	  28,0	  29,4	  31,4	  30,5	   6,3
s	    74,4344	 7	357,81	105,09	  13,9	  24,7	  28,8	  29,2	  30,6	  31,6	  30,6	   6,3
s	    74,9450	 8	269,46	 61,84	  12,1	  23,0	  27,0	  27,2	  28,5	  30,3	  29,6	   4,5
s	    75,0345	 5	154,02	100,46	  14,5	  25,0	  29,1	  29,6	  31,0	  32,1	  30,9	   6,6
s	    75,1376	 5	153,69	 80,07	  14,5	  25,0	  29,1	  29,6	  31,0	  32,1	  30,9	   6,6
s	    75,3343	 8	208,19	 57,32	  11,6	  22,9	  26,9	  26,7	  28,2	  31,1	  30,3	   6,0
s	    75,4349	 6	357,25	 79,60	  14,3	  24,6	  28,5	  29,0	  30,4	  31,7	  29,7	   4,7
s	    76,6591	 6	154,10	105,19	  14,2	  24,8	  28,9	  29,3	  30,7	  31,9	  30,6	   6,2
s	    76,7060	 7	356,09	 94,55	  11,5	  22,9	  28,3	  29,3	  30,7	  30,8	  29,5	   4,3
s	    76,9046	 8	357,72	110,07	  11,9	  22,8	  26,8	  27,0	  28,3	  30,1	  29,3	   4,1
s	    77,2539	 7	357,34	 74,55	  12,1	  22,9	  26,9	  27,0	  28,4	  30,3	  29,4	   4,1
s	    77,7783	 3	193,45	 89,58	  15,9	  25,5	  29,3	  30,1	  31,5	  31,8	  29,7	   4,4
s	    78,0670	 4	193,53	 94,31	  15,7	  25,4	  29,2	  30,0	  31,4	  31,8	  29,6	   4,2
s	    78,1668	 4	193,36	 84,49	  13,7	  24,0	  28,1	  28,6	  30,0	  31,1	  29,6	   4,3
s	    78,9338	 8	357,41	 71,14	  10,2	  21,9	  27,0	  27,4	  28,9	  30,8	  29,9	   5,2
s	    79,0651	 5	 62,32	105,25	  12,7	  23,5	  28,4	  29,1	  30,6	  32,0	  30,2	   5,5
s	    79,0701	 7	154,18	110,06	  11,9	  22,7	  26,7	  26,8	  28,2	  30,2	  29,2	   3,7
s	    79,0704	 5	193,62	 99,34	  14,3	  24,3	  28,2	  28,7	  30,0	  31,2	  29,3	   3,9
s	    79,1690	 5	193,28	 79,84	  13,4	  23,9	  27,9	  28,4	  29,8	  30,9	  29,4	   3,9
s	    79,2673	 7	153,53	 70,49	  12,4	  23,4	  27,4	  27,6	  29,0	  30,9	  29,9	   5,2
s	    80,5750	 8	153,33	 75,24	  11,6	  22,9	  27,2	  27,4	  28,7	  30,3	  29,9	   5,1
s	    80,6255	 6	193,70	103,87	  14,5	  24,7	  28,5	  29,0	  30,3	  31,5	  29,8	   5,0
s	    80,9163	 6	193,19	 74,97	  12,9	  23,0	  26,8	  27,0	  28,3	  30,3	  29,0	   3,4
s	    81,4152	 6	 62,28	110,01	  10,7	  21,6	  26,4	  26,8	  28,3	  30,5	  29,0	   3,3
s	    81,8788	 8	154,26	114,34	  12,0	  23,1	  27,1	  27,3	  28,7	  30,6	  29,5	   4,6
s	    81,9063	 8	 99,56	104,91	  11,0	  22,5	  27,6	  28,3	  29,7	  30,9	  29,5	   4,6
s	    82,3566	 8	153,44	 65,92	  10,4	  21,5	  25,4	  25,3	  26,7	  29,4	  28,6	   2,9
s	    82,4232	 7	100,90	100,23	  11,2	  22,7	  27,7	  28,3	  29,8	  31,1	  29,5	   4,6
s	    82,7164	 4	283,30	 88,84	  14,3	  24,4	  28,5	  29,4	  30,7	  30,8	  29,0	   3,3
s	    82,9903	 5	283,29	 93,33	  14,1	  24,3	  28,5	  29,3	  30,6	  30,7	  28,9	   3,1
s	    83,0850	 5	283,32	 84,01	  13,0	  23,4	  27,5	  28,1	  29,4	  30,3	  28,9	   3,1
s	    83,1270	 7	193,79	108,89	  12,6	  23,2	  27,2	  27,6	  29,0	  29,9	  28,6	   2,9
s	    83,1270	 7	193,11	 70,64	  13,0	  23,5	  27,3	  27,5	  28,8	  30,8	  29,4	   4,3
s	    83,9431	 6	283,27	 98,11	  12,7	  23,3	  27,4	  27,9	  29,3	  30,2	  28,6	   2,8
s	    84,0369	 6	283,34	 79,59	  12,7	  23,3	  27,4	  27,9	  29,3	  30,2	  28,6	   2,8
s	    85,4219	 7	283,25	102,43	  12,9	  23,6	  27,7	  28,2	  29,5	  30,5	  29,1	   3,9
s	    85,6372	 8	193,87	112,70	  12,6	  23,2	  27,0	  27,2	  28,5	  30,5	  28,9	   3,7
s	    85,6987	 7	283,36	 74,95	  11,3	  22,0	  26,1	  26,2	  27,6	  29,3	  28,3	   2,3
s	    86,0970	 8	193,03	 66,22	  11,0	  21,5	  25,3	  25,2	  26,5	  29,3	  28,1	   2,1
s	    86,2122	 4	120,68	 90,70	  14,0	  24,6	  28,7	  29,6	  30,9	  31,0	  29,6	   4,3
s	    86,3585	 5	120,71	 93,97	  11,8	  23,0	  28,3	  29,3	  30,7	  30,8	  29,5	   4,2
s	    86,4157	 4	320,79	 89,19	  14,7	  24,8	  28,9	  29,8	  31,1	  31,2	  29,6	   4,3
s	    86,6097	 2	 61,86	 90,72	  15,2	  25,2	  29,1	  29,9	  31,4	  31,7	  29,8	   4,5
s	    86,6796	 5	320,73	 93,52	  14,5	  24,8	  28,9	  29,7	  31,0	  31,1	  29,4	   4,1
s	    86,7708	 5	320,85	 84,54	  13,5	  23,8	  27,9	  28,5	  29,8	  30,7	  29,4	   4,1
s	    86,8731	 3	 61,83	 95,04	  14,9	  25,1	  29,0	  29,8	  31,3	  31,6	  29,6	   4,3
s	    86,9641	 3	 61,90	 86,08	  14,6	  24,6	  28,4	  28,9	  30,4	  31,6	  29,6	   4,3
s	    87,4872	 6	120,60	 81,77	  13,2	  23,9	  27,9	  28,3	  29,7	  30,8	  29,2	   3,8
s	    87,5229	 4	 61,80	 98,59	  11,6	  22,6	  27,6	  28,4	  29,9	  31,0	  29,5	   4,0
s	    87,5977	 6	320,66	 98,12	  13,2	  23,7	  27,8	  28,3	  29,7	  30,6	  29,2	   3,8
s	    87,6247	 8	283,23	106,92	  11,0	  21,8	  25,8	  26,0	  27,3	  29,0	  28,0	   1,8
s	    87,6881	 6	320,91	 80,28	  13,2	  23,7	  27,8	  28,3	  29,7	  30,6	  29,2	   3,8
s	    87,8053	 8	283,38	 70,80	  11,4	  22,5	  26,6	  26,8	  28,1	  29,8	  28,7	   3,3
s	    87,8797	 4	 61,94	 81,82	  14,1	  24,2	  28,0	  28,5	  30,0	  31,2	  29,2	   3,7
s	    87,9514	 3	 46,31	 90,57	  14,8	  24,9	  28,9	  29,7	  31,1	  31,3	  29,5	   4,1
s	    88,2113	 4	 46,26	 94,82	  14,6	  24,8	  28,8	  29,6	  31,0	  31,2	  29,4	   3,9
s	    88,8126	 5	 61,76	102,79	  11,1	  22,2	  27,2	  28,0	  29,4	  30,6	  29,0	   3,4
s	    89,0239	 7	320,60	102,30	  12,8	  23,6	  27,7	  28,1	  29,5	  30,4	  28,9	   3,4
s	    89,1158	 5	 46,20	 99,36	  12,5	  22,9	  26,8	  27,3	  28,6	  29,7	  28,1	   1,8
s	    89,2855	 5	121,39	 86,16	  13,3	  23,9	  27,8	  28,3	  29,7	  30,9	  29,1	   3,6
s	    89,2910	 7	320,97	 75,80	  11,8	  22,6	  26,7	  26,9	  28,3	  29,9	  28,9	   3,3
s	    89,4796	 5	 61,98	 77,35	  11,5	  22,0	  25,9	  26,1	  27,5	  29,4	  28,1	   1,7
s	    90,5212	 6	 46,15	103,48	  12,7	  23,4	  27,4	  27,9	  29,2	  30,3	  28,6	   3,0
s	    91,3257	 8	320,54	106,94	  12,4	  23,2	  27,4	  27,8	  29,1	  29,9	  28,6	   2,8
s	    91,3257	 8	321,03	 71,78	  11,2	  22,2	  26,3	  26,4	  27,8	  29,5	  28,3	   2,6
s	    91,4155	 3	 74,94	 90,82	  13,8	  24,3	  28,4	  29,2	  30,6	  30,8	  29,1	   3,3
s	    91,4848	 7	121,55	103,49	  12,6	  23,6	  27,5	  27,9	  29,3	  30,6	  28,6	   2,9
s	    91,5107	 6	 62,01	 73,34	  12,3	  22,9	  26,7	  26,8	  28,3	  30,4	  28,5	   2,8
s	    91,6669	 4	 74,92	 94,94	  13,6	  24,2	  28,3	  29,1	  30,5	  30,7	  29,0	   3,2
s	    91,7537	 4	 74,96	 86,38	  13,3	  23,7	  27,7	  28,2	  29,6	  30,7	  28,9	   3,2
s	    92,2873	 5	 74,90	 98,33	  10,3	  21,7	  26,9	  27,7	  29,1	  30,1	  28,8	   2,9
s	    92,6281	 5	 74,98	 82,32	  12,7	  23,4	  27,3	  27,8	  29,2	  30,3	  28,5	   2,6
s	    92,7906	 7	 46,52	 73,40	  11,3	  22,2	  26,2	  26,4	  27,8	  29,6	  28,3	   2,4
s	    93,1982	 8	121,28	 74,64	   8,3	  20,3	  25,5	  25,9	  27,3	  29,2	  28,1	   2,2
s	    93,5198	 6	 74,88	102,34	   9,7	  21,3	  26,5	  27,2	  28,7	  29,7	  28,3	   2,3
s	    93,5204	 6	 14,13	 90,09	  11,5	  22,6	  27,0	  27,8	  29,0	  28,8	  27,5	   0,8
s	    93,8254	 7	 61,68	111,99	  11,2	  22,3	  26,2	  26,3	  27,7	  29,7	  28,1	   2,2
s	    94,1577	 6	 75,00	 78,03	  10,1	  21,2	  25,2	  25,4	  26,7	  28,5	  27,4	   0,7
s	    94,2504	 7	 62,05	 69,21	  10,3	  21,0	  24,8	  24,6	  26,0	  28,9	  27,3	   0,5
s	    95,0028	 4	 30,41	 90,36	  14,0	  24,2	  28,3	  29,1	  30,4	  30,6	  28,6	   2,5
s	    95,1863	 5	350,77	 89,68	  13,0	  23,6	  27,9	  28,7	  30,0	  29,9	  28,4	   2,3
s	    95,2459	 5	 30,35	 94,34	  13,8	  24,2	  28,2	  28,9	  30,3	  30,5	  28,4	   2,3
s	    95,3205	 6	350,71	 92,68	  10,8	  22,1	  27,4	  28,5	  29,8	  29,7	  28,3	   2,2
s	    95,4983	 8	 46,58	 69,31	   9,3	  20,3	  24,3	  24,2	  25,5	  28,1	  27,0	   0,2
s	    95,5783	 4	184,32	 89,77	  13,2	  23,8	  28,0	  28,8	  30,1	  30,1	  28,5	   2,4
s	    95,8201	 5	184,39	 93,73	  13,0	  23,7	  27,9	  28,7	  30,0	  30,1	  28,4	   2,2
s	    95,9036	 5	184,25	 85,51	  12,0	  22,8	  27,0	  27,5	  28,8	  29,6	  28,3	   2,2
s	    95,9243	 7	 13,03	 85,81	  12,0	  22,9	  26,9	  27,3	  28,7	  29,7	  27,9	   1,7
s	    96,1758	 6	 30,28	 98,89	  12,7	  23,2	  27,3	  28,0	  29,4	  29,4	  27,2	   0,2
s	    96,4377	 8	 12,84	 97,30	   9,0	  20,9	  26,1	  26,8	  28,2	  29,1	  27,7	   1,5
s	    96,6622	 6	184,47	 97,96	  11,7	  22,7	  26,9	  27,4	  28,7	  29,5	  28,2	   1,9
s	    96,8925	 5	 30,87	 86,14	  12,6	  23,1	  27,1	  27,7	  29,0	  30,0	  28,2	   2,0
s	    97,0235	 8	 61,64	115,93	   9,9	  20,8	  24,5	  24,3	  25,7	  28,6	  26,9	  -0,1
s	    97,2713	 8	 62,08	 65,58	  10,4	  21,4	  25,2	  25,0	  26,5	  29,4	  27,6	   1,3
s	    97,4098	 7	 30,22	102,45	  11,9	  22,8	  26,8	  27,2	  28,6	  29,6	  27,7	   1,4
s	    97,7266	 6	 30,93	 82,26	  12,1	  22,8	  26,8	  27,3	  28,6	  29,6	  27,8	   1,5
s	    97,9644	 8	123,45	 98,78	   8,4	  20,7	  26,0	  26,7	  28,1	  29,0	  27,8	   1,4
s	    97,9728	 7	184,54	101,81	  11,4	  22,5	  26,7	  27,2	  28,5	  29,4	  27,9	   1,6
s	    98,0352	 7	 91,98	102,89	   9,9	  21,2	  26,3	  27,0	  28,4	  29,4	  27,7	   1,3
s	    98,2185	 7	184,10	 77,46	  10,3	  21,6	  25,8	  26,0	  27,3	  28,9	  27,9	   1,5
s	    98,2811	 6	350,21	 85,50	  12,3	  23,0	  27,0	  27,5	  28,8	  29,8	  28,0	   1,6
s	    98,3223	 8	 74,84	111,19	   9,8	  21,4	  25,5	  25,7	  27,0	  28,9	  27,5	   1,1
s	    98,4982	 4	232,27	 81,00	  11,2	  21,9	  26,7	  27,5	  29,0	  30,2	  27,9	   1,5
s	    98,7303	 8	 75,04	 70,20	   9,0	  20,2	  24,1	  23,9	  25,3	  28,0	  26,7	  -0,5
s	    99,1049	 7	350,28	 81,67	  11,3	  22,5	  26,6	  27,1	  28,4	  29,3	  27,8	   1,3
s	    99,1872	 7	 31,00	 78,16	  10,2	  21,0	  25,0	  25,1	  26,5	  28,2	  26,7	  -0,5
s	    99,3794	 8	 30,15	106,50	  10,0	  21,0	  24,9	  25,0	  26,4	  28,2	  26,6	  -0,6
s	    99,7069	 5	232,48	100,90	  10,9	  21,7	  26,6	  27,3	  28,8	  30,0	  27,7	   1,2
s	    99,9327	 8	184,61	105,83	   9,2	  20,5	  24,6	  24,7	  26,0	  27,7	  26,5	  -0,7
s	    99,9802	 7	246,95	 80,68	  10,5	  21,2	  26,4	  27,1	  28,5	  29,2	  27,4	   0,9
s	   100,0938	 8	184,03	 73,74	   9,7	  21,2	  25,3	  25,5	  26,8	  28,5	  27,3	   0,8
s	   100,1550	 8	 91,98	107,19	   9,0	  20,2	  25,3	  26,0	  27,3	  28,2	  26,5	  -0,8
s	   100,3071	 8	349,93	101,46	  11,7	  22,7	  26,8	  27,1	  28,5	  29,5	  27,5	   1,0
s	   100,8954	 6	246,50	100,65	  10,6	  21,4	  26,4	  27,1	  28,6	  29,6	  27,4	   0,8
s	   100,9073	 4	152,19	 90,33	  12,8	  22,9	  27,0	  27,8	  29,1	  29,1	  26,9	  -0,5
s	   101,1379	 5	152,25	 94,10	  12,6	  22,8	  27,0	  27,7	  29,0	  29,0	  26,7	  -0,7
s	   101,2090	 8	 31,06	 74,19	  11,4	  22,3	  26,4	  26,8	  28,1	  29,0	  27,2	   0,6
s	   101,2176	 5	152,13	 86,26	  11,6	  21,9	  26,0	  26,6	  27,9	  28,6	  26,7	  -0,7
s	   101,9413	 6	152,31	 98,14	  11,3	  21,8	  25,9	  26,4	  27,7	  28,5	  26,5	  -0,9
s	   102,0205	 6	152,07	 82,52	  11,3	  21,8	  25,9	  26,4	  27,7	  28,5	  26,5	  -0,9
s	   102,5400	 6	357,95	 89,82	  11,5	  22,6	  27,0	  27,8	  29,0	  28,8	  27,5	   0,7
s	   102,8459	 7	358,02	 85,81	  10,2	  21,6	  26,0	  26,6	  27,8	  28,3	  27,3	   0,6
s	   102,8494	 4	 87,84	 90,87	  11,9	  22,5	  26,6	  27,5	  28,8	  28,8	  26,6	  -0,9
s	   103,0762	 5	 87,83	 94,58	  11,7	  22,4	  26,6	  27,4	  28,7	  28,7	  26,5	  -1,0
s	   103,1546	 5	 87,84	 86,87	  11,4	  21,9	  25,9	  26,4	  27,8	  28,7	  26,5	  -1,1
s	   103,1928	 7	152,37	101,82	  11,0	  21,7	  25,8	  26,2	  27,5	  28,4	  26,3	  -1,3
s	   103,5942	 5	292,36	 88,92	  12,4	  23,0	  27,2	  28,1	  29,3	  29,2	  27,5	   0,6
s	   103,6363	 6	 87,83	 97,65	   8,4	  19,9	  25,2	  25,9	  27,3	  28,1	  26,3	  -1,3
s	   103,6633	 5	218,97	 81,52	   9,9	  21,0	  26,0	  26,8	  28,2	  29,3	  27,2	   0,4
s	   103,8195	 6	292,34	 92,62	  12,2	  22,9	  27,2	  28,0	  29,2	  29,1	  27,3	   0,5
s	   103,8932	 8	 17,55	101,58	   9,2	  20,6	  25,8	  26,5	  27,8	  28,7	  26,9	   0,0
s	   103,8974	 6	292,39	 84,95	  11,1	  22,0	  26,3	  26,8	  28,1	  28,7	  27,3	   0,5
s	   103,9443	 6	 87,84	 83,19	  11,1	  21,8	  25,8	  26,3	  27,6	  28,6	  26,3	  -1,3
s	   104,6048	 7	292,31	 96,56	  10,9	  21,9	  26,2	  26,7	  27,9	  28,6	  27,2	   0,2
s	   104,6822	 7	292,41	 81,29	  10,8	  21,9	  26,1	  26,6	  27,9	  28,6	  27,1	   0,2
s	   104,7508	 7	 87,83	101,29	   8,6	  20,3	  25,5	  26,3	  27,6	  28,4	  26,9	  -0,0
s	   104,8193	 6	219,23	100,55	   9,6	  20,9	  25,9	  26,6	  28,0	  29,1	  27,0	   0,1
s	   105,0667	 8	152,44	105,67	   9,6	  20,6	  24,7	  24,8	  26,2	  27,8	  26,0	  -1,8
s	   105,3286	 7	 87,84	 79,30	   9,0	  20,1	  24,2	  24,4	  25,7	  27,3	  26,0	  -1,7
s	   105,8284	 8	292,28	100,16	  10,5	  21,8	  26,0	  26,5	  27,7	  28,4	  26,9	  -0,1
s	   106,0580	 8	292,44	 77,43	   9,5	  20,8	  25,1	  25,3	  26,5	  28,0	  26,9	  -0,2
s	   106,2186	 8	357,33	 82,28	   9,8	  21,5	  25,8	  26,2	  27,5	  28,2	  26,9	  -0,2
s	   107,0936	 8	 87,85	 75,78	   9,9	  21,1	  25,1	  25,2	  26,6	  28,3	  26,5	  -0,6
s	   107,8057	 2	232,74	 89,06	  14,0	  23,7	  27,5	  28,2	  29,7	  30,0	  26,3	  -1,6
s	   108,0232	 3	232,78	 92,62	  13,3	  23,4	  27,4	  28,1	  29,5	  29,8	  27,2	  -0,0
s	   108,0984	 3	232,70	 85,22	  12,8	  22,7	  26,5	  27,0	  28,4	  29,5	  26,2	  -1,8
s	   108,6267	 4	232,67	 82,55	   9,7	  20,7	  25,7	  26,5	  27,9	  28,9	  26,8	  -0,5
s	   108,7815	 4	232,82	 96,43	  12,5	  22,6	  26,4	  26,8	  28,3	  29,4	  26,0	  -2,1
s	   108,9158	 3	245,61	 88,94	  13,7	  23,4	  27,3	  28,1	  29,5	  29,6	  26,1	  -2,0
s	   109,1313	 4	245,63	 92,48	  13,0	  23,2	  27,2	  28,0	  29,3	  29,4	  27,0	  -0,3
s	   109,2059	 4	245,58	 85,14	  12,4	  22,4	  26,3	  26,8	  28,2	  29,2	  26,0	  -2,1
s	   109,7294	 5	245,56	 82,50	   9,4	  20,4	  25,5	  26,3	  27,7	  28,5	  26,6	  -0,8
s	   109,8505	 6	188,04	 85,94	  10,7	  21,8	  25,9	  26,4	  27,7	  28,6	  26,7	  -0,7
s	   109,8829	 5	245,66	 96,25	  12,2	  22,3	  26,2	  26,7	  28,0	  29,1	  25,8	  -2,4
s	   109,9327	 5	 20,81	 90,22	  11,2	  21,8	  26,0	  26,9	  28,1	  27,9	  25,8	  -2,4
s	   110,1465	 6	 20,75	 93,73	  11,0	  21,7	  26,0	  26,7	  28,0	  27,8	  25,6	  -2,5
s	   110,1858	 5	232,62	 77,95	  10,6	  20,8	  24,6	  24,7	  26,1	  28,0	  25,7	  -2,4
s	   110,2204	 6	 20,87	 86,45	  10,7	  21,2	  25,3	  25,8	  27,1	  27,8	  25,6	  -2,6
s	   110,5240	 7	188,23	 96,99	  10,4	  21,7	  25,8	  26,2	  27,6	  28,5	  26,5	  -0,9
s	   110,6748	 7	 20,70	 96,62	   7,7	  19,2	  24,6	  25,3	  26,6	  27,2	  25,5	  -2,8
s	   111,2747	 6	245,52	 77,93	  10,3	  20,6	  24,4	  24,5	  25,9	  27,7	  25,5	  -2,8
s	   111,6899	 8	188,29	100,42	  10,1	  21,6	  25,7	  26,0	  27,4	  28,4	  26,3	  -1,3
s	   111,7366	 6	232,90	103,57	  10,3	  20,7	  24,4	  24,5	  25,9	  27,9	  25,5	  -2,9
s	   111,8263	 8	 20,64	100,32	   8,9	  20,4	  25,8	  26,8	  28,1	  27,8	  26,0	  -1,5
s	   111,8826	 6	232,58	 74,56	  10,0	  20,9	  24,9	  25,0	  26,4	  28,2	  26,2	  -1,3
s	   112,7577	 7	 19,81	 83,07	  10,3	  21,1	  25,1	  25,5	  26,9	  27,8	  25,3	  -3,2
s	   112,8122	 7	245,71	103,33	  10,0	  20,4	  24,3	  24,3	  25,7	  27,5	  25,2	  -3,2
s	   112,9569	 7	245,50	 74,57	   9,7	  20,7	  24,7	  24,9	  26,2	  27,9	  26,0	  -1,7
s	   113,8283	 7	232,94	106,87	  10,4	  21,2	  25,0	  25,0	  26,5	  28,5	  25,9	  -1,8
s	   114,0467	 8	 19,87	 79,44	   8,2	  19,5	  23,6	  23,7	  25,0	  26,6	  25,0	  -3,5
s	   114,1868	 7	232,54	 71,03	   8,1	  19,1	  23,0	  22,8	  24,2	  26,8	  25,1	  -3,4
s	   114,2042	 5	126,70	 90,68	  10,9	  21,6	  25,8	  26,5	  27,8	  27,8	  25,3	  -3,2
s	   114,3185	 6	126,73	 93,23	   8,7	  20,1	  25,3	  26,3	  27,6	  27,6	  25,2	  -3,4
s	   114,4823	 6	126,66	 87,03	   9,6	  20,6	  24,8	  25,3	  26,6	  27,3	  25,2	  -3,4
s	   115,0339	 8	101,98	101,28	   8,0	  19,3	  24,3	  23,6	  23,9	  25,0	  22,8	  -5,1
s	   115,2027	 7	126,63	 83,67	   9,4	  20,5	  24,7	  25,1	  26,4	  27,2	  25,0	  -3,6
s	   115,2420	 8	245,47	 71,06	   7,8	  18,9	  22,8	  22,7	  24,0	  26,5	  24,9	  -3,8
s	   115,7251	 4	257,41	 88,89	  11,8	  22,3	  26,5	  27,3	  28,6	  28,5	  26,3	  -1,6
s	   115,8771	 8	232,97	109,52	   5,8	  17,5	  22,4	  22,5	  23,9	  26,5	  24,8	  -3,9
s	   115,9294	 5	257,42	 92,23	  11,5	  22,3	  26,4	  27,2	  28,5	  28,4	  26,2	  -1,8
s	   116,0000	 5	257,40	 85,28	  10,5	  21,3	  25,5	  26,0	  27,3	  28,0	  26,2	  -1,8
s	   116,2562	 8	126,81	101,00	   9,1	  20,4	  24,6	  25,0	  26,3	  27,1	  24,8	  -3,9
s	   116,7471	 8	232,50	 67,87	   9,0	  20,0	  23,8	  23,6	  25,0	  27,8	  25,5	  -2,5
s	   117,9622	 7	257,37	 78,44	   8,2	  19,3	  23,4	  23,5	  24,8	  26,3	  24,7	  -4,2
s	   119,4226	 8	257,46	102,55	   7,8	  19,1	  23,2	  23,3	  24,6	  26,1	  24,5	  -4,6
s	   119,5601	 8	257,36	 75,24	   8,3	  19,8	  23,9	  24,1	  25,4	  26,9	  25,2	  -3,0
s	   120,5735	 5	 98,77	 90,87	  10,5	  21,0	  25,1	  24,6	  24,8	  24,9	  22,6	  -5,8
s	   120,7703	 6	 98,78	 94,10	  10,3	  21,0	  25,0	  24,5	  24,7	  24,8	  22,4	  -5,9
s	   120,8384	 6	 98,76	 87,40	  10,0	  20,5	  24,4	  23,5	  23,8	  24,8	  22,4	  -5,9
s	   120,8907	 5	176,46	 89,94	  10,5	  21,0	  25,3	  26,1	  27,3	  27,1	  24,6	  -4,5
s	   121,0872	 6	176,52	 93,16	  10,2	  21,0	  25,2	  26,0	  27,2	  27,0	  24,5	  -4,6
s	   121,1551	 6	176,40	 86,47	   9,2	  20,1	  24,3	  24,8	  26,1	  26,6	  24,5	  -4,7
s	   121,5250	 7	 98,75	 84,20	   9,8	  20,4	  24,3	  23,4	  23,7	  24,7	  22,3	  -6,2
s	   121,7724	 7	176,58	 96,60	   8,9	  20,0	  24,2	  24,7	  25,9	  26,5	  24,3	  -4,9
s	   121,8400	 7	176,34	 83,28	   8,9	  20,0	  24,2	  24,7	  25,9	  26,5	  24,3	  -4,9
s	   121,9655	 4	207,80	 89,41	  11,4	  21,6	  25,6	  26,3	  27,7	  27,7	  24,6	  -4,6
s	   122,0796	 6	 47,71	 87,18	   9,9	  20,9	  25,0	  25,5	  26,8	  27,5	  25,4	  -3,1
s	   122,1604	 5	207,85	 92,60	  11,1	  21,5	  25,5	  26,2	  27,6	  27,6	  24,5	  -4,7
s	   122,2273	 8	 98,79	 99,94	   6,8	  18,4	  23,5	  22,9	  23,2	  24,1	  22,1	  -6,4
s	   122,3933	 8	284,36	 82,26	   7,4	  19,1	  24,5	  25,2	  26,5	  27,0	  25,2	  -3,3
s	   122,8295	 7	 47,75	 83,77	  10,6	  21,6	  25,8	  26,5	  27,8	  27,6	  25,2	  -3,3
s	   122,8413	 4	209,44	 89,38	  10,6	  21,1	  25,2	  26,1	  27,3	  27,2	  24,6	  -4,8
s	   122,8423	 8	176,64	 99,76	   8,6	  19,9	  24,1	  24,5	  25,8	  26,4	  24,1	  -5,2
s	   122,9073	 6	207,69	 82,80	   9,8	  20,5	  24,5	  24,9	  26,3	  27,1	  24,3	  -5,0
s	   123,0350	 5	209,49	 92,55	  10,3	  21,0	  25,2	  26,0	  27,2	  27,1	  24,4	  -4,9
s	   123,1475	 8	176,28	 79,65	   8,6	  19,7	  24,0	  24,5	  25,7	  26,1	  24,1	  -5,3
s	   123,5424	 6	345,62	 89,63	  10,1	  20,8	  25,1	  25,8	  27,1	  26,8	  24,3	  -5,1
s	   123,7550	 5	208,10	 86,00	  10,0	  20,5	  24,5	  25,0	  26,3	  27,1	  24,4	  -5,0
s	   123,7771	 6	209,34	 82,82	   9,0	  20,0	  24,2	  24,7	  25,9	  26,6	  24,2	  -5,2
s	   123,8017	 7	345,68	 86,23	   9,5	  20,3	  24,4	  24,8	  26,1	  26,7	  24,1	  -5,3
s	   123,9018	 7	207,95	 99,15	  10,1	  20,9	  24,9	  25,3	  26,6	  27,5	  24,9	  -3,7
s	   124,3607	 6	208,25	 95,94	   9,7	  20,4	  24,4	  24,8	  26,2	  27,0	  24,2	  -5,3
s	   124,7654	 7	209,59	 99,06	   9,3	  20,4	  24,6	  25,0	  26,3	  27,0	  24,8	  -3,9
s	   125,6080	 7	208,00	 79,54	   8,4	  19,2	  23,1	  23,2	  24,5	  26,1	  23,9	  -5,6
s	   125,6289	 8	207,59	 76,37	   8,7	  19,8	  23,8	  23,9	  25,3	  26,9	  24,6	  -4,2
s	   126,4818	 8	209,24	 76,42	   7,9	  19,4	  23,5	  23,7	  24,9	  26,4	  24,5	  -4,3
s	   126,9891	 8	208,36	102,31	   8,1	  19,1	  23,0	  23,1	  24,4	  26,0	  23,7	  -6,0
s	   127,3794	 6	 11,98	 90,09	   9,9	  20,4	  24,6	  24,0	  24,2	  24,1	  21,8	  -7,2
s	   127,5668	 7	 11,93	 93,16	   9,7	  20,4	  24,5	  23,9	  24,1	  24,0	  21,7	  -7,3
s	   127,6104	 5	151,18	 90,37	  10,8	  21,4	  25,6	  26,4	  27,6	  27,3	  25,0	  -4,0
s	   127,6317	 7	 12,04	 86,79	   9,4	  19,9	  23,8	  23,0	  23,2	  24,0	  21,7	  -7,3
s	   127,7975	 6	151,23	 93,43	  10,5	  21,3	  25,5	  26,3	  27,5	  27,2	  24,9	  -4,1
s	   128,0303	 8	 11,88	 95,70	   6,4	  17,9	  23,1	  22,5	  22,7	  23,4	  21,5	  -7,5
s	   128,4505	 7	151,28	 96,72	   9,3	  20,3	  24,5	  25,0	  26,2	  26,7	  24,7	  -4,4
s	   128,5149	 7	151,09	 84,02	   9,3	  20,3	  24,5	  25,0	  26,2	  26,7	  24,7	  -4,4
s	   129,4705	 8	151,33	 99,73	   9,0	  20,2	  24,4	  24,9	  26,1	  26,6	  24,5	  -4,7
s	   129,5077	 6	268,90	 85,61	   9,2	  20,2	  24,3	  24,8	  26,1	  26,7	  24,5	  -4,7
s	   129,5855	 6	299,24	 89,00	   9,7	  20,3	  24,6	  25,5	  26,6	  26,2	  23,7	  -6,2
s	   129,6623	 8	151,04	 80,78	   7,9	  19,3	  23,5	  23,7	  24,9	  26,2	  24,5	  -4,7
s	   129,7701	 7	299,21	 92,03	   9,5	  20,3	  24,6	  25,4	  26,5	  26,1	  23,5	  -6,4
s	   129,8339	 7	299,27	 85,75	   8,4	  19,3	  23,7	  24,2	  25,4	  25,7	  23,5	  -6,4
s	   130,0892	 7	268,90	 95,15	   9,8	  20,5	  24,5	  24,9	  26,1	  26,9	  24,2	  -5,0
s	   130,4140	 8	299,18	 95,26	   8,2	  19,3	  23,6	  24,1	  25,2	  25,6	  23,4	  -6,6
s	   130,4776	 8	299,29	 82,74	   8,2	  19,3	  23,6	  24,1	  25,2	  25,6	  23,4	  -6,6
s	   131,2873	 8	268,89	 79,40	   8,0	  18,8	  22,7	  22,8	  24,0	  25,6	  23,2	  -6,8
s	   132,3043	 6	 60,26	 99,20	   5,8	  17,5	  23,6	  24,6	  26,0	  26,9	  24,2	  -5,2
s	   133,5092	 7	 49,40	 99,76	   7,5	  18,8	  23,9	  24,6	  25,9	  26,7	  24,0	  -5,5
s	   135,6475	 7	 69,56	 99,08	   4,6	  16,9	  23,1	  24,1	  25,5	  26,2	  23,8	  -5,9
s	   135,8672	 8	 60,20	105,88	   6,1	  17,8	  22,8	  23,2	  24,6	  26,3	  23,6	  -6,1
s	   136,0672	 8	278,85	 82,86	   6,6	  18,3	  23,6	  24,3	  25,6	  26,1	  23,9	  -5,9
s	   137,4874	 6	322,85	 89,28	  10,0	  20,6	  24,9	  25,7	  26,9	  26,4	  23,9	  -5,9
s	   137,6623	 7	322,81	 92,15	   9,7	  20,5	  24,9	  25,6	  26,8	  26,3	  23,8	  -6,1
s	   137,7228	 7	322,89	 86,19	   8,7	  19,6	  23,9	  24,5	  25,6	  25,9	  23,8	  -6,1
s	   138,2729	 8	322,76	 95,22	   8,5	  19,5	  23,9	  24,3	  25,5	  25,8	  23,7	  -6,3
s	   138,3331	 8	322,93	 83,34	   8,4	  19,5	  23,9	  24,3	  25,5	  25,8	  23,6	  -6,3
s	   138,3428	 7	211,08	 86,29	   7,2	  19,2	  23,5	  24,0	  25,2	  25,7	  23,8	  -6,2
s	   138,8906	 8	211,22	 95,28	   6,9	  19,1	  23,4	  23,8	  25,0	  25,6	  23,6	  -6,4
s	   139,2279	 8	 39,26	 99,29	   6,2	  18,0	  23,2	  23,9	  25,2	  25,8	  23,3	  -6,7
s	   140,4698	 8	130,09	 84,81	   7,6	  19,3	  23,6	  24,0	  25,2	  25,7	  23,4	  -6,7
s	   141,2337	 3	 60,10	 90,77	  10,9	  21,1	  25,0	  25,8	  27,1	  27,1	  22,9	  -8,0
s	   141,4043	 4	 60,07	 93,57	  10,2	  20,9	  24,9	  25,7	  26,9	  26,9	  23,8	  -6,4
s	   141,4634	 4	 60,13	 87,76	  10,4	  20,5	  24,3	  24,7	  26,1	  27,0	  22,8	  -8,2
s	   141,8784	 5	 60,14	 85,66	   7,7	  18,8	  23,8	  24,5	  25,9	  26,7	  23,6	  -6,6
s	   142,0002	 5	 60,05	 96,56	   9,4	  20,0	  23,9	  24,4	  25,7	  26,5	  22,6	  -8,4
s	   142,1059	 4	 50,00	 90,67	  10,7	  20,9	  24,9	  25,6	  26,9	  26,8	  22,7	  -8,3
s	   142,2756	 5	 49,97	 93,45	   9,9	  20,6	  24,8	  25,5	  26,8	  26,5	  23,6	  -6,7
s	   142,3343	 5	 50,03	 87,67	   9,4	  19,9	  23,9	  24,4	  25,6	  26,3	  22,6	  -8,5
s	   142,4281	 6	 60,04	 97,97	   4,4	  16,5	  22,8	  23,8	  25,1	  25,8	  23,3	  -7,0
s	   142,7471	 6	 50,06	 85,58	   6,7	  18,1	  23,4	  24,1	  25,4	  25,9	  23,5	  -6,9
s	   142,8682	 6	 49,93	 96,43	   9,2	  19,8	  23,8	  24,2	  25,5	  26,2	  22,4	  -8,7
s	   143,1074	 6	 60,18	 82,01	   7,6	  18,3	  22,2	  22,3	  23,6	  25,2	  22,4	  -8,7
s	   143,1620	 6	276,28	 88,89	   9,6	  20,4	  24,6	  25,4	  26,6	  26,2	  23,4	  -6,9
s	   143,3306	 7	276,27	 91,65	   8,7	  19,9	  24,3	  25,1	  26,2	  25,7	  23,3	  -7,1
s	   143,3889	 7	276,28	 85,91	   8,4	  19,4	  23,7	  24,1	  25,3	  25,7	  23,3	  -7,1
s	   143,9192	 8	276,26	 94,61	   8,1	  19,4	  23,6	  24,0	  25,2	  25,6	  23,1	  -7,3
s	   143,9692	 7	 50,10	 81,96	   6,6	  17,7	  21,8	  21,9	  23,1	  24,5	  22,2	  -9,0
s	   143,9787	 7	 60,00	101,58	   5,3	  16,7	  21,7	  22,0	  23,4	  25,0	  22,2	  -9,0
s	   144,7454	 6	171,67	 90,04	   8,8	  19,9	  24,3	  25,1	  26,2	  25,7	  23,3	  -7,2
s	   144,9123	 7	171,72	 92,78	   8,6	  19,9	  24,2	  25,0	  26,1	  25,6	  23,2	  -7,4
s	   144,9700	 7	171,62	 87,10	   7,6	  18,9	  23,3	  23,8	  24,9	  25,2	  23,1	  -7,4
s	   145,4951	 8	171,77	 95,71	   7,3	  18,9	  23,2	  23,7	  24,8	  25,1	  23,0	  -7,6
s	   145,5526	 8	171,57	 84,38	   7,3	  18,8	  23,2	  23,7	  24,8	  25,1	  23,0	  -7,6
s	   146,1201	 8	190,90	 84,06	   5,3	  17,0	  22,3	  23,0	  24,2	  24,6	  21,9	  -9,5
s	   146,2315	 7	342,88	 89,60	   8,5	  19,6	  24,1	  24,9	  26,0	  25,3	  23,0	  -7,6
s	   146,2876	 8	 60,23	 76,44	   6,0	  17,1	  21,0	  20,8	  22,1	  24,5	  21,9	  -9,5
s	   146,3230	 8	342,85	 91,64	   6,3	  18,1	  23,6	  24,7	  25,8	  25,2	  22,9	  -7,7
s	   146,4406	 7	 89,68	 90,91	   7,0	  19,1	  23,6	  24,4	  25,5	  24,9	  23,0	  -7,6
s	   146,6628	 8	 89,68	 87,99	   7,2	  18,9	  23,2	  23,6	  24,8	  25,3	  22,9	  -7,8
s	   147,8708	 7	  5,09	 89,99	   7,7	  18,8	  23,3	  24,1	  25,2	  24,5	  21,9	  -9,7
s	   148,0345	 8	  5,04	 92,67	   7,4	  18,8	  23,2	  24,0	  25,1	  24,4	  21,7	  -9,8
s	   148,0911	 8	  5,14	 87,10	   7,2	  18,2	  22,6	  23,0	  24,2	  24,4	  21,7	  -9,8
s	   148,6382	 6	253,11	 88,93	   8,4	  19,6	  23,9	  24,6	  25,8	  25,4	  21,9	  -9,7
s	   148,8575	 7	253,10	 86,06	   7,1	  18,6	  22,9	  23,4	  24,5	  24,9	  21,8	  -9,9
s	   149,3640	 8	342,64	 86,73	   7,1	  18,6	  23,0	  23,5	  24,6	  24,9	  22,6	  -8,3
s	   152,0480	 8	342,06	 86,77	   7,7	  18,9	  23,1	  23,6	  24,7	  25,1	  22,4	  -8,8
s	   152,1626	 7	176,74	 89,96	   7,4	  19,0	  23,6	  24,3	  25,4	  24,8	  22,5	  -8,7
s	   152,2122	 5	 78,06	 90,89	   8,6	  19,7	  24,0	  24,7	  25,9	  25,5	  22,7	  -8,5
s	   152,3220	 8	176,78	 92,57	   7,2	  19,0	  23,5	  24,3	  25,3	  24,7	  22,4	  -8,8
s	   152,3716	 6	 78,05	 93,50	   8,4	  19,6	  23,9	  24,7	  25,8	  25,4	  22,6	  -8,6
s	   152,3772	 8	176,69	 87,14	   6,2	  18,1	  22,6	  23,1	  24,2	  24,3	  22,4	  -8,8
s	   152,9832	 7	 78,08	 85,48	   7,9	  19,0	  23,2	  23,6	  24,8	  25,3	  22,4	  -8,8
s	   153,2584	 4	233,89	 91,68	   8,3	  19,1	  24,1	  25,1	  26,5	  26,4	  22,7	  -8,5
s	   153,3282	 8	 78,04	 97,61	   2,7	  15,3	  21,8	  22,8	  24,0	  24,4	  22,1	  -9,2
s	   153,7865	 7	303,49	 89,06	   8,1	  19,2	  23,7	  24,5	  25,6	  24,8	  22,4	  -9,0
s	   153,9444	 8	303,47	 91,65	   7,9	  19,2	  23,6	  24,4	  25,5	  24,8	  22,2	  -9,1
s	   153,9990	 8	303,52	 86,27	   6,8	  18,3	  22,7	  23,2	  24,3	  24,4	  22,2	  -9,1
s	   154,0682	 5	243,27	 91,58	   8,0	  18,9	  24,0	  25,0	  26,3	  26,1	  22,6	  -8,8
s	   154,7973	 6	192,87	 89,68	   9,2	  19,4	  23,5	  24,2	  25,4	  25,0	  21,3	 -10,9
s	   154,8418	 6	233,78	 80,94	   5,7	  17,1	  22,1	  22,5	  23,9	  25,4	  22,4	  -9,0
s	   154,9247	 6	150,49	 90,40	   8,3	  18,9	  23,2	  24,0	  25,1	  24,5	  21,3	 -10,8
s	   154,9543	 7	192,91	 92,25	   8,2	  19,0	  23,2	  23,9	  25,0	  24,5	  21,2	 -11,0
s	   155,0816	 7	150,53	 92,97	   8,0	  18,8	  23,2	  23,9	  25,0	  24,4	  21,2	 -11,0
s	   155,1358	 7	150,44	 87,63	   7,0	  17,9	  22,2	  22,7	  23,9	  24,0	  21,2	 -11,0
s	   155,3904	 8	192,79	 84,98	   4,0	  16,1	  21,5	  22,3	  23,4	  23,6	  21,1	 -11,1
s	   155,6294	 8	150,57	 95,73	   6,8	  17,8	  22,2	  22,6	  23,7	  23,9	  21,1	 -11,2
s	   155,6440	 7	243,18	 80,89	   5,5	  16,9	  22,0	  22,4	  23,7	  25,1	  22,2	  -9,3
s	   156,2246	 6	 30,37	 90,41	   9,0	  19,7	  23,9	  24,7	  25,8	  25,4	  22,3	  -9,3
s	   156,3803	 7	 30,33	 92,96	   8,7	  19,7	  23,9	  24,6	  25,7	  25,3	  22,1	  -9,4
s	   156,9239	 8	 30,29	 95,70	   7,4	  18,7	  22,9	  23,3	  24,5	  24,8	  22,0	  -9,6
s	   158,2598	 8	298,17	 89,01	   6,9	  18,6	  23,2	  23,9	  25,0	  24,1	  21,9	  -9,8
s	   158,3654	 6	251,20	 91,47	   6,8	  18,2	  23,5	  24,4	  25,7	  25,4	  22,1	  -9,6
s	   159,3173	 8	 30,84	 85,21	   6,6	  18,3	  22,5	  22,9	  24,1	  24,5	  21,8	 -10,0
s	   159,3570	 7	 29,77	 87,70	   6,8	  18,0	  22,1	  22,5	  23,7	  24,2	  20,8	 -11,7
s	   159,7261	 7	282,53	 88,92	   7,8	  18,6	  22,9	  23,7	  24,8	  24,1	  20,8	 -11,8
s	   159,8786	 8	282,52	 91,42	   6,8	  18,1	  22,6	  23,3	  24,4	  23,7	  20,7	 -11,9
s	   159,9022	 8	251,14	 81,04	   4,3	  16,2	  21,4	  21,8	  23,1	  24,3	  21,7	 -10,1
s	   161,8628	 5	 68,54	 90,85	   7,4	  18,9	  23,2	  24,0	  25,2	  24,7	  21,9	 -10,1
s	   162,0134	 6	 68,53	 93,31	   7,2	  18,9	  23,2	  23,9	  25,1	  24,6	  21,8	 -10,3
s	   162,0655	 6	 68,56	 88,19	   6,9	  18,3	  22,5	  23,0	  24,2	  24,6	  21,7	 -10,3
s	   162,1081	 8	283,23	 86,26	   7,0	  18,2	  22,4	  22,8	  24,0	  24,3	  21,3	 -10,8
s	   162,5397	 7	 68,51	 95,96	   5,9	  17,9	  22,2	  22,6	  23,8	  24,2	  21,6	 -10,5
s	   162,5916	 7	 68,57	 85,73	   6,6	  18,3	  22,5	  22,9	  24,1	  24,6	  21,6	 -10,5
s	   163,1310	 8	 68,50	 97,81	   3,6	  16,3	  21,7	  22,4	  23,6	  24,0	  21,4	 -10,7
s	   163,4938	 6	217,10	 91,75	   6,6	  18,0	  23,2	  24,2	  25,4	  25,0	  21,6	 -10,5
s	   163,5186	 8	 68,59	 83,10	   5,3	  17,3	  21,4	  21,6	  22,8	  24,1	  21,4	 -10,8
s	   163,5720	 3	234,04	 89,09	   9,3	  19,7	  23,8	  24,6	  25,8	  25,5	  22,0	 -10,2
s	   163,7728	 4	234,01	 86,46	   8,0	  18,8	  22,8	  23,3	  24,5	  25,0	  21,8	 -10,4
s	   164,2424	 5	234,09	 94,16	   8,5	  19,1	  23,0	  23,4	  24,7	  25,4	  21,7	 -10,6
s	   164,2939	 5	233,99	 84,02	   8,5	  19,1	  23,0	  23,4	  24,7	  25,4	  21,7	 -10,6
s	   164,3349	 4	242,87	 89,01	   9,0	  19,5	  23,6	  24,4	  25,6	  25,2	  21,8	 -10,5
s	   164,5348	 5	242,85	 86,39	   7,7	  18,5	  22,7	  23,2	  24,4	  24,7	  21,6	 -10,6
s	   164,8093	 7	323,46	 89,31	   7,6	  18,2	  22,6	  23,4	  24,5	  23,6	  20,4	 -12,7
s	   164,9575	 8	323,43	 91,73	   7,3	  18,2	  22,6	  23,3	  24,4	  23,6	  20,3	 -12,8
s	   164,9698	 6	233,97	 82,01	   4,5	  16,2	  21,3	  21,8	  23,0	  24,4	  21,5	 -10,8
s	   164,9865	 8	216,95	 81,62	   4,0	  16,0	  21,2	  21,6	  22,8	  24,0	  21,3	 -11,0
s	   165,0024	 6	242,91	 94,05	   8,2	  18,9	  22,9	  23,3	  24,5	  25,1	  21,5	 -10,8
s	   165,0087	 8	323,50	 86,69	   6,3	  17,2	  21,6	  22,1	  23,2	  23,1	  20,3	 -12,8
s	   165,0584	 6	234,12	 96,58	   8,2	  19,0	  22,9	  23,3	  24,6	  25,3	  21,5	 -10,8
s	   165,2320	 8	243,20	 83,78	   7,8	  18,5	  22,7	  23,1	  24,3	  24,5	  21,3	 -11,1
s	   165,6474	 8	 97,61	 90,91	   5,1	  17,2	  21,8	  22,6	  23,6	  22,7	  20,2	 -12,9
s	   165,7267	 7	242,82	 81,96	   4,2	  16,0	  21,2	  21,6	  22,9	  24,0	  21,3	 -11,0
s	   165,8149	 7	242,93	 96,46	   8,0	  18,8	  22,8	  23,2	  24,4	  25,0	  21,3	 -11,1
s	   166,2896	 7	234,15	 99,15	   5,4	  16,7	  20,6	  20,7	  22,0	  23,3	  20,3	 -12,9
s	   166,3357	 4	226,43	 89,18	   8,1	  19,1	  23,3	  24,1	  25,3	  24,9	  21,6	 -10,8
s	   166,3414	 8	132,64	 88,05	   6,2	  17,6	  21,7	  22,1	  23,3	  23,7	  20,1	 -13,0
s	   166,3913	 7	233,94	 79,03	   6,7	  17,8	  21,6	  21,7	  23,0	  24,5	  21,0	 -11,4
s	   166,5335	 5	226,40	 86,58	   6,9	  18,2	  22,3	  22,8	  24,0	  24,4	  21,5	 -11,0
s	   166,9959	 6	226,49	 94,17	   6,6	  18,1	  22,3	  22,7	  23,9	  24,3	  21,3	 -11,2
s	   167,0409	 8	242,96	 99,03	   5,2	  16,4	  20,5	  20,6	  21,8	  23,0	  20,1	 -13,2
s	   167,0466	 6	226,37	 84,19	   6,6	  18,1	  22,3	  22,7	  23,9	  24,3	  21,3	 -11,2
s	   167,1423	 8	242,79	 78,99	   6,4	  17,5	  21,5	  21,6	  22,8	  24,2	  20,9	 -11,6
s	   167,2462	 7	168,42	 90,11	   7,6	  18,2	  22,5	  23,3	  24,3	  23,6	  20,1	 -13,2
s	   167,3923	 8	168,46	 92,51	   7,4	  18,2	  22,4	  23,2	  24,2	  23,5	  20,0	 -13,3
s	   167,4429	 8	168,38	 87,53	   6,4	  17,3	  21,5	  22,0	  23,0	  23,1	  20,0	 -13,3
s	   167,7122	 7	226,34	 82,21	   3,4	  15,6	  20,9	  21,3	  22,5	  23,7	  21,2	 -11,4
s	   167,7995	 7	226,52	 96,55	   6,4	  18,0	  22,2	  22,6	  23,8	  24,3	  21,2	 -11,4
s	   168,0059	 8	233,91	 76,50	   4,8	  16,0	  19,9	  19,6	  20,9	  23,2	  20,0	 -13,3
s	   169,0122	 8	226,55	 99,09	   4,3	  16,1	  20,2	  20,3	  21,5	  22,7	  19,9	 -13,5
s	   170,2764	 7	 24,10	 90,32	   6,5	  18,1	  22,6	  23,4	  24,5	  23,7	  20,9	 -11,8
s	   170,4202	 8	 24,06	 92,68	   6,3	  18,1	  22,6	  23,3	  24,4	  23,6	  20,8	 -12,0
s	   170,4699	 8	 24,14	 87,78	   6,0	  17,6	  21,9	  22,4	  23,5	  23,6	  20,8	 -12,0
s	   171,2576	 6	225,81	 91,53	   5,5	  17,3	  22,6	  23,6	  24,8	  24,4	  21,0	 -11,9
s	   172,6882	 8	225,69	 81,83	   3,4	  15,5	  20,6	  21,0	  22,2	  23,6	  19,6	 -14,1
s	   172,8150	 8	340,55	 89,57	   6,2	  17,5	  22,0	  22,7	  23,7	  22,9	  19,6	 -14,2
s	   174,5410	 8	198,42	 91,90	   4,1	  16,1	  21,5	  22,5	  23,6	  22,9	  19,5	 -14,5
s	   177,7990	 7	 76,05	 93,16	   4,9	  16,8	  22,2	  23,2	  24,3	  23,8	  20,3	 -13,1
s	   179,2233	 8	306,72	 89,10	   6,8	  17,5	  21,8	  22,6	  23,6	  22,6	  19,0	 -15,3
s	   180,2927	 7	 93,98	 90,92	   6,1	  17,3	  21,7	  22,4	  23,5	  22,8	  19,1	 -15,3
s	   180,4291	 8	 93,99	 93,16	   5,1	  16,9	  21,4	  22,1	  23,1	  22,3	  19,0	 -15,5
s	   181,6756	 7	149,99	 90,42	   6,8	  17,9	  22,3	  23,1	  24,1	  23,2	  20,0	 -13,8
s	   181,8109	 8	150,02	 92,64	   6,5	  17,8	  22,3	  23,0	  24,0	  23,2	  19,9	 -13,9
s	   182,1698	 8	288,64	 88,96	   6,7	  18,0	  22,3	  23,0	  24,0	  23,2	  19,8	 -14,0
s	   182,3172	 8	 94,69	 88,54	   6,0	  17,3	  21,5	  21,8	  23,0	  23,4	  19,6	 -14,2
s	   182,7169	 7	200,29	 89,56	   5,2	  16,8	  21,3	  22,1	  23,1	  22,2	  18,9	 -15,7
s	   182,7914	 8	200,31	 91,23	   3,0	  15,3	  20,9	  21,9	  22,9	  22,1	  18,8	 -15,9
s	   183,4586	 6	250,19	 88,97	   6,7	  17,9	  22,2	  22,9	  24,0	  23,4	  19,0	 -15,8
s	   183,5328	 7	250,20	 90,62	   3,9	  16,2	  21,7	  22,7	  23,8	  23,0	  19,9	 -14,1
s	   183,6392	 7	250,17	 86,60	   5,4	  16,9	  21,2	  21,6	  22,7	  22,9	  18,8	 -15,9
s	   184,1080	 8	250,16	 84,41	   5,4	  17,1	  21,3	  21,7	  22,9	  23,1	  19,7	 -14,3
s	   184,5555	 8	116,59	 90,82	   4,9	  16,6	  21,1	  21,9	  22,9	  21,9	  18,6	 -16,2
s	   184,7166	 8	199,54	 87,22	   4,6	  16,3	  20,6	  21,0	  22,1	  22,3	  18,6	 -16,2
s	   186,4239	 8	 17,50	 90,22	   5,6	  16,9	  21,3	  22,1	  23,1	  22,2	  18,5	 -16,5
s	   188,3662	 8	202,48	 91,68	   3,5	  15,4	  20,9	  21,8	  22,9	  22,2	  18,3	 -16,8
s	   188,6890	 8	 59,29	 99,19	   0,2	  12,6	  18,7	  19,3	  20,6	  21,8	  18,3	 -16,9
s	   191,5648	 8	323,91	 89,32	   6,1	  17,3	  21,8	  22,6	  23,5	  22,4	  19,1	 -15,6
s	   192,2266	 8	134,50	 90,64	   5,3	  17,2	  21,6	  22,3	  23,4	  22,6	  19,1	 -15,7
s	   195,1635	 8	165,43	 90,17	   6,1	  17,3	  21,7	  22,4	  23,3	  22,3	  18,8	 -16,2
s	   197,0338	 4	 59,24	 90,79	   6,8	  17,8	  21,9	  22,7	  23,8	  23,2	  19,1	 -16,0
s	   197,2027	 5	 59,26	 88,57	   7,0	  17,6	  21,5	  21,9	  23,1	  23,6	  19,0	 -16,2
s	   197,5981	 6	 59,20	 95,06	   6,0	  17,1	  21,2	  21,6	  22,7	  23,1	  18,9	 -16,3
s	   197,6414	 6	 59,28	 86,52	   6,0	  17,1	  21,2	  21,6	  22,7	  23,1	  18,9	 -16,3
s	   197,6759	 5	 51,81	 90,71	   6,5	  17,6	  21,8	  22,6	  23,7	  22,9	  19,0	 -16,2
s	   197,8444	 6	 51,83	 88,51	   6,0	  17,0	  21,1	  21,5	  22,7	  22,9	  18,8	 -16,4
s	   198,1062	 5	 66,52	 90,85	   5,8	  17,3	  21,6	  22,3	  23,4	  22,7	  18,9	 -16,3
s	   198,2311	 6	 66,51	 92,89	   5,5	  17,2	  21,5	  22,2	  23,3	  22,6	  18,8	 -16,4
s	   198,2385	 7	 51,76	 94,97	   5,8	  16,9	  21,0	  21,4	  22,6	  22,8	  18,7	 -16,6
s	   198,2743	 6	 66,54	 88,64	   5,3	  16,7	  20,9	  21,3	  22,4	  22,6	  18,8	 -16,5
s	   198,2857	 7	 59,19	 97,10	   5,8	  17,1	  21,1	  21,4	  22,6	  23,0	  18,7	 -16,6
s	   198,4153	 7	 59,30	 84,33	   4,7	  16,1	  20,2	  20,3	  21,4	  22,6	  18,7	 -16,6
s	   198,5608	 7	203,40	 89,52	   4,6	  16,1	  20,6	  21,4	  22,4	  21,4	  17,7	 -18,4
s	   198,6676	 7	 66,49	 95,09	   4,3	  16,2	  20,5	  21,0	  22,1	  22,2	  18,7	 -16,6
s	   198,7107	 7	 66,55	 86,60	   5,0	  16,6	  20,8	  21,2	  22,3	  22,6	  18,7	 -16,6
s	   198,7285	 8	203,36	 87,32	   3,3	  15,2	  19,7	  20,1	  21,1	  20,9	  17,5	 -18,5
s	   198,8117	 8	 59,17	 98,28	  -0,2	  12,7	  19,0	  19,7	  20,9	  21,9	  18,6	 -16,8
s	   198,9241	 8	 51,74	 97,00	   5,5	  16,9	  21,0	  21,3	  22,5	  22,7	  18,5	 -16,8
s	   199,0533	 8	 51,88	 84,27	   3,8	  15,5	  19,8	  19,9	  21,0	  21,9	  18,5	 -16,8
s	   199,3518	 8	 66,48	 97,12	   4,0	  16,2	  20,5	  20,8	  21,9	  22,1	  18,5	 -16,8
s	   199,4110	 8	 59,32	 82,30	   5,0	  16,2	  20,1	  20,1	  21,4	  22,7	  18,3	 -17,1
s	   199,4808	 8	 66,57	 84,42	   3,7	  15,6	  19,8	  19,9	  21,0	  22,1	  18,5	 -16,9
s	   206,0485	 6	 73,50	 90,89	   5,2	  16,8	  21,2	  21,9	  22,9	  22,0	  18,2	 -17,7
s	   206,2105	 7	 73,51	 88,77	   5,5	  16,6	  20,7	  21,1	  22,2	  22,4	  18,1	 -17,9
s	   206,5897	 8	 73,48	 94,99	   4,5	  16,1	  20,4	  20,8	  21,8	  21,9	  18,0	 -18,0
s	   206,6313	 8	 73,52	 86,80	   4,5	  16,1	  20,4	  20,8	  21,8	  21,9	  18,0	 -18,1
s	   207,9213	 5	234,63	 91,06	   4,9	  16,2	  21,3	  22,2	  23,4	  22,9	  18,2	 -17,9
s	   209,0193	 8	149,61	 90,44	   4,7	  15,8	  20,3	  21,1	  22,0	  20,8	  16,7	 -20,2
s	   209,4309	 8	 37,02	 88,44	   5,1	  16,3	  20,5	  20,9	  22,0	  22,0	  17,7	 -18,5
s	   213,0821	 8	197,50	 89,62	   4,7	  15,8	  20,0	  19,4	  19,3	  18,5	  14,3	 -22,3
s	   215,7316	 7	221,73	 91,15	   3,4	  15,2	  20,6	  21,5	  22,6	  21,8	  17,4	 -19,4
s	   216,1830	 7	 45,47	 90,65	   4,4	  16,1	  20,5	  21,2	  22,2	  21,3	  16,3	 -21,3
s	   217,2014	 8	 29,64	 90,43	   5,1	  16,5	  20,9	  21,5	  22,5	  21,6	  17,2	 -19,8
s	   218,1791	 8	 30,60	 90,44	   4,3	  16,1	  20,5	  21,2	  22,2	  21,1	  17,1	 -19,9
s	   218,2798	 4	234,71	 89,10	   6,5	  17,1	  21,1	  21,8	  23,0	  22,3	  16,5	 -21,3
s	   218,4333	 5	234,69	 87,09	   5,9	  16,5	  20,4	  20,8	  22,0	  22,3	  16,4	 -21,4
s	   218,7925	 6	234,75	 92,98	   5,0	  16,1	  20,1	  20,5	  21,6	  21,8	  16,2	 -21,6
s	   218,8319	 6	234,67	 85,23	   5,2	  16,3	  20,3	  20,7	  21,8	  22,0	  17,3	 -19,8
s	   218,8633	 5	241,46	 89,04	   6,2	  16,9	  21,0	  21,7	  22,8	  22,0	  16,3	 -21,5
s	   218,9771	 6	241,48	 90,91	   5,5	  16,7	  20,9	  21,6	  22,7	  21,8	  17,3	 -19,9
s	   219,0164	 6	241,45	 87,03	   5,0	  15,9	  20,0	  20,4	  21,5	  21,6	  16,2	 -21,6
s	   219,2411	 7	234,76	 94,38	   3,0	  14,7	  19,8	  20,4	  21,6	  21,9	  17,1	 -20,0
s	   219,3748	 7	241,49	 92,91	   4,7	  15,9	  20,0	  20,3	  21,4	  21,5	  16,1	 -21,8
s	   219,5356	 7	234,65	 83,23	   3,7	  15,1	  19,1	  19,2	  20,3	  21,3	  16,1	 -21,8
s	   219,8223	 8	241,51	 94,31	   2,0	  14,1	  19,5	  20,1	  21,2	  21,2	  17,0	 -20,2
s	   219,9653	 8	234,64	 82,29	  -1,3	  11,6	  17,9	  18,6	  19,8	  20,6	  16,7	 -20,5
s	   220,1160	 8	241,41	 83,18	   3,4	  14,9	  19,0	  19,1	  20,2	  21,0	  15,9	 -22,0
s	   220,3632	 8	234,79	 96,82	   4,2	  15,4	  19,3	  19,3	  20,5	  21,7	  15,9	 -22,1
s	   220,9938	 8	 72,41	 90,89	   2,7	  15,3	  19,9	  20,7	  21,6	  20,4	  16,9	 -20,4
s	   225,9435	 8	228,36	 90,99	   1,3	  14,1	  19,7	  20,6	  21,6	  20,7	  16,5	 -21,2
s	   227,2120	 8	 85,94	 90,94	   2,5	  14,6	  19,2	  19,9	  20,8	  19,5	  15,4	 -23,2
s	   228,8449	 8	 78,57	 90,92	   2,4	  15,0	  19,6	  20,4	  21,3	  20,0	  16,3	 -21,7
s	   229,2690	 8	247,66	 90,78	   1,9	  14,3	  19,8	  20,7	  21,7	  20,7	  16,3	 -21,7
s	   229,2799	 7	254,30	 88,96	   4,6	  15,9	  20,2	  20,9	  21,9	  20,8	  15,4	 -23,4
s	   229,3888	 8	254,31	 90,74	   3,9	  15,7	  20,1	  20,8	  21,8	  20,6	  16,3	 -21,8
s	   232,3449	 7	 65,17	 90,85	   2,5	  15,0	  19,6	  20,3	  21,3	  20,1	  16,2	 -22,1
s	   232,4524	 8	 65,16	 92,61	   2,3	  15,0	  19,6	  20,2	  21,2	  20,1	  16,1	 -22,2
s	   232,4896	 8	 65,18	 88,95	   2,0	  14,5	  18,9	  19,3	  20,3	  20,1	  16,1	 -22,3
s	   236,2076	 7	228,69	 89,17	   2,9	  15,1	  19,5	  20,2	  21,2	  20,1	  14,9	 -24,5
s	   236,3501	 8	228,67	 87,31	   2,4	  14,5	  18,8	  19,2	  20,2	  20,1	  14,8	 -24,7
s	   241,3790	 6	 58,81	 92,50	   2,7	  14,5	  19,7	  20,6	  21,7	  20,9	  15,6	 -23,5
s	   241,9098	 7	 52,67	 92,44	   2,4	  14,3	  19,6	  20,5	  21,6	  20,6	  15,5	 -23,6
s	   242,4183	 8	 58,88	 85,45	   1,4	  13,1	  18,1	  18,3	  19,5	  20,5	  14,3	 -25,6
s	   244,1694	 8	208,35	 89,46	   3,4	  14,8	  19,1	  19,8	  20,7	  19,6	  14,2	 -25,9
s	   248,1161	 8	 76,90	 90,92	   1,8	  14,3	  19,0	  19,7	  20,5	  19,2	  15,0	 -24,7
s	   251,8101	 6	 58,74	 92,03	   1,6	  13,7	  19,1	  20,1	  21,1	  20,0	  14,9	 -25,1
s	   252,2377	 7	 58,78	 87,41	   3,8	  15,1	  19,1	  19,4	  20,5	  20,5	  14,8	 -25,3
s	   252,3201	 7	 52,84	 91,97	   1,3	  13,5	  19,0	  20,0	  20,9	  19,7	  14,8	 -25,3
s	   252,7500	 8	 58,71	 95,82	   2,1	  14,2	  18,5	  18,8	  19,8	  19,6	  14,6	 -25,5
s	   255,0513	 8	 47,75	 91,90	   0,3	  13,0	  18,6	  19,5	  20,5	  19,2	  14,5	 -25,8
s	   258,3636	 8	 69,60	 92,09	   0,2	  12,9	  18,5	  19,4	  20,4	  19,0	  14,3	 -26,4
#END
