#HEADER
CATT-Acoustic v8.0b    Copyright © CATT 1988-2003

 Project                : Aula Optica 

 GEOMETRICAL INFORMATION
 Src id and loc     [m] :   E0           9,400        4,600        1,300
 Rec id and loc     [m] :   04           8,000        1,600        1,200

 04        9,6471

 VARIABLE SOURCE DATA
 Directivity
   Type (library)       :  OMNI.SD0
   Dir. Index (DI) [dB] :       0,0      0,0      0,0      0,0      0,0      0,0      0,0      0,0
 Level
   On axis 1m      [dB] :      48,1     57,1     60,8     61,7     63,4     64,6     64,6     48,2
   Total power     [dB] :      59,0     68,0     71,7     72,6     74,3     75,5     75,5     59,1
   Auxiliary delay [ms] :       0,0

 VARIABLE AIR DATA
 Temperature       [°C] :      20
 Relative humidity  [%] :      50
 Density        [kg/m³] :       1,2
 Sound speed      [m/s] :     343
 Impedance      [Ns/m³] :     412
 Diss. coeff. [0.001/m] :      0,10     0,30     0,63     1,07     2,28     6,83    24,23    83,90      (estimated)

#DATAFIELDS
 TYPE DELAY ORDER AZIMUTH ELEVATION SPL125 SPL250 SPL500 SPL1K SPL2K SPL4K SPL8K SPL16K
#DATA
d	     0,0000	 0	357,51	 88,24	  37,7	  46,7	  50,4	  51,3	  53,0	  54,1	  53,8	  36,6
s	     2,4362	 1	356,92	127,02	  35,1	  44,2	  47,9	  48,8	  50,5	  51,6	  51,2	  33,8
*	    43,9920	 1	329,59	 96,13	 -13,6	  -4,4	  -0,7	   0,1	   1,7	   2,6	   1,1	 -20,1
*	    37,1918	 1	315,23	 97,08	 -10,1	  -1,0	   2,7	   3,5	   5,2	   6,1	   4,8	 -15,8
*	    35,8313	 1	296,74	 97,63	  -9,5	  -0,3	   3,3	   4,2	   5,8	   6,7	   5,5	 -15,0
*	    31,3181	 1	341,87	 97,82	  -6,2	   3,0	   6,6	   7,5	   9,1	  10,1	   8,9	 -11,1
*	    21,9643	 1	325,79	100,05	   0,5	   9,7	  13,4	  14,2	  15,9	  16,9	  16,0	  -3,2
*	    20,1489	 1	299,95	101,94	   1,5	  10,7	  14,4	  15,2	  16,9	  17,9	  17,1	  -2,0
*	    22,6882	 1	  0,37	 99,68	   0,4	   9,6	  13,3	  14,1	  15,8	  16,8	  15,9	  -3,4
*	     9,2108	 1	347,48	104,89	  16,0	  25,2	  28,9	  29,7	  31,4	  32,5	  31,9	  13,9
*	     6,7108	 1	310,20	114,35	  17,1	  26,3	  30,0	  30,8	  32,5	  33,6	  33,1	  15,3
*	    22,1233	 1	 24,36	100,58	   0,5	   9,7	  13,4	  14,2	  15,8	  16,9	  16,0	  -3,2
*	     8,5166	 1	 27,16	108,02	  15,3	  24,5	  28,2	  29,0	  30,7	  31,8	  31,3	  13,3
*	     3,8074	 1	 46,74	141,43	  23,7	  32,9	  36,5	  37,4	  39,1	  40,2	  39,8	  22,2
*	    29,5550	 1	 47,18	 99,77	  -5,5	   3,6	   7,3	   8,1	   9,8	  10,8	   9,7	 -10,2
*	    19,4107	 1	 62,09	104,18	   2,1	  11,3	  15,0	  15,8	  17,5	  18,5	  17,7	  -1,3
*	    16,2298	 1	 95,95	110,08	   5,6	  14,8	  18,4	  19,3	  20,9	  22,0	  21,3	   2,6
*	    41,3587	 1	 63,70	 98,23	 -12,5	  -3,4	   0,3	   1,1	   2,7	   3,6	   2,2	 -18,7
*	    33,8756	 1	 79,47	100,17	  -8,4	   0,8	   4,4	   5,3	   6,9	   7,8	   6,6	 -13,6
*	    31,8497	 1	102,68	101,62	  -7,0	   2,1	   5,8	   6,7	   8,3	   9,2	   8,1	 -12,0
s	     3,1720	 1	358,15	 48,75	  33,0	  42,1	  45,8	  46,3	  48,0	  49,9	  49,9	  31,6
*	    51,8834	 1	294,83	 81,54	 -14,2	  -4,4	  -0,5	   0,2	   1,8	   3,4	   2,2	 -18,0
*	    52,2804	 1	309,16	 81,95	 -14,3	  -4,5	  -0,6	   0,1	   1,7	   3,3	   2,0	 -18,2
*	    56,8931	 1	321,66	 82,72	 -16,1	  -6,3	  -2,4	  -1,7	  -0,1	   1,4	   0,1	 -20,6
*	    35,9575	 1	295,64	 78,90	  -6,4	   3,5	   7,3	   8,1	   9,7	  11,4	  10,6	  -8,2
*	    36,4167	 1	314,48	 79,77	  -6,5	   3,4	   7,2	   8,0	   9,6	  11,3	  10,4	  -8,4
*	    42,3928	 1	329,47	 81,24	  -9,6	   0,3	   4,1	   4,9	   6,5	   8,1	   7,1	 -12,2
*	    20,7123	 1	297,31	 73,62	   4,2	  14,1	  17,9	  18,7	  20,4	  22,2	  21,7	   4,3
*	    21,1927	 1	324,30	 76,05	   4,3	  14,2	  18,1	  18,9	  20,5	  22,3	  21,8	   4,4
*	    29,4799	 1	341,63	 79,26	  -1,8	   8,1	  12,0	  12,7	  14,4	  16,1	  15,4	  -2,8
*	     7,9468	 1	302,79	 58,55	  18,4	  28,3	  32,1	  32,9	  34,6	  36,5	  36,4	  20,1
*	     8,2975	 1	345,67	 69,75	  20,4	  30,3	  34,1	  34,9	  36,6	  38,5	  38,3	  22,0
*	    20,4853	 1	  0,62	 77,20	   5,6	  15,5	  19,4	  20,2	  21,8	  23,6	  23,2	   5,8
*	     4,9525	 1	 62,80	 21,40	  25,0	  34,9	  38,8	  39,6	  41,3	  43,2	  43,1	  27,1
*	     7,5010	 1	 29,07	 65,89	  19,7	  29,6	  33,5	  34,3	  36,0	  37,8	  37,7	  21,5
*	    19,9072	 1	 26,04	 76,57	   5,6	  15,5	  19,4	  20,2	  21,8	  23,6	  23,2	   5,9
*	    16,5827	 1	104,60	 65,80	   8,5	  18,4	  22,3	  23,1	  24,7	  26,5	  26,2	   9,2
*	    18,4076	 1	 66,90	 72,54	   6,2	  16,1	  20,0	  20,7	  22,4	  24,2	  23,8	   6,6
*	    27,5995	 1	 50,21	 78,31	  -1,0	   8,8	  12,7	  13,5	  15,1	  16,8	  16,2	  -1,8
*	    31,7779	 1	108,29	 76,80	  -3,8	   6,1	  10,0	  10,8	  12,4	  14,1	  13,4	  -5,0
*	    32,8791	 1	 84,02	 78,42	  -4,6	   5,3	   9,1	   9,9	  11,5	  13,2	  12,5	  -6,0
*	    39,5854	 1	 67,18	 80,78	  -8,4	   1,4	   5,3	   6,1	   7,7	   9,3	   8,4	 -10,7
s	     8,5543	 2	356,28	147,97	  29,7	  39,0	  42,7	  43,2	  44,8	  46,7	  46,6	  27,8
s	     8,8685	 1	215,22	 88,66	  30,8	  40,3	  44,2	  45,1	  46,7	  47,7	  47,5	  29,5
*	    19,1423	 1	271,32	 79,47	   8,2	  17,7	  21,5	  22,4	  24,0	  24,9	  24,5	   5,5
*	     9,5258	 1	209,51	 64,34	  21,7	  31,2	  35,1	  35,9	  37,6	  38,5	  38,4	  20,3
s	     9,0509	 2	358,74	 31,02	  30,0	  39,5	  43,2	  43,7	  45,4	  47,3	  47,1	  29,0
s	    10,2468	 2	215,47	111,03	  29,8	  39,4	  43,3	  44,1	  45,7	  46,8	  46,5	  28,3
*	    40,9755	 1	122,88	 78,42	 -19,2	 -10,1	  -6,4	  -5,5	  -3,9	  -3,2	  -3,4	 -22,6
*	    37,0884	 1	124,01	 77,15	 -17,0	  -8,0	  -4,2	  -3,4	  -1,8	  -1,0	  -1,1	 -20,0
*	    33,2648	 1	125,39	 75,60	 -14,7	  -5,7	  -1,9	  -1,1	   0,5	   1,3	   1,3	 -17,2
*	    29,5226	 1	127,16	 73,68	 -12,3	  -3,2	   0,5	   1,4	   3,0	   3,8	   3,9	 -14,3
*	    25,8869	 1	129,48	 71,24	  -9,6	  -0,5	   3,2	   4,1	   5,7	   6,5	   6,7	 -11,1
*	    22,3941	 1	132,61	 68,08	  -6,7	   2,3	   6,1	   7,0	   8,6	   9,4	   9,7	  -7,8
*	    19,0990	 1	137,08	 63,92	  -3,6	   5,4	   9,2	  10,1	  11,7	  12,6	  12,9	  -4,3
*	    11,5223	 1	173,70	 43,66	   5,5	  14,6	  18,3	  19,2	  20,8	  21,8	  22,3	   5,8
*	    10,4223	 1	202,23	 39,74	   6,9	  16,0	  19,7	  20,6	  22,2	  23,2	  23,8	   7,3
*	    10,3348	 1	230,89	 43,22	   6,6	  15,6	  19,4	  20,3	  21,9	  22,8	  23,4	   7,0
*	    11,1833	 1	249,85	 50,51	   4,9	  13,9	  17,7	  18,6	  20,2	  21,1	  21,7	   5,2
*	    12,7755	 1	260,99	 57,41	   2,4	  11,5	  15,3	  16,1	  17,8	  18,7	  19,2	   2,5
*	    14,9351	 1	267,82	 62,82	  -0,3	   8,8	  12,5	  13,4	  15,0	  15,9	  16,4	  -0,5
*	    17,5299	 1	272,33	 66,91	  -3,0	   6,0	   9,8	  10,6	  12,3	  13,1	  13,6	  -3,6
*	    30,5809	 1	280,97	 75,83	 -13,4	  -4,4	  -0,6	   0,3	   1,9	   2,7	   2,7	 -15,5
*	    34,2438	 1	282,10	 77,09	 -15,7	  -6,6	  -2,9	  -2,0	  -0,4	   0,4	   0,3	 -18,3
s	    10,7022	 2	214,94	 65,04	  28,0	  37,6	  41,4	  42,0	  43,6	  45,3	  45,5	  26,5
*	    11,4513	 1	151,72	124,69	   7,4	  16,9	  20,7	  21,6	  23,2	  24,2	  24,0	   5,7
s	    12,0695	 2	168,76	 89,38	  28,5	  38,5	  42,5	  43,4	  44,9	  45,8	  45,9	  27,6
s	    13,2559	 3	169,02	108,68	  27,6	  37,8	  41,7	  42,6	  44,1	  45,0	  45,1	  26,6
s	    13,6525	 3	168,48	 68,89	  25,9	  36,0	  39,9	  40,5	  42,0	  43,7	  44,1	  24,9
*	    14,2963	 1	161,38	 53,01	   1,3	  10,8	  14,7	  15,6	  17,2	  18,1	  17,8	  -0,7
s	    14,4579	 3	215,74	129,38	  26,3	  36,1	  39,9	  40,4	  42,0	  43,8	  43,8	  24,5
s	    15,2202	 3	214,67	 47,68	  27,6	  37,3	  41,2	  42,1	  43,6	  44,5	  44,3	  25,7
s	    15,3019	 3	355,69	157,22	  27,3	  36,9	  40,6	  41,1	  42,8	  44,7	  44,3	  25,6
s	    16,3804	 3	359,38	 21,72	  25,4	  34,9	  38,6	  38,8	  40,5	  43,1	  43,1	  23,6
s	    16,9956	 4	169,30	125,55	  24,5	  34,8	  38,7	  39,2	  40,8	  42,4	  42,7	  23,2
s	    17,6872	 4	168,21	 52,75	  25,8	  36,0	  40,1	  40,9	  42,5	  43,2	  43,3	  24,4
*	    19,7524	 1	271,31	104,39	  -0,9	   8,6	  12,4	  13,3	  14,9	  15,8	  15,4	  -3,7
s	    19,8862	 4	215,99	140,74	  24,9	  35,0	  38,8	  39,3	  40,9	  42,7	  42,5	  23,5
*	    21,1768	 1	279,62	102,89	  -4,8	   4,7	   8,5	   9,4	  11,0	  11,9	  11,4	  -7,7
s	    21,2673	 4	214,39	 36,36	  23,9	  33,8	  37,6	  38,1	  39,7	  41,3	  41,3	  21,4
s	    21,9914	 5	169,56	136,80	  23,3	  33,9	  37,9	  38,4	  40,0	  41,6	  41,7	  22,5
s	    22,9764	 4	355,05	162,76	  23,2	  32,9	  36,6	  36,7	  38,4	  41,0	  40,7	  20,7
s	    23,2843	 5	167,93	 41,41	  22,4	  32,8	  36,8	  37,3	  38,8	  40,3	  40,5	  20,5
s	    23,5333	 4	359,98	 16,88	  23,6	  33,5	  37,2	  37,4	  39,0	  41,7	  41,4	  22,0
s	    26,6028	 5	216,25	148,85	  21,3	  31,6	  35,3	  35,5	  37,1	  39,6	  39,6	  19,2
s	    26,7009	 1	 16,07	 89,75	  25,0	  34,0	  37,8	  38,7	  40,3	  41,1	  40,0	  19,6
*	    36,7586	 1	 50,21	 93,73	   0,7	   9,7	  13,5	  14,4	  15,9	  16,7	  16,6	  -2,2
*	    32,1443	 1	 41,17	 93,87	   3,6	  12,6	  16,4	  17,2	  18,8	  19,6	  19,6	   1,2
*	    28,7697	 1	 31,08	 93,91	   6,0	  15,0	  18,8	  19,6	  21,2	  22,0	  22,2	   4,0
*	    29,0083	 1	 31,20	 83,34	   5,8	  14,8	  18,6	  19,5	  21,1	  21,9	  22,0	   3,9
*	    27,0164	 1	 20,42	 93,82	   7,4	  16,5	  20,2	  21,1	  22,7	  23,5	  23,7	   5,7
*	    27,2679	 1	 20,55	 83,15	   7,2	  16,3	  20,0	  20,9	  22,5	  23,3	  23,5	   5,5
*	    27,1960	 1	  9,90	 93,60	   7,4	  16,5	  20,3	  21,1	  22,7	  23,5	  23,7	   5,7
*	    27,4476	 1	 10,03	 83,18	   7,3	  16,3	  20,1	  20,9	  22,5	  23,3	  23,5	   5,5
*	    29,3415	 1	  0,17	 93,29	   5,9	  15,0	  18,7	  19,6	  21,2	  22,0	  22,1	   4,0
*	    29,5791	 1	  0,30	 83,40	   5,8	  14,8	  18,6	  19,5	  21,0	  21,8	  21,9	   3,8
*	    33,1510	 1	351,63	 92,95	   3,4	  12,4	  16,2	  17,0	  18,6	  19,4	  19,4	   0,9
*	    33,3666	 1	351,75	 83,77	   3,2	  12,3	  16,0	  16,9	  18,5	  19,2	  19,3	   0,7
*	    38,1918	 1	344,37	 92,59	   0,3	   9,3	  13,1	  14,0	  15,5	  16,3	  16,2	  -2,8
*	    38,3838	 1	344,47	 84,18	   0,2	   9,2	  13,0	  13,9	  15,4	  16,2	  16,0	  -2,9
*	    44,0908	 1	338,31	 92,28	  -2,9	   6,2	   9,9	  10,8	  12,3	  13,0	  12,8	  -6,7
*	    44,2614	 1	338,40	 84,60	  -3,0	   6,1	   9,8	  10,7	  12,3	  13,0	  12,7	  -6,8
*	    50,5839	 1	333,27	 91,99	  -5,9	   3,1	   6,8	   7,7	   9,3	   9,9	   9,5	 -10,6
*	    50,7360	 1	333,36	 84,99	  -6,0	   3,0	   6,8	   7,6	   9,2	   9,8	   9,4	 -10,7
*	    57,4945	 1	329,09	 91,73	  -8,8	   0,2	   3,9	   4,8	   6,3	   6,9	   6,3	 -14,3
*	    57,6310	 1	329,17	 85,35	  -8,9	   0,1	   3,9	   4,7	   6,3	   6,9	   6,3	 -14,4
s	    27,1048	 5	214,15	 29,82	  21,7	  32,1	  35,9	  36,2	  37,8	  40,3	  40,2	  20,6
s	    27,4220	 2	 15,91	101,54	  24,6	  33,8	  37,6	  38,4	  40,0	  40,8	  39,7	  19,2
s	    27,6683	 2	 16,23	 77,13	  23,5	  32,8	  36,6	  37,2	  38,8	  40,4	  39,6	  19,2
s	    28,3375	 6	169,84	145,27	  19,9	  30,7	  34,6	  34,8	  36,3	  38,7	  39,0	  18,5
s	    28,8169	 6	167,69	 34,52	  20,3	  31,3	  35,2	  35,5	  37,0	  39,4	  39,7	  19,9
s	    29,8422	 3	 15,75	113,22	  22,8	  32,1	  35,8	  36,3	  37,9	  39,5	  39,0	  18,3
s	    30,0735	 3	 16,38	 66,43	  23,2	  32,7	  36,5	  37,1	  38,6	  40,3	  39,7	  19,7
s	    30,2738	 5	354,46	165,97	  21,7	  31,8	  35,5	  35,7	  37,3	  40,0	  39,4	  19,5
s	    31,4053	 5	  0,62	 13,57	  20,0	  30,0	  33,6	  33,5	  35,1	  38,5	  38,3	  17,5
s	    32,1264	 2	100,26	100,78	  22,1	  31,9	  36,7	  37,7	  39,4	  40,4	  39,3	  19,2
*	    32,9542	 1	113,48	101,64	  -0,7	   9,0	  13,7	  14,8	  16,5	  17,5	  16,4	  -3,8
s	    33,3711	 4	 15,60	122,54	  22,3	  32,0	  35,8	  36,3	  37,9	  39,5	  38,8	  18,5
s	    33,8145	 6	216,52	154,34	  21,1	  31,4	  35,3	  35,8	  37,3	  38,9	  38,4	  18,2
s	    34,0054	 4	 16,54	 56,58	  20,7	  30,3	  34,0	  34,2	  35,8	  38,2	  37,8	  16,8
*	    34,1874	 1	127,31	 83,38	  -2,4	   7,1	  10,9	  11,8	  13,3	  14,1	  13,4	  -6,9
s	    34,3423	 6	213,87	 24,46	  18,4	  28,9	  32,7	  32,6	  34,1	  37,4	  37,5	  16,4
s	    35,2716	 7	170,12	151,23	  19,8	  30,7	  34,7	  35,2	  36,7	  38,2	  38,0	  17,6
s	    35,4351	 8	214,27	150,30	  18,5	  29,7	  33,7	  33,9	  35,4	  37,7	  37,8	  17,4
s	    35,7825	 7	167,42	 28,71	  17,1	  28,2	  32,1	  32,0	  33,5	  36,7	  37,1	  15,9
s	    35,9744	 2	207,63	 89,28	  22,0	  31,6	  35,5	  36,4	  37,9	  38,5	  37,6	  16,4
*	    36,4049	 1	280,69	 97,95	  -6,5	   3,0	   6,9	   7,7	   9,3	  10,1	   9,3	 -11,2
s	    36,5510	 3	207,74	 98,72	  21,7	  31,4	  35,3	  36,2	  37,7	  38,4	  37,3	  16,1
s	    36,7489	 3	207,51	 79,16	  20,6	  30,5	  34,4	  35,0	  36,5	  37,9	  37,3	  16,0
*	    37,7724	 1	 97,40	 97,45	 -18,1	  -8,4	  -3,6	  -2,5	  -0,9	   0,0	  -1,2	 -21,8
*	    40,0019	 1	 83,50	 96,82	 -19,3	  -9,7	  -4,9	  -3,8	  -2,1	  -1,3	  -2,5	 -23,3
*	    44,7332	 1	 72,52	 96,05	 -21,7	 -12,1	  -7,3	  -6,2	  -4,5	  -3,7	  -5,1	 -26,3
s	    38,2284	 6	353,83	168,32	  18,4	  28,6	  32,2	  32,0	  33,7	  37,0	  36,6	  15,2
s	    38,2319	 5	 15,44	130,82	  19,6	  29,4	  33,1	  33,3	  34,9	  37,3	  36,8	  15,3
s	    38,5146	 4	207,86	108,34	  20,1	  29,9	  33,8	  34,3	  35,8	  37,3	  36,8	  15,4
s	    38,7045	 4	207,39	 70,30	  20,6	  30,6	  34,5	  35,0	  36,5	  38,0	  37,6	  16,9
*	    38,7780	 1	284,94	 97,41	 -16,9	  -7,4	  -3,6	  -2,7	  -1,1	  -0,4	  -1,3	 -22,0
s	    38,7991	 6	  1,21	 11,47	  18,8	  29,2	  32,8	  32,7	  34,3	  37,7	  37,3	  16,6
*	    39,6736	 1	 49,64	 86,92	  -0,2	   8,9	  12,6	  13,4	  15,1	  16,0	  14,6	  -6,2
*	    47,4105	 1	 59,67	 87,38	  -4,1	   5,1	   8,7	   9,6	  11,2	  12,0	  10,5	 -11,0
s	    41,3117	 7	213,61	 20,88	  17,4	  28,3	  32,1	  32,0	  33,5	  36,8	  36,7	  15,7
s	    41,3117	 7	216,78	158,25	  17,9	  28,4	  32,2	  32,3	  33,9	  36,2	  35,9	  14,2
s	    41,4480	 5	207,97	116,41	  19,9	  30,0	  34,0	  34,5	  36,0	  37,5	  36,9	  15,9
s	    41,7823	 1	102,72	 90,41	  22,0	  31,5	  35,3	  36,1	  37,7	  38,5	  37,5	  16,5
*	    53,3308	 1	 68,58	 92,00	  -2,7	   6,7	  10,6	  11,4	  13,0	  13,6	  12,3	  -9,7
*	    43,9615	 1	 85,95	 92,36	   1,5	  10,9	  14,8	  15,6	  17,2	  17,9	  16,9	  -4,3
*	    42,1929	 1	110,42	 92,51	   2,4	  11,9	  15,8	  16,6	  18,2	  18,9	  17,9	  -3,1
*	    49,3210	 1	 74,30	 84,82	 -12,6	  -3,5	   0,2	   1,0	   2,6	   3,4	   5,8	 -14,1
*	    49,0704	 1	 74,28	 88,36	 -12,5	  -3,4	   0,3	   1,1	   2,7	   3,6	   6,0	 -14,0
*	    47,6700	 1	 77,20	 84,60	 -11,9	  -2,7	   0,9	   1,8	   3,3	   4,2	   6,6	 -13,2
*	    47,4121	 1	 77,19	 88,27	 -11,8	  -2,6	   1,1	   1,9	   3,5	   4,3	   6,8	 -13,0
*	    46,2080	 1	 80,33	 84,37	 -11,2	  -2,1	   1,6	   2,4	   4,0	   4,9	   7,4	 -12,3
*	    45,9430	 1	 80,32	 88,19	 -11,1	  -1,9	   1,7	   2,6	   4,2	   5,0	   7,5	 -12,2
*	    44,9491	 1	 83,68	 84,16	 -10,6	  -1,5	   2,2	   3,0	   4,6	   5,5	   8,0	 -11,6
*	    44,6777	 1	 83,68	 88,10	 -10,5	  -1,3	   2,3	   3,2	   4,8	   5,6	   8,1	 -11,4
*	    43,9070	 1	 87,26	 83,95	 -10,1	  -1,0	   2,7	   3,5	   5,1	   6,0	   8,5	 -10,9
*	    43,6299	 1	 87,26	 88,02	 -10,0	  -0,8	   2,9	   3,7	   5,3	   6,2	   8,7	 -10,7
*	    43,0941	 1	 91,07	 83,75	  -9,7	  -0,5	   3,1	   4,0	   5,6	   6,4	   9,0	 -10,4
*	    42,8121	 1	 91,07	 87,94	  -9,6	  -0,4	   3,3	   4,1	   5,7	   6,6	   9,1	 -10,2
*	    42,5210	 1	 95,09	 83,58	  -9,4	  -0,2	   3,4	   4,3	   5,9	   6,8	   9,3	 -10,0
*	    42,2352	 1	 95,09	 87,87	  -9,3	  -0,1	   3,6	   4,4	   6,0	   6,9	   9,5	  -9,8
*	    42,1960	 1	 99,30	 83,44	  -9,2	  -0,1	   3,6	   4,4	   6,0	   6,9	   9,5	  -9,8
*	    41,9077	 1	 99,31	 87,80	  -9,1	   0,1	   3,8	   4,6	   6,2	   7,1	   9,7	  -9,6
*	    42,1248	 1	103,65	 83,31	  -9,2	   0,0	   3,7	   4,5	   6,1	   7,0	   9,6	  -9,7
*	    41,8353	 1	103,66	 87,74	  -9,0	   0,2	   3,8	   4,6	   6,3	   7,2	   9,7	  -9,6
*	    42,3097	 1	108,11	 83,22	  -9,2	  -0,1	   3,6	   4,4	   6,0	   6,9	   9,5	  -9,8
*	    42,0205	 1	108,13	 87,71	  -9,1	   0,1	   3,8	   4,6	   6,2	   7,1	   9,7	  -9,6
s	    41,9832	 5	207,27	 61,73	  18,2	  28,4	  32,2	  32,4	  33,9	  36,2	  36,0	  14,2
s	    42,0661	 2	102,74	 96,75	  19,5	  29,6	  34,5	  35,6	  37,2	  38,0	  37,1	  16,1
s	    42,4706	 2	102,69	 81,41	  20,6	  29,9	  33,5	  34,0	  35,6	  37,3	  36,2	  14,4
s	    42,5600	 8	167,16	 24,74	  16,2	  27,6	  31,6	  31,4	  33,0	  36,1	  36,3	  15,3
s	    42,5600	 8	170,40	155,56	  16,7	  27,7	  31,7	  31,8	  33,3	  35,5	  35,5	  13,7
s	    43,4734	 6	 15,28	137,03	  19,0	  29,2	  32,9	  33,1	  34,6	  37,1	  36,3	  15,2
*	    43,7481	 1	124,15	 79,12	  -8,5	   1,0	   4,8	   5,7	   7,3	   8,0	   7,0	 -14,2
s	    44,0485	 3	102,77	107,45	  19,4	  29,2	  32,9	  33,4	  35,0	  36,5	  35,8	  13,8
s	    44,1558	 2	132,12	 90,25	  20,6	  30,6	  34,6	  35,4	  36,9	  37,6	  36,9	  15,7
s	    44,2188	 3	102,67	 73,44	  20,6	  30,2	  33,9	  34,4	  36,0	  37,7	  36,5	  15,3
s	    44,3290	 6	 16,86	 42,54	  17,3	  27,4	  31,1	  31,0	  32,6	  35,7	  35,4	  13,4
s	    44,8140	 3	132,04	 81,64	  18,5	  28,6	  32,5	  33,0	  34,6	  36,0	  35,6	  13,6
s	    44,8794	 3	 70,53	 98,39	  19,0	  28,9	  33,7	  34,8	  36,4	  37,2	  35,6	  13,6
s	    45,6028	 6	208,09	123,99	  17,4	  27,7	  31,6	  31,7	  33,2	  35,5	  35,1	  13,1
s	    45,6672	 7	353,24	169,90	  17,4	  28,0	  31,6	  31,5	  33,1	  36,5	  35,8	  14,5
s	    46,3259	 4	132,26	106,57	  18,0	  28,3	  32,2	  32,7	  34,2	  35,7	  35,2	  13,1
s	    46,4126	 4	102,65	 67,29	  15,7	  26,3	  31,2	  31,6	  33,2	  35,6	  35,2	  13,1
s	    46,6584	 4	131,96	 73,41	  19,5	  29,8	  33,8	  34,6	  36,1	  36,6	  35,9	  14,5
s	    46,6945	 4	102,80	114,84	  20,0	  29,8	  33,5	  33,9	  35,5	  37,2	  35,9	  14,5
s	    46,8148	 7	  1,85	  9,83	  15,7	  26,2	  29,8	  29,4	  30,9	  35,1	  34,8	  12,6
s	    48,4325	 8	217,02	160,97	  17,1	  27,9	  31,8	  31,9	  33,4	  35,7	  35,2	  13,6
s	    48,8690	 5	132,34	113,72	  17,9	  28,6	  32,5	  33,0	  34,5	  36,0	  35,4	  13,8
s	    48,9849	 8	213,33	 17,98	  14,4	  25,4	  29,2	  28,7	  30,3	  34,3	  34,3	  11,9
s	    49,1945	 5	131,89	 66,68	  15,4	  26,2	  31,3	  32,1	  33,6	  34,8	  34,6	  12,2
s	    49,6840	 7	 15,12	142,42	  16,3	  26,5	  30,2	  30,1	  31,6	  34,8	  34,3	  11,8
s	    49,8337	 5	102,63	 60,58	  15,5	  26,4	  31,3	  31,8	  33,4	  35,8	  35,2	  13,5
s	    50,1455	 7	 17,01	 37,65	  16,7	  27,2	  30,9	  30,8	  32,3	  35,5	  35,0	  13,2
s	    50,4879	 5	102,82	121,95	  17,7	  27,6	  31,2	  31,3	  32,9	  35,4	  34,3	  11,8
s	    50,5809	 7	208,20	130,40	  18,0	  28,4	  32,4	  32,8	  34,3	  35,6	  34,9	  13,1
s	    50,9304	 1	300,80	 89,08	  20,5	  30,0	  33,8	  34,7	  36,2	  36,9	  35,7	  13,9
*	    60,7008	 1	327,55	 85,96	  -3,1	   6,4	  10,2	  11,0	  12,6	  13,2	  11,7	 -10,9
*	    52,1982	 1	310,66	 85,21	   0,2	   9,7	  13,5	  14,3	  15,9	  16,6	  15,3	  -6,6
*	    52,3134	 1	289,89	 84,85	   0,0	   9,5	  13,3	  14,2	  15,7	  16,4	  15,2	  -6,7
s	    51,3479	 7	207,03	 48,07	  16,3	  26,7	  30,6	  30,8	  32,2	  34,3	  34,0	  11,4
s	    51,3658	 2	300,75	 96,20	  20,3	  29,9	  33,7	  34,6	  36,1	  36,8	  35,5	  13,7
s	    51,5157	 2	300,85	 81,41	  19,2	  29,0	  32,8	  33,4	  34,9	  36,4	  35,5	  13,7
*	    52,0128	 1	 67,58	 91,02	 -15,1	  -6,1	  -2,3	  -1,5	   0,1	   0,7	   0,3	 -19,9
*	    52,1324	 1	 67,57	 93,93	 -15,2	  -6,1	  -2,4	  -1,5	   0,0	   0,7	   0,2	 -20,0
*	    52,1798	 1	 65,93	 89,64	 -12,5	  -3,4	   0,3	   1,2	   2,7	   3,4	   2,9	 -17,3
*	    52,2191	 1	 65,91	 92,54	 -12,5	  -3,4	   0,3	   1,2	   2,7	   3,4	   2,9	 -17,3
*	    52,4268	 1	 65,90	 95,41	 -12,6	  -3,5	   0,2	   1,1	   2,6	   3,3	   2,8	 -17,4
s	    52,1807	 2	278,32	 88,98	  19,4	  29,4	  33,4	  34,2	  35,7	  36,3	  35,4	  13,5
s	    52,5299	 6	132,41	120,64	  15,7	  26,4	  30,3	  30,5	  32,0	  34,2	  33,9	  11,2
s	    52,5871	 2	 77,03	 90,47	  19,3	  28,9	  32,8	  33,6	  35,1	  35,7	  34,3	  11,6
s	    52,6073	 3	278,31	 95,97	  19,1	  29,3	  33,2	  34,1	  35,6	  36,2	  35,2	  13,3
s	    52,7543	 3	278,34	 81,47	  18,1	  28,3	  32,3	  32,9	  34,4	  35,8	  35,2	  13,2
s	    52,8218	 3	 77,01	 95,71	  17,1	  27,3	  32,3	  33,4	  34,9	  35,5	  34,1	  11,4
s	    52,8239	 6	131,82	 60,02	  16,1	  27,0	  31,0	  31,2	  32,7	  35,0	  34,6	  12,6
s	    52,8657	 3	300,70	103,65	  18,0	  27,8	  31,6	  32,1	  33,6	  35,1	  34,1	  11,4
s	    53,0121	 3	300,90	 74,54	  18,5	  28,5	  32,3	  32,8	  34,4	  35,9	  34,9	  12,9
s	    53,3998	 2	 18,80	 89,98	  20,0	  29,5	  33,4	  34,3	  35,8	  36,3	  35,2	  13,2
*	    53,8122	 1	 67,06	 85,36	 -12,8	  -3,8	  -0,0	   0,8	   2,4	   3,0	   2,5	 -17,9
*	    53,5991	 1	 67,05	 88,18	 -12,7	  -3,7	   0,0	   0,9	   2,4	   3,1	   2,6	 -17,8
s	    53,6352	 6	102,84	126,38	  14,8	  25,8	  30,7	  31,2	  32,8	  35,1	  34,5	  12,4
s	    53,7139	 8	352,61	171,18	  14,5	  25,1	  28,7	  28,3	  29,8	  34,0	  33,4	  10,6
s	    53,8182	 3	 18,71	 96,83	  19,7	  29,4	  33,3	  34,1	  35,6	  36,2	  35,0	  12,9
s	    53,9624	 3	 18,89	 82,61	  18,6	  28,5	  32,4	  32,9	  34,4	  35,8	  35,0	  12,9
s	    54,0781	 4	278,30	103,27	  16,9	  27,2	  31,1	  31,6	  33,1	  34,5	  33,8	  11,0
s	    54,2217	 4	278,35	 74,73	  17,4	  27,9	  31,8	  32,4	  33,8	  35,3	  34,6	  12,5
s	    54,2897	 8	  2,44	  8,67	  14,9	  25,7	  29,4	  29,0	  30,5	  34,7	  34,1	  12,0
s	    54,6153	 4	 77,07	 76,30	  18,8	  28,5	  32,3	  32,8	  34,3	  35,8	  34,5	  12,4
s	    54,9467	 3	 74,85	 83,22	  19,0	  28,6	  32,3	  32,8	  34,4	  36,0	  34,6	  12,4
s	    55,1527	 4	300,65	110,15	  18,0	  28,2	  32,0	  32,5	  34,0	  35,5	  34,4	  12,3
s	    55,2615	 4	 18,62	104,00	  18,2	  28,2	  32,1	  32,7	  34,2	  35,5	  34,6	  12,5
s	    55,4025	 4	 18,98	 75,99	  18,2	  28,2	  32,1	  32,7	  34,1	  35,5	  34,6	  12,4
s	    55,4469	 6	102,59	 52,93	  15,7	  25,9	  29,5	  29,4	  30,9	  34,2	  33,4	  10,4
s	    55,5755	 4	300,95	 67,59	  16,4	  26,5	  30,2	  30,4	  32,0	  34,3	  33,6	  10,6
s	    55,7771	 8	208,31	135,43	  14,5	  25,2	  29,1	  28,9	  30,4	  33,4	  33,1	  10,1
s	    55,8341	 8	 14,97	146,49	  15,7	  26,3	  30,1	  29,9	  31,5	  34,6	  33,9	  11,6
s	    56,2264	 4	 74,77	104,28	  17,4	  27,3	  31,1	  31,5	  33,1	  34,6	  33,4	  10,4
s	    56,3231	 5	278,28	109,67	  16,9	  27,5	  31,5	  32,0	  33,5	  34,9	  34,1	  11,8
s	    56,4468	 7	132,48	126,07	  14,4	  25,8	  30,9	  31,7	  33,1	  34,5	  33,9	  11,6
s	    56,4650	 5	 77,09	 71,01	  14,1	  24,7	  29,6	  30,1	  31,6	  33,8	  33,3	  10,3
s	    56,6172	 8	206,92	 43,16	  15,9	  26,6	  30,6	  30,7	  32,2	  34,3	  33,7	  11,4
s	    56,7384	 5	278,37	 67,90	  15,3	  25,9	  29,8	  30,0	  31,5	  33,6	  33,2	  10,2
s	    56,8064	 8	 17,17	 33,37	  14,1	  24,6	  28,3	  27,8	  29,4	  33,3	  32,9	   9,8
s	    57,3379	 7	131,74	 54,00	  13,8	  24,8	  28,7	  28,6	  30,0	  33,1	  32,9	   9,8
s	    57,4669	 5	 18,53	110,29	  17,5	  27,7	  31,6	  32,1	  33,5	  34,9	  33,9	  11,5
s	    57,8753	 5	 19,07	 69,27	  15,9	  26,0	  29,9	  30,0	  31,5	  33,7	  33,1	   9,9
s	    58,4005	 5	 74,75	110,49	  18,1	  28,1	  31,8	  32,2	  33,7	  35,4	  33,8	  11,3
s	    58,4767	 5	300,60	116,57	  15,8	  26,1	  29,8	  30,0	  31,5	  33,8	  33,0	   9,7
s	    58,7095	 7	102,87	131,94	  12,3	  23,5	  28,4	  28,5	  30,0	  33,2	  32,7	   9,5
s	    58,7452	 5	301,00	 61,69	  16,3	  26,7	  30,5	  30,7	  32,3	  34,6	  33,7	  11,2
s	    59,5909	 6	278,27	116,00	  14,7	  25,5	  29,4	  29,5	  31,0	  33,2	  32,7	   9,4
s	    59,8551	 6	278,38	 62,07	  15,2	  26,1	  30,1	  30,3	  31,8	  34,0	  33,4	  10,8
s	    59,9541	 6	 76,94	117,34	  16,2	  26,1	  29,8	  29,9	  31,5	  33,8	  32,6	   9,3
s	    60,3368	 2	323,58	 89,31	  18,3	  27,9	  31,7	  32,6	  34,1	  34,6	  33,0	   9,6
s	    60,3455	 7	102,57	 48,03	  15,4	  25,9	  29,6	  29,4	  31,0	  34,3	  33,2	  10,6
s	    60,7140	 3	323,51	 95,49	  18,0	  27,8	  31,7	  32,5	  33,9	  34,5	  32,8	   9,4
s	    60,8441	 3	323,65	 82,67	  17,0	  26,8	  30,7	  31,3	  32,8	  34,1	  32,8	   9,4
s	    60,9417	 6	 19,15	 63,52	  15,8	  26,3	  30,2	  30,4	  31,8	  34,0	  33,2	  10,6
s	    61,2700	 6	 74,91	 65,29	  14,8	  25,6	  30,6	  31,3	  32,9	  34,3	  33,2	  10,5
s	    61,9821	 8	 18,51	116,55	  14,7	  25,1	  29,1	  29,3	  30,7	  32,5	  32,1	   8,5
s	    62,0186	 4	323,44	101,99	  16,6	  26,5	  30,3	  30,8	  32,3	  33,6	  32,5	   9,0
s	    62,1075	 8	131,67	 49,14	  13,4	  24,8	  28,8	  28,7	  30,1	  33,2	  32,8	  10,1
s	    62,1075	 8	132,57	131,99	  14,0	  24,9	  28,9	  29,0	  30,5	  32,6	  32,0	   8,5
s	    62,1463	 4	323,72	 76,66	  17,1	  27,1	  31,0	  31,6	  33,0	  34,3	  33,3	  10,5
s	    62,2573	 6	300,55	121,95	  15,6	  26,2	  30,0	  30,2	  31,7	  34,1	  33,0	  10,2
s	    62,7033	 3	205,73	 89,44	  17,8	  27,8	  31,9	  32,7	  34,2	  34,6	  33,5	  10,7
s	    62,8916	 6	301,06	 55,98	  14,0	  24,6	  28,3	  28,2	  29,7	  32,8	  32,1	   8,5
s	    63,0682	 4	205,80	 95,42	  17,5	  27,8	  31,8	  32,6	  34,0	  34,5	  33,4	  10,5
s	    63,1941	 4	205,65	 83,01	  16,5	  26,8	  30,9	  31,4	  32,9	  34,0	  33,3	  10,5
s	    63,3138	 7	278,26	121,32	  14,6	  25,6	  29,6	  29,8	  31,2	  33,5	  32,8	   9,9
s	    63,6687	 8	 72,07	 66,16	  13,0	  24,3	  29,3	  29,7	  31,2	  33,5	  32,6	   9,7
s	    63,9390	 7	278,40	 56,41	  12,9	  24,0	  27,9	  27,7	  29,2	  32,2	  31,9	   8,2
s	    64,0220	 5	323,38	107,75	  16,7	  26,9	  30,8	  31,2	  32,7	  34,1	  32,9	   9,9
s	    64,2808	 7	 77,14	 58,07	  14,4	  24,6	  28,3	  28,1	  29,7	  32,7	  31,8	   8,1
s	    64,3313	 5	205,88	101,72	  16,1	  26,6	  30,7	  31,2	  32,6	  33,8	  33,1	  10,1
s	    64,3496	 7	 18,35	121,81	  15,2	  25,8	  29,7	  29,9	  31,3	  33,5	  32,6	   9,6
s	    64,3941	 5	323,79	 70,49	  15,1	  25,2	  29,1	  29,2	  30,7	  32,8	  32,0	   8,3
s	    64,4551	 5	205,58	 77,19	  16,1	  26,6	  30,7	  31,2	  32,6	  33,8	  33,0	  10,0
s	    64,7568	 8	102,55	 44,46	  10,3	  21,8	  26,7	  26,5	  28,0	  31,9	  31,6	   7,9
s	    64,9662	 7	 19,25	 57,92	  13,6	  24,1	  28,0	  27,8	  29,3	  32,2	  31,7	   7,9
s	    65,5006	 8	 74,94	 59,18	  14,5	  25,1	  28,9	  28,7	  30,2	  33,3	  32,3	   9,2
s	    65,5719	 3	255,34	 89,05	  16,7	  26,8	  30,8	  31,7	  33,1	  33,4	  32,1	   8,2
s	    65,9229	 4	255,36	 94,80	  16,5	  26,7	  30,7	  31,5	  32,9	  33,4	  31,9	   8,0
s	    66,0441	 4	255,32	 82,86	  15,4	  25,7	  29,8	  30,3	  31,8	  32,9	  31,9	   8,0
s	    66,2737	 6	205,95	107,31	  15,5	  26,1	  30,2	  30,7	  32,1	  33,3	  32,4	   9,3
s	    66,8215	 6	205,50	 70,78	  14,9	  25,4	  29,6	  30,1	  31,5	  32,5	  31,5	   7,6
s	    66,9599	 7	300,50	127,09	  13,3	  24,0	  27,8	  27,6	  29,1	  32,2	  31,4	   7,4
s	    66,9621	 6	323,31	113,55	  14,6	  24,9	  28,7	  28,9	  30,3	  32,4	  31,5	   7,6
s	    67,1391	 5	255,38	100,87	  15,1	  25,4	  29,4	  29,9	  31,3	  32,5	  31,6	   7,6
s	    67,2583	 5	255,30	 77,25	  15,6	  26,1	  30,1	  30,6	  32,1	  33,2	  32,4	   9,1
s	    67,3178	 7	301,11	 51,26	  13,8	  24,7	  28,5	  28,4	  29,9	  33,0	  32,2	   8,9
s	    67,9524	 8	278,24	126,43	  12,3	  23,5	  27,4	  27,2	  28,6	  31,6	  31,2	   7,1
s	    68,3058	 8	278,41	 51,73	  12,7	  24,1	  28,1	  27,9	  29,4	  32,4	  31,9	   8,6
s	    68,6285	 8	 77,16	 53,40	  14,2	  24,8	  28,5	  28,3	  29,9	  32,9	  31,8	   8,5
s	    68,9271	 8	 18,26	126,88	  12,9	  23,6	  27,5	  27,3	  28,8	  31,7	  31,0	   6,9
s	    69,0122	 6	255,40	106,28	  15,1	  25,8	  29,9	  30,3	  31,8	  33,0	  32,0	   8,6
s	    69,1298	 7	206,03	112,97	  13,4	  24,2	  28,1	  28,3	  29,7	  31,7	  31,1	   6,9
s	    69,2761	 8	 19,33	 53,27	  13,4	  24,3	  28,2	  28,0	  29,5	  32,5	  31,8	   8,3
s	    69,3608	 6	255,28	 71,45	  13,6	  24,2	  28,2	  28,4	  29,8	  31,7	  31,2	   7,0
s	    69,3621	 7	205,43	 65,98	  13,9	  24,8	  28,9	  29,1	  30,5	  32,5	  31,9	   8,4
s	    70,3426	 7	323,24	118,52	  14,5	  25,1	  29,0	  29,2	  30,6	  32,8	  31,7	   8,2
s	    70,9133	 7	323,92	 59,86	  12,9	  23,5	  27,3	  27,2	  28,6	  31,5	  30,8	   6,5
s	    71,2325	 3	 61,30	 90,46	  16,8	  27,0	  31,0	  31,8	  33,2	  33,7	  32,3	   8,7
s	    71,4132	 4	 61,28	 94,50	  14,6	  25,4	  30,5	  31,5	  33,0	  33,5	  32,1	   8,5
s	    71,6718	 4	 61,34	 84,70	  15,5	  26,0	  29,9	  30,5	  31,9	  33,2	  32,1	   8,4
s	    71,7723	 7	255,42	111,77	  13,1	  23,9	  27,9	  28,0	  29,4	  31,4	  30,7	   6,3
s	    71,8160	 8	300,45	131,31	  13,1	  24,1	  27,9	  27,8	  29,3	  32,4	  31,4	   7,7
s	    72,4211	 8	206,10	117,84	  13,3	  24,4	  28,5	  28,6	  30,0	  32,1	  31,3	   7,6
s	    72,5996	 8	301,16	 46,79	  11,5	  22,4	  26,2	  25,7	  27,2	  31,1	  30,5	   6,0
s	    72,6920	 5	 61,23	101,47	  15,2	  25,8	  29,8	  30,3	  31,7	  33,1	  31,8	   8,1
s	    72,8032	 5	 61,37	 79,46	  15,2	  25,8	  29,8	  30,3	  31,7	  33,0	  31,8	   8,1
s	    72,9775	 8	205,36	 60,80	  11,7	  22,8	  26,8	  26,6	  28,0	  30,8	  30,4	   5,9
s	    74,2529	 6	 61,40	 75,24	  11,1	  22,3	  27,3	  27,7	  29,2	  31,3	  30,5	   5,8
s	    74,4415	 6	 61,20	106,54	  14,6	  25,4	  29,3	  29,8	  31,2	  32,6	  31,2	   7,4
s	    74,5951	 8	323,17	123,37	  12,3	  23,0	  26,9	  26,7	  28,1	  31,0	  30,2	   5,6
s	    74,9207	 8	323,99	 55,40	  12,8	  23,7	  27,6	  27,4	  28,9	  31,8	  30,9	   7,0
s	    75,2291	 8	255,44	116,87	  14,0	  24,9	  29,1	  29,5	  30,9	  31,9	  30,9	   7,0
s	    75,7751	 8	255,24	 60,98	  12,4	  23,3	  27,4	  27,5	  28,9	  30,7	  30,0	   5,3
s	    77,2401	 7	 61,16	112,09	  13,5	  24,2	  28,2	  28,6	  30,0	  31,2	  29,9	   5,1
s	    77,2401	 7	 61,44	 69,23	  13,0	  24,1	  28,1	  28,2	  29,7	  31,8	  30,7	   6,6
s	    77,2521	 3	338,89	 89,54	  16,3	  25,8	  29,5	  29,1	  29,5	  30,0	  28,3	   4,2
s	    77,5562	 4	338,83	 94,52	  16,0	  25,7	  29,5	  28,9	  29,4	  30,0	  28,1	   4,0
s	    77,6612	 4	338,96	 84,18	  15,0	  24,7	  28,5	  27,8	  28,2	  29,5	  28,1	   4,0
s	    78,6122	 5	338,77	 99,80	  14,6	  25,1	  29,1	  29,7	  31,1	  32,2	  31,0	   6,8
s	    78,7026	 5	280,52	 78,43	  13,4	  24,3	  29,4	  30,4	  31,9	  32,2	  30,8	   6,5
s	    78,7159	 5	339,02	 79,28	  14,7	  24,6	  28,4	  27,6	  28,0	  29,4	  27,9	   3,6
s	    79,2414	 8	 61,14	115,17	  10,6	  22,4	  27,4	  27,8	  29,3	  31,4	  30,4	   6,1
s	    80,2465	 6	338,70	104,56	  14,9	  25,1	  28,9	  29,4	  30,8	  32,0	  30,4	   6,0
s	    80,5402	 8	 61,48	 64,40	  10,9	  22,2	  26,0	  25,8	  27,3	  30,2	  29,4	   4,2
s	    80,5518	 6	339,09	 74,18	  12,4	  23,0	  27,0	  27,2	  28,6	  30,5	  29,6	   4,4
s	    80,7389	 3	 19,92	 90,07	  15,9	  25,4	  29,4	  30,3	  31,7	  31,9	  29,9	   4,7
s	    81,0313	 4	 19,86	 94,86	  15,6	  25,4	  29,3	  30,1	  31,5	  31,8	  29,8	   4,5
s	    81,1323	 4	 19,98	 84,92	  14,6	  24,4	  28,4	  29,0	  30,4	  31,4	  29,8	   4,5
s	    82,0473	 5	 19,79	 99,95	  14,3	  24,3	  28,3	  28,8	  30,2	  31,2	  29,5	   4,2
s	    82,1471	 5	 20,04	 80,21	  14,3	  24,3	  28,3	  28,8	  30,2	  31,2	  29,5	   4,2
s	    82,8696	 7	339,15	 69,66	  13,4	  23,9	  27,7	  27,9	  29,2	  31,3	  29,9	   5,3
s	    83,6214	 6	 19,73	104,54	  13,9	  24,1	  28,1	  28,6	  30,0	  31,0	  29,2	   3,8
s	    83,9157	 6	 20,11	 75,28	  12,8	  23,2	  27,1	  27,4	  28,8	  30,6	  29,2	   3,7
s	    85,4953	 8	338,58	113,75	  12,9	  23,6	  27,4	  27,6	  28,9	  30,9	  29,5	   4,6
s	    85,9607	 7	 19,67	109,28	  12,4	  22,8	  26,7	  26,8	  28,2	  30,1	  28,8	   3,1
s	    85,9756	 8	339,22	 65,07	  11,4	  21,9	  25,7	  25,6	  26,9	  29,7	  28,6	   3,0
s	    86,1522	 7	 20,17	 70,91	  12,9	  23,4	  27,4	  27,6	  29,0	  30,8	  29,6	   4,6
s	    88,0377	 4	107,34	 99,81	  11,9	  22,4	  27,2	  27,9	  29,4	  30,7	  28,9	   3,0
s	    88,6903	 8	 19,61	113,46	  12,5	  23,1	  27,1	  27,3	  28,7	  30,5	  29,1	   4,0
s	    89,1551	 8	 20,23	 66,44	  10,9	  21,5	  25,4	  25,3	  26,7	  29,3	  28,3	   2,3
s	    89,3559	 4	358,29	 89,81	  14,1	  24,2	  28,3	  29,1	  30,5	  30,5	  28,7	   2,7
s	    89,4568	 5	 46,46	 94,76	  12,6	  23,0	  28,1	  29,1	  30,6	  30,8	  28,6	   2,6
s	    89,5075	 5	159,26	 90,10	  13,2	  23,7	  27,8	  27,3	  27,6	  27,9	  26,5	   1,3
s	    89,5168	 5	107,36	104,14	  12,1	  22,9	  27,8	  28,5	  30,0	  31,3	  29,4	   4,1
s	    89,6229	 5	358,24	 94,18	  13,9	  24,1	  28,2	  29,0	  30,4	  30,5	  28,6	   2,6
s	    89,7152	 5	358,36	 85,10	  12,8	  23,2	  27,3	  27,9	  29,2	  30,1	  28,6	   2,6
s	    89,7740	 6	159,32	 94,47	  12,9	  23,6	  27,7	  27,2	  27,4	  27,8	  26,3	   1,1
s	    89,8662	 6	159,21	 85,40	  11,9	  22,7	  26,8	  26,0	  26,3	  27,4	  26,3	   1,1
s	    90,0509	 4	204,84	 89,51	  14,0	  24,1	  28,2	  29,1	  30,4	  30,5	  28,6	   2,6
s	    90,3160	 5	204,90	 93,86	  13,8	  24,1	  28,2	  29,0	  30,3	  30,4	  28,5	   2,4
s	    90,4076	 5	204,79	 84,84	  12,8	  23,1	  27,2	  27,8	  29,1	  30,0	  28,5	   2,4
s	    90,5518	 6	358,17	 98,84	  12,5	  23,1	  27,2	  27,7	  29,0	  29,9	  28,3	   2,3
s	    90,6432	 6	358,41	 80,79	  12,5	  23,1	  27,2	  27,7	  29,0	  29,9	  28,3	   2,2
s	    90,7015	 7	159,38	 99,12	  11,5	  23,1	  27,4	  27,9	  29,2	  30,0	  29,2	   3,9
s	    90,7928	 7	159,15	 81,09	  11,6	  22,6	  26,6	  25,8	  26,1	  27,2	  26,1	   0,8
s	    91,2385	 6	204,95	 98,48	  12,5	  23,0	  27,1	  27,6	  29,0	  29,9	  28,3	   2,1
s	    91,3293	 6	204,74	 80,55	  12,5	  23,0	  27,1	  27,6	  29,0	  29,9	  28,2	   2,1
s	    91,9516	 5	213,84	 89,41	  12,9	  23,5	  27,8	  28,6	  29,9	  29,8	  28,3	   2,1
s	    91,9944	 7	358,12	103,06	  12,2	  22,9	  27,0	  27,5	  28,8	  29,7	  28,1	   1,9
s	    92,1420	 8	159,43	103,33	  11,9	  23,1	  27,2	  27,7	  28,9	  29,9	  28,6	   3,2
s	    92,2118	 6	213,89	 93,68	  12,7	  23,4	  27,7	  28,5	  29,8	  29,8	  28,1	   1,9
s	    92,2645	 7	358,48	 76,26	  11,1	  22,0	  26,1	  26,3	  27,6	  29,3	  28,0	   1,8
s	    92,3018	 6	213,79	 84,83	  11,6	  22,5	  26,8	  27,3	  28,6	  29,3	  28,1	   1,9
s	    92,5512	 8	159,09	 76,25	  10,4	  22,0	  26,4	  26,9	  28,1	  28,8	  27,9	   1,6
s	    92,6714	 7	205,00	102,68	  12,1	  22,8	  27,0	  27,4	  28,8	  29,7	  28,0	   1,7
s	    92,9397	 7	204,68	 76,05	  11,1	  21,9	  26,0	  26,2	  27,6	  29,2	  27,9	   1,7
s	    93,1173	 7	213,94	 98,22	  11,3	  22,4	  26,6	  27,2	  28,4	  29,2	  27,9	   1,6
s	    93,2064	 7	213,74	 80,62	  11,3	  22,4	  26,6	  27,1	  28,4	  29,2	  27,9	   1,6
s	    93,8978	 4	 51,81	 90,43	  13,7	  23,8	  27,9	  28,7	  30,1	  30,1	  28,2	   1,8
s	    94,0391	 5	 51,78	 93,59	  11,5	  22,2	  27,4	  28,5	  29,9	  29,9	  28,0	   1,6
s	    94,1336	 5	 91,90	 99,31	  11,2	  21,7	  26,6	  27,3	  28,8	  29,9	  28,0	   1,6
s	    94,1451	 8	358,05	107,45	  10,7	  21,6	  25,6	  25,8	  27,1	  28,8	  27,7	   1,3
s	    94,3215	 8	358,53	 72,20	  11,2	  22,2	  26,4	  26,5	  27,9	  29,6	  28,5	   2,8
s	    94,5243	 8	213,99	102,34	  11,0	  22,2	  26,5	  26,9	  28,2	  29,0	  27,6	   1,2
s	    94,7879	 8	213,69	 76,20	   9,9	  21,3	  25,5	  25,8	  27,0	  28,6	  27,6	   1,2
s	    94,8082	 8	205,06	107,04	  10,7	  21,5	  25,6	  25,7	  27,0	  28,7	  27,6	   1,2
s	    94,9835	 8	204,63	 72,02	  11,2	  22,2	  26,3	  26,5	  27,8	  29,5	  28,4	   2,7
s	    95,0419	 6	 51,74	 99,07	  12,1	  22,7	  26,8	  27,3	  28,6	  29,5	  27,8	   1,3
s	    95,5270	 6	 91,90	103,39	  11,4	  22,2	  27,2	  27,9	  29,3	  30,5	  28,5	   2,8
s	    96,1546	 4	297,35	 80,62	  11,8	  22,4	  27,3	  28,0	  29,5	  30,7	  28,7	   2,9
s	    96,4234	 7	 51,70	103,12	  12,6	  22,9	  26,9	  27,3	  28,7	  29,7	  27,5	   0,9
s	    96,6966	 3	122,28	 90,48	  13,7	  24,2	  28,3	  29,1	  30,5	  30,7	  29,0	   3,1
s	    96,8847	 5	 51,04	 86,04	  13,0	  23,1	  27,0	  27,5	  28,9	  30,0	  27,7	   1,1
s	    96,9452	 4	122,31	 94,56	  13,5	  24,1	  28,2	  29,0	  30,4	  30,6	  28,8	   2,9
s	    97,0311	 4	122,25	 86,10	  12,4	  23,2	  27,3	  27,8	  29,2	  30,2	  28,8	   2,9
s	    97,2574	 2	107,82	 90,56	  14,6	  24,6	  28,6	  29,4	  30,8	  31,1	  29,0	   3,1
s	    97,5047	 3	107,83	 94,62	  14,4	  24,6	  28,5	  29,3	  30,7	  31,0	  28,9	   2,9
s	    97,5901	 3	107,80	 86,20	  14,1	  24,0	  27,8	  28,3	  29,8	  31,0	  28,9	   2,9
s	    97,8108	 5	122,34	 98,90	  11,4	  22,2	  26,2	  26,7	  28,0	  29,0	  27,6	   0,9
s	    97,8851	 4	 76,69	 90,58	  13,4	  23,9	  28,1	  28,9	  30,2	  30,3	  28,7	   2,7
s	    97,9708	 3	120,60	 90,50	  13,6	  24,1	  28,2	  29,0	  30,4	  30,6	  28,8	   2,8
s	    97,9844	 5	122,22	 81,77	  12,9	  23,6	  27,8	  28,6	  29,9	  30,0	  28,4	   2,4
s	    98,0174	 6	180,58	 93,87	  10,9	  21,9	  27,1	  28,1	  29,5	  29,5	  27,4	   0,7
s	    98,1152	 4	107,85	 97,96	  11,1	  22,0	  27,1	  27,8	  29,3	  30,4	  28,7	   2,7
s	    98,1310	 5	 76,68	 94,61	  13,1	  23,9	  28,0	  28,8	  30,1	  30,2	  28,6	   2,6
s	    98,2165	 4	120,62	 94,52	  13,4	  24,0	  28,1	  28,9	  30,3	  30,5	  28,7	   2,7
s	    98,3014	 4	120,57	 86,16	  12,3	  23,1	  27,2	  27,7	  29,1	  30,1	  28,7	   2,7
s	    98,4506	 4	107,78	 82,20	  13,6	  23,7	  27,5	  27,9	  29,4	  30,6	  28,4	   2,4
s	    98,7328	 4	348,93	 89,70	  13,3	  23,4	  27,5	  28,3	  29,7	  29,7	  27,6	   0,8
s	    98,9767	 5	348,88	 93,70	  13,1	  23,3	  27,4	  28,2	  29,6	  29,6	  27,4	   0,6
s	    99,0610	 5	348,98	 85,40	  12,0	  22,4	  26,5	  27,1	  28,4	  29,2	  27,4	   0,6
s	    99,0720	 5	120,65	 98,81	  12,0	  23,0	  27,1	  27,6	  28,9	  30,0	  28,5	   2,4
s	    99,1562	 5	120,54	 82,18	  11,8	  22,8	  26,8	  27,3	  28,7	  29,7	  28,2	   2,1
s	    99,1572	 6	122,37	102,85	  11,6	  22,7	  26,8	  27,3	  28,6	  29,7	  28,1	   2,0
s	    99,5401	 6	122,19	 77,53	  11,0	  21,9	  26,0	  26,4	  27,7	  28,6	  27,3	   0,4
s	    99,8263	 6	348,82	 97,96	  11,8	  22,3	  26,4	  26,9	  28,2	  29,1	  27,2	   0,3
s	    99,9099	 6	349,04	 81,45	  11,8	  22,3	  26,4	  26,9	  28,2	  29,1	  27,2	   0,3
s	    99,9564	 5	107,76	 77,98	  11,7	  21,9	  25,7	  25,8	  27,2	  29,3	  27,3	   0,4
s	   100,0104	 5	 75,42	 86,31	  12,7	  23,3	  27,3	  27,7	  29,1	  30,3	  28,4	   2,2
s	   100,4029	 6	120,68	102,72	  11,5	  22,6	  26,7	  27,1	  28,5	  29,6	  28,0	   1,8
s	   100,5688	 7	 76,73	 78,07	  10,5	  21,2	  25,2	  25,3	  26,7	  28,5	  27,0	   0,1
s	   100,6524	 6	120,51	 77,99	   9,9	  21,0	  25,0	  25,2	  26,5	  28,3	  27,1	   0,2
s	   100,6740	 8	 51,14	 74,87	   8,7	  20,4	  25,5	  25,9	  27,3	  29,1	  27,7	   1,5
s	   100,8521	 6	 75,43	 82,40	  11,7	  22,8	  26,9	  27,3	  28,7	  29,8	  28,1	   1,9
s	   101,1481	 7	348,77	101,84	  11,4	  22,2	  26,3	  26,7	  28,0	  28,9	  27,0	  -0,0
s	   101,1690	 7	122,40	106,97	   9,7	  20,9	  24,9	  25,0	  26,4	  28,2	  27,0	  -0,0
s	   101,3342	 7	122,16	 74,02	  10,2	  21,6	  25,6	  25,8	  27,2	  29,0	  27,7	   1,5
s	   101,3960	 7	349,09	 77,28	  10,4	  21,2	  25,3	  25,5	  26,9	  28,5	  26,9	  -0,1
s	   101,5003	 8	 50,04	 81,99	  11,9	  22,5	  26,5	  26,8	  28,2	  29,2	  26,8	  -0,2
s	   101,7072	 6	107,88	106,97	  10,6	  21,3	  25,2	  25,3	  26,7	  28,7	  27,0	  -0,0
s	   101,7555	 5	150,99	 90,22	  12,1	  23,2	  27,5	  28,3	  29,6	  29,5	  28,2	   1,8
s	   101,8074	 5	311,69	 81,17	  11,1	  21,7	  26,7	  27,4	  28,9	  30,0	  27,9	   1,6
s	   101,8717	 6	107,75	 74,18	  11,8	  22,4	  26,2	  26,3	  27,8	  29,8	  27,8	   1,5
s	   101,9929	 6	151,03	 94,11	  11,9	  23,1	  27,4	  28,2	  29,5	  29,4	  28,0	   1,7
s	   102,0798	 7	 75,37	102,62	  11,1	  22,4	  26,5	  26,9	  28,3	  29,4	  27,7	   1,3
s	   102,3923	 7	120,71	106,80	   9,6	  20,8	  24,8	  24,9	  26,3	  28,1	  26,8	  -0,3
s	   102,4736	 8	 76,75	 74,29	  10,6	  21,7	  25,7	  25,9	  27,2	  29,1	  27,5	   1,1
s	   102,5558	 7	120,48	 74,21	  10,1	  21,5	  25,6	  25,7	  27,1	  28,9	  27,6	   1,2
s	   102,8548	 3	 93,78	 90,61	  14,0	  24,0	  28,0	  28,8	  30,2	  30,3	  28,2	   1,8
s	   103,0898	 4	 93,78	 94,46	  13,7	  23,9	  28,0	  28,7	  30,1	  30,2	  28,1	   1,7
s	   103,1244	 8	348,71	105,90	  10,0	  20,9	  24,9	  25,0	  26,3	  28,0	  26,6	  -0,6
s	   103,1711	 4	 93,77	 86,46	  13,4	  23,4	  27,3	  27,8	  29,2	  30,2	  28,1	   1,7
s	   103,2868	 8	349,14	 73,53	  10,5	  21,5	  25,6	  25,8	  27,1	  28,8	  27,4	   1,0
s	   103,6703	 5	 93,78	 97,63	  10,4	  21,4	  26,5	  27,3	  28,7	  29,6	  27,9	   1,5
s	   103,7331	 8	122,43	110,93	  10,8	  22,1	  26,3	  26,7	  28,0	  29,0	  27,4	   0,9
s	   103,9364	 8	122,13	 70,07	   8,2	  19,7	  23,7	  23,6	  24,9	  27,5	  26,5	  -0,7
s	   103,9893	 5	 93,77	 82,65	  12,9	  23,1	  27,0	  27,4	  28,8	  29,9	  27,7	   1,2
s	   104,0594	 7	107,90	110,64	  11,4	  22,2	  26,0	  26,1	  27,5	  29,6	  27,4	   0,9
s	   104,2010	 8	 75,35	106,92	  11,0	  21,8	  25,8	  26,1	  27,5	  28,5	  26,5	  -0,8
s	   104,4616	 7	107,73	 70,25	   9,1	  20,1	  24,0	  23,9	  25,3	  28,0	  26,6	  -0,7
s	   104,6601	 6	 80,50	 98,51	  10,1	  21,3	  26,4	  27,1	  28,5	  29,5	  27,7	   1,1
s	   104,7305	 8	120,74	110,45	   9,7	  21,3	  25,3	  25,5	  26,8	  28,7	  27,2	   0,7
s	   105,1303	 8	120,45	 70,31	   8,1	  19,6	  23,6	  23,5	  24,8	  27,4	  26,4	  -1,0
s	   105,1377	 6	176,17	 85,83	  11,3	  22,0	  26,0	  26,5	  27,8	  28,8	  26,6	  -0,7
s	   105,3875	 2	296,86	 89,18	  14,5	  24,2	  27,9	  28,7	  30,2	  30,5	  27,0	  -0,3
s	   105,4226	 6	 93,77	 78,63	  11,0	  21,3	  25,1	  25,3	  26,7	  28,5	  26,6	  -0,8
s	   105,6174	 3	296,84	 92,95	  13,8	  23,9	  27,8	  28,6	  30,0	  30,3	  27,9	   1,3
s	   105,6968	 3	296,89	 85,13	  13,2	  23,2	  27,0	  27,5	  28,9	  30,1	  26,9	  -0,5
s	   105,9267	 7	 80,49	102,23	   9,6	  20,9	  26,0	  26,7	  28,1	  29,1	  27,2	   0,5
s	   105,9420	 7	176,12	 82,08	  11,1	  21,9	  25,9	  26,3	  27,7	  28,7	  26,4	  -1,0
s	   106,1839	 4	135,60	 90,38	  12,7	  23,3	  27,4	  28,3	  29,6	  29,6	  27,8	   1,1
s	   106,2548	 4	296,90	 82,31	  10,2	  21,2	  26,2	  27,0	  28,4	  29,4	  27,5	   0,8
s	   106,4122	 5	135,64	 94,13	  12,5	  23,2	  27,4	  28,2	  29,5	  29,5	  27,6	   0,9
s	   106,4183	 4	296,82	 96,97	  13,0	  23,1	  26,9	  27,3	  28,8	  30,0	  26,7	  -0,8
s	   106,4911	 5	135,56	 86,36	  12,2	  22,7	  26,7	  27,2	  28,6	  29,5	  27,6	   0,9
s	   106,5812	 8	107,72	 67,61	   7,3	  19,1	  24,1	  24,3	  25,7	  28,4	  27,0	   0,3
s	   106,6123	 5	233,54	 89,25	  11,7	  22,3	  26,6	  27,4	  28,7	  28,5	  26,6	  -0,9
s	   106,8398	 6	233,57	 92,98	  11,5	  22,3	  26,5	  27,3	  28,6	  28,5	  26,4	  -1,1
s	   106,9184	 6	233,51	 85,24	  10,5	  21,3	  25,6	  26,1	  27,4	  28,0	  26,4	  -1,1
s	   106,9805	 8	176,08	 79,02	   7,0	  18,9	  24,2	  24,7	  26,0	  27,6	  26,2	  -1,3
s	   107,0901	 8	107,92	114,40	   9,4	  20,3	  24,0	  23,8	  25,2	  28,1	  26,2	  -1,3
s	   107,0915	 7	 93,79	106,24	   9,9	  20,7	  24,7	  24,8	  26,2	  27,9	  26,3	  -1,2
s	   107,2861	 6	135,53	 82,66	  11,7	  22,4	  26,4	  26,8	  28,2	  29,2	  27,2	   0,4
s	   107,5146	 4	 20,51	 90,12	  13,4	  23,5	  27,6	  28,4	  29,7	  29,6	  27,6	   0,8
s	   107,6324	 7	233,60	 96,96	  10,2	  21,2	  25,5	  26,0	  27,2	  27,9	  26,2	  -1,3
s	   107,7105	 7	233,48	 81,55	  10,2	  21,2	  25,5	  26,0	  27,2	  27,9	  26,2	  -1,4
s	   107,7403	 5	 20,46	 93,82	  13,1	  23,4	  27,5	  28,3	  29,6	  29,6	  27,5	   0,6
s	   107,8183	 5	 20,56	 86,14	  12,1	  22,5	  26,6	  27,1	  28,4	  29,2	  27,5	   0,6
s	   107,9000	 5	296,93	 77,46	  11,1	  21,3	  25,0	  25,2	  26,6	  28,6	  26,4	  -1,2
s	   108,4470	 7	135,71	101,76	  10,6	  21,8	  26,0	  26,4	  27,7	  28,6	  26,9	   0,0
s	   108,5268	 6	 20,41	 97,77	  11,8	  22,4	  26,5	  27,0	  28,3	  29,1	  27,3	   0,4
s	   108,6043	 6	 20,60	 82,48	  11,8	  22,4	  26,5	  27,0	  28,3	  29,0	  27,3	   0,4
s	   108,6795	 7	135,49	 78,74	   9,8	  20,6	  24,6	  24,7	  26,0	  27,8	  26,1	  -1,6
s	   108,8672	 8	233,63	100,59	   9,9	  21,1	  25,4	  25,8	  27,1	  27,8	  26,0	  -1,7
s	   109,0989	 8	233,45	 77,65	   8,8	  20,2	  24,4	  24,6	  25,9	  27,3	  26,0	  -1,7
s	   109,3373	 8	 93,80	109,76	  10,8	  21,6	  25,5	  25,6	  27,0	  28,9	  26,7	  -0,2
s	   109,5342	 6	296,77	104,48	  10,7	  21,1	  24,9	  24,9	  26,4	  28,4	  26,1	  -1,6
s	   109,6879	 6	296,96	 73,90	  11,2	  21,8	  25,6	  25,7	  27,2	  29,2	  26,9	  -0,1
s	   109,7217	 8	 93,76	 71,23	   8,5	  19,6	  23,5	  23,4	  24,7	  27,2	  25,9	  -1,9
s	   109,7524	 7	 20,37	101,38	  11,5	  22,2	  26,3	  26,8	  28,1	  28,9	  27,0	   0,0
s	   109,9824	 7	 20,65	 78,61	  10,5	  21,3	  25,4	  25,6	  26,9	  28,5	  27,0	  -0,0
s	   110,3031	 8	135,75	105,59	   8,7	  20,0	  24,1	  24,3	  25,6	  27,2	  25,8	  -2,0
s	   110,6071	 3	309,99	 89,28	  13,9	  23,6	  27,5	  28,2	  29,6	  29,8	  26,4	  -1,5
s	   110,8270	 4	309,95	 92,89	  13,1	  23,4	  27,4	  28,1	  29,5	  29,6	  27,3	   0,1
s	   110,9213	 6	168,21	 90,02	  10,5	  21,6	  25,9	  26,8	  28,0	  27,7	  26,0	  -1,9
s	   111,1406	 7	168,26	 93,61	  10,2	  21,5	  25,9	  26,7	  27,9	  27,6	  25,9	  -2,0
s	   111,2165	 7	168,16	 86,15	   9,2	  20,6	  25,0	  25,5	  26,7	  27,2	  25,9	  -2,1
s	   111,4371	 5	310,04	 82,71	   9,6	  20,6	  25,7	  26,5	  27,9	  28,7	  26,8	  -0,3
s	   111,5885	 8	 20,32	105,16	  10,1	  21,1	  25,2	  25,4	  26,7	  28,3	  26,7	  -0,5
s	   111,7348	 7	296,75	107,94	  10,9	  21,6	  25,4	  25,5	  26,9	  29,0	  26,6	  -0,6
s	   111,7396	 8	 20,70	 75,10	  10,1	  21,1	  25,2	  25,4	  26,7	  28,3	  26,7	  -0,5
s	   111,9052	 8	168,31	 97,45	   8,9	  20,5	  24,9	  25,4	  26,6	  27,1	  25,7	  -2,3
s	   111,9806	 8	168,12	 82,59	   8,9	  20,5	  24,9	  25,3	  26,6	  27,1	  25,7	  -2,3
s	   113,0128	 6	310,08	 78,05	  10,5	  20,8	  24,6	  24,7	  26,1	  27,9	  25,8	  -2,3
s	   113,8867	 8	296,73	110,70	   6,2	  17,9	  22,9	  22,9	  24,4	  27,0	  25,5	  -2,7
s	   114,0881	 4	 81,94	 90,61	  12,2	  22,7	  26,9	  27,7	  29,0	  28,9	  26,9	  -0,5
s	   114,3019	 5	 81,94	 94,12	  11,9	  22,6	  26,8	  27,6	  28,9	  28,9	  26,8	  -0,7
s	   114,5797	 7	309,86	103,95	  10,2	  20,6	  24,4	  24,5	  25,9	  27,7	  25,5	  -2,7
s	   114,7994	 8	297,00	 66,90	   8,7	  20,0	  23,9	  23,8	  25,2	  27,8	  26,2	  -1,3
s	   114,8300	 6	 81,93	 97,01	   8,6	  20,1	  25,4	  26,2	  27,5	  28,2	  26,6	  -0,9
s	   115,9014	 5	144,44	 90,31	  11,1	  22,1	  26,4	  27,2	  28,5	  28,3	  26,6	  -1,0
s	   116,1121	 6	144,48	 93,76	  10,8	  22,1	  26,4	  27,1	  28,4	  28,2	  26,5	  -1,1
s	   116,1849	 6	144,40	 86,59	  10,5	  21,5	  25,7	  26,2	  27,5	  28,2	  26,5	  -1,1
s	   116,4274	 7	 81,96	 79,69	   9,3	  20,1	  24,0	  24,1	  25,5	  27,2	  25,3	  -3,1
s	   116,6326	 7	144,51	 96,61	   7,6	  19,6	  24,9	  25,7	  27,0	  27,6	  26,3	  -1,3
s	   116,8299	 5	204,35	 89,56	  11,8	  22,3	  26,6	  27,4	  28,6	  28,4	  26,5	  -1,1
s	   116,9190	 7	144,36	 83,17	  10,3	  21,5	  25,6	  26,1	  27,3	  28,1	  26,3	  -1,4
s	   117,0390	 6	204,39	 92,98	  11,5	  22,3	  26,5	  27,3	  28,5	  28,4	  26,4	  -1,3
s	   117,1113	 6	204,30	 85,87	  10,5	  21,4	  25,6	  26,1	  27,4	  27,9	  26,4	  -1,3
s	   117,7682	 7	204,43	 96,65	  10,2	  21,3	  25,5	  26,0	  27,2	  27,9	  26,2	  -1,6
s	   117,8401	 7	204,26	 82,47	  10,2	  21,3	  25,5	  26,0	  27,2	  27,8	  26,2	  -1,6
s	   117,9412	 5	 45,91	 90,41	  11,7	  22,3	  26,5	  27,3	  28,6	  28,3	  26,4	  -1,4
s	   118,0559	 6	 45,88	 92,97	   9,4	  20,7	  26,0	  27,1	  28,4	  28,2	  26,3	  -1,5
s	   118,0959	 8	 81,97	 76,36	   9,5	  20,6	  24,6	  24,7	  26,0	  27,8	  25,8	  -2,0
s	   118,2075	 8	144,32	 79,54	   8,2	  19,5	  23,6	  23,7	  25,0	  26,6	  25,0	  -3,5
s	   118,9057	 8	204,47	100,00	   9,9	  21,1	  25,4	  25,8	  27,1	  27,7	  26,0	  -1,9
s	   119,1194	 8	204,22	 78,87	   8,9	  20,2	  24,4	  24,7	  25,9	  27,3	  25,9	  -1,9
s	   119,6469	 4	321,62	 89,40	  11,8	  22,3	  26,5	  27,3	  28,6	  28,5	  26,3	  -1,6
s	   119,8515	 5	321,59	 92,75	  11,5	  22,3	  26,4	  27,2	  28,5	  28,4	  26,2	  -1,7
s	   119,9222	 5	321,66	 85,79	  10,5	  21,3	  25,5	  26,0	  27,3	  28,0	  26,2	  -1,7
s	   120,5649	 6	321,55	 96,34	  10,2	  21,2	  25,4	  25,9	  27,2	  27,9	  26,0	  -2,0
s	   120,6353	 6	321,70	 82,47	  10,2	  21,2	  25,4	  25,9	  27,2	  27,9	  26,0	  -2,0
s	   121,6372	 7	 45,31	 97,29	  10,0	  21,1	  25,3	  25,7	  27,0	  27,8	  25,8	  -2,3
s	   121,6782	 7	321,52	 99,62	   9,7	  20,9	  25,0	  25,5	  26,8	  27,5	  25,5	  -2,5
s	   121,8874	 7	321,73	 78,94	   8,2	  19,3	  23,4	  23,5	  24,8	  26,3	  24,7	  -4,1
s	   121,8954	 5	355,40	 89,81	  11,4	  22,0	  26,2	  27,1	  28,3	  28,0	  26,0	  -2,1
s	   122,0964	 6	355,35	 93,11	  11,2	  21,9	  26,2	  26,9	  28,2	  28,0	  25,8	  -2,3
s	   122,1660	 6	355,44	 86,27	  10,1	  21,0	  25,3	  25,8	  27,0	  27,6	  25,8	  -2,3
s	   122,7978	 7	355,31	 96,63	   9,9	  20,9	  25,2	  25,7	  26,9	  27,5	  25,7	  -2,5
s	   122,8669	 7	355,49	 83,00	   9,9	  20,9	  25,2	  25,6	  26,9	  27,5	  25,7	  -2,5
s	   123,0890	 7	 69,24	 97,39	   8,8	  19,5	  24,5	  25,2	  26,5	  27,3	  24,5	  -4,4
s	   123,4875	 8	321,77	 75,74	   8,3	  19,8	  24,0	  24,1	  25,4	  26,9	  25,3	  -3,0
s	   123,7902	 6	 44,90	 86,90	  10,0	  21,2	  25,2	  25,7	  27,0	  27,9	  25,7	  -2,6
s	   123,8462	 6	180,19	 89,87	  10,3	  21,4	  25,8	  26,6	  27,8	  27,4	  25,7	  -2,6
s	   123,8924	 8	355,26	 99,86	   9,6	  20,8	  25,0	  25,5	  26,7	  27,3	  25,4	  -2,8
s	   124,0981	 8	355,53	 79,53	   8,5	  19,9	  24,1	  24,3	  25,5	  26,9	  25,4	  -2,9
s	   124,1813	 8	 69,23	100,61	   7,6	  19,0	  24,1	  24,8	  26,1	  26,9	  24,4	  -4,7
s	   125,0514	 6	 52,13	 90,47	  10,2	  21,3	  25,7	  26,5	  27,7	  27,3	  25,5	  -2,8
s	   125,9046	 6	181,34	 89,86	  10,2	  21,3	  25,7	  26,5	  27,6	  27,3	  25,5	  -3,0
s	   125,9054	 5	260,30	 89,13	  10,4	  21,5	  25,7	  26,6	  27,8	  27,5	  25,6	  -2,9
s	   126,1005	 6	260,31	 92,33	  10,2	  21,4	  25,7	  26,5	  27,7	  27,5	  25,4	  -3,0
s	   126,1680	 6	260,29	 85,69	   9,1	  20,5	  24,8	  25,3	  26,5	  27,1	  25,4	  -3,0
s	   126,5410	 8	324,57	 82,81	   6,7	  18,8	  24,2	  25,0	  26,2	  26,8	  25,2	  -3,3
s	   126,7813	 7	260,32	 95,75	   8,9	  20,4	  24,7	  25,2	  26,4	  27,0	  25,3	  -3,3
s	   127,5245	 8	180,76	 96,45	   8,6	  20,3	  24,6	  25,0	  26,2	  26,9	  25,1	  -3,5
s	   127,8442	 8	260,32	 98,89	   8,3	  20,0	  24,3	  24,8	  26,0	  26,6	  24,8	  -3,8
s	   127,9520	 7	 51,53	 87,07	   9,5	  20,7	  24,9	  25,3	  26,6	  27,3	  25,1	  -3,5
s	   128,1475	 8	260,28	 78,90	   7,8	  19,4	  23,8	  24,2	  25,4	  25,9	  24,0	  -5,4
s	   128,6236	 8	 51,56	 83,94	   9,3	  20,6	  24,8	  25,2	  26,4	  27,2	  25,0	  -3,7
s	   128,6367	 5	273,32	 89,12	  10,2	  21,3	  25,6	  26,4	  27,6	  27,3	  25,3	  -3,4
s	   128,8942	 6	273,32	 85,75	   9,7	  20,7	  24,9	  25,3	  26,6	  27,3	  25,2	  -3,6
s	   129,1714	 7	333,49	 83,04	   7,5	  18,7	  23,9	  24,6	  25,9	  26,5	  24,0	  -5,5
s	   129,4954	 7	273,32	 95,61	   8,7	  20,2	  24,5	  25,0	  26,2	  26,8	  25,0	  -3,8
s	   129,5613	 7	273,33	 82,64	   9,4	  20,6	  24,8	  25,2	  26,5	  27,2	  25,0	  -3,8
s	   129,5920	 8	181,88	 96,34	   8,5	  20,2	  24,5	  24,9	  26,1	  26,7	  24,9	  -3,9
s	   129,7259	 7	181,09	 86,51	   8,7	  20,3	  24,5	  25,0	  26,2	  27,0	  25,0	  -3,8
s	   129,9893	 6	349,49	 89,74	   9,9	  21,0	  25,4	  26,2	  27,4	  27,0	  25,1	  -3,8
s	   130,0890	 5	 72,19	 90,60	  10,1	  20,9	  25,0	  25,8	  27,0	  26,9	  24,1	  -5,5
s	   130,1788	 7	349,45	 92,85	   9,7	  21,0	  25,3	  26,1	  27,3	  26,9	  24,9	  -3,9
s	   130,2443	 7	349,54	 86,40	   8,7	  20,0	  24,4	  24,9	  26,1	  26,5	  24,9	  -3,9
s	   130,2564	 6	227,87	 89,32	   9,9	  21,0	  25,4	  26,2	  27,4	  27,0	  25,0	  -3,8
s	   130,2783	 6	 72,17	 93,70	   9,9	  20,8	  24,9	  25,7	  26,9	  26,8	  24,0	  -5,6
s	   130,3438	 6	 72,20	 87,26	   8,9	  19,9	  24,0	  24,5	  25,8	  26,4	  24,0	  -5,6
s	   130,4455	 7	227,90	 92,42	   9,7	  20,9	  25,3	  26,1	  27,3	  26,9	  24,9	  -4,0
s	   130,5109	 7	227,84	 85,98	   8,6	  20,0	  24,4	  24,9	  26,1	  26,5	  24,9	  -4,0
s	   130,5378	 8	273,31	 98,69	   8,9	  20,3	  24,4	  24,8	  26,1	  26,8	  24,5	  -4,3
s	   130,7337	 8	273,33	 79,33	   6,6	  18,3	  22,5	  22,6	  23,8	  25,2	  23,7	  -5,9
s	   130,7464	 7	 72,16	 96,27	   6,6	  18,3	  23,5	  24,3	  25,6	  26,2	  23,8	  -5,8
s	   130,8398	 8	349,41	 96,17	   8,4	  19,9	  24,3	  24,8	  26,0	  26,4	  24,8	  -4,1
s	   130,9050	 8	349,58	 83,32	   8,4	  19,9	  24,3	  24,8	  26,0	  26,4	  24,7	  -4,2
s	   131,1053	 8	227,93	 95,74	   8,4	  19,9	  24,3	  24,8	  26,0	  26,4	  24,7	  -4,2
s	   131,1703	 8	227,81	 82,91	   8,4	  19,9	  24,3	  24,8	  26,0	  26,4	  24,7	  -4,2
s	   131,8235	 7	182,18	 86,55	   8,6	  20,2	  24,4	  24,8	  26,1	  26,8	  24,8	  -4,2
s	   132,1646	 8	 72,23	 80,90	   7,3	  18,7	  22,9	  23,0	  24,3	  25,8	  23,6	  -6,2
s	   132,7107	 5	119,79	 90,54	   9,2	  20,7	  25,1	  25,9	  27,1	  26,9	  24,9	  -4,2
s	   132,8287	 6	108,98	100,01	   6,7	  18,2	  24,1	  25,0	  26,5	  27,6	  24,5	  -4,5
s	   132,8965	 6	119,81	 93,58	   9,0	  20,7	  25,0	  25,8	  27,0	  26,8	  24,8	  -4,3
s	   132,9608	 6	119,77	 87,26	   8,0	  19,8	  24,1	  24,6	  25,8	  26,4	  24,8	  -4,3
s	   133,5449	 7	119,83	 96,85	   7,7	  19,7	  24,0	  24,5	  25,7	  26,3	  24,6	  -4,5
s	   133,6752	 7	119,75	 84,00	   8,7	  20,5	  24,9	  25,7	  26,8	  26,5	  24,6	  -4,6
s	   134,5580	 8	119,85	 99,84	   7,2	  19,3	  23,7	  24,1	  25,3	  25,9	  24,2	  -5,1
s	   134,8472	 8	119,73	 80,79	   6,7	  18,5	  22,9	  23,3	  24,5	  24,9	  23,3	  -6,7
s	   134,8804	 5	 20,89	 90,15	  10,6	  20,7	  24,9	  25,7	  26,9	  26,5	  23,7	  -6,4
s	   135,0634	 6	 20,85	 93,15	  10,4	  20,7	  24,8	  25,6	  26,8	  26,5	  23,5	  -6,5
s	   135,1267	 6	 20,93	 86,93	   9,3	  19,7	  23,9	  24,4	  25,6	  26,1	  23,5	  -6,5
s	   135,4068	 8	248,76	 82,95	   6,1	  17,8	  23,2	  23,9	  25,1	  25,6	  23,3	  -6,8
s	   135,7022	 7	 20,81	 96,37	   9,1	  19,6	  23,8	  24,3	  25,5	  26,0	  23,4	  -6,7
s	   135,7652	 7	 20,96	 83,95	   9,1	  19,6	  23,8	  24,3	  25,5	  26,0	  23,4	  -6,7
s	   136,3307	 5	330,72	 89,52	  10,5	  20,8	  24,8	  25,6	  26,9	  26,6	  23,5	  -6,6
s	   136,5120	 6	330,68	 92,49	   9,5	  20,3	  24,5	  25,3	  26,5	  26,2	  23,4	  -6,8
s	   136,7003	 8	 20,77	 99,32	   8,8	  19,5	  23,7	  24,2	  25,4	  25,9	  23,2	  -7,0
s	   136,8881	 8	 21,00	 80,77	   7,7	  18,6	  22,8	  23,0	  24,2	  25,4	  23,1	  -7,1
s	   137,0152	 7	330,78	 84,09	   6,2	  17,8	  23,1	  23,9	  25,1	  25,6	  23,2	  -7,0
s	   137,0753	 7	 98,09	 99,77	   6,3	  17,7	  23,8	  24,7	  26,1	  27,0	  24,0	  -5,4
s	   137,8924	 7	233,54	 89,28	   8,5	  20,1	  24,6	  25,4	  26,5	  26,0	  24,2	  -5,3
s	   138,0717	 8	233,56	 92,22	   8,2	  20,0	  24,5	  25,3	  26,4	  25,9	  24,1	  -5,5
s	   138,1337	 8	233,52	 86,12	   7,2	  19,1	  23,6	  24,1	  25,2	  25,5	  24,1	  -5,5
s	   139,0269	 7	331,57	 95,60	   9,4	  20,2	  24,2	  24,6	  25,9	  26,7	  23,8	  -5,8
s	   140,3788	 6	252,37	 89,17	   9,3	  20,1	  24,3	  25,0	  26,2	  25,9	  23,0	  -7,5
s	   140,4867	 7	 38,02	 93,25	   7,8	  18,8	  24,1	  25,0	  26,3	  25,9	  22,9	  -7,6
s	   140,5552	 7	252,38	 92,06	   8,3	  19,6	  24,0	  24,7	  25,9	  25,4	  22,9	  -7,6
s	   141,0449	 8	252,35	 83,89	   5,0	  17,1	  22,6	  23,3	  24,5	  24,8	  22,8	  -7,8
s	   142,1618	 8	168,88	 90,04	   7,3	  19,4	  24,0	  24,8	  25,9	  25,2	  23,7	  -6,2
s	   142,8979	 6	109,22	 98,68	   5,4	  17,2	  23,3	  24,2	  25,6	  26,5	  23,6	  -6,4
s	   143,2938	 7	 74,90	 90,62	   8,2	  19,4	  23,8	  24,6	  25,7	  25,3	  22,7	  -8,1
s	   144,1975	 6	204,02	 89,58	   9,1	  19,7	  24,0	  24,8	  26,0	  25,4	  22,7	  -8,2
s	   144,3694	 7	204,05	 92,40	   8,8	  19,6	  24,0	  24,7	  25,9	  25,4	  22,6	  -8,3
s	   144,4289	 7	203,98	 86,55	   7,8	  18,7	  23,0	  23,6	  24,7	  25,0	  22,5	  -8,3
s	   144,5071	 7	250,66	 86,15	   8,3	  19,5	  23,6	  24,1	  25,3	  25,9	  23,3	  -6,8
s	   144,6064	 7	109,24	102,37	   6,3	  17,3	  22,1	  22,4	  23,8	  25,6	  22,5	  -8,4
s	   144,7251	 7	109,14	 78,85	   6,8	  18,0	  22,9	  23,2	  24,6	  26,4	  23,3	  -6,8
s	   145,0290	 8	203,95	 83,75	   7,6	  18,6	  23,0	  23,4	  24,6	  24,9	  22,4	  -8,5
s	   145,0477	 8	250,70	 95,01	   8,1	  19,4	  23,6	  23,9	  25,2	  25,8	  23,2	  -7,0
s	   146,3162	 6	 41,46	 90,39	   9,0	  19,7	  23,9	  24,7	  25,9	  25,5	  22,5	  -8,6
s	   146,4100	 7	 41,44	 92,49	   6,7	  18,2	  23,5	  24,5	  25,7	  25,4	  22,4	  -8,7
s	   146,7650	 6	359,97	 89,89	   9,9	  20,0	  24,1	  24,9	  26,0	  25,5	  22,4	  -8,7
s	   146,8716	 7	 99,05	 98,51	   4,9	  16,8	  22,9	  23,9	  25,3	  25,9	  23,1	  -7,2
s	   146,9342	 7	359,93	 92,66	   9,6	  19,9	  24,1	  24,8	  25,9	  25,5	  22,2	  -8,8
s	   146,9927	 7	  0,01	 86,91	   7,7	  18,6	  22,9	  23,4	  24,6	  24,8	  22,3	  -8,8
s	   147,0780	 8	 41,41	 96,15	   7,4	  18,7	  22,9	  23,3	  24,5	  25,0	  22,2	  -8,9
s	   147,5247	 8	359,89	 95,64	   8,3	  18,9	  23,0	  23,5	  24,6	  25,0	  22,1	  -9,1
s	   147,5830	 8	  0,05	 84,15	   7,4	  18,5	  22,8	  23,3	  24,4	  24,7	  22,1	  -9,0
s	   147,9213	 8	340,91	 83,92	   7,1	  18,3	  23,4	  24,1	  25,3	  25,8	  23,1	  -7,3
s	   148,3849	 7	151,58	 90,25	   7,9	  19,1	  23,5	  24,3	  25,4	  24,9	  22,2	  -9,0
s	   148,5371	 8	 99,06	102,11	   5,8	  16,9	  21,8	  22,1	  23,5	  25,1	  22,1	  -9,2
s	   148,5523	 8	151,61	 93,00	   6,9	  18,7	  23,2	  23,9	  25,0	  24,5	  22,1	  -9,2
s	   149,1898	 6	 63,37	 90,57	   9,5	  20,3	  24,5	  25,3	  26,5	  26,1	  23,2	  -7,3
s	   149,3564	 7	 63,35	 93,30	   9,3	  20,2	  24,5	  25,2	  26,4	  26,0	  23,1	  -7,4
s	   149,4082	 7	 41,14	 87,45	   8,3	  19,1	  23,1	  23,5	  24,8	  25,5	  22,1	  -9,2
s	   149,4759	 8	187,89	 92,52	   6,3	  17,8	  23,2	  24,2	  25,4	  24,9	  22,0	  -9,3
s	   149,5401	 8	129,34	 98,90	   5,8	  17,7	  22,9	  23,6	  24,8	  25,4	  22,8	  -7,8
s	   149,9896	 8	 41,17	 84,74	   8,0	  19,0	  23,0	  23,4	  24,7	  25,4	  21,9	  -9,4
s	   150,5342	 8	152,39	 87,33	   7,0	  18,7	  23,0	  23,4	  24,6	  25,1	  22,7	  -8,0
s	   150,8382	 4	295,62	 91,92	   8,7	  19,5	  24,5	  25,5	  26,8	  26,8	  23,3	  -7,4
s	   151,1390	 7	 64,09	 87,67	   7,5	  18,4	  22,5	  21,6	  21,8	  22,5	  19,8	 -10,9
s	   151,7142	 8	 64,11	 84,98	   7,3	  18,4	  22,4	  21,5	  21,7	  22,4	  19,7	 -11,1
s	   151,8947	 3	109,40	 90,61	  10,6	  20,7	  24,6	  25,4	  26,7	  26,7	  22,3	  -9,2
s	   152,0585	 4	109,42	 93,29	   9,8	  20,5	  24,5	  25,3	  26,6	  26,4	  23,2	  -7,6
s	   152,1151	 4	109,39	 87,72	  10,1	  20,2	  23,9	  24,4	  25,7	  26,6	  22,2	  -9,4
s	   152,4854	 6	295,68	 80,74	   5,3	  16,5	  21,5	  21,8	  23,2	  24,8	  21,9	  -9,7
s	   152,5134	 5	109,38	 85,71	   7,3	  18,4	  23,4	  24,1	  25,5	  26,2	  23,1	  -7,8
s	   152,7023	 7	224,17	 89,37	   8,6	  19,2	  23,5	  24,3	  25,3	  24,7	  21,7	  -9,9
s	   152,8652	 8	224,19	 92,04	   8,3	  19,1	  23,4	  24,2	  25,2	  24,6	  21,6	 -10,0
s	   152,9216	 8	224,14	 86,49	   7,3	  18,2	  22,5	  23,0	  24,0	  24,2	  21,6	 -10,0
s	   153,0411	 6	109,43	 97,52	   4,1	  16,2	  22,4	  23,4	  24,8	  25,4	  22,7	  -8,2
s	   153,6934	 6	109,37	 82,20	   7,2	  18,0	  21,8	  21,9	  23,2	  24,8	  21,8	  -9,9
s	   154,2637	 6	338,10	 89,62	   9,3	  20,0	  24,3	  25,0	  26,2	  25,7	  22,8	  -8,2
s	   154,4251	 7	338,06	 92,26	   8,3	  19,6	  23,9	  24,7	  25,8	  25,3	  22,7	  -8,3
s	   154,6199	 5	305,20	 91,92	   8,2	  19,1	  24,2	  25,2	  26,5	  26,3	  22,9	  -8,1
s	   154,8736	 8	338,16	 84,78	   5,0	  17,1	  22,5	  23,3	  24,4	  24,7	  22,5	  -8,5
s	   155,1588	 7	184,59	 89,84	   7,5	  18,8	  23,1	  23,9	  25,0	  24,5	  21,6	 -10,2
s	   155,2475	 8	184,62	 91,82	   5,3	  17,2	  22,7	  23,7	  24,8	  24,3	  21,5	 -10,4
s	   155,2868	 8	295,55	102,90	   5,2	  17,0	  22,0	  22,3	  23,7	  25,3	  22,2	  -8,8
s	   155,3806	 8	 89,86	 98,77	   5,5	  17,3	  22,6	  23,2	  24,5	  25,1	  22,2	  -8,8
s	   155,6522	 4	 99,88	 90,64	  10,2	  20,4	  24,3	  25,1	  26,4	  26,2	  21,9	 -10,0
s	   155,8123	 5	 99,89	 93,27	   9,4	  20,1	  24,3	  25,0	  26,2	  25,9	  22,8	  -8,4
s	   155,8676	 5	 99,88	 87,82	   9,6	  19,8	  23,6	  24,1	  25,4	  26,1	  21,7	 -10,2
s	   156,1467	 6	277,62	 91,77	   7,2	  18,6	  23,8	  24,8	  26,0	  25,7	  22,6	  -8,5
s	   156,2295	 7	305,28	 81,00	   4,9	  16,2	  21,2	  21,5	  22,9	  24,3	  21,5	 -10,4
s	   156,2570	 6	 99,87	 85,85	   6,9	  18,0	  23,1	  23,8	  25,1	  25,7	  22,6	  -8,5
s	   156,6556	 7	338,86	 86,82	   7,9	  19,1	  23,2	  23,6	  24,8	  25,4	  22,5	  -8,7
s	   156,7500	 8	109,34	 76,84	   6,4	  17,2	  20,9	  20,6	  22,0	  24,5	  21,3	 -10,6
s	   156,7728	 7	 99,90	 97,40	   3,7	  15,8	  22,1	  23,1	  24,4	  24,9	  22,2	  -9,0
s	   157,1568	 8	338,76	 95,04	   8,6	  19,4	  23,4	  23,7	  24,9	  25,6	  22,2	  -9,0
s	   157,4104	 7	 99,86	 82,42	   6,8	  17,6	  21,5	  21,6	  22,9	  24,3	  21,4	 -10,6
s	   157,7417	 8	277,64	 80,95	   3,8	  15,6	  20,8	  21,2	  22,4	  23,7	  21,2	 -10,8
s	   157,9357	 5	128,24	 90,49	   9,1	  19,8	  23,9	  24,7	  25,9	  25,6	  21,5	 -10,5
s	   158,0936	 6	128,26	 93,08	   8,3	  19,5	  23,8	  24,6	  25,7	  25,3	  22,5	  -8,9
s	   158,1482	 6	128,21	 87,71	   7,8	  18,8	  22,9	  23,4	  24,6	  25,1	  21,4	 -10,7
s	   158,2561	 8	184,87	 87,05	   6,8	  18,2	  22,3	  22,7	  23,9	  24,5	  21,2	 -10,9
s	   158,5323	 7	128,20	 85,77	   5,1	  17,0	  22,4	  23,2	  24,4	  24,7	  22,3	  -9,1
s	   158,6450	 7	128,28	 95,86	   7,6	  18,7	  22,9	  23,3	  24,5	  25,0	  21,3	 -10,9
s	   159,6703	 8	128,17	 82,39	   5,0	  16,6	  20,8	  21,0	  22,1	  23,3	  21,1	 -11,2
s	   161,0466	 7	244,72	 89,22	   7,9	  19,2	  23,6	  24,3	  25,4	  24,9	  22,1	  -9,5
s	   161,1442	 3	295,44	 89,22	   9,6	  20,1	  24,1	  24,9	  26,1	  25,9	  22,5	  -9,1
s	   161,2016	 8	244,74	 91,76	   7,0	  18,7	  23,3	  24,0	  25,1	  24,4	  22,0	  -9,6
s	   161,3527	 4	295,45	 86,49	   8,3	  19,1	  23,1	  23,6	  24,9	  25,4	  22,4	  -9,2
s	   161,6681	 6	 21,14	 90,18	   8,9	  19,5	  23,8	  24,6	  25,7	  25,1	  22,1	  -9,5
s	   161,8226	 7	 21,11	 92,71	   8,7	  19,5	  23,8	  24,5	  25,6	  25,0	  22,0	  -9,6
s	   161,8402	 5	295,41	 94,48	   8,8	  19,4	  23,3	  23,7	  25,0	  25,8	  22,2	  -9,4
s	   161,8760	 7	 21,17	 87,45	   7,6	  18,5	  22,8	  23,3	  24,5	  24,6	  22,0	  -9,7
s	   161,8936	 5	295,47	 83,96	   8,8	  19,4	  23,3	  23,7	  25,0	  25,8	  22,2	  -9,4
s	   162,3620	 8	 21,07	 95,42	   7,4	  18,5	  22,8	  23,2	  24,3	  24,5	  21,9	  -9,8
s	   162,4153	 8	 21,20	 84,93	   7,4	  18,5	  22,8	  23,2	  24,3	  24,5	  21,9	  -9,9
s	   162,5951	 6	295,48	 81,87	   4,8	  16,5	  21,6	  22,1	  23,4	  24,7	  22,1	  -9,7
s	   162,6870	 6	295,39	 96,99	   8,6	  19,3	  23,2	  23,6	  24,9	  25,7	  22,0	  -9,7
s	   162,7812	 7	 15,85	 90,11	   7,9	  19,0	  23,4	  24,2	  25,3	  24,5	  21,9	  -9,8
s	   162,9347	 8	 15,82	 92,62	   7,6	  18,9	  23,4	  24,1	  25,2	  24,5	  21,8	  -9,9
s	   162,9877	 8	 15,88	 87,40	   6,6	  18,0	  22,5	  23,0	  24,0	  24,1	  21,8	 -10,0
s	   163,4933	 5	 91,20	 90,66	   8,3	  19,3	  23,6	  24,4	  25,5	  25,0	  22,1	  -9,7
s	   163,6461	 6	 91,20	 93,16	   8,0	  19,3	  23,5	  24,3	  25,4	  25,0	  22,0	  -9,9
s	   163,6989	 6	 91,20	 87,96	   7,8	  18,7	  22,9	  23,3	  24,5	  25,0	  22,0	  -9,9
s	   163,9642	 7	295,38	 99,66	   5,7	  17,0	  21,0	  21,0	  22,3	  23,7	  20,8	 -11,8
s	   164,0698	 7	295,50	 78,79	   7,0	  18,1	  22,0	  22,1	  23,4	  24,9	  21,6	 -10,3
s	   164,2326	 7	 91,19	 85,47	   7,5	  18,7	  22,8	  23,2	  24,4	  24,9	  21,8	 -10,1
s	   164,7025	 4	304,46	 89,28	   9,2	  19,7	  23,8	  24,6	  25,8	  25,4	  22,1	  -9,8
s	   164,9068	 5	304,48	 86,60	   7,9	  18,7	  22,9	  23,4	  24,6	  24,9	  22,0	 -10,0
s	   165,0793	 8	295,37	101,50	   4,0	  16,1	  21,2	  21,6	  22,9	  24,3	  21,4	 -10,6
s	   165,1727	 8	 91,19	 82,81	   5,5	  16,7	  20,8	  20,9	  22,1	  23,4	  20,6	 -12,1
s	   165,3844	 6	304,42	 94,44	   7,7	  18,7	  22,8	  23,3	  24,5	  24,9	  21,8	 -10,2
s	   165,4367	 6	304,50	 84,13	   7,7	  18,7	  22,8	  23,2	  24,4	  24,9	  21,8	 -10,2
s	   165,5000	 6	136,86	 90,42	   7,2	  18,8	  23,2	  24,0	  25,1	  24,5	  21,8	 -10,2
s	   165,6511	 7	136,89	 92,90	   7,0	  18,7	  23,1	  23,9	  25,0	  24,4	  21,7	 -10,3
s	   165,7034	 7	136,84	 87,76	   6,7	  18,2	  22,5	  22,9	  24,1	  24,4	  21,7	 -10,3
s	   165,7436	 8	295,51	 76,17	   4,4	  15,9	  19,9	  19,7	  21,0	  23,1	  20,5	 -12,2
s	   165,9232	 6	135,76	 90,43	   7,2	  18,7	  23,1	  23,9	  25,0	  24,4	  21,8	 -10,2
s	   166,0739	 7	135,78	 92,90	   6,9	  18,7	  23,1	  23,8	  24,9	  24,4	  21,6	 -10,4
s	   166,1240	 7	304,52	 82,08	   4,4	  16,1	  21,4	  21,8	  23,1	  24,3	  21,6	 -10,4
s	   166,1261	 7	135,74	 87,77	   6,7	  18,2	  22,4	  22,9	  24,0	  24,4	  21,6	 -10,4
s	   166,1418	 5	278,51	 89,16	   8,1	  19,2	  23,5	  24,2	  25,4	  24,9	  21,9	 -10,2
s	   166,2141	 7	304,41	 96,89	   7,4	  18,6	  22,7	  23,1	  24,3	  24,8	  21,6	 -10,4
s	   166,2309	 8	136,81	 85,29	   6,4	  18,1	  22,4	  22,8	  24,0	  24,3	  21,5	 -10,5
s	   166,3443	 6	278,51	 86,50	   6,9	  18,2	  22,5	  23,0	  24,1	  24,4	  21,7	 -10,3
s	   166,6524	 8	135,71	 85,31	   6,4	  18,1	  22,4	  22,8	  23,9	  24,3	  21,5	 -10,6
s	   166,8181	 7	278,50	 94,27	   7,4	  18,5	  22,7	  23,1	  24,3	  24,7	  21,6	 -10,5
s	   166,8699	 7	278,52	 84,05	   7,4	  18,5	  22,7	  23,1	  24,3	  24,7	  21,6	 -10,5
s	   167,4659	 8	304,39	 99,51	   5,4	  16,6	  20,7	  20,8	  22,0	  23,2	  20,4	 -12,5
s	   167,5517	 8	278,52	 82,02	   3,4	  15,6	  21,0	  21,4	  22,6	  23,7	  21,4	 -10,8
s	   167,6411	 8	278,49	 96,71	   7,1	  18,5	  22,6	  23,0	  24,2	  24,7	  21,4	 -10,8
s	   168,9609	 7	 38,99	 90,38	   7,6	  18,7	  23,1	  23,9	  25,0	  24,2	  21,4	 -10,9
s	   169,0428	 8	 38,97	 92,21	   5,3	  17,1	  22,7	  23,7	  24,8	  24,0	  21,3	 -11,0
s	   170,9862	 7	203,79	 89,60	   7,5	  18,6	  23,0	  23,8	  24,9	  24,1	  21,2	 -11,2
s	   171,1327	 8	203,82	 92,00	   7,2	  18,5	  23,0	  23,7	  24,8	  24,0	  21,1	 -11,4
s	   171,1834	 8	203,76	 87,02	   6,2	  17,6	  22,1	  22,6	  23,6	  23,6	  21,1	 -11,4
s	   171,3423	 8	198,68	 89,67	   6,5	  18,1	  22,7	  23,5	  24,5	  23,6	  21,1	 -11,4
s	   171,8067	 7	  3,21	 89,95	   8,3	  19,0	  23,2	  24,0	  25,0	  24,3	  21,1	 -11,4
s	   171,9525	 8	  3,18	 92,34	   8,1	  18,9	  23,2	  23,9	  24,9	  24,2	  21,0	 -11,6
s	   172,0029	 8	  3,25	 87,38	   7,1	  18,0	  22,2	  22,7	  23,8	  23,8	  21,0	 -11,6
s	   172,3093	 7	 58,34	 90,55	   6,6	  17,9	  22,3	  23,0	  24,1	  23,5	  20,1	 -13,3
s	   172,4547	 8	 58,33	 92,94	   6,4	  17,9	  22,2	  22,9	  24,0	  23,4	  20,0	 -13,4
s	   172,5050	 8	 58,36	 87,99	   6,1	  17,3	  21,6	  22,0	  23,1	  23,4	  20,0	 -13,4
s	   177,0587	 8	312,19	 91,68	   4,2	  16,6	  22,1	  23,1	  24,2	  23,6	  20,6	 -12,4
s	   177,5168	 8	261,37	 91,48	   4,2	  16,1	  21,6	  22,5	  23,7	  23,0	  19,6	 -14,3
s	   177,9171	 8	186,83	 89,82	   6,2	  17,8	  22,4	  23,2	  24,2	  23,2	  20,5	 -12,5
s	   180,6289	 8	220,86	 89,42	   7,0	  18,1	  22,5	  23,3	  24,2	  23,3	  20,3	 -13,1
s	   181,6115	 7	330,26	 89,54	   6,2	  17,8	  22,3	  23,1	  24,1	  23,3	  20,4	 -13,1
s	   182,2072	 8	239,22	 89,26	   6,1	  17,3	  21,7	  22,4	  23,4	  22,5	  19,1	 -15,1
s	   183,3457	 6	320,40	 89,43	   6,4	  17,4	  21,8	  22,6	  23,6	  22,9	  19,3	 -15,0
s	   183,5303	 7	320,43	 87,01	   5,1	  16,5	  20,8	  21,3	  22,4	  22,4	  19,2	 -15,2
s	   183,6653	 8	330,99	 87,13	   5,6	  17,3	  21,6	  22,0	  23,1	  23,3	  20,1	 -13,5
s	   183,9620	 8	320,35	 94,09	   4,9	  16,4	  20,7	  21,2	  22,3	  22,3	  19,0	 -15,4
s	   184,0093	 8	320,45	 84,77	   4,9	  16,4	  20,7	  21,2	  22,3	  22,3	  19,0	 -15,4
s	   185,4093	 6	117,82	 90,58	   6,0	  17,7	  22,0	  22,7	  23,9	  23,3	  19,1	 -15,4
s	   185,5450	 7	117,83	 92,81	   5,3	  17,5	  21,9	  22,7	  23,7	  23,1	  20,0	 -13,7
s	   185,5919	 7	117,80	 88,19	   4,8	  16,7	  21,0	  21,5	  22,6	  22,8	  19,0	 -15,5
s	   186,0190	 8	117,85	 95,19	   4,5	  16,7	  21,0	  21,4	  22,5	  22,8	  18,9	 -15,7
s	   186,1144	 8	117,79	 85,80	   5,0	  17,3	  21,8	  22,5	  23,6	  22,8	  19,9	 -13,9
s	   186,8201	 7	311,18	 89,35	   5,2	  17,3	  21,8	  22,6	  23,6	  22,8	  19,9	 -14,0
s	   186,8946	 8	311,17	 91,01	   3,0	  15,7	  21,4	  22,4	  23,4	  22,6	  19,8	 -14,1
s	   187,0014	 8	311,20	 86,97	   4,7	  16,7	  21,1	  21,6	  22,6	  22,7	  19,8	 -14,1
s	   187,8783	 7	262,22	 89,17	   5,2	  16,8	  21,3	  22,0	  23,1	  22,2	  18,8	 -15,9
s	   188,0586	 8	262,21	 86,80	   3,9	  15,8	  20,3	  20,8	  21,8	  21,7	  18,7	 -16,1
s	   189,0407	 7	 21,33	 90,19	   6,6	  17,3	  21,7	  22,4	  23,5	  22,5	  18,7	 -16,1
s	   189,1739	 8	 21,30	 92,37	   6,4	  17,2	  21,6	  22,3	  23,4	  22,4	  18,6	 -16,2
s	   189,2040	 8	110,00	 99,73	   1,1	  13,2	  19,2	  19,7	  21,0	  22,4	  18,6	 -16,2
s	   189,2944	 7	271,21	 89,16	   5,1	  17,2	  21,7	  22,5	  23,5	  22,6	  19,7	 -14,4
s	   189,4274	 8	271,21	 91,34	   4,9	  17,1	  21,7	  22,4	  23,4	  22,6	  19,6	 -14,5
s	   189,4734	 8	271,21	 86,81	   4,6	  16,6	  21,0	  21,5	  22,5	  22,6	  19,6	 -14,5
s	   189,9227	 8	 76,51	 88,31	   6,1	  17,4	  21,5	  21,9	  23,1	  23,4	  19,6	 -14,6
s	   192,8350	 8	287,39	 89,20	   3,3	  16,3	  21,0	  21,8	  22,8	  21,8	  19,3	 -15,1
s	   193,5061	 8	149,94	 90,30	   5,5	  17,2	  21,7	  22,4	  23,5	  22,6	  19,3	 -15,2
s	   195,4750	 8	 36,81	 90,37	   5,4	  16,7	  21,1	  21,8	  22,8	  21,9	  18,1	 -17,3
s	   196,1707	 7	 94,70	 90,67	   4,8	  16,9	  21,4	  22,2	  23,2	  22,3	  19,2	 -15,5
s	   196,2993	 8	 94,71	 92,78	   4,6	  16,8	  21,4	  22,1	  23,1	  22,2	  19,1	 -15,7
s	   196,3438	 8	 94,70	 88,40	   5,1	  16,7	  21,0	  21,4	  22,5	  22,6	  19,1	 -15,7
s	   197,3435	 8	295,00	 80,49	   1,3	  13,5	  19,5	  20,1	  21,5	  22,8	  18,8	 -16,1
s	   197,8461	 8	  5,71	 89,99	   6,2	  16,9	  21,2	  22,0	  22,9	  21,8	  17,9	 -17,8
s	   198,3595	 8	203,62	 89,62	   5,3	  16,4	  20,9	  21,7	  22,7	  21,5	  17,9	 -17,8
s	   199,2872	 8	110,12	 98,77	   0,7	  13,2	  19,4	  20,1	  21,3	  22,5	  18,8	 -16,2
s	   201,2909	 6	280,07	 89,18	   6,1	  17,3	  21,6	  22,3	  23,4	  22,7	  17,9	 -18,1
s	   201,4597	 7	280,07	 86,96	   5,6	  16,7	  20,9	  21,2	  22,4	  22,6	  17,7	 -18,2
s	   201,8548	 8	280,06	 93,44	   4,6	  16,3	  20,5	  20,9	  22,0	  22,1	  17,6	 -18,4
s	   201,8981	 8	280,07	 84,91	   4,8	  16,5	  20,8	  21,1	  22,2	  22,4	  18,6	 -16,6
s	   205,4941	 5	294,82	 91,25	   5,1	  16,4	  21,6	  22,5	  23,7	  23,2	  18,7	 -16,9
s	   206,2341	 7	309,45	 89,34	   5,3	  16,9	  21,2	  22,0	  22,9	  22,0	  18,3	 -17,3
s	   207,6993	 4	110,20	 90,63	   6,5	  17,5	  21,7	  22,4	  23,5	  22,9	  18,6	 -17,1
s	   207,8632	 5	110,19	 88,48	   6,7	  17,3	  21,2	  21,6	  22,8	  23,2	  18,5	 -17,2
s	   208,2467	 6	110,22	 94,77	   5,8	  16,9	  20,9	  21,3	  22,4	  22,8	  18,4	 -17,4
s	   208,2887	 6	110,18	 86,49	   5,8	  16,9	  20,9	  21,3	  22,4	  22,8	  18,4	 -17,4
s	   208,3297	 6	302,04	 91,27	   4,8	  16,2	  21,4	  22,3	  23,5	  22,8	  18,4	 -17,4
s	   208,7254	 7	110,23	 96,27	   3,5	  15,3	  20,4	  21,0	  22,2	  22,6	  18,2	 -17,6
s	   209,0395	 7	110,17	 84,36	   4,5	  15,9	  19,9	  20,0	  21,2	  22,3	  18,2	 -17,7
s	   209,4241	 8	110,23	 97,90	  -0,5	  12,4	  18,7	  19,4	  20,6	  21,6	  18,1	 -17,8
s	   210,0057	 8	110,16	 82,40	   4,7	  16,0	  19,8	  19,9	  21,1	  22,4	  17,8	 -18,2
s	   210,3258	 6	102,24	 88,54	   6,4	  17,1	  21,0	  21,4	  22,6	  22,8	  18,2	 -17,8
s	   210,5064	 5	103,06	 90,66	   6,2	  17,2	  21,5	  22,2	  23,3	  22,5	  18,3	 -17,7
s	   210,5158	 6	124,42	 90,55	   5,2	  16,7	  21,1	  21,9	  22,9	  22,0	  18,2	 -17,8
s	   210,6266	 6	103,07	 92,63	   5,9	  17,2	  21,4	  22,1	  23,2	  22,4	  18,2	 -17,8
s	   210,6776	 7	124,40	 88,43	   4,0	  15,8	  20,2	  20,6	  21,7	  21,5	  18,1	 -17,9
s	   210,7050	 7	102,26	 94,76	   5,4	  16,6	  20,7	  21,1	  22,2	  22,4	  18,1	 -17,9
s	   211,0562	 8	124,45	 94,63	   3,7	  15,7	  20,1	  20,5	  21,6	  21,5	  17,9	 -18,1
s	   211,0883	 7	103,05	 86,57	   5,4	  16,6	  20,7	  21,1	  22,2	  22,4	  18,0	 -18,0
s	   211,0977	 8	124,39	 86,46	   3,7	  15,7	  20,1	  20,5	  21,6	  21,5	  17,9	 -18,1
s	   211,8237	 8	101,36	 92,63	   3,5	  15,4	  20,8	  21,8	  22,8	  21,9	  17,9	 -18,2
s	   211,8296	 8	103,04	 84,47	   4,1	  15,6	  19,7	  19,8	  20,9	  21,9	  17,9	 -18,2
s	   213,9563	 8	332,79	 89,58	   3,9	  15,6	  20,1	  20,8	  21,8	  20,8	  16,7	 -20,4
s	   215,8326	 8	 21,47	 90,20	   5,3	  16,5	  21,0	  21,7	  22,7	  21,4	  17,6	 -18,9
s	   215,8485	 4	294,73	 89,24	   6,7	  17,3	  21,4	  22,1	  23,2	  22,7	  17,0	 -20,2
s	   216,0064	 5	294,74	 87,17	   6,2	  16,8	  20,7	  21,0	  22,2	  22,6	  16,9	 -20,4
s	   216,3761	 6	294,70	 93,23	   5,2	  16,3	  20,3	  20,7	  21,9	  22,1	  16,7	 -20,5
s	   216,4166	 6	294,75	 85,25	   5,4	  16,5	  20,6	  20,9	  22,1	  22,4	  17,8	 -18,8
s	   216,8376	 7	294,70	 94,67	   3,2	  15,0	  20,1	  20,7	  21,9	  22,2	  17,6	 -18,9
s	   217,1405	 7	294,76	 83,19	   3,9	  15,3	  19,3	  19,4	  20,6	  21,6	  16,6	 -20,8
s	   217,5825	 8	294,77	 82,23	  -1,0	  11,8	  18,2	  18,8	  20,0	  20,9	  17,2	 -19,4
s	   217,9918	 8	294,68	 97,18	   3,9	  15,5	  19,5	  19,5	  20,7	  21,8	  17,4	 -19,2
s	   218,3193	 7	130,21	 90,50	   3,9	  16,0	  20,5	  21,3	  22,2	  21,2	  17,5	 -19,2
s	   218,4755	 8	130,19	 88,46	   3,4	  15,4	  19,8	  20,2	  21,2	  21,1	  17,4	 -19,3
s	   218,5554	 5	301,61	 89,28	   6,4	  17,1	  21,2	  21,9	  23,0	  22,3	  16,7	 -20,8
s	   218,7115	 6	301,63	 87,24	   5,9	  16,5	  20,5	  20,8	  22,0	  22,2	  16,6	 -20,9
s	   219,0767	 7	301,59	 93,23	   4,9	  16,0	  20,1	  20,5	  21,6	  21,7	  16,4	 -21,1
s	   219,1168	 7	301,64	 85,34	   5,1	  16,3	  20,4	  20,8	  21,9	  22,0	  17,4	 -19,3
s	   219,5329	 8	301,58	 94,65	   2,9	  14,7	  19,9	  20,5	  21,7	  21,8	  17,3	 -19,5
s	   219,8322	 8	301,65	 83,31	   3,6	  15,0	  19,1	  19,2	  20,3	  21,2	  16,3	 -21,3
s	   219,9439	 8	117,02	 90,60	   2,7	  15,4	  19,9	  20,6	  21,6	  20,6	  16,2	 -21,3
s	   220,2597	 7	102,70	 90,67	   6,1	  16,9	  21,2	  21,9	  22,9	  21,9	  17,4	 -19,5
s	   220,3748	 8	102,71	 92,55	   5,9	  16,8	  21,1	  21,8	  22,8	  21,8	  17,2	 -19,6
s	   229,2799	 8	137,15	 90,44	   3,3	  15,4	  20,0	  20,7	  21,6	  20,4	  16,6	 -21,1
s	   232,0290	 7	313,70	 89,38	   4,2	  15,7	  20,2	  21,0	  21,9	  20,7	  16,5	 -21,4
s	   232,4439	 8	 97,44	 90,68	   3,4	  15,4	  19,9	  20,6	  21,5	  20,3	  16,3	 -21,6
s	   235,9068	 8	307,38	 89,33	   4,3	  15,7	  20,1	  20,7	  21,7	  20,7	  15,1	 -23,9
s	   236,5115	 8	281,87	 89,19	   3,7	  15,4	  19,8	  20,5	  21,4	  20,3	  15,0	 -24,1
s	   237,0780	 8	 84,17	 90,68	   3,9	  15,5	  19,9	  20,7	  21,5	  20,3	  16,0	 -22,4
s	   240,2166	 7	116,65	 90,61	   2,4	  14,9	  19,5	  20,2	  21,1	  20,0	  15,9	 -22,7
s	   240,3226	 8	116,66	 92,35	   2,2	  14,8	  19,4	  20,1	  21,0	  19,9	  15,8	 -22,8
s	   240,3592	 8	116,64	 88,74	   1,9	  14,3	  18,8	  19,2	  20,1	  19,9	  15,8	 -22,9
s	   242,7366	 8	320,15	 89,45	   2,8	  14,9	  19,5	  20,3	  21,1	  19,8	  15,6	 -23,2
s	   244,5435	 8	103,63	 88,83	   3,2	  14,9	  19,1	  19,5	  20,5	  20,3	  15,5	 -23,5
s	   252,0437	 6	110,60	 92,30	   2,5	  14,3	  19,5	  20,4	  21,5	  20,6	  15,2	 -24,5
s	   253,0571	 8	110,57	 85,43	   1,2	  12,9	  17,8	  18,1	  19,3	  20,2	  13,9	 -26,7
s	   254,0944	 8	122,44	 92,22	   1,2	  13,6	  19,0	  19,9	  20,9	  19,8	  14,8	 -25,0
s	   254,3797	 7	104,64	 92,31	   2,1	  14,0	  19,3	  20,2	  21,3	  20,2	  14,9	 -25,0
s	   259,3583	 8	 98,98	 92,30	   1,0	  13,4	  18,9	  19,8	  20,7	  19,6	  14,5	 -25,9
s	   261,6731	 7	294,37	 85,93	   1,6	  13,4	  18,5	  19,1	  20,2	  20,2	  14,4	 -26,1
s	   262,8936	 7	110,65	 87,34	   3,6	  14,9	  18,9	  19,2	  20,2	  20,2	  14,3	 -26,3
s	   263,3937	 8	110,69	 95,54	   1,9	  14,0	  18,3	  18,6	  19,6	  19,3	  14,2	 -26,5
s	   264,3821	 8	122,06	 91,77	   0,1	  12,8	  18,4	  19,4	  20,3	  18,9	  14,1	 -26,7
s	   265,1375	 8	104,93	 87,39	   3,3	  14,6	  18,7	  19,0	  20,0	  19,9	  14,1	 -26,8
#END
