#HEADER
CATT-Acoustic v8.0b    Copyright © CATT 1988-2003

 Project                : Aula Optica 

 GEOMETRICAL INFORMATION
 Src id and loc     [m] :   E0           9,400        4,600        1,300
 Rec id and loc     [m] :   05          10,500        1,600        1,200

 05        9,3115

 VARIABLE SOURCE DATA
 Directivity
   Type (library)       :  OMNI.SD0
   Dir. Index (DI) [dB] :       0,0      0,0      0,0      0,0      0,0      0,0      0,0      0,0
 Level
   On axis 1m      [dB] :      48,1     57,1     60,8     61,7     63,4     64,6     64,6     48,2
   Total power     [dB] :      59,0     68,0     71,7     72,6     74,3     75,5     75,5     59,1
   Auxiliary delay [ms] :       0,0

 VARIABLE AIR DATA
 Temperature       [°C] :      20
 Relative humidity  [%] :      50
 Density        [kg/m³] :       1,2
 Sound speed      [m/s] :     343
 Impedance      [Ns/m³] :     412
 Diss. coeff. [0.001/m] :      0,10     0,30     0,63     1,07     2,28     6,83    24,23    83,90      (estimated)

#DATAFIELDS
 TYPE DELAY ORDER AZIMUTH ELEVATION SPL125 SPL250 SPL500 SPL1K SPL2K SPL4K SPL8K SPL16K
#DATA
d	     0,0000	 0	 37,12	 88,56	  38,0	  47,0	  50,7	  51,6	  53,3	  54,4	  54,2	  36,9
s	     2,5056	 1	 36,75	128,39	  35,3	  44,4	  48,1	  49,0	  50,7	  51,8	  51,4	  34,0
*	    38,9551	 1	334,13	 97,64	 -11,1	  -1,9	   1,8	   2,6	   4,2	   5,1	   3,8	 -16,9
*	    31,0943	 1	317,96	 99,69	  -6,5	   2,7	   6,4	   7,2	   8,8	   9,8	   8,7	 -11,3
*	    29,0229	 1	293,08	101,31	  -4,9	   4,2	   7,9	   8,7	  10,4	  11,3	  10,3	  -9,5
*	    27,7226	 1	351,86	 99,50	  -4,0	   5,2	   8,9	   9,7	  11,3	  12,3	  11,3	  -8,4
*	    16,9613	 1	337,62	104,37	   4,8	  13,9	  17,6	  18,5	  20,1	  21,2	  20,4	   1,7
*	    13,6264	 1	300,86	111,91	   8,8	  18,0	  21,7	  22,5	  24,2	  25,3	  24,6	   6,2
*	    21,5580	 1	 15,66	100,56	   1,4	  10,6	  14,2	  15,1	  16,7	  17,8	  16,9	  -2,3
*	     7,3175	 1	 16,06	108,30	  18,4	  27,5	  31,2	  32,1	  33,7	  34,9	  34,4	  16,5
*	     2,9486	 1	 19,29	146,63	  26,0	  35,1	  38,8	  39,7	  41,4	  42,5	  42,1	  24,6
*	    23,9993	 1	 39,30	 99,88	  -0,5	   8,7	  12,4	  13,2	  14,9	  15,9	  14,9	  -4,4
*	    11,4516	 1	 53,81	104,80	  12,7	  21,8	  25,5	  26,4	  28,0	  29,1	  28,5	  10,3
*	     9,1637	 1	 90,05	112,10	  13,9	  23,1	  26,8	  27,6	  29,3	  30,4	  29,9	  11,8
*	    33,7728	 1	 56,76	 98,30	  -7,7	   1,5	   5,2	   6,0	   7,6	   8,6	   7,4	 -12,8
*	    25,0858	 1	 72,89	100,46	  -1,9	   7,3	  11,0	  11,8	  13,5	  14,5	  13,5	  -5,9
*	    23,4301	 1	 97,40	102,15	  -0,9	   8,2	  11,9	  12,7	  14,4	  15,4	  14,5	  -4,8
*	    46,9347	 1	 68,16	 96,84	 -14,9	  -5,7	  -2,0	  -1,2	   0,4	   1,2	  -0,3	 -21,7
*	    40,5393	 1	 82,27	 97,83	 -11,8	  -2,6	   1,0	   1,9	   3,5	   4,4	   3,0	 -17,8
*	    39,2968	 1	 99,95	 98,41	 -11,3	  -2,1	   1,6	   2,4	   4,0	   4,9	   3,6	 -17,1
s	     3,2570	 1	 37,53	 48,12	  33,2	  42,3	  45,9	  46,5	  48,2	  50,1	  50,1	  31,8
*	    45,0307	 1	289,97	 79,44	 -11,0	  -1,1	   2,8	   3,5	   5,1	   6,8	   5,7	 -13,8
*	    45,7927	 1	308,13	 80,18	 -11,4	  -1,5	   2,3	   3,1	   4,7	   6,3	   5,2	 -14,4
*	    51,1237	 1	322,80	 81,48	 -13,8	  -3,9	  -0,1	   0,7	   2,3	   3,9	   2,6	 -17,4
*	    29,1967	 1	291,47	 74,64	  -1,9	   8,0	  11,9	  12,6	  14,3	  16,0	  15,3	  -2,8
*	    30,3154	 1	317,17	 76,67	  -2,8	   7,1	  10,9	  11,7	  13,3	  15,1	  14,4	  -3,8
*	    37,3702	 1	334,30	 79,53	  -7,0	   2,8	   6,7	   7,5	   9,1	  10,8	   9,9	  -8,9
*	    14,2897	 1	295,97	 61,70	  11,3	  21,2	  25,0	  25,8	  27,5	  29,3	  29,0	  12,2
*	    16,1436	 1	336,49	 70,61	   8,8	  18,6	  22,5	  23,3	  25,0	  26,8	  26,5	   9,5
*	    25,9041	 1	352,37	 77,35	   0,5	  10,4	  14,3	  15,1	  16,7	  18,4	  17,9	   0,1
*	     4,3035	 1	 21,76	 16,52	  26,6	  36,4	  40,3	  41,1	  42,8	  44,7	  44,7	  28,8
*	     6,3922	 1	 17,62	 65,57	  22,9	  32,8	  36,7	  37,4	  39,1	  41,0	  40,9	  24,8
*	    19,4524	 1	 17,32	 76,39	   6,6	  16,5	  20,3	  21,1	  22,8	  24,6	  24,2	   6,9
*	    10,1102	 1	 98,20	 63,16	  15,8	  25,7	  29,6	  30,3	  32,0	  33,9	  33,7	  17,3
*	    10,6888	 1	 58,19	 71,46	  16,6	  26,5	  30,4	  31,2	  32,8	  34,7	  34,5	  18,0
*	    22,0167	 1	 42,13	 77,85	   4,4	  14,3	  18,2	  19,0	  20,6	  22,4	  21,9	   4,4
*	    23,7602	 1	102,53	 75,85	   1,9	  11,8	  15,7	  16,5	  18,1	  19,9	  19,4	   1,7
*	    24,3470	 1	 77,10	 77,71	   1,8	  11,7	  15,6	  16,3	  18,0	  19,8	  19,2	   1,5
*	    32,1002	 1	 60,00	 80,32	  -3,4	   6,4	  10,3	  11,1	  12,7	  14,4	  13,7	  -4,7
*	    39,2287	 1	104,01	 80,60	  -8,1	   1,8	   5,7	   6,4	   8,1	   9,7	   8,8	 -10,2
*	    39,7263	 1	 85,98	 81,25	  -8,2	   1,7	   5,5	   6,3	   7,9	   9,6	   8,6	 -10,4
*	    45,4108	 1	 71,39	 82,41	 -11,0	  -1,1	   2,7	   3,5	   5,1	   6,7	   5,7	 -13,9
s	     8,7143	 2	 36,34	149,26	  29,8	  39,1	  42,7	  43,3	  44,9	  46,8	  46,6	  27,9
s	     9,0315	 1	186,91	 89,02	  30,9	  40,4	  44,3	  45,1	  46,8	  47,7	  47,6	  29,6
*	    13,4010	 1	242,41	 71,03	  16,3	  25,8	  29,6	  30,5	  32,1	  33,1	  32,8	  14,4
*	    13,1089	 1	141,74	 75,10	  15,4	  24,9	  28,7	  29,6	  31,2	  32,2	  31,9	  13,5
s	     9,2156	 2	 37,89	 30,51	  30,1	  39,6	  43,2	  43,8	  45,5	  47,4	  47,2	  29,1
s	    10,4219	 2	187,14	111,58	  29,8	  39,5	  43,3	  44,2	  45,8	  46,8	  46,6	  28,4
*	    44,4515	 1	115,38	 80,59	 -21,0	 -11,9	  -8,2	  -7,3	  -5,7	  -5,0	  -5,3	 -24,8
*	    40,5748	 1	116,11	 79,76	 -19,0	 -10,0	  -6,2	  -5,3	  -3,8	  -3,0	  -3,2	 -22,3
*	    36,7613	 1	116,96	 78,78	 -16,9	  -7,9	  -4,1	  -3,3	  -1,7	  -0,9	  -1,0	 -19,8
*	    33,0271	 1	118,00	 77,61	 -14,7	  -5,7	  -1,9	  -1,0	   0,5	   1,3	   1,3	 -17,1
*	    29,3934	 1	119,27	 76,19	 -12,4	  -3,3	   0,4	   1,3	   2,9	   3,7	   3,8	 -14,3
*	    16,5937	 1	129,50	 65,77	  -1,7	   7,4	  11,1	  12,0	  13,6	  14,5	  15,0	  -2,0
*	    14,1319	 1	135,13	 60,89	   1,2	  10,2	  14,0	  14,9	  16,5	  17,4	  17,9	   1,1
*	    12,1660	 1	144,03	 54,47	   3,9	  12,9	  16,7	  17,6	  19,2	  20,1	  20,7	   4,1
*	    10,8621	 1	159,01	 46,82	   6,1	  15,1	  18,9	  19,8	  21,4	  22,3	  22,9	   6,4
*	    10,4253	 1	183,67	 40,69	   7,2	  16,2	  20,0	  20,9	  22,5	  23,4	  24,0	   7,6
*	    11,0075	 1	214,06	 41,07	   6,5	  15,6	  19,4	  20,2	  21,9	  22,8	  23,4	   6,9
*	    12,5561	 1	237,37	 47,44	   4,3	  13,4	  17,2	  18,0	  19,7	  20,6	  21,1	   4,5
*	    20,7826	 1	265,03	 65,46	  -5,1	   4,0	   7,7	   8,6	  10,2	  11,1	  11,4	  -5,9
*	    24,1615	 1	268,68	 68,95	  -8,0	   1,0	   4,8	   5,6	   7,2	   8,1	   8,3	  -9,3
*	    27,7114	 1	271,33	 71,62	 -10,8	  -1,8	   2,0	   2,9	   4,5	   5,3	   5,4	 -12,6
*	    42,9097	 1	277,10	 77,87	 -20,0	 -11,0	  -7,2	  -6,4	  -4,8	  -4,1	  -4,3	 -23,7
*	    46,8608	 1	277,94	 78,82	 -22,0	 -12,9	  -9,2	  -8,3	  -6,8	  -6,1	  -6,4	 -26,1
s	    10,8808	 2	186,65	 65,20	  28,1	  37,7	  41,5	  42,0	  43,7	  45,4	  45,6	  26,6
*	    14,2373	 1	242,64	117,20	   2,5	  12,0	  15,9	  16,7	  18,3	  19,3	  19,0	   0,5
s	    14,6612	 3	187,40	130,02	  26,4	  36,2	  39,9	  40,5	  42,1	  43,8	  43,8	  24,6
*	    14,9491	 1	261,64	114,47	   2,8	  12,3	  16,1	  17,0	  18,6	  19,5	  19,3	   0,7
s	    15,4275	 3	186,40	 47,78	  27,6	  37,4	  41,3	  42,1	  43,7	  44,5	  44,3	  25,7
s	    15,5097	 3	 35,96	158,32	  27,3	  37,0	  40,7	  41,2	  42,8	  44,7	  44,3	  25,7
s	    16,5935	 3	 38,29	 21,41	  25,4	  35,0	  38,6	  38,8	  40,5	  43,1	  43,1	  23,6
*	    17,8184	 1	122,93	107,09	  -1,5	   8,0	  11,9	  12,7	  14,3	  15,3	  14,9	  -3,9
*	    19,9848	 1	129,30	 69,53	  -1,0	   8,5	  12,3	  13,2	  14,8	  15,7	  15,3	  -3,7
s	    20,1139	 4	187,63	141,37	  24,9	  35,0	  38,9	  39,4	  41,0	  42,8	  42,6	  23,5
*	    21,9549	 1	262,69	106,57	  -5,4	   3,7	   7,6	  11,1	  13,6	  14,4	  13,6	  -5,6
*	    23,8880	 1	264,99	105,11	  -7,1	   2,0	   5,9	   9,4	  11,9	  12,7	  11,9	  -7,5
*	    25,8785	 1	266,90	103,86	  -8,8	   0,4	   4,3	   7,8	  10,3	  11,1	  10,2	  -9,4
*	    21,4560	 1	262,69	100,82	  -5,0	   4,2	   8,0	  11,5	  14,1	  14,9	  14,1	  -5,0
*	    23,4230	 1	264,98	 99,82	  -6,7	   2,5	   6,3	   9,8	  12,3	  13,1	  12,3	  -7,0
*	    25,4435	 1	266,89	 98,97	  -8,4	   0,8	   4,6	   8,1	  10,6	  11,4	  10,5	  -9,0
*	    21,1541	 1	262,68	 94,83	  -4,7	   4,5	   8,3	  11,8	  14,4	  15,2	  14,4	  -4,7
*	    23,1421	 1	264,98	 94,34	  -6,5	   2,7	   6,5	  10,0	  12,6	  13,4	  12,5	  -6,8
*	    25,1810	 1	266,89	 93,93	  -8,2	   1,0	   4,8	   8,3	  10,8	  11,6	  10,7	  -8,7
*	    21,0565	 1	262,67	 88,71	  -4,6	   4,6	   8,4	  11,9	  14,5	  15,3	  14,5	  -4,6
*	    23,0510	 1	264,97	 88,76	  -6,4	   2,8	   6,6	  10,1	  12,6	  13,5	  12,6	  -6,7
*	    25,0957	 1	266,89	 88,82	  -8,1	   1,1	   4,9	   8,4	  10,9	  11,7	  10,8	  -8,6
*	    21,1653	 1	262,66	 82,61	  -4,7	   4,5	   8,3	  11,8	  14,3	  15,2	  14,4	  -4,7
*	    23,1515	 1	264,97	 83,20	  -6,5	   2,7	   6,5	  10,0	  12,5	  13,4	  12,5	  -6,8
*	    25,1889	 1	266,89	 83,72	  -8,2	   1,0	   4,8	   8,3	  10,8	  11,6	  10,7	  -8,7
*	    21,4776	 1	262,65	 76,65	  -5,0	   4,2	   8,0	  11,5	  14,0	  14,9	  14,1	  -5,1
*	    23,4411	 1	264,96	 77,76	  -6,8	   2,4	   6,2	   9,8	  12,3	  13,1	  12,2	  -7,1
*	    25,4588	 1	266,88	 78,71	  -8,4	   0,8	   4,6	   8,1	  10,6	  11,4	  10,5	  -9,0
s	    21,4998	 4	186,14	 36,47	  24,0	  33,8	  37,7	  38,2	  39,7	  41,3	  41,3	  21,4
s	    23,2143	 4	 35,54	163,71	  23,2	  33,0	  36,6	  36,8	  38,4	  41,1	  40,8	  20,7
s	    23,7729	 4	 38,65	 16,69	  23,6	  33,5	  37,2	  37,4	  39,0	  41,7	  41,4	  22,1
s	    26,8505	 5	187,89	149,45	  21,3	  31,6	  35,4	  35,5	  37,1	  39,6	  39,6	  19,2
s	    26,9489	 1	 22,05	 89,76	  25,0	  34,0	  37,8	  38,7	  40,3	  41,1	  40,0	  19,6
*	    41,1921	 1	 57,33	 93,20	  -1,2	   7,8	  11,6	  12,4	  14,0	  14,7	  14,5	  -4,7
*	    35,7098	 1	 50,51	 93,41	   1,9	  10,9	  14,7	  15,6	  17,1	  17,9	  17,9	  -0,8
*	    31,2592	 1	 42,41	 93,60	   4,8	  13,8	  17,6	  18,5	  20,0	  20,8	  20,9	   2,6
*	    31,4867	 1	 42,48	 83,95	   4,6	  13,7	  17,4	  18,3	  19,9	  20,7	  20,7	   2,4
*	    28,2548	 1	 33,07	 93,73	   6,9	  15,9	  19,7	  20,6	  22,2	  23,0	  23,1	   5,1
*	    28,5014	 1	 33,16	 83,47	   6,7	  15,8	  19,5	  20,4	  22,0	  22,8	  22,9	   4,9
*	    27,0996	 1	 22,76	 93,76	   7,7	  16,7	  20,5	  21,4	  23,0	  23,8	  24,0	   6,0
*	    27,3536	 1	 22,86	 83,14	   7,5	  16,5	  20,3	  21,2	  22,8	  23,6	  23,8	   5,8
*	    27,9511	 1	 12,07	 93,66	   6,9	  15,9	  19,7	  20,6	  22,2	  23,0	  23,1	   5,1
*	    28,1980	 1	 12,18	 83,03	   6,7	  15,8	  19,5	  20,4	  22,0	  22,8	  23,0	   4,9
*	    30,6157	 1	  1,70	 93,46	   4,9	  13,9	  17,7	  18,6	  20,1	  20,9	  21,0	   2,8
*	    30,8450	 1	  1,80	 83,14	   4,7	  13,8	  17,5	  18,4	  20,0	  20,8	  20,9	   2,6
*	    34,7142	 1	352,26	 93,15	   2,2	  11,2	  15,0	  15,8	  17,4	  18,2	  18,2	  -0,5
*	    34,9220	 1	352,36	 83,45	   2,0	  11,1	  14,8	  15,7	  17,3	  18,1	  18,0	  -0,6
*	    39,8744	 1	344,06	 92,83	  -0,8	   8,2	  12,0	  12,8	  14,4	  15,1	  15,0	  -4,1
*	    40,0610	 1	344,15	 83,85	  -0,9	   8,1	  11,9	  12,7	  14,3	  15,0	  14,9	  -4,2
*	    45,8030	 1	337,13	 92,50	  -3,8	   5,2	   8,9	   9,8	  11,4	  12,1	  11,8	  -7,8
*	    45,9700	 1	337,21	 84,29	  -3,9	   5,1	   8,9	   9,7	  11,3	  12,0	  11,7	  -7,9
*	    52,2861	 1	331,36	 92,21	  -6,8	   2,3	   6,0	   6,9	   8,4	   9,1	   8,6	 -11,6
*	    52,4360	 1	331,43	 84,73	  -6,8	   2,2	   6,0	   6,8	   8,4	   9,0	   8,5	 -11,7
s	    27,3537	 5	185,92	 29,95	  21,7	  32,1	  36,0	  36,2	  37,8	  40,3	  40,3	  20,6
s	    27,6717	 2	 21,94	101,57	  24,6	  33,8	  37,6	  38,4	  40,0	  40,9	  39,7	  19,3
s	    27,9186	 2	 22,17	 77,10	  23,5	  32,8	  36,6	  37,2	  38,8	  40,4	  39,7	  19,2
*	    29,7993	 1	269,78	101,91	  -3,5	   6,0	   9,8	  10,7	  12,3	  13,1	  12,4	  -7,4
s	    30,0971	 3	 21,82	113,28	  22,8	  32,1	  35,8	  36,3	  37,9	  39,6	  39,0	  18,3
s	    30,3290	 3	 22,28	 66,38	  23,3	  32,8	  36,5	  37,1	  38,7	  40,3	  39,7	  19,8
s	    30,5296	 5	 35,15	166,83	  21,7	  31,8	  35,5	  35,7	  37,3	  40,0	  39,4	  19,5
s	    31,6634	 5	 39,03	 13,48	  20,0	  30,0	  33,6	  33,5	  35,1	  38,5	  38,4	  17,6
*	    32,0230	 1	276,25	100,87	 -12,5	  -3,0	   0,8	   1,7	   3,3	   4,1	   3,4	 -16,7
s	    33,6327	 4	 21,70	122,61	  22,3	  32,0	  35,8	  36,3	  37,9	  39,5	  38,8	  18,6
s	    34,0769	 6	188,14	154,92	  21,1	  31,4	  35,3	  35,8	  37,3	  38,9	  38,5	  18,2
s	    34,2681	 4	 22,40	 56,53	  20,7	  30,3	  34,0	  34,2	  35,8	  38,2	  37,8	  16,8
s	    34,6055	 6	185,67	 24,62	  18,4	  28,9	  32,7	  32,6	  34,1	  37,4	  37,5	  16,5
s	    35,7001	 8	189,59	150,79	  18,5	  29,7	  33,7	  33,9	  35,4	  37,7	  37,9	  17,5
s	    36,2403	 2	192,94	 89,50	  22,0	  31,6	  35,5	  36,4	  37,9	  38,6	  37,6	  16,4
s	    36,8177	 3	193,03	 98,95	  21,7	  31,4	  35,3	  36,2	  37,7	  38,4	  37,4	  16,1
s	    37,0159	 3	192,84	 79,37	  20,7	  30,5	  34,4	  35,0	  36,5	  37,9	  37,3	  16,0
s	    38,4975	 6	 34,72	169,11	  18,4	  28,6	  32,2	  32,1	  33,7	  37,1	  36,7	  15,2
s	    38,5011	 5	 21,58	130,89	  19,7	  29,4	  33,1	  33,3	  34,9	  37,3	  36,8	  15,4
s	    38,7841	 4	193,13	108,59	  20,1	  29,9	  33,8	  34,3	  35,8	  37,3	  36,8	  15,4
s	    38,9743	 4	192,74	 70,50	  20,6	  30,6	  34,5	  35,0	  36,6	  38,0	  37,6	  16,9
s	    39,0690	 6	 39,39	 11,45	  18,8	  29,2	  32,9	  32,7	  34,4	  37,7	  37,3	  16,6
s	    39,5089	 2	 96,56	 99,15	  20,7	  30,5	  35,3	  36,4	  38,0	  39,0	  37,7	  16,9
*	    40,4757	 1	107,65	 98,40	  -3,5	   6,1	  10,9	  12,0	  13,7	  14,6	  13,3	  -7,5
s	    41,5849	 7	185,43	 21,06	  17,4	  28,3	  32,1	  32,0	  33,5	  36,8	  36,7	  15,8
s	    41,5849	 7	188,39	158,80	  17,9	  28,4	  32,2	  32,4	  33,9	  36,2	  35,9	  14,2
*	    41,5897	 1	117,58	 85,31	  -6,7	   2,8	   6,6	   7,5	   9,1	   9,8	   8,8	 -12,1
s	    41,7214	 5	193,23	116,67	  19,9	  30,1	  34,0	  34,5	  36,0	  37,5	  36,9	  15,9
s	    42,2572	 5	192,64	 61,92	  18,2	  28,4	  32,2	  32,4	  33,9	  36,2	  36,0	  14,2
s	    43,7491	 6	 21,47	137,11	  19,0	  29,2	  32,9	  33,1	  34,7	  37,1	  36,4	  15,2
*	    44,0088	 1	 56,22	 87,29	  -2,0	   7,1	  10,8	  11,6	  13,2	  14,1	  12,7	  -8,5
*	    52,6232	 1	 63,71	 87,70	  -6,0	   3,1	   6,8	   7,6	   9,2	  10,0	   8,3	 -13,6
s	    44,0708	 1	296,40	 89,17	  21,6	  31,1	  35,0	  35,8	  37,4	  38,1	  37,1	  15,9
*	    55,3487	 1	329,22	 85,45	  -2,2	   7,3	  11,1	  12,0	  13,5	  14,2	  12,8	  -9,3
*	    45,7322	 1	309,96	 84,28	   2,0	  11,5	  15,3	  16,2	  17,7	  18,5	  17,4	  -3,9
*	    45,4052	 1	283,58	 83,72	   2,2	  11,7	  15,6	  16,4	  18,0	  18,7	  17,6	  -3,6
s	    44,5644	 2	296,36	 97,25	  21,1	  30,8	  34,6	  35,4	  37,0	  37,8	  36,6	  15,4
s	    44,6056	 6	 22,63	 42,48	  17,4	  27,4	  31,1	  31,0	  32,6	  35,7	  35,4	  13,4
s	    44,6779	 4	 96,51	 63,97	  16,8	  27,0	  31,8	  32,2	  33,8	  36,3	  35,6	  13,6
s	    44,7342	 2	296,44	 80,49	  19,5	  29,1	  32,9	  33,4	  35,0	  36,5	  35,8	  13,8
*	    45,1636	 1	 95,63	 95,64	 -21,7	 -12,0	  -7,3	  -6,2	  -4,5	  -3,7	  -5,0	 -26,3
*	    46,8821	 1	 84,59	 95,35	 -22,4	 -12,8	  -8,0	  -6,9	  -5,3	  -4,4	  -5,9	 -27,3
s	    45,8808	 6	193,33	124,25	  17,4	  27,7	  31,6	  31,7	  33,2	  35,5	  35,1	  13,1
s	    45,9453	 7	 34,32	170,64	  17,4	  28,0	  31,6	  31,5	  33,1	  36,5	  35,8	  14,5
s	    46,2574	 3	296,32	105,61	  19,1	  28,9	  32,6	  33,1	  34,7	  36,2	  35,4	  13,3
s	    46,4220	 3	296,48	 72,78	  19,6	  29,5	  33,3	  33,9	  35,4	  37,0	  36,2	  14,8
s	    47,0941	 7	 39,76	  9,86	  15,7	  26,2	  29,8	  29,4	  31,0	  35,1	  34,8	  12,6
s	    48,7133	 8	188,63	161,50	  17,1	  27,9	  31,8	  31,9	  33,4	  35,7	  35,2	  13,6
s	    48,8182	 4	296,29	112,80	  19,0	  29,1	  32,9	  33,4	  35,0	  36,5	  35,6	  14,0
s	    49,2663	 8	185,17	 18,19	  14,4	  25,4	  29,2	  28,7	  30,3	  34,3	  34,3	  11,9
s	    49,2892	 4	296,51	 65,12	  17,4	  27,4	  31,2	  31,4	  32,9	  35,3	  34,7	  12,4
s	    49,3068	 1	 98,40	 90,29	  20,8	  30,3	  34,1	  35,0	  36,5	  37,2	  36,1	  14,5
*	    59,2493	 1	 70,71	 91,64	  -3,6	   5,9	   9,7	  10,5	  12,0	  12,7	  11,3	 -11,2
*	    50,9715	 1	 86,13	 91,86	  -0,3	   9,2	  13,0	  13,8	  15,4	  16,1	  14,9	  -6,9
*	    49,8038	 1	105,39	 91,92	   0,1	   9,6	  13,4	  14,3	  15,8	  16,5	  15,3	  -6,3
*	    55,6365	 1	 76,01	 85,63	 -13,8	  -4,7	  -1,0	  -0,2	   1,4	   2,2	   4,4	 -16,1
*	    55,4082	 1	 76,01	 88,58	 -13,7	  -4,6	  -0,9	  -0,1	   1,5	   2,3	   4,5	 -15,9
*	    54,1740	 1	 78,62	 85,51	 -13,3	  -4,1	  -0,4	   0,4	   2,0	   2,8	   5,1	 -15,3
*	    53,9405	 1	 78,62	 88,54	 -13,2	  -4,0	  -0,3	   0,5	   2,1	   2,9	   5,2	 -15,2
*	    52,8968	 1	 81,36	 85,39	 -12,7	  -3,6	   0,1	   0,9	   2,5	   3,3	   5,6	 -14,6
*	    52,6586	 1	 81,36	 88,50	 -12,6	  -3,5	   0,2	   1,0	   2,6	   3,4	   5,7	 -14,5
*	    51,8156	 1	 84,22	 85,28	 -12,3	  -3,1	   0,5	   1,4	   2,9	   3,8	   6,1	 -14,0
*	    51,5734	 1	 84,22	 88,44	 -12,2	  -3,0	   0,6	   1,5	   3,1	   3,9	   6,2	 -13,9
*	    50,9404	 1	 87,21	 85,18	 -11,9	  -2,8	   0,9	   1,7	   3,3	   4,1	   6,5	 -13,6
*	    50,6947	 1	 87,21	 88,41	 -11,8	  -2,7	   1,0	   1,8	   3,4	   4,3	   6,6	 -13,4
*	    50,2791	 1	 90,33	 85,08	 -11,7	  -2,5	   1,2	   2,0	   3,6	   4,4	   6,8	 -13,2
*	    50,0309	 1	 90,33	 88,37	 -11,5	  -2,4	   1,3	   2,1	   3,7	   4,5	   6,9	 -13,1
*	    49,8380	 1	 93,54	 85,00	 -11,5	  -2,3	   1,4	   2,2	   3,8	   4,6	   7,0	 -13,0
*	    49,5881	 1	 93,54	 88,33	 -11,4	  -2,2	   1,5	   2,3	   3,9	   4,7	   7,1	 -12,8
*	    49,6210	 1	 96,84	 84,92	 -11,4	  -2,2	   1,4	   2,3	   3,8	   4,7	   7,1	 -12,9
*	    49,3703	 1	 96,84	 88,30	 -11,3	  -2,1	   1,5	   2,4	   4,0	   4,8	   7,2	 -12,7
*	    49,6299	 1	100,22	 84,87	 -11,4	  -2,3	   1,4	   2,2	   3,8	   4,7	   7,1	 -12,9
*	    49,3793	 1	100,22	 88,28	 -11,3	  -2,1	   1,5	   2,3	   3,9	   4,8	   7,2	 -12,7
*	    49,8637	 1	103,63	 84,83	 -11,5	  -2,4	   1,3	   2,1	   3,7	   4,6	   6,9	 -13,0
*	    49,6141	 1	103,64	 88,26	 -11,4	  -2,3	   1,4	   2,2	   3,8	   4,7	   7,1	 -12,9
s	    49,5559	 2	 98,41	 95,85	  18,6	  28,7	  33,6	  34,7	  36,3	  37,1	  35,9	  14,3
s	    49,9115	 2	 98,39	 82,37	  19,5	  29,3	  33,1	  33,7	  35,2	  36,7	  35,9	  14,2
s	    49,9659	 7	 21,35	142,50	  16,3	  26,6	  30,3	  30,1	  31,6	  34,8	  34,3	  11,8
s	    50,4278	 7	 22,74	 37,59	  16,8	  27,2	  30,9	  30,8	  32,4	  35,5	  35,0	  13,3
s	    50,5980	 2	121,62	 90,21	  19,7	  29,7	  33,6	  34,5	  36,0	  36,6	  35,7	  14,0
s	    50,8418	 3	121,65	 95,66	  17,4	  28,1	  33,1	  34,2	  35,8	  36,4	  35,6	  13,8
s	    50,8637	 7	193,43	130,67	  18,0	  28,4	  32,4	  32,8	  34,3	  35,6	  34,9	  13,1
*	    51,1394	 1	115,84	 81,71	 -10,7	  -1,2	   2,6	   3,5	   5,0	   5,7	   4,5	 -17,3
s	    51,1899	 3	121,58	 82,47	  18,3	  28,6	  32,6	  33,2	  34,6	  36,0	  35,5	  13,7
s	    51,3047	 3	 98,43	105,32	  19,1	  28,5	  32,1	  32,6	  34,2	  35,8	  34,5	  11,9
s	    51,4557	 3	 98,38	 75,29	  19,6	  29,2	  32,8	  33,3	  34,9	  36,6	  35,2	  13,4
s	    51,6314	 7	192,44	 48,24	  16,4	  26,7	  30,6	  30,8	  32,2	  34,3	  34,0	  11,4
s	    52,5019	 5	296,25	119,76	  16,7	  26,9	  30,7	  30,8	  32,4	  34,7	  34,0	  11,4
s	    52,5543	 4	121,70	104,94	  17,9	  27,9	  31,6	  32,1	  33,6	  35,2	  34,1	  11,5
s	    52,7022	 4	121,54	 75,52	  18,4	  28,5	  32,3	  32,8	  34,4	  35,9	  34,9	  13,0
s	    52,7977	 5	296,55	 58,74	  17,1	  27,6	  31,4	  31,6	  33,1	  35,5	  34,8	  12,8
s	    53,4086	 4	 98,37	 69,73	  14,8	  25,3	  30,2	  30,7	  32,2	  34,5	  34,0	  11,2
s	    53,6607	 4	 98,44	112,00	  19,0	  28,8	  32,5	  32,9	  34,5	  36,2	  34,7	  12,7
s	    53,6849	 2	 19,89	 89,93	  20,0	  29,5	  33,4	  34,3	  35,8	  36,3	  35,2	  13,2
s	    53,9992	 8	 33,89	171,88	  14,5	  25,1	  28,8	  28,3	  29,8	  34,0	  33,4	  10,6
s	    54,1037	 3	 19,83	 96,79	  19,7	  29,4	  33,3	  34,1	  35,6	  36,2	  35,0	  13,0
s	    54,2480	 3	 19,96	 82,56	  18,6	  28,5	  32,4	  32,9	  34,4	  35,8	  35,0	  12,9
s	    54,5461	 2	321,42	 89,38	  19,1	  28,6	  32,5	  33,4	  34,9	  35,4	  34,0	  11,2
s	    54,5755	 8	 40,11	  8,74	  14,9	  25,7	  29,4	  29,0	  30,6	  34,7	  34,1	  12,0
s	    54,8227	 5	121,51	 69,58	  14,6	  25,5	  30,5	  31,3	  32,8	  34,0	  33,6	  10,8
s	    54,8643	 5	121,74	111,50	  17,9	  28,2	  32,0	  32,5	  34,0	  35,6	  34,4	  12,3
s	    54,9592	 3	321,37	 96,15	  18,8	  28,5	  32,4	  33,3	  34,8	  35,3	  33,8	  10,9
s	    55,1016	 3	321,48	 82,11	  17,8	  27,6	  31,5	  32,1	  33,6	  34,9	  33,8	  10,9
s	    55,5481	 4	 19,76	103,96	  18,2	  28,2	  32,1	  32,7	  34,2	  35,5	  34,6	  12,5
s	    55,6892	 4	 20,03	 75,93	  18,2	  28,2	  32,1	  32,7	  34,2	  35,5	  34,6	  12,4
s	    56,0641	 8	193,52	135,70	  14,5	  25,2	  29,1	  28,9	  30,4	  33,4	  33,1	  10,1
s	    56,1211	 8	 21,24	146,56	  15,7	  26,3	  30,1	  29,9	  31,5	  34,6	  33,9	  11,6
s	    56,3849	 4	321,31	103,23	  17,4	  27,2	  31,1	  31,5	  33,0	  34,4	  33,5	  10,5
s	    56,5242	 4	321,53	 75,56	  17,9	  27,9	  31,8	  32,3	  33,8	  35,2	  34,2	  12,0
s	    56,6452	 6	296,21	125,45	  16,4	  27,0	  30,8	  31,0	  32,5	  34,9	  34,0	  11,7
s	    56,8073	 4	150,78	 96,60	  16,4	  26,8	  31,7	  32,8	  34,3	  34,9	  33,4	  10,4
s	    56,9047	 8	192,35	 43,34	  15,9	  26,6	  30,6	  30,8	  32,2	  34,3	  33,7	  11,4
s	    57,0941	 8	 22,86	 33,32	  14,1	  24,6	  28,3	  27,8	  29,4	  33,3	  32,9	   9,8
s	    57,3362	 6	296,59	 52,70	  14,8	  25,3	  29,0	  28,9	  30,4	  33,6	  33,1	  10,0
s	    57,3517	 5	 98,36	 62,13	  17,3	  27,4	  31,0	  31,2	  32,8	  35,2	  34,0	  11,7
s	    57,7551	 5	 19,69	110,26	  17,5	  27,7	  31,6	  32,1	  33,6	  34,9	  33,9	  11,6
*	    57,8612	 1	 69,98	 90,82	 -17,2	  -8,2	  -4,4	  -3,5	  -2,0	  -1,4	  -2,0	 -22,7
*	    57,9733	 1	 69,98	 93,30	 -17,2	  -8,2	  -4,4	  -3,6	  -2,1	  -1,5	  -2,1	 -22,8
*	    58,2417	 1	 69,97	 95,77	 -17,3	  -8,3	  -4,6	  -3,7	  -2,2	  -1,6	  -2,2	 -22,9
*	    57,8961	 1	 68,53	 89,64	 -13,2	  -4,2	  -0,5	   0,4	   1,9	   2,5	   1,9	 -18,8
*	    57,9338	 1	 68,52	 92,12	 -13,3	  -4,2	  -0,5	   0,4	   1,9	   2,5	   1,9	 -18,8
*	    58,1282	 1	 68,51	 94,58	 -13,3	  -4,3	  -0,5	   0,3	   1,8	   2,4	   1,8	 -18,9
s	    58,1637	 5	 20,10	 69,20	  15,9	  26,0	  29,9	  30,1	  31,5	  33,7	  33,1	   9,9
s	    58,4899	 6	121,46	 62,57	  16,2	  26,7	  30,6	  30,7	  32,2	  34,6	  33,7	  11,3
s	    58,5647	 5	321,26	109,46	  17,4	  27,6	  31,5	  32,0	  33,4	  34,8	  33,8	  11,4
s	    58,9684	 5	321,59	 68,90	  15,8	  25,9	  29,8	  30,0	  31,4	  33,6	  32,9	   9,7
*	    59,5904	 1	 69,36	 85,96	 -13,6	  -4,6	  -0,8	   0,0	   1,5	   2,1	   1,5	 -19,4
*	    59,3932	 1	 69,35	 88,39	 -13,6	  -4,5	  -0,8	   0,1	   1,6	   2,2	   1,6	 -19,3
s	    59,9399	 6	 98,46	122,74	  14,0	  25,1	  30,0	  30,4	  32,0	  34,3	  33,5	  10,9
s	    60,6328	 2	 72,94	 90,31	  18,8	  28,5	  32,3	  33,1	  34,6	  35,3	  33,8	  11,2
s	    60,8417	 3	 72,93	 94,98	  16,6	  26,9	  31,8	  32,9	  34,4	  35,1	  33,6	  11,0
s	    61,0363	 7	121,81	122,10	  12,9	  24,5	  29,5	  29,9	  31,5	  33,7	  33,2	  10,5
s	    61,1404	 3	 72,96	 83,67	  17,5	  27,5	  31,3	  31,8	  33,3	  34,8	  33,6	  10,9
s	    61,2322	 6	 20,16	 63,45	  15,8	  26,3	  30,2	  30,4	  31,9	  34,0	  33,3	  10,6
s	    61,5993	 6	 98,35	 56,33	  15,0	  25,2	  28,8	  28,6	  30,2	  33,4	  32,4	   8,9
s	    61,7425	 7	296,17	130,78	  14,0	  24,7	  28,4	  28,3	  29,8	  32,9	  32,3	   8,8
s	    61,7449	 6	321,20	115,65	  15,2	  25,5	  29,4	  29,5	  31,0	  33,2	  32,4	   8,9
s	    62,1283	 7	296,63	 47,83	  14,5	  25,3	  29,1	  29,0	  30,5	  33,7	  33,0	  10,2
s	    62,2684	 4	272,36	 89,19	  17,1	  27,6	  31,7	  32,5	  33,9	  34,3	  33,5	  10,7
s	    62,2733	 8	 19,57	116,52	  14,7	  25,1	  29,1	  29,3	  30,7	  32,5	  32,1	   8,5
s	    62,3155	 4	 72,90	103,00	  16,6	  26,6	  30,4	  30,8	  32,3	  33,8	  32,5	   9,0
s	    62,4433	 4	 72,98	 77,65	  17,1	  27,3	  31,1	  31,6	  33,1	  34,6	  33,3	  10,5
s	    62,6373	 5	272,36	 95,23	  16,8	  27,5	  31,6	  32,4	  33,7	  34,2	  33,3	  10,5
s	    62,6704	 7	121,42	 56,83	  13,9	  24,6	  28,3	  28,2	  29,7	  32,8	  32,1	   8,6
s	    62,7645	 5	272,37	 82,69	  15,8	  26,6	  30,6	  31,2	  32,5	  33,8	  33,3	  10,5
s	    62,9949	 3	194,43	 89,63	  17,8	  27,9	  31,9	  32,7	  34,2	  34,6	  33,5	  10,7
s	    63,3601	 4	194,49	 95,61	  17,5	  27,8	  31,8	  32,6	  34,0	  34,5	  33,4	  10,5
s	    63,4860	 4	194,37	 83,19	  16,5	  26,8	  30,9	  31,4	  32,9	  34,0	  33,4	  10,5
s	    63,9136	 6	272,36	101,59	  14,7	  25,5	  29,5	  30,0	  31,3	  32,5	  32,0	   8,3
s	    64,1680	 6	272,37	 76,37	  15,3	  26,5	  30,8	  31,7	  33,0	  33,2	  32,8	   9,9
s	    64,3200	 5	 72,88	108,76	  16,7	  27,0	  30,8	  31,2	  32,8	  34,3	  32,9	   9,9
s	    64,3388	 3	145,07	 90,10	  16,9	  26,9	  31,0	  31,8	  33,3	  33,6	  32,3	   8,6
s	    64,5372	 4	145,11	 94,54	  14,7	  25,4	  30,5	  31,6	  33,1	  33,5	  32,2	   8,4
s	    64,6239	 5	194,55	101,91	  16,1	  26,6	  30,7	  31,2	  32,6	  33,8	  33,1	  10,1
s	    64,6423	 7	 19,56	121,78	  15,2	  25,8	  29,7	  29,9	  31,3	  33,5	  32,6	   9,6
s	    64,7477	 5	194,31	 77,36	  16,1	  26,6	  30,7	  31,2	  32,6	  33,8	  33,0	  10,1
s	    64,9619	 7	 98,34	 52,68	  12,9	  23,9	  28,6	  28,8	  30,4	  33,6	  32,6	   9,6
s	    65,2592	 7	 20,23	 57,85	  13,6	  24,1	  28,0	  27,8	  29,3	  32,2	  31,7	   7,9
s	    65,3772	 7	321,15	120,88	  15,1	  25,7	  29,6	  29,8	  31,3	  33,4	  32,5	   9,4
s	    65,7558	 7	 98,47	129,23	  14,3	  24,6	  28,2	  28,0	  29,6	  32,8	  31,6	   7,8
s	    65,8754	 7	272,35	107,24	  14,7	  25,9	  29,9	  30,4	  31,8	  33,0	  32,4	   9,3
s	    65,9852	 8	121,39	 53,21	  11,8	  23,3	  28,2	  28,3	  29,9	  33,0	  32,3	   9,2
s	    65,9881	 7	321,70	 57,64	  13,5	  24,1	  27,9	  27,8	  29,2	  32,1	  31,6	   7,8
s	    66,0603	 5	144,97	 78,06	  16,5	  26,7	  30,6	  31,0	  32,5	  33,8	  32,6	   9,5
s	    66,4285	 7	272,37	 70,34	  13,2	  24,6	  28,9	  29,3	  30,7	  31,7	  31,5	   7,6
s	    66,5674	 6	194,61	107,51	  15,5	  26,1	  30,2	  30,7	  32,1	  33,3	  32,4	   9,3
s	    66,7154	 4	146,82	 83,94	  15,9	  26,3	  30,3	  30,8	  32,3	  33,6	  32,6	   9,5
s	    66,7684	 8	121,86	128,54	  13,2	  24,1	  27,8	  27,6	  29,1	  32,2	  31,4	   7,5
s	    66,9531	 8	296,14	135,06	  13,7	  24,7	  28,5	  28,3	  29,9	  33,0	  32,1	   9,0
s	    67,1155	 6	194,24	 70,96	  14,9	  25,4	  29,6	  30,1	  31,5	  32,5	  31,6	   7,6
s	    67,2615	 6	 72,86	114,57	  14,6	  25,0	  28,8	  28,9	  30,4	  32,7	  31,5	   7,6
s	    67,5472	 4	 55,30	 95,91	  15,8	  26,2	  31,2	  32,2	  33,7	  34,2	  32,7	   9,5
s	    67,7431	 6	 73,02	 65,74	  16,1	  26,4	  30,3	  30,8	  32,2	  33,6	  32,2	   9,0
s	    67,7895	 8	296,67	 43,30	  12,0	  23,0	  26,8	  26,3	  27,8	  31,7	  31,2	   7,2
s	    67,8056	 5	146,98	101,86	  15,8	  25,9	  29,7	  30,0	  31,6	  33,1	  31,6	   7,5
s	    67,8491	 6	145,22	107,68	  16,1	  26,4	  30,3	  30,7	  32,2	  33,6	  32,2	   9,0
s	    68,7584	 8	272,35	112,95	  12,7	  23,9	  27,9	  28,1	  29,4	  31,4	  31,0	   6,9
s	    68,9928	 8	272,37	 65,50	  13,1	  24,6	  28,6	  28,8	  30,1	  32,2	  31,8	   8,4
s	    69,2011	 8	 70,44	113,93	  11,9	  22,9	  27,9	  28,3	  29,8	  31,8	  31,0	   6,9
s	    69,2222	 8	 19,49	126,86	  12,9	  23,6	  27,5	  27,3	  28,8	  31,7	  31,0	   6,9
s	    69,4250	 7	194,68	113,17	  13,4	  24,2	  28,2	  28,3	  29,7	  31,7	  31,1	   6,9
s	    69,4700	 6	146,74	 73,86	  11,6	  22,8	  27,8	  28,2	  29,8	  31,9	  31,2	   7,0
s	    69,5714	 8	 20,30	 53,19	  13,4	  24,3	  28,2	  28,0	  29,5	  32,5	  31,8	   8,3
s	    69,6574	 7	194,19	 66,15	  13,9	  24,8	  28,9	  29,1	  30,5	  32,5	  31,9	   8,4
s	    69,6708	 7	147,03	107,25	  14,1	  24,6	  28,4	  28,5	  30,0	  32,1	  31,1	   6,9
s	    69,9147	 8	321,09	125,93	  12,8	  23,6	  27,4	  27,2	  28,7	  31,6	  30,9	   6,7
s	    69,9461	 8	248,49	112,62	  11,1	  22,6	  27,6	  28,0	  29,5	  31,5	  30,9	   6,7
s	    70,2313	 8	 98,33	 48,04	   9,8	  21,2	  26,1	  25,9	  27,4	  31,3	  30,9	   6,6
s	    70,2608	 8	321,76	 53,01	  13,3	  24,2	  28,1	  28,0	  29,4	  32,4	  31,7	   8,2
s	    70,7055	 8	 98,48	133,47	  14,0	  24,7	  28,4	  28,1	  29,7	  33,0	  31,6	   8,1
s	    70,9299	 6	 55,43	 72,94	  12,2	  23,0	  27,9	  28,3	  29,8	  31,9	  31,0	   6,7
s	    71,2145	 7	 73,04	 60,85	  12,9	  23,6	  27,3	  27,2	  28,7	  31,7	  30,8	   6,5
s	    72,6440	 7	146,68	 67,52	  14,3	  25,0	  28,9	  29,0	  30,5	  32,8	  31,4	   7,7
s	    72,7180	 8	194,73	118,04	  13,3	  24,5	  28,5	  28,6	  30,1	  32,1	  31,3	   7,6
s	    72,7343	 3	337,05	 89,57	  16,7	  26,8	  30,8	  31,6	  33,0	  33,4	  32,1	   8,4
s	    73,0563	 4	337,00	 94,85	  16,5	  26,7	  30,7	  31,5	  32,9	  33,3	  31,9	   8,2
s	    73,1675	 4	337,10	 83,90	  15,4	  25,7	  29,8	  30,3	  31,8	  32,9	  31,9	   8,2
s	    73,2746	 8	194,13	 60,96	  11,7	  22,8	  26,8	  26,6	  28,0	  30,8	  30,4	   5,9
s	    74,1735	 5	336,95	100,43	  15,1	  25,6	  29,6	  30,1	  31,6	  32,7	  31,7	   7,8
s	    74,1810	 5	251,26	 83,65	  14,1	  25,1	  29,2	  29,7	  31,1	  32,3	  31,4	   7,6
s	    74,2831	 5	337,15	 78,73	  15,1	  25,6	  29,6	  30,1	  31,5	  32,7	  31,6	   7,8
s	    74,7327	 8	144,81	 61,53	  13,3	  23,8	  27,8	  27,9	  29,3	  31,2	  30,2	   5,6
s	    75,0199	 8	147,12	116,68	  12,1	  23,6	  28,8	  29,4	  30,9	  32,1	  31,0	   7,1
s	    75,0250	 5	162,62	 95,13	  14,0	  24,9	  30,0	  31,1	  32,5	  32,9	  31,5	   7,6
s	    75,1750	 6	251,31	 99,98	  13,3	  24,2	  28,3	  28,7	  30,1	  31,3	  30,4	   5,7
s	    75,2236	 8	 72,82	124,72	  13,3	  23,9	  27,8	  27,8	  29,3	  31,4	  30,2	   5,5
s	    75,2236	 8	 73,05	 56,38	  12,8	  23,8	  27,6	  27,4	  28,9	  32,0	  31,0	   7,0
s	    75,8994	 6	336,90	105,44	  14,4	  25,1	  29,2	  29,6	  31,0	  32,2	  31,1	   7,1
s	    76,2214	 6	337,20	 73,36	  12,9	  23,5	  27,5	  27,7	  29,1	  31,0	  30,2	   5,5
s	    76,2335	 3	 59,63	 90,30	  16,3	  26,4	  30,4	  31,3	  32,7	  33,0	  31,6	   7,6
s	    76,4044	 4	 59,61	 94,12	  14,1	  24,8	  29,9	  31,0	  32,5	  32,8	  31,5	   7,4
s	    77,6147	 5	 59,58	100,73	  15,5	  25,6	  29,5	  30,0	  31,5	  32,7	  31,2	   7,1
s	    77,7452	 4	234,20	 89,34	  15,2	  25,8	  30,0	  30,8	  32,2	  32,3	  31,3	   7,1
s	    78,0488	 5	234,22	 94,31	  15,0	  25,7	  29,9	  30,7	  32,0	  32,3	  31,1	   7,0
s	    78,1536	 5	234,16	 83,99	  13,9	  24,8	  28,9	  29,5	  30,9	  31,8	  31,1	   6,9
s	    78,6623	 7	337,25	 68,62	  12,9	  23,9	  27,9	  28,1	  29,5	  31,5	  30,6	   6,4
s	    78,8902	 4	 58,32	 85,00	  14,8	  25,3	  29,2	  29,7	  31,2	  32,4	  31,1	   6,9
s	    79,1029	 6	234,26	 99,59	  13,6	  24,6	  28,8	  29,3	  30,7	  31,7	  30,9	   6,6
s	    79,2065	 6	234,13	 79,11	  13,6	  24,6	  28,8	  29,3	  30,7	  31,7	  30,9	   6,6
s	    79,6133	 8	251,21	 68,54	  11,9	  23,5	  27,5	  27,7	  29,1	  31,1	  30,4	   6,0
s	    79,9344	 5	 58,34	 80,15	  15,3	  25,6	  29,4	  29,8	  31,3	  32,7	  30,9	   6,5
s	    80,7344	 7	234,29	104,34	  13,0	  24,2	  28,4	  28,8	  30,2	  31,2	  30,3	   5,9
s	    81,0393	 3	 19,01	 90,00	  15,9	  25,4	  29,4	  30,3	  31,7	  31,9	  29,9	   4,7
s	    81,3318	 4	 18,96	 94,80	  15,6	  25,4	  29,4	  30,1	  31,5	  31,8	  29,8	   4,6
s	    81,4196	 8	336,80	115,05	  12,4	  23,6	  27,6	  27,7	  29,1	  31,1	  30,1	   5,6
s	    81,4328	 4	 19,06	 84,85	  14,6	  24,4	  28,4	  29,0	  30,4	  31,4	  29,8	   4,5
s	    81,4501	 6	 58,21	105,18	  14,6	  25,1	  28,9	  29,3	  30,8	  32,3	  30,3	   5,9
s	    81,5995	 7	 58,37	 75,45	  13,4	  24,0	  27,9	  28,0	  29,5	  31,6	  30,2	   5,7
s	    81,9231	 8	337,30	 63,84	  10,8	  21,9	  25,9	  25,7	  27,1	  29,9	  29,3	   4,0
s	    81,9344	 7	 59,74	 70,14	  13,4	  24,0	  27,9	  28,0	  29,5	  31,5	  30,2	   5,6
s	    82,3482	 5	 18,91	 99,88	  14,3	  24,3	  28,3	  28,8	  30,2	  31,2	  29,5	   4,2
s	    82,4481	 5	 19,10	 80,13	  14,3	  24,3	  28,3	  28,8	  30,2	  31,2	  29,5	   4,2
s	    83,1553	 8	234,32	109,23	  11,0	  22,3	  26,4	  26,6	  27,9	  29,7	  29,1	   3,7
s	    83,3532	 8	234,07	 69,50	  11,5	  23,0	  27,1	  27,3	  28,7	  30,5	  29,9	   5,2
s	    83,3948	 4	158,28	 90,03	  14,7	  25,4	  29,4	  30,2	  31,6	  32,0	  30,5	   5,9
s	    83,7784	 5	158,23	 85,01	  13,4	  24,4	  28,4	  29,0	  30,3	  31,5	  30,4	   5,7
s	    83,9229	 6	 18,87	104,48	  13,9	  24,1	  28,1	  28,6	  30,0	  31,0	  29,2	   3,8
s	    84,2173	 6	 19,15	 75,21	  12,8	  23,2	  27,1	  27,4	  28,8	  30,6	  29,2	   3,7
s	    84,6709	 6	158,37	 99,67	  13,1	  24,2	  28,3	  28,8	  30,2	  31,3	  30,1	   5,4
s	    84,7683	 6	158,18	 80,41	  13,1	  24,2	  28,3	  28,8	  30,2	  31,3	  30,1	   5,4
s	    85,0823	 8	 59,76	 65,49	  11,3	  22,0	  25,9	  25,7	  27,1	  29,9	  28,8	   3,3
s	    85,9142	 8	 58,16	113,27	  10,0	  21,8	  26,8	  27,2	  28,7	  30,8	  29,5	   4,7
s	    86,2074	 7	158,41	104,15	  12,5	  23,8	  27,9	  28,3	  29,7	  30,9	  29,6	   4,7
s	    86,2630	 7	 18,82	109,22	  12,4	  22,8	  26,7	  26,8	  28,2	  30,1	  28,8	   3,1
s	    86,4546	 7	 19,20	 70,83	  12,9	  23,4	  27,4	  27,6	  29,0	  30,8	  29,6	   4,7
s	    88,6800	 8	158,09	 71,31	  11,0	  22,6	  26,7	  26,8	  28,2	  30,2	  29,2	   4,1
s	    88,9935	 8	 18,77	113,39	  12,5	  23,2	  27,1	  27,3	  28,7	  30,5	  29,1	   4,0
s	    89,3256	 4	292,16	 80,12	  12,4	  23,0	  27,9	  28,6	  30,1	  31,4	  29,5	   4,4
s	    89,4585	 8	 19,25	 66,36	  10,9	  21,5	  25,4	  25,3	  26,7	  29,3	  28,3	   2,4
s	    89,5244	 5	240,01	 89,33	  13,2	  24,2	  28,5	  29,4	  30,6	  30,7	  29,6	   4,5
s	    90,3546	 4	195,13	 89,68	  14,0	  24,1	  28,2	  29,1	  30,4	  30,5	  28,6	   2,6
s	    90,6198	 5	195,17	 94,03	  13,8	  24,1	  28,2	  29,0	  30,3	  30,4	  28,5	   2,4
s	    90,7114	 5	195,09	 85,01	  12,8	  23,1	  27,2	  27,8	  29,1	  30,0	  28,5	   2,4
s	    90,7223	 7	240,06	 98,38	  12,3	  23,5	  27,7	  28,1	  29,5	  30,5	  29,3	   4,0
s	    91,5426	 6	195,22	 98,65	  12,5	  23,0	  27,1	  27,6	  29,0	  29,9	  28,3	   2,1
s	    91,6334	 6	195,04	 80,72	  12,5	  23,0	  27,1	  27,6	  29,0	  29,9	  28,2	   2,1
s	    92,1114	 6	238,82	 84,73	  12,4	  23,6	  27,6	  28,1	  29,5	  30,6	  29,2	   3,8
s	    92,1632	 5	185,99	 89,78	  12,9	  23,5	  27,8	  28,6	  29,9	  29,8	  28,3	   2,1
s	    92,4237	 6	186,03	 94,04	  12,7	  23,5	  27,7	  28,5	  29,8	  29,8	  28,2	   1,9
s	    92,5137	 6	185,94	 85,18	  11,6	  22,5	  26,8	  27,3	  28,6	  29,4	  28,1	   1,9
s	    92,9759	 7	195,26	102,85	  12,1	  22,8	  27,0	  27,4	  28,8	  29,7	  28,0	   1,7
s	    93,0208	 7	238,80	 80,50	  11,4	  23,0	  27,2	  27,7	  29,0	  30,0	  29,0	   3,5
s	    93,2443	 7	195,00	 76,22	  11,1	  21,9	  26,0	  26,2	  27,6	  29,2	  27,9	   1,7
s	    93,3303	 7	186,08	 98,59	  11,3	  22,4	  26,7	  27,2	  28,5	  29,2	  27,9	   1,6
s	    93,4195	 7	185,90	 80,97	  11,3	  22,4	  26,7	  27,2	  28,4	  29,2	  27,9	   1,6
s	    94,3453	 8	238,91	102,33	  11,6	  23,1	  27,1	  27,5	  28,9	  30,1	  28,5	   2,9
s	    94,7390	 8	186,12	102,72	  11,0	  22,2	  26,5	  27,0	  28,2	  29,1	  27,7	   1,2
s	    95,0028	 8	185,85	 76,54	  10,0	  21,3	  25,5	  25,8	  27,1	  28,6	  27,6	   1,2
s	    95,1134	 8	195,31	107,21	  10,7	  21,5	  25,6	  25,7	  27,0	  28,7	  27,6	   1,2
s	    95,2172	 4	346,73	 89,71	  13,6	  23,7	  27,8	  28,7	  30,0	  30,0	  28,0	   1,6
s	    95,2887	 8	194,96	 72,18	  11,2	  22,2	  26,3	  26,5	  27,8	  29,5	  28,4	   2,7
s	    95,3661	 5	307,47	 80,74	  11,6	  22,3	  27,3	  28,0	  29,5	  30,6	  28,7	   3,0
s	    95,4701	 5	346,69	 93,85	  13,4	  23,7	  27,8	  28,5	  29,9	  29,9	  27,9	   1,4
s	    95,5423	 4	102,16	 99,03	  11,3	  21,8	  26,6	  27,3	  28,8	  30,0	  28,0	   1,5
s	    95,5575	 5	346,77	 85,25	  12,4	  22,7	  26,8	  27,4	  28,7	  29,5	  27,9	   1,4
s	    96,3505	 6	346,64	 98,27	  12,1	  22,6	  26,7	  27,2	  28,6	  29,4	  27,7	   1,1
s	    96,4372	 6	346,81	 81,15	  12,1	  22,6	  26,7	  27,2	  28,5	  29,4	  27,7	   1,1
s	    97,7195	 7	346,60	102,28	  11,7	  22,5	  26,6	  27,0	  28,3	  29,2	  27,4	   0,7
s	    97,9760	 7	346,85	 76,85	  10,7	  21,5	  25,6	  25,8	  27,2	  28,8	  27,4	   0,7
s	    98,4639	 2	291,63	 89,31	  15,1	  24,7	  28,5	  29,3	  30,8	  31,2	  27,9	   1,1
s	    98,7092	 3	291,61	 93,33	  14,3	  24,5	  28,4	  29,2	  30,6	  30,9	  28,8	   2,7
s	    98,7940	 3	291,64	 84,98	  13,8	  23,7	  27,5	  28,0	  29,5	  30,7	  27,7	   0,9
s	    99,5635	 4	291,60	 97,62	  13,0	  23,4	  27,4	  27,9	  29,3	  30,4	  28,6	   2,5
s	    99,7640	 8	346,56	106,47	  10,3	  21,2	  25,2	  25,3	  26,6	  28,3	  27,1	   0,2
s	    99,9319	 8	346,89	 72,97	  10,8	  21,8	  25,9	  26,1	  27,4	  29,1	  27,8	   1,7
s	   100,8708	 5	 48,85	 86,04	  11,9	  22,4	  26,4	  26,9	  28,3	  29,3	  27,3	   0,3
s	   100,8925	 5	291,58	101,52	  12,4	  23,1	  27,0	  27,5	  28,9	  30,0	  28,1	   1,8
s	   101,1416	 5	291,67	 76,82	  11,6	  21,9	  25,6	  25,7	  27,2	  29,2	  27,2	   0,2
s	   101,2436	 5	 87,71	 98,60	  10,6	  21,1	  26,0	  26,7	  28,2	  29,3	  27,2	   0,2
s	   101,2781	 6	171,53	 93,86	  10,7	  21,6	  26,8	  27,8	  29,2	  29,3	  27,1	   0,1
s	   102,8792	 6	291,57	105,59	  11,3	  21,7	  25,4	  25,5	  26,9	  29,0	  26,9	  -0,2
s	   103,0424	 6	291,69	 73,05	  11,8	  22,3	  26,1	  26,3	  27,7	  29,8	  27,7	   1,3
s	   103,3664	 5	224,84	 89,45	  12,0	  22,6	  26,9	  27,7	  28,9	  28,8	  27,0	  -0,2
s	   103,6010	 6	224,86	 93,29	  11,8	  22,5	  26,8	  27,6	  28,8	  28,8	  26,8	  -0,4
s	   103,6821	 6	224,81	 85,31	  10,7	  21,6	  25,9	  26,4	  27,7	  28,3	  26,8	  -0,4
s	   104,0183	 3	305,56	 89,38	  14,4	  24,1	  28,0	  28,8	  30,2	  30,4	  27,1	  -0,1
s	   104,2149	 3	116,13	 90,37	  13,1	  23,6	  27,7	  28,5	  29,9	  30,0	  28,1	   1,6
s	   104,2516	 4	305,54	 93,21	  13,7	  23,9	  27,9	  28,7	  30,0	  30,2	  28,0	   1,5
s	   104,4185	 7	224,89	 97,39	  10,5	  21,5	  25,8	  26,3	  27,5	  28,2	  26,6	  -0,6
s	   104,4478	 4	116,15	 94,19	  12,9	  23,6	  27,6	  28,4	  29,8	  30,0	  28,0	   1,5
s	   104,4991	 7	224,78	 81,50	  10,5	  21,5	  25,8	  26,3	  27,5	  28,2	  26,6	  -0,7
s	   104,5283	 4	116,11	 86,26	  11,9	  22,6	  26,7	  27,3	  28,6	  29,5	  28,0	   1,5
s	   104,7502	 8	102,09	 65,97	   8,2	  19,7	  24,6	  24,7	  26,1	  29,0	  27,3	   0,7
s	   104,8519	 2	102,59	 90,42	  14,1	  24,0	  28,0	  28,8	  30,2	  30,4	  28,2	   1,6
s	   104,9797	 7	291,70	 70,02	   7,1	  18,6	  23,6	  23,7	  25,2	  27,8	  26,6	  -0,7
s	   105,0835	 3	102,59	 94,21	  13,8	  24,0	  27,9	  28,7	  30,1	  30,4	  28,0	   1,5
s	   105,1636	 3	102,58	 86,33	  13,5	  23,5	  27,3	  27,8	  29,2	  30,4	  28,0	   1,4
s	   105,2142	 7	291,55	109,23	  11,4	  22,1	  25,9	  26,0	  27,4	  29,5	  27,3	   0,8
s	   105,2593	 5	116,16	 98,26	  11,6	  22,5	  26,6	  27,1	  28,5	  29,4	  27,8	   1,2
s	   105,4221	 5	116,09	 82,20	  12,4	  23,1	  27,3	  28,0	  29,3	  29,4	  27,5	   0,9
s	   105,6915	 8	224,92	101,13	  10,1	  21,4	  25,6	  26,1	  27,3	  28,1	  26,4	  -1,0
s	   105,8204	 7	277,87	 81,14	   9,1	  21,1	  26,4	  27,5	  28,8	  28,7	  27,3	   0,6
s	   105,9125	 4	 72,06	 90,40	  12,8	  23,5	  27,5	  28,3	  29,7	  29,8	  27,8	   1,2
s	   105,9303	 8	224,75	 77,48	   9,1	  20,4	  24,7	  24,9	  26,2	  27,6	  26,4	  -1,0
s	   105,9392	 5	166,78	 89,99	  11,8	  22,4	  26,7	  27,5	  28,7	  28,6	  26,7	  -0,7
s	   105,9700	 4	102,57	 82,58	  12,3	  22,7	  26,6	  27,1	  28,5	  29,6	  27,6	   0,9
s	   106,0661	 6	166,81	 92,82	   9,6	  20,8	  26,2	  27,2	  28,6	  28,4	  26,6	  -0,9
s	   106,1420	 5	 72,05	 94,16	  12,5	  23,4	  27,5	  28,2	  29,6	  29,8	  27,7	   1,0
s	   106,2213	 5	 72,08	 86,36	  11,5	  22,5	  26,5	  27,0	  28,4	  29,4	  27,7	   1,0
s	   106,5230	 6	116,18	101,98	  11,0	  22,2	  26,2	  26,7	  28,0	  29,1	  27,3	   0,6
s	   106,5678	 6	305,63	 77,49	  11,0	  21,3	  25,1	  25,2	  26,6	  28,4	  26,5	  -1,0
s	   106,8828	 6	116,07	 78,22	  10,5	  21,3	  25,4	  25,9	  27,2	  28,0	  26,5	  -1,0
s	   106,9176	 8	277,84	100,85	   7,8	  20,1	  25,4	  26,1	  27,5	  28,4	  27,0	   0,3
s	   106,9681	 7	166,86	 97,76	  11,0	  21,7	  25,8	  26,3	  27,6	  28,4	  26,4	  -1,1
s	   107,0204	 6	 72,09	 82,63	  11,2	  22,4	  26,4	  26,9	  28,2	  29,2	  27,5	   0,7
s	   107,1474	 5	102,61	101,96	  12,0	  22,6	  26,5	  27,0	  28,4	  29,5	  27,3	   0,6
s	   107,3831	 5	102,56	 78,61	  11,1	  21,4	  25,1	  25,2	  26,7	  28,6	  26,5	  -1,0
s	   107,4925	 8	291,54	112,14	   6,7	  18,4	  23,4	  23,4	  24,9	  27,6	  26,2	  -1,4
s	   107,8230	 4	 18,54	 90,04	  13,4	  23,5	  27,6	  28,4	  29,7	  29,6	  27,6	   0,8
s	   108,0488	 5	 18,51	 93,74	  13,1	  23,4	  27,5	  28,3	  29,6	  29,6	  27,5	   0,6
s	   108,1268	 5	 18,58	 86,06	  12,1	  22,5	  26,6	  27,1	  28,4	  29,2	  27,5	   0,6
s	   108,1872	 7	 72,03	101,84	  10,7	  22,0	  26,1	  26,5	  27,8	  28,9	  27,0	   0,2
s	   108,2135	 8	166,89	101,42	  10,7	  21,6	  25,7	  26,1	  27,4	  28,3	  26,1	  -1,5
s	   108,2252	 7	305,47	104,91	  10,6	  21,1	  24,9	  25,0	  26,4	  28,3	  26,2	  -1,4
s	   108,2768	 7	 70,58	 94,09	   9,9	  21,4	  26,7	  27,7	  29,0	  29,0	  27,2	   0,4
s	   108,4147	 7	116,20	105,87	   9,1	  20,4	  24,4	  24,5	  25,9	  27,6	  26,2	  -1,4
s	   108,4209	 7	 72,10	 78,70	   9,1	  20,4	  24,4	  24,5	  25,9	  27,6	  26,2	  -1,4
s	   108,4574	 8	291,72	 65,69	   9,9	  20,9	  24,7	  24,5	  25,9	  28,8	  26,9	  -0,0
s	   108,5703	 7	116,06	 74,89	   9,6	  21,0	  25,1	  25,3	  26,6	  28,4	  27,0	   0,1
s	   108,8355	 6	 18,47	 97,69	  11,8	  22,4	  26,5	  27,0	  28,3	  29,1	  27,3	   0,4
s	   108,8389	 5	262,69	 85,33	  12,2	  22,7	  26,6	  27,1	  28,4	  29,4	  27,3	   0,4
s	   108,8692	 6	167,48	 86,03	  10,3	  21,3	  25,5	  26,0	  27,3	  28,1	  26,3	  -1,4
s	   108,9131	 6	 18,62	 82,40	  11,8	  22,4	  26,5	  27,0	  28,3	  29,1	  27,3	   0,4
s	   109,0291	 6	102,62	105,83	  10,8	  21,2	  24,9	  25,0	  26,4	  28,5	  26,2	  -1,4
s	   109,0636	 7	249,30	 92,99	   9,1	  21,0	  26,4	  27,4	  28,8	  28,7	  27,2	   0,2
s	   109,1839	 6	102,55	 75,02	  11,3	  21,9	  25,7	  25,8	  27,2	  29,2	  27,0	   0,1
s	   109,5433	 6	262,70	 96,89	  12,0	  22,6	  26,5	  26,9	  28,2	  29,3	  27,1	   0,2
s	   109,6250	 5	144,37	 90,20	  11,5	  22,6	  26,9	  27,7	  29,0	  28,8	  27,3	   0,3
s	   109,6505	 7	167,45	 82,39	  10,8	  21,7	  25,7	  26,1	  27,4	  28,4	  26,1	  -1,7
s	   110,0614	 7	 18,43	101,30	  11,5	  22,2	  26,4	  26,8	  28,1	  28,9	  27,0	   0,0
s	   110,1096	 3	 89,37	 90,44	  13,4	  23,5	  27,5	  28,3	  29,7	  29,7	  27,5	   0,5
s	   110,2060	 8	 72,11	 75,14	   9,3	  20,9	  25,0	  25,1	  26,4	  28,2	  26,7	  -0,4
s	   110,2060	 8	 72,01	105,95	   9,8	  21,0	  25,1	  25,5	  26,8	  27,6	  25,9	  -1,9
s	   110,2914	 7	 18,65	 78,52	  10,5	  21,3	  25,4	  25,6	  26,9	  28,5	  27,0	  -0,0
s	   110,3310	 4	 89,37	 94,07	  13,2	  23,4	  27,4	  28,2	  29,6	  29,7	  27,3	   0,3
s	   110,4076	 4	 89,37	 86,53	  12,9	  22,9	  26,8	  27,3	  28,7	  29,7	  27,3	   0,3
s	   110,6598	 8	167,42	 79,41	   6,7	  18,7	  24,0	  24,4	  25,7	  27,4	  25,8	  -2,0
s	   110,7620	 8	262,70	100,48	   9,7	  20,4	  24,4	  24,5	  25,7	  27,5	  25,8	  -2,1
s	   110,8314	 8	116,22	109,62	  10,3	  21,6	  25,8	  26,2	  27,5	  28,4	  26,6	  -0,5
s	   111,0223	 7	102,54	 72,13	   6,7	  18,2	  23,1	  23,2	  24,7	  27,3	  25,9	  -2,0
s	   111,0234	 8	116,04	 71,15	   7,7	  19,2	  23,2	  23,1	  24,4	  27,0	  25,8	  -2,1
s	   111,1789	 5	 89,37	 82,94	  11,7	  22,1	  26,2	  26,7	  28,0	  28,9	  26,9	  -0,2
s	   111,2451	 7	102,63	109,31	  10,9	  21,7	  25,5	  25,5	  27,0	  29,0	  26,7	  -0,4
s	   111,7834	 6	145,48	 86,33	  10,9	  22,0	  26,1	  26,5	  27,9	  28,9	  27,0	  -0,2
s	   111,8979	 8	 18,40	105,08	  10,1	  21,1	  25,2	  25,4	  26,7	  28,3	  26,7	  -0,5
s	   112,0490	 8	 18,69	 75,02	  10,1	  21,1	  25,2	  25,4	  26,7	  28,3	  26,7	  -0,5
s	   112,1742	 8	144,28	 78,58	   9,7	  20,9	  25,1	  25,6	  26,8	  27,5	  25,7	  -2,3
s	   112,3058	 6	 89,37	101,48	  11,4	  22,0	  26,0	  26,5	  27,8	  28,8	  26,7	  -0,5
s	   112,5317	 6	 89,37	 79,13	  10,5	  20,8	  24,6	  24,7	  26,1	  28,0	  25,9	  -2,1
s	   112,5460	 7	145,45	 82,77	  10,6	  21,9	  26,0	  26,4	  27,7	  28,7	  26,8	  -0,5
s	   112,7382	 8	262,67	 74,35	   9,1	  20,7	  24,8	  24,9	  26,2	  28,0	  26,4	  -0,9
s	   113,6264	 8	102,54	 68,78	   6,8	  18,6	  23,6	  23,8	  25,2	  27,9	  26,3	  -1,0
s	   113,6604	 8	145,61	101,11	  10,1	  21,6	  25,6	  26,0	  27,3	  28,4	  26,3	  -1,0
s	   114,1076	 8	102,64	112,89	   9,0	  19,8	  23,6	  23,3	  24,7	  27,5	  25,5	  -2,7
s	   114,1090	 7	 89,37	105,20	  10,2	  20,7	  24,5	  24,5	  25,9	  27,8	  25,6	  -2,6
s	   114,9817	 5	278,62	 89,30	  10,9	  22,1	  26,3	  27,1	  28,4	  28,4	  25,7	  -2,5
s	   115,1770	 4	317,33	 89,48	  12,1	  22,7	  26,8	  27,6	  28,9	  28,9	  26,8	  -0,7
s	   115,1945	 6	278,62	 92,78	  10,2	  21,9	  26,2	  27,0	  28,2	  28,2	  26,6	  -0,9
s	   115,2680	 6	278,63	 85,54	   9,7	  21,1	  25,3	  25,8	  27,1	  27,9	  25,6	  -2,7
s	   115,3894	 5	317,31	 92,96	  11,9	  22,6	  26,8	  27,5	  28,8	  28,8	  26,7	  -0,8
s	   115,4628	 5	317,36	 85,73	  10,8	  21,7	  25,8	  26,4	  27,6	  28,4	  26,7	  -0,8
s	   115,8521	 7	278,63	 82,67	   7,7	  19,9	  25,4	  26,5	  27,7	  27,5	  26,2	  -1,3
s	   115,9363	 7	278,61	 96,51	   9,4	  21,0	  25,2	  25,7	  27,0	  27,8	  25,4	  -2,9
s	   116,0214	 8	 89,37	 72,91	   6,1	  17,6	  22,7	  22,8	  24,2	  26,6	  25,3	  -3,0
s	   116,1301	 6	317,28	 96,68	  10,6	  21,6	  25,7	  26,2	  27,5	  28,3	  26,5	  -1,1
s	   116,2353	 8	 89,37	108,55	  10,4	  21,1	  25,0	  25,1	  26,5	  28,4	  26,0	  -1,5
s	   117,1404	 5	195,52	 89,71	  11,8	  22,3	  26,6	  27,4	  28,6	  28,4	  26,5	  -1,1
s	   117,2477	 6	 39,02	 93,66	  10,3	  21,2	  26,4	  27,4	  28,7	  28,7	  26,4	  -1,3
s	   117,2853	 7	317,26	100,08	  10,0	  21,2	  25,4	  25,8	  27,1	  27,9	  26,0	  -1,6
s	   117,3495	 6	195,55	 93,14	  11,5	  22,3	  26,5	  27,3	  28,5	  28,4	  26,4	  -1,3
s	   117,4219	 6	195,49	 86,02	  10,5	  21,4	  25,6	  26,1	  27,4	  27,9	  26,4	  -1,3
s	   117,4231	 8	278,64	 78,16	   8,5	  20,1	  24,3	  24,7	  25,9	  26,6	  25,1	  -3,3
s	   117,5023	 7	317,42	 78,62	   8,5	  19,6	  23,7	  23,9	  25,1	  26,7	  25,2	  -3,2
s	   118,0789	 7	195,59	 96,81	  10,2	  21,3	  25,5	  26,0	  27,2	  27,9	  26,2	  -1,5
s	   118,1508	 7	195,45	 82,63	  10,2	  21,3	  25,5	  26,0	  27,2	  27,8	  26,2	  -1,6
s	   118,5350	 5	254,14	 89,31	  10,9	  22,0	  26,3	  27,1	  28,3	  28,1	  26,4	  -1,4
s	   118,7419	 6	254,15	 92,71	  10,7	  21,9	  26,2	  27,0	  28,2	  28,1	  26,2	  -1,6
s	   118,8134	 6	254,13	 85,67	   9,6	  21,0	  25,3	  25,8	  27,0	  27,6	  26,2	  -1,6
s	   119,0765	 5	352,76	 89,80	  11,6	  22,2	  26,5	  27,3	  28,5	  28,3	  26,3	  -1,5
s	   119,1613	 8	317,44	 75,30	   8,7	  20,1	  24,3	  24,4	  25,7	  27,3	  25,7	  -2,1
s	   119,2166	 8	195,62	100,16	   9,9	  21,1	  25,4	  25,8	  27,1	  27,7	  26,0	  -1,9
s	   119,2825	 6	352,73	 93,17	  11,4	  22,1	  26,4	  27,2	  28,4	  28,2	  26,2	  -1,7
s	   119,3296	 7	251,06	 85,69	   8,6	  20,6	  25,0	  25,5	  26,7	  27,4	  26,1	  -1,8
s	   119,3301	 8	 39,13	 79,53	   7,6	  19,1	  24,3	  24,8	  26,1	  27,6	  25,9	  -1,9
s	   119,3537	 6	352,80	 86,16	  10,4	  21,2	  25,5	  26,0	  27,2	  27,8	  26,2	  -1,7
s	   119,4303	 8	195,42	 79,02	   8,9	  20,2	  24,4	  24,7	  25,9	  27,3	  25,9	  -1,9
s	   119,4633	 7	254,16	 96,33	   9,4	  20,9	  25,2	  25,7	  26,9	  27,6	  26,0	  -1,8
s	   119,5156	 7	127,75	 83,31	   7,9	  19,6	  24,8	  25,5	  26,9	  27,6	  25,8	  -2,1
s	   120,0009	 7	352,69	 96,78	  10,1	  21,1	  25,4	  25,9	  27,1	  27,7	  26,0	  -1,9
s	   120,0477	 8	251,05	 82,34	   8,4	  20,5	  24,9	  25,3	  26,6	  27,3	  25,9	  -2,0
s	   120,0717	 7	352,83	 82,82	  10,1	  21,1	  25,4	  25,9	  27,1	  27,7	  26,0	  -1,9
s	   120,5702	 8	127,86	100,66	   7,6	  19,4	  24,7	  25,4	  26,7	  27,5	  25,6	  -2,4
s	   120,5889	 8	254,17	 99,65	   8,8	  20,5	  24,8	  25,3	  26,5	  27,2	  25,6	  -2,4
s	   120,7466	 4	 78,05	 90,44	  11,7	  22,3	  26,4	  27,2	  28,5	  28,4	  26,2	  -1,7
s	   120,8030	 8	320,74	 82,56	   7,1	  19,2	  24,6	  25,4	  26,6	  27,3	  25,8	  -2,2
s	   120,9500	 5	 78,04	 93,77	  11,5	  22,2	  26,4	  27,1	  28,4	  28,4	  26,1	  -1,9
s	   121,1218	 8	352,66	100,09	   9,8	  21,0	  25,3	  25,7	  26,9	  27,6	  25,8	  -2,2
s	   121,3324	 8	352,87	 79,26	   8,7	  20,1	  24,3	  24,5	  25,8	  27,1	  25,7	  -2,3
s	   121,3403	 5	 43,31	 90,27	  11,5	  22,1	  26,3	  27,1	  28,3	  28,1	  26,1	  -2,0
s	   121,4523	 6	 43,29	 92,77	   9,2	  20,5	  25,8	  26,9	  28,2	  27,9	  25,9	  -2,1
s	   122,3185	 7	 43,36	 83,41	  10,7	  21,4	  25,5	  25,9	  27,2	  27,9	  25,8	  -2,4
s	   122,5093	 5	 76,90	 86,89	  11,1	  21,7	  25,7	  26,1	  27,5	  28,5	  26,0	  -2,2
s	   122,9741	 7	 78,07	 80,03	   8,9	  19,6	  23,6	  23,7	  25,0	  26,7	  24,7	  -4,3
s	   123,2102	 6	 76,91	 83,62	  10,1	  21,2	  25,3	  25,7	  27,1	  28,0	  25,8	  -2,4
s	   123,9645	 5	138,32	 90,26	  10,5	  21,6	  25,9	  26,7	  27,9	  27,7	  25,8	  -2,5
s	   124,1271	 7	330,01	 82,82	   7,8	  19,0	  24,2	  24,9	  26,3	  26,9	  24,5	  -4,5
s	   124,1629	 6	138,34	 93,51	  10,3	  21,5	  25,8	  26,6	  27,8	  27,7	  25,7	  -2,6
s	   124,2315	 6	138,29	 86,76	  10,0	  21,0	  25,2	  25,7	  26,9	  27,6	  25,7	  -2,6
s	   124,2357	 7	 76,87	100,48	   9,6	  20,9	  24,9	  25,3	  26,7	  27,6	  25,3	  -3,0
s	   124,3288	 6	 42,76	 86,77	  10,0	  21,0	  25,2	  25,7	  26,9	  27,6	  25,7	  -2,6
s	   124,3373	 8	 76,91	 80,39	   9,1	  20,2	  24,2	  24,3	  25,6	  27,3	  25,2	  -3,1
s	   124,5653	 8	 78,07	 76,85	   9,0	  20,2	  24,2	  24,3	  25,6	  27,3	  25,2	  -3,1
s	   124,9235	 7	138,27	 83,53	   9,0	  20,5	  24,8	  25,3	  26,5	  27,1	  25,5	  -2,9
s	   124,9520	 7	 42,68	 96,99	  10,5	  21,4	  25,4	  25,8	  27,1	  28,0	  25,5	  -2,9
s	   125,9148	 8	 42,80	 80,89	   6,5	  18,4	  23,6	  24,1	  25,4	  26,9	  25,3	  -3,2
s	   125,9172	 7	176,42	 93,12	   8,7	  20,2	  25,5	  26,5	  27,8	  27,6	  25,4	  -3,0
s	   125,9359	 8	138,39	100,18	   8,5	  20,2	  24,5	  24,9	  26,1	  26,8	  25,0	  -3,4
s	   126,0153	 8	 76,86	104,13	   9,5	  20,3	  24,3	  24,6	  25,9	  26,8	  24,2	  -5,0
s	   126,4949	 6	346,54	 89,74	  10,2	  21,3	  25,6	  26,5	  27,6	  27,3	  25,4	  -3,0
s	   126,6767	 6	 49,88	 90,32	  10,2	  21,2	  25,6	  26,4	  27,6	  27,2	  25,4	  -3,1
s	   126,6897	 7	346,51	 92,93	   9,9	  21,2	  25,6	  26,4	  27,5	  27,2	  25,3	  -3,2
s	   126,7570	 7	346,57	 86,31	   8,9	  20,3	  24,7	  25,2	  26,4	  26,8	  25,3	  -3,2
s	   126,7843	 7	 49,86	 92,72	   7,9	  19,7	  25,2	  26,2	  27,4	  27,1	  25,3	  -3,2
s	   127,3691	 8	346,48	 96,35	   8,6	  20,2	  24,6	  25,1	  26,2	  26,7	  25,1	  -3,4
s	   127,4362	 8	346,61	 83,14	   8,6	  20,2	  24,6	  25,1	  26,2	  26,7	  25,1	  -3,4
s	   127,5498	 8	 49,83	 96,92	   8,6	  20,2	  24,6	  25,0	  26,2	  26,7	  25,1	  -3,5
s	   127,6303	 6	219,59	 89,51	  10,1	  21,2	  25,6	  26,4	  27,6	  27,2	  25,3	  -3,3
s	   127,8234	 7	219,61	 92,68	   9,9	  21,1	  25,5	  26,3	  27,5	  27,1	  25,2	  -3,4
s	   127,8902	 7	219,56	 86,10	   8,8	  20,2	  24,6	  25,1	  26,3	  26,7	  25,2	  -3,4
s	   128,2068	 6	 48,60	 90,31	  10,1	  21,1	  25,5	  26,3	  27,5	  27,1	  25,3	  -3,4
s	   128,3673	 5	126,25	 90,34	  10,8	  21,5	  25,6	  26,4	  27,7	  27,6	  24,3	  -5,1
s	   128,4973	 8	219,64	 96,06	   8,6	  20,1	  24,5	  25,0	  26,2	  26,6	  25,0	  -3,6
s	   128,5594	 6	126,27	 93,49	  10,0	  21,3	  25,6	  26,3	  27,5	  27,3	  25,2	  -3,4
s	   128,5638	 8	219,54	 82,96	   8,6	  20,1	  24,5	  25,0	  26,2	  26,6	  25,0	  -3,7
s	   129,0703	 8	 48,56	 96,84	   8,5	  20,1	  24,5	  24,9	  26,1	  26,6	  25,0	  -3,7
s	   129,0928	 7	126,21	 84,59	   6,5	  18,5	  23,9	  24,7	  25,9	  26,5	  24,8	  -3,9
s	   129,7550	 6	172,34	 89,96	  10,0	  21,1	  25,4	  26,2	  27,4	  27,0	  25,1	  -3,7
s	   131,0170	 5	327,03	 89,57	  10,8	  21,1	  25,2	  26,0	  27,2	  27,0	  24,1	  -5,6
s	   131,2056	 6	327,00	 92,66	   9,9	  20,6	  24,9	  25,6	  26,8	  26,6	  23,9	  -5,7
s	   131,8590	 6	268,17	 92,38	   8,6	  20,0	  25,2	  26,2	  27,5	  27,4	  24,9	  -4,1
s	   132,8908	 8	326,95	 99,00	   8,3	  19,5	  23,7	  24,2	  25,4	  26,0	  23,6	  -6,2
s	   133,3515	 8	172,92	 96,28	   9,0	  20,4	  24,5	  24,9	  26,2	  26,9	  24,5	  -4,6
s	   133,8197	 7	327,91	 95,89	   9,0	  20,1	  24,3	  24,7	  26,0	  26,7	  24,4	  -4,8
s	   135,0524	 8	150,98	 96,42	   7,1	  18,3	  23,4	  24,1	  25,4	  26,0	  23,3	  -6,7
s	   135,1940	 5	 18,25	 90,07	  10,6	  20,7	  24,9	  25,7	  26,9	  26,5	  23,7	  -6,3
s	   135,3770	 6	 18,22	 93,07	  10,4	  20,7	  24,8	  25,6	  26,8	  26,5	  23,5	  -6,5
s	   135,4403	 6	 18,28	 86,84	   9,3	  19,7	  23,9	  24,4	  25,6	  26,1	  23,5	  -6,5
s	   135,5303	 7	173,31	 86,72	   8,4	  20,0	  24,2	  24,6	  25,9	  26,6	  24,4	  -4,8
s	   136,0159	 7	 18,19	 96,28	   9,1	  19,6	  23,8	  24,3	  25,5	  26,0	  23,4	  -6,7
s	   136,0789	 7	 18,31	 83,85	   9,1	  19,6	  23,8	  24,3	  25,5	  26,0	  23,4	  -6,7
s	   137,0142	 8	 18,16	 99,23	   8,8	  19,5	  23,7	  24,2	  25,4	  25,9	  23,2	  -7,0
s	   137,0988	 7	166,68	 90,02	   8,5	  20,1	  24,7	  25,5	  26,6	  26,0	  24,3	  -5,1
s	   137,2020	 8	 18,34	 80,68	   7,7	  18,6	  22,8	  23,0	  24,2	  25,4	  23,1	  -7,0
s	   138,5374	 5	113,99	 90,41	   8,9	  20,4	  24,8	  25,6	  26,8	  26,5	  24,4	  -5,2
s	   138,7163	 6	114,00	 93,35	   8,7	  20,4	  24,7	  25,5	  26,7	  26,4	  24,2	  -5,3
s	   138,7782	 6	113,98	 87,26	   7,6	  19,4	  23,8	  24,3	  25,5	  26,0	  24,2	  -5,3
s	   139,3408	 7	114,02	 96,49	   7,4	  19,4	  23,7	  24,2	  25,4	  25,9	  24,1	  -5,5
s	   139,4663	 7	113,97	 84,12	   8,4	  20,1	  24,6	  25,3	  26,5	  26,1	  24,1	  -5,6
s	   139,9610	 8	167,23	 86,88	   7,9	  19,6	  23,8	  24,3	  25,5	  26,0	  23,9	  -5,8
s	   140,3170	 8	114,03	 99,37	   6,9	  19,0	  23,4	  23,8	  25,0	  25,6	  23,6	  -6,1
s	   140,3418	 6	103,61	 99,41	   6,3	  17,7	  23,7	  24,6	  26,1	  27,1	  23,9	  -5,9
s	   140,5957	 8	113,95	 81,02	   6,3	  18,2	  22,6	  23,0	  24,1	  24,5	  22,8	  -7,7
s	   141,6354	 5	269,46	 89,31	   9,5	  20,5	  24,8	  25,6	  26,8	  26,5	  24,1	  -5,7
s	   141,8713	 6	269,46	 86,22	   8,9	  19,9	  24,1	  24,6	  25,8	  26,4	  24,0	  -5,9
s	   142,4225	 7	269,46	 95,26	   7,9	  19,5	  23,7	  24,2	  25,4	  25,9	  23,8	  -6,1
s	   142,4828	 7	269,46	 83,37	   8,7	  19,9	  24,0	  24,4	  25,7	  26,3	  23,8	  -6,1
s	   142,6839	 8	232,63	 89,43	   7,2	  19,4	  24,0	  24,8	  25,9	  25,2	  23,7	  -6,3
s	   143,3789	 8	269,46	 98,09	   8,2	  19,5	  23,7	  24,1	  25,3	  26,0	  23,4	  -6,6
s	   143,5588	 8	269,46	 80,32	   5,9	  17,5	  21,7	  21,9	  23,1	  24,3	  22,5	  -8,2
s	   143,9112	 4	290,24	 92,18	   9,1	  19,9	  24,9	  25,9	  27,2	  27,3	  24,0	  -6,1
s	   144,3903	 7	 93,23	 99,19	   5,8	  17,3	  23,4	  24,3	  25,7	  26,5	  23,4	  -6,7
s	   144,4572	 6	356,95	 89,86	  10,0	  20,1	  24,3	  25,1	  26,2	  25,7	  22,6	  -8,2
s	   144,5124	 6	195,78	 89,73	   9,1	  19,7	  24,0	  24,8	  26,0	  25,4	  22,7	  -8,2
s	   144,6292	 7	356,92	 92,68	   9,8	  20,1	  24,2	  25,0	  26,1	  25,7	  22,5	  -8,4
s	   144,6844	 7	195,81	 92,55	   8,8	  19,6	  24,0	  24,7	  25,9	  25,4	  22,6	  -8,3
s	   144,6887	 7	356,98	 86,83	   7,8	  18,7	  23,0	  23,6	  24,7	  25,0	  22,6	  -8,3
s	   144,7439	 7	195,75	 86,70	   7,8	  18,7	  23,0	  23,6	  24,7	  25,0	  22,5	  -8,3
s	   145,0025	 7	201,69	 89,68	   8,1	  19,2	  23,7	  24,5	  25,6	  24,9	  22,5	  -8,4
s	   145,1739	 8	201,72	 92,49	   7,8	  19,2	  23,6	  24,4	  25,5	  24,9	  22,4	  -8,5
s	   145,2298	 8	356,89	 95,70	   7,6	  18,6	  23,0	  23,4	  24,6	  24,9	  22,4	  -8,5
s	   145,2332	 8	201,67	 86,65	   6,8	  18,2	  22,7	  23,2	  24,3	  24,5	  22,4	  -8,5
s	   145,2891	 8	357,01	 84,02	   8,5	  19,1	  23,2	  23,7	  24,8	  25,2	  22,3	  -8,6
s	   145,3441	 8	195,72	 83,90	   7,6	  18,6	  23,0	  23,4	  24,6	  24,9	  22,4	  -8,5
s	   145,6357	 6	290,28	 80,48	   5,7	  16,9	  21,9	  22,2	  23,6	  25,2	  22,6	  -8,4
s	   146,3524	 6	 38,84	 90,25	   9,0	  19,6	  23,9	  24,7	  25,9	  25,3	  22,5	  -8,5
s	   146,4463	 7	 38,82	 92,35	   6,8	  18,0	  23,5	  24,5	  25,7	  25,1	  22,4	  -8,6
s	   146,5811	 7	 38,86	 87,26	   7,7	  18,6	  22,9	  23,5	  24,6	  24,8	  22,4	  -8,6
s	   147,1156	 8	 38,79	 96,03	   7,5	  18,5	  22,9	  23,3	  24,5	  24,8	  22,2	  -8,9
s	   147,1742	 8	 38,88	 84,49	   7,5	  18,5	  22,9	  23,3	  24,5	  24,8	  22,2	  -8,9
s	   147,2621	 7	247,41	 89,36	   8,0	  19,2	  23,6	  24,3	  25,5	  25,0	  22,3	  -8,8
s	   147,4310	 8	247,42	 92,13	   7,7	  19,2	  23,5	  24,3	  25,4	  25,0	  22,2	  -8,9
s	   147,6220	 8	 58,38	 96,14	   6,3	  17,4	  22,5	  21,8	  22,1	  22,8	  20,1	 -10,3
s	   147,8678	 5	300,26	 92,16	   8,6	  19,5	  24,6	  25,6	  26,9	  26,8	  23,5	  -6,9
s	   148,2278	 6	 37,54	 90,25	   9,6	  19,9	  24,1	  24,8	  26,0	  25,6	  22,3	  -8,8
s	   148,3207	 7	 37,52	 92,32	   7,4	  18,4	  23,6	  24,6	  25,8	  25,4	  22,2	  -9,0
s	   148,5647	 8	290,20	103,66	   5,6	  17,4	  22,4	  22,7	  24,1	  25,7	  22,9	  -7,6
s	   149,0400	 8	 37,59	 84,55	   8,1	  18,8	  23,0	  23,5	  24,6	  25,0	  22,0	  -9,2
s	   149,2185	 7	248,04	 89,36	   7,1	  18,7	  23,2	  24,0	  25,1	  24,5	  22,1	  -9,1
s	   149,5493	 7	300,32	 80,75	   5,3	  16,5	  21,6	  21,9	  23,3	  24,7	  22,1	  -9,2
s	   149,6015	 8	 38,09	 95,93	   8,1	  18,8	  23,0	  23,4	  24,6	  25,0	  22,0	  -9,3
s	   149,8987	 7	334,50	 86,71	   8,3	  19,4	  23,6	  24,0	  25,2	  25,8	  23,1	  -7,5
s	   150,4222	 8	334,42	 95,30	   7,3	  19,0	  23,2	  23,7	  24,8	  25,3	  22,9	  -7,7
s	   152,1823	 7	103,79	 79,22	   6,4	  17,6	  22,5	  22,8	  24,2	  26,0	  22,7	  -8,1
s	   153,2455	 7	215,88	 89,56	   8,6	  19,2	  23,4	  24,2	  25,3	  24,7	  21,7	  -9,9
s	   153,4082	 8	215,90	 92,23	   8,3	  19,1	  23,4	  24,1	  25,2	  24,6	  21,6	 -10,1
s	   153,4645	 8	215,85	 86,69	   7,3	  18,2	  22,5	  23,0	  24,0	  24,2	  21,6	 -10,1
s	   154,2081	 3	290,04	 89,36	  10,0	  20,4	  24,5	  25,3	  26,6	  26,4	  23,2	  -7,8
s	   154,2905	 7	 61,15	 87,55	   8,1	  18,7	  22,6	  21,7	  21,9	  22,8	  19,6	 -11,4
s	   154,2975	 4	290,03	 91,36	   7,7	  18,9	  24,0	  25,1	  26,4	  26,2	  23,0	  -7,9
s	   154,4258	 4	290,05	 86,50	   8,7	  19,5	  23,5	  24,0	  25,3	  25,9	  23,0	  -7,9
s	   154,8559	 8	 61,16	 84,91	   7,1	  18,2	  22,3	  21,4	  21,5	  22,3	  19,4	 -11,6
s	   154,9349	 5	290,02	 94,85	   9,2	  19,8	  23,7	  24,1	  25,4	  26,2	  22,9	  -8,1
s	   154,9906	 5	290,06	 83,86	   9,2	  19,8	  23,7	  24,1	  25,4	  26,2	  22,9	  -8,2
s	   155,0798	 8	 43,18	 90,29	   7,3	  18,6	  23,1	  23,8	  24,9	  24,2	  21,5	 -10,3
s	   155,7229	 6	290,07	 81,69	   5,2	  16,9	  22,0	  22,5	  23,8	  25,2	  22,7	  -8,4
s	   155,8188	 6	290,01	 97,47	   7,9	  19,1	  23,1	  23,5	  24,8	  25,5	  22,4	  -8,6
s	   157,1513	 7	290,00	100,25	   6,9	  17,8	  21,6	  21,7	  23,0	  24,6	  21,4	 -10,5
s	   157,2614	 7	290,08	 78,47	   6,6	  18,0	  22,1	  22,2	  23,5	  24,9	  22,2	  -9,0
s	   157,9212	 4	299,45	 89,40	   9,5	  20,1	  24,2	  25,0	  26,2	  25,9	  22,7	  -8,6
s	   158,0086	 5	299,44	 91,35	   7,3	  18,5	  23,7	  24,8	  26,0	  25,7	  22,6	  -8,7
s	   158,0903	 8	176,66	 87,14	   6,1	  17,7	  22,0	  22,5	  23,6	  23,9	  21,2	 -10,8
s	   158,1341	 5	299,46	 86,61	   8,3	  19,1	  23,2	  23,7	  24,9	  25,4	  22,6	  -8,7
s	   158,3140	 8	290,00	102,17	   4,3	  16,4	  21,6	  21,9	  23,2	  24,7	  22,0	  -9,3
s	   158,6319	 6	299,42	 94,77	   8,8	  19,4	  23,4	  23,8	  25,1	  25,7	  22,4	  -8,9
s	   158,6864	 6	299,48	 84,03	   8,8	  19,4	  23,4	  23,8	  25,1	  25,7	  22,4	  -8,9
s	   159,0063	 8	290,09	 75,74	   5,5	  16,7	  20,5	  20,3	  21,6	  24,0	  21,2	 -11,0
s	   159,4026	 7	299,49	 81,90	   4,7	  16,5	  21,7	  22,2	  23,5	  24,7	  22,3	  -9,2
s	   159,4965	 7	299,41	 97,33	   7,5	  18,7	  22,8	  23,3	  24,5	  25,0	  22,0	  -9,4
s	   159,5018	 3	104,01	 90,46	  10,2	  20,3	  24,2	  25,0	  26,3	  26,2	  21,7	 -10,5
s	   159,6585	 4	104,02	 93,03	   9,5	  20,1	  24,2	  24,9	  26,2	  26,0	  22,6	  -8,9
s	   159,7128	 4	104,00	 87,70	   9,7	  19,8	  23,5	  24,0	  25,3	  26,1	  21,5	 -10,7
s	   159,8592	 7	261,68	 91,90	   7,0	  18,3	  23,5	  24,5	  25,7	  25,4	  22,1	  -9,3
s	   160,0464	 5	104,02	 95,16	   6,7	  17,8	  22,8	  23,5	  24,8	  25,6	  21,4	 -10,8
s	   160,8002	 8	299,40	100,05	   6,4	  17,4	  21,3	  21,4	  22,6	  24,1	  21,0	 -11,3
s	   161,2238	 6	103,99	 82,41	   6,9	  18,1	  22,1	  22,3	  23,6	  25,0	  22,2	  -9,4
s	   161,3395	 7	156,31	 90,13	   8,0	  19,2	  23,6	  24,3	  25,4	  24,9	  22,1	  -9,5
s	   161,4945	 8	156,33	 92,68	   7,7	  19,2	  23,5	  24,2	  25,3	  24,8	  22,0	  -9,6
s	   161,9852	 6	 18,05	 90,08	   8,9	  19,5	  23,8	  24,6	  25,7	  25,1	  22,1	  -9,5
s	   162,1396	 7	 18,02	 92,61	   8,7	  19,5	  23,8	  24,5	  25,6	  25,0	  22,0	  -9,6
s	   162,1931	 7	 18,07	 87,36	   7,6	  18,5	  22,8	  23,3	  24,5	  24,6	  22,0	  -9,6
s	   162,3543	 7	104,03	101,02	   6,6	  17,5	  21,3	  21,4	  22,7	  24,2	  21,0	 -11,5
s	   162,6791	 8	 18,00	 95,33	   7,4	  18,5	  22,8	  23,2	  24,3	  24,5	  21,9	  -9,8
s	   162,6908	 8	155,84	 87,42	   6,6	  18,2	  22,5	  23,0	  24,1	  24,3	  21,9	  -9,8
s	   162,7324	 8	 18,10	 84,84	   7,4	  18,5	  22,8	  23,2	  24,3	  24,5	  21,9	  -9,9
s	   163,1009	 4	 94,88	 90,48	   9,8	  20,0	  24,0	  24,7	  26,0	  25,7	  21,2	 -11,3
s	   163,2544	 5	 94,89	 92,99	   9,0	  19,8	  23,9	  24,6	  25,8	  25,5	  22,1	  -9,6
s	   163,3075	 5	 94,88	 87,77	   9,3	  19,4	  23,3	  23,7	  25,0	  25,7	  21,1	 -11,4
s	   163,6341	 6	 94,89	 95,08	   6,3	  17,4	  22,5	  23,2	  24,5	  25,1	  21,0	 -11,6
s	   163,8894	 8	104,04	103,48	   6,1	  17,6	  21,7	  21,8	  23,0	  24,5	  21,5	 -10,3
s	   164,1537	 8	103,98	 77,26	   6,0	  16,8	  20,6	  20,3	  21,6	  24,1	  20,7	 -11,9
s	   164,5562	 5	121,13	 90,40	   8,7	  19,5	  23,6	  24,3	  25,5	  25,2	  21,0	 -11,6
s	   164,7084	 6	121,15	 92,89	   8,0	  19,2	  23,5	  24,2	  25,4	  24,9	  21,9	 -10,0
s	   164,7610	 6	121,12	 87,71	   8,2	  18,9	  22,9	  23,3	  24,5	  25,1	  20,9	 -11,8
s	   164,7874	 7	 94,88	 82,59	   6,5	  17,7	  21,9	  22,0	  23,3	  24,5	  21,8	 -10,1
s	   165,0850	 7	121,16	 94,96	   5,3	  16,9	  22,1	  22,8	  24,1	  24,5	  20,7	 -11,9
s	   165,8949	 8	 94,89	100,82	   6,2	  17,1	  21,1	  21,1	  22,4	  23,8	  20,6	 -12,2
s	   166,2287	 8	121,09	 82,58	   5,4	  17,2	  21,5	  21,7	  22,8	  23,9	  21,6	 -10,5
s	   168,3223	 7	317,54	 91,96	   5,6	  17,0	  22,3	  23,3	  24,5	  24,0	  20,5	 -12,5
s	   168,5629	 8	 32,45	 92,66	   6,1	  17,6	  23,0	  24,0	  25,1	  24,5	  21,4	 -10,9
s	   169,2387	 6	263,11	 89,33	   8,0	  19,0	  23,2	  24,0	  25,1	  24,5	  21,4	 -10,8
s	   169,9045	 8	263,12	 94,37	   6,5	  18,0	  22,2	  22,6	  23,7	  24,0	  21,2	 -11,2
s	   170,1242	 8	255,44	 91,77	   4,5	  16,5	  21,9	  22,9	  24,1	  23,4	  20,2	 -12,9
s	   170,5612	 8	307,45	 91,86	   4,5	  16,9	  22,4	  23,4	  24,5	  24,0	  21,2	 -11,2
s	   170,6323	 5	 86,51	 90,48	   7,9	  19,0	  23,2	  24,0	  25,2	  24,6	  21,5	 -10,9
s	   170,6836	 7	262,22	 86,74	   6,6	  18,1	  22,2	  22,7	  23,8	  24,2	  21,2	 -11,2
s	   170,7181	 7	340,34	 89,71	   7,7	  18,3	  22,5	  23,3	  24,3	  23,6	  20,2	 -13,0
s	   170,7794	 6	 86,51	 92,89	   7,7	  18,9	  23,2	  23,9	  25,1	  24,6	  21,4	 -11,0
s	   170,8302	 6	 86,51	 87,89	   7,4	  18,4	  22,5	  23,0	  24,2	  24,6	  21,4	 -11,0
s	   170,8651	 8	340,32	 92,12	   7,4	  18,2	  22,5	  23,2	  24,2	  23,6	  20,1	 -13,1
s	   170,9159	 8	340,37	 87,12	   5,5	  16,9	  21,3	  21,8	  22,9	  22,9	  20,1	 -13,1
s	   171,1433	 7	 86,51	 94,89	   4,4	  16,4	  21,8	  22,5	  23,7	  24,0	  21,2	 -11,2
s	   171,1976	 8	262,22	 84,34	   6,4	  18,0	  22,2	  22,6	  23,7	  24,1	  21,1	 -11,4
s	   171,3042	 7	195,96	 89,75	   7,5	  18,6	  23,0	  23,8	  24,9	  24,1	  21,2	 -11,2
s	   171,3438	 7	 86,51	 85,49	   7,2	  18,3	  22,5	  22,9	  24,1	  24,5	  21,2	 -11,2
s	   171,4507	 8	195,98	 92,15	   7,2	  18,5	  23,0	  23,7	  24,8	  24,0	  21,1	 -11,4
s	   171,5014	 8	195,93	 87,16	   6,2	  17,6	  22,1	  22,6	  23,6	  23,6	  21,1	 -11,4
s	   172,2488	 8	 86,52	 82,92	   5,1	  16,9	  21,2	  21,4	  22,5	  23,6	  21,0	 -11,5
s	   174,3695	 7	 35,37	 90,24	   7,3	  18,6	  22,9	  23,7	  24,8	  24,1	  21,0	 -11,8
s	   174,6135	 7	 55,21	 90,38	   6,6	  17,7	  22,1	  22,9	  24,0	  23,1	  19,9	 -13,6
s	   174,7574	 8	 55,20	 92,74	   6,3	  17,6	  22,1	  22,8	  23,9	  23,1	  19,8	 -13,7
s	   176,0031	 8	213,48	 89,59	   6,3	  17,9	  22,5	  23,3	  24,3	  23,3	  20,7	 -12,2
s	   176,2266	 7	272,80	 89,33	   6,7	  18,2	  22,6	  23,3	  24,3	  23,7	  20,8	 -12,2
s	   176,4186	 8	272,80	 86,82	   5,4	  17,2	  21,6	  22,1	  23,1	  23,2	  20,6	 -12,3
s	   177,1935	 8	 54,65	 87,87	   5,9	  17,1	  21,4	  21,8	  22,9	  23,1	  19,6	 -14,1
s	   177,2769	 6	315,92	 89,51	   6,6	  17,7	  22,1	  22,9	  24,0	  23,2	  19,8	 -13,9
s	   177,3553	 7	315,91	 91,26	   4,4	  16,2	  21,6	  22,6	  23,8	  23,1	  19,7	 -14,1
s	   177,4373	 8	 35,10	 87,74	   5,9	  17,6	  21,9	  22,3	  23,4	  23,7	  20,6	 -12,4
s	   177,4677	 7	315,94	 87,01	   5,4	  16,8	  21,1	  21,6	  22,7	  22,8	  19,7	 -14,1
s	   177,9141	 8	315,88	 94,33	   5,9	  17,1	  21,3	  21,7	  22,9	  23,1	  19,5	 -14,3
s	   177,9631	 8	315,95	 84,69	   5,9	  17,1	  21,3	  21,7	  22,9	  23,1	  19,5	 -14,3
s	   180,2718	 7	306,36	 89,45	   5,5	  17,6	  22,2	  22,9	  24,0	  23,2	  20,5	 -12,8
s	   180,3490	 8	306,35	 91,17	   3,3	  16,0	  21,7	  22,7	  23,8	  23,0	  20,4	 -12,9
s	   180,4606	 7	256,34	 89,35	   5,5	  17,1	  21,6	  22,4	  23,4	  22,6	  19,4	 -14,6
s	   180,5377	 8	256,34	 91,07	   3,3	  15,6	  21,2	  22,2	  23,3	  22,4	  19,3	 -14,7
s	   180,6483	 8	256,33	 86,89	   4,3	  16,1	  20,6	  21,1	  22,2	  22,1	  19,3	 -14,7
s	   181,0926	 6	 77,63	 90,48	   7,2	  18,0	  22,2	  22,9	  24,0	  23,4	  19,5	 -14,6
s	   181,2316	 7	 77,62	 92,75	   7,0	  17,9	  22,1	  22,8	  23,9	  23,4	  19,4	 -14,7
s	   183,0969	 8	 77,87	 94,61	   3,7	  15,4	  20,7	  21,3	  22,5	  22,7	  19,1	 -15,2
s	   183,2364	 8	179,46	 89,92	   5,9	  17,7	  22,2	  22,9	  24,0	  23,1	  20,1	 -13,4
s	   183,2627	 8	 76,85	 85,79	   6,4	  17,4	  21,4	  21,7	  22,9	  23,4	  19,1	 -15,2
s	   184,3139	 7	137,98	 90,30	   6,6	  17,9	  22,2	  23,0	  24,0	  23,3	  19,9	 -13,7
s	   184,4505	 8	138,00	 92,54	   6,4	  17,8	  22,2	  22,9	  23,9	  23,3	  19,8	 -13,8
s	   189,3603	 7	 17,90	 90,09	   6,6	  17,3	  21,7	  22,4	  23,5	  22,5	  18,7	 -16,1
s	   189,4935	 8	 17,88	 92,28	   6,4	  17,2	  21,6	  22,3	  23,4	  22,4	  18,6	 -16,2
s	   190,4935	 8	289,55	 80,31	   1,6	  13,8	  19,9	  20,4	  21,8	  23,2	  19,3	 -14,9
s	   192,9966	 6	112,10	 90,45	   5,7	  17,4	  21,7	  22,4	  23,5	  22,9	  18,5	 -16,6
s	   193,1273	 7	112,11	 92,60	   5,0	  17,2	  21,6	  22,3	  23,4	  22,7	  19,5	 -15,0
s	   193,1726	 7	112,09	 88,14	   4,5	  16,4	  20,7	  21,2	  22,3	  22,5	  18,4	 -16,7
s	   193,5845	 8	112,11	 94,90	   4,2	  16,3	  20,7	  21,1	  22,2	  22,4	  18,3	 -16,9
s	   193,6764	 8	112,08	 85,84	   4,7	  17,0	  21,5	  22,2	  23,2	  22,4	  19,3	 -15,2
s	   193,9123	 8	 51,04	 90,37	   6,4	  17,5	  21,9	  22,7	  23,6	  22,6	  19,2	 -15,3
s	   196,1963	 8	  2,13	 89,94	   6,3	  16,9	  21,3	  22,0	  23,0	  21,9	  18,0	 -17,4
s	   196,7276	 8	104,54	 99,26	   0,8	  12,8	  18,9	  19,4	  20,7	  22,0	  18,0	 -17,5
s	   197,1355	 8	 32,78	 90,23	   5,3	  16,5	  21,0	  21,8	  22,7	  21,6	  18,0	 -17,5
s	   197,8637	 8	 71,51	 88,21	   5,0	  16,7	  20,9	  21,3	  22,4	  22,6	  19,0	 -15,9
s	   198,5585	 5	289,38	 91,46	   5,4	  16,7	  21,9	  22,8	  24,1	  23,6	  19,2	 -15,6
s	   198,6798	 8	196,09	 89,76	   5,3	  16,4	  20,9	  21,7	  22,7	  21,5	  17,9	 -17,8
s	   199,6148	 7	304,50	 89,44	   5,6	  17,2	  21,5	  22,3	  23,2	  22,4	  18,9	 -16,1
s	   200,5694	 8	289,41	 81,27	   0,4	  12,9	  19,1	  19,8	  21,0	  22,2	  18,5	 -16,5
s	   201,4919	 6	296,84	 91,46	   5,1	  16,4	  21,7	  22,6	  23,8	  23,2	  18,9	 -16,2
s	   201,5340	 8	135,17	 90,33	   3,6	  15,7	  20,4	  21,1	  22,1	  21,0	  17,7	 -18,3
s	   202,1152	 7	267,00	 89,35	   5,5	  17,1	  21,4	  22,2	  23,1	  22,3	  18,7	 -16,5
s	   202,2403	 8	267,00	 91,40	   5,3	  17,0	  21,4	  22,1	  23,0	  22,2	  18,6	 -16,7
s	   202,2836	 8	267,00	 87,14	   5,0	  16,5	  20,7	  21,1	  22,1	  22,2	  18,6	 -16,7
s	   202,6838	 7	275,40	 91,39	   4,1	  15,9	  21,3	  22,2	  23,4	  22,7	  18,7	 -16,6
s	   203,4512	 7	 89,78	 90,50	   4,5	  16,6	  21,1	  21,9	  22,9	  21,9	  18,6	 -16,7
s	   203,5756	 8	 89,78	 92,54	   4,3	  16,5	  21,1	  21,8	  22,8	  21,9	  18,5	 -16,8
s	   203,6186	 8	 89,78	 88,30	   4,8	  16,4	  20,7	  21,1	  22,2	  22,3	  18,5	 -16,8
s	   206,0661	 7	104,65	 96,69	   4,4	  15,8	  20,8	  21,4	  22,7	  23,1	  18,4	 -17,1
s	   206,8288	 8	104,66	 98,35	   0,4	  12,9	  19,1	  19,7	  21,0	  22,1	  18,3	 -17,4
s	   208,5656	 8	 96,57	 96,64	   4,1	  15,6	  20,6	  21,2	  22,4	  22,8	  18,1	 -17,6
s	   208,9080	 4	289,27	 89,38	   7,0	  17,6	  21,7	  22,4	  23,5	  23,0	  17,5	 -19,0
s	   209,0713	 5	289,28	 87,24	   6,5	  17,1	  21,0	  21,3	  22,6	  23,0	  17,4	 -19,2
s	   209,4532	 6	289,26	 93,50	   5,5	  16,6	  20,6	  21,0	  22,2	  22,5	  17,3	 -19,3
s	   209,4951	 6	289,29	 85,26	   5,7	  16,8	  20,9	  21,2	  22,4	  22,7	  18,3	 -17,6
s	   209,9300	 7	289,25	 94,99	   3,5	  15,3	  20,4	  21,0	  22,2	  22,5	  18,2	 -17,8
s	   210,2429	 7	289,29	 83,13	   4,2	  15,6	  19,6	  19,7	  20,9	  22,0	  17,1	 -19,6
s	   211,1221	 8	289,24	 97,58	   3,4	  15,3	  19,5	  19,6	  20,7	  21,7	  18,0	 -18,1
s	   211,3913	 8	 73,06	 90,48	   5,7	  17,0	  21,3	  21,9	  22,9	  22,2	  17,9	 -18,2
s	   211,7041	 5	296,38	 89,41	   6,7	  17,3	  21,5	  22,2	  23,3	  22,6	  17,2	 -19,6
s	   211,8652	 6	296,39	 87,29	   6,1	  16,8	  20,8	  21,1	  22,3	  22,6	  17,1	 -19,7
s	   212,2423	 7	296,36	 93,48	   5,2	  16,3	  20,4	  20,8	  21,9	  22,1	  17,0	 -19,9
s	   212,2837	 7	296,40	 85,34	   5,4	  16,5	  20,7	  21,0	  22,2	  22,3	  18,0	 -18,1
s	   212,7132	 8	296,36	 94,95	   3,2	  15,0	  20,2	  20,8	  22,0	  22,1	  17,8	 -18,3
s	   212,8412	 6	275,94	 89,35	   5,6	  16,8	  21,1	  21,8	  22,9	  22,1	  17,0	 -19,9
s	   213,0015	 7	275,94	 87,25	   5,1	  16,3	  20,4	  20,8	  21,9	  22,0	  16,9	 -20,0
s	   213,0221	 8	296,41	 83,24	   3,9	  15,3	  19,4	  19,5	  20,6	  21,6	  16,8	 -20,2
s	   213,3767	 8	275,94	 93,40	   4,1	  15,8	  20,1	  20,4	  21,5	  21,6	  16,8	 -20,2
s	   213,4179	 8	275,94	 85,30	   4,4	  16,0	  20,3	  20,7	  21,7	  21,8	  17,8	 -18,4
s	   215,3110	 4	104,75	 90,48	   6,2	  17,2	  21,4	  22,1	  23,2	  22,5	  18,1	 -18,3
s	   215,4696	 5	104,74	 88,40	   6,5	  17,1	  20,9	  21,3	  22,5	  22,9	  18,0	 -18,4
s	   215,8406	 6	104,76	 94,49	   5,5	  16,6	  20,6	  21,0	  22,1	  22,4	  17,8	 -18,6
s	   215,8813	 6	104,74	 86,48	   5,5	  16,6	  20,6	  21,0	  22,1	  22,4	  17,8	 -18,6
s	   216,1541	 8	 17,79	 90,10	   5,3	  16,5	  21,0	  21,7	  22,7	  21,4	  17,6	 -18,9
s	   216,3039	 7	104,76	 95,94	   3,2	  15,0	  20,1	  20,7	  21,9	  22,2	  17,7	 -18,8
s	   216,6080	 7	104,73	 84,41	   4,2	  15,6	  19,6	  19,7	  20,9	  21,9	  17,7	 -18,8
s	   216,9373	 8	 96,97	 95,94	   3,0	  14,8	  20,0	  20,6	  21,8	  21,9	  17,5	 -19,0
s	   217,5434	 8	104,73	 82,51	   3,0	  14,9	  19,0	  19,1	  20,2	  21,2	  17,2	 -19,3
s	   217,8253	 6	 97,04	 88,44	   6,1	  16,8	  20,8	  21,1	  22,3	  22,5	  17,7	 -18,9
s	   217,9814	 6	118,51	 90,43	   4,9	  16,5	  20,9	  21,6	  22,6	  21,7	  17,7	 -19,0
s	   218,1926	 7	 97,05	 94,46	   5,2	  16,3	  20,4	  20,8	  21,9	  22,0	  17,5	 -19,1
s	   218,5450	 8	118,49	 86,48	   3,4	  15,4	  19,8	  20,2	  21,3	  21,1	  17,4	 -19,3
s	   226,8847	 8	309,51	 87,51	   3,9	  15,5	  19,8	  20,1	  21,2	  21,1	  16,8	 -20,6
s	   227,7740	 7	 97,47	 90,50	   5,8	  16,6	  20,9	  21,6	  22,6	  21,5	  16,8	 -20,7
s	   227,8856	 8	 97,47	 92,33	   5,6	  16,6	  20,8	  21,5	  22,5	  21,5	  16,7	 -20,8
s	   231,5501	 7	 85,70	 90,51	   4,2	  15,8	  20,3	  21,0	  21,9	  20,8	  16,6	 -21,3
s	   231,6980	 8	 85,71	 88,57	   4,4	  15,6	  19,8	  20,2	  21,2	  21,1	  16,4	 -21,4
s	   236,6448	 8	315,41	 89,53	   3,0	  15,1	  19,7	  20,5	  21,4	  20,1	  16,1	 -22,2
s	   239,8182	 8	 92,35	 90,51	   3,1	  15,2	  19,6	  20,4	  21,2	  20,0	  15,8	 -22,8
s	   252,0724	 8	 98,36	 88,72	   3,0	  14,6	  18,9	  19,2	  20,2	  20,0	  15,0	 -24,7
s	   254,7092	 7	288,87	 92,81	   1,9	  13,6	  18,7	  19,3	  20,4	  20,5	  14,9	 -25,0
s	   259,6544	 6	105,12	 92,11	   2,2	  14,0	  19,3	  20,2	  21,2	  20,3	  14,7	 -25,6
s	   261,6030	 8	116,64	 92,06	   1,0	  13,3	  18,8	  19,7	  20,7	  19,5	  14,3	 -26,2
s	   261,9278	 7	 99,32	 92,11	   1,9	  13,8	  19,1	  20,0	  21,0	  19,9	  14,4	 -26,1
s	   264,7378	 5	288,80	 89,39	   3,5	  15,0	  19,3	  20,0	  21,0	  19,8	  14,5	 -26,3
s	   264,8344	 6	288,80	 90,98	   3,3	  14,9	  19,2	  19,9	  20,9	  19,8	  14,3	 -26,5
s	   264,8678	 6	288,81	 87,69	   3,8	  14,9	  18,8	  19,2	  20,3	  20,2	  14,3	 -26,5
#END
