#HEADER
CATT-Acoustic v8.0b    Copyright © CATT 1988-2003

 Project                : Aula Optica 

 GEOMETRICAL INFORMATION
 Src id and loc     [m] :   E0           9,400        4,600        1,300
 Rec id and loc     [m] :   02           3,000        1,600        1,200

 02       20,5897

 VARIABLE SOURCE DATA
 Directivity
   Type (library)       :  OMNI.SD0
   Dir. Index (DI) [dB] :       0,0      0,0      0,0      0,0      0,0      0,0      0,0      0,0
 Level
   On axis 1m      [dB] :      48,1     57,1     60,8     61,7     63,4     64,6     64,6     48,2
   Total power     [dB] :      59,0     68,0     71,7     72,6     74,3     75,5     75,5     59,1
   Auxiliary delay [ms] :       0,0

 VARIABLE AIR DATA
 Temperature       [°C] :      20
 Relative humidity  [%] :      50
 Density        [kg/m³] :       1,2
 Sound speed      [m/s] :     343
 Impedance      [Ns/m³] :     412
 Diss. coeff. [0.001/m] :      0,10     0,30     0,63     1,07     2,28     6,83    24,23    83,90      (estimated)

#DATAFIELDS
 TYPE DELAY ORDER AZIMUTH ELEVATION SPL125 SPL250 SPL500 SPL1K SPL2K SPL4K SPL8K SPL16K
#DATA
d	     0,0000	 0	350,55	 88,92	  31,1	  40,1	  43,8	  44,7	  46,3	  47,4	  46,9	  28,6
s	     1,2478	 1	349,96	109,20	  29,9	  39,1	  42,8	  43,6	  45,3	  46,4	  45,7	  27,4
*	    45,5039	 1	350,67	 94,37	 -18,0	  -8,8	  -5,2	  -4,4	  -2,8	  -2,0	  -3,8	 -26,0
*	    39,9951	 1	339,96	 94,43	 -15,6	  -6,4	  -2,8	  -1,9	  -0,3	   0,5	  -1,2	 -22,9
*	    39,3314	 1	327,95	 94,33	 -15,6	  -6,5	  -2,8	  -2,0	  -0,4	   0,5	  -1,2	 -22,9
*	    31,5126	 1	356,75	 95,47	 -11,0	  -1,9	   1,8	   2,6	   4,2	   5,1	   3,7	 -17,3
*	    24,0666	 1	344,16	 95,77	  -6,2	   2,9	   6,6	   7,4	   9,1	  10,0	   8,8	 -11,6
*	    23,5208	 1	329,15	 95,78	  -6,8	   2,4	   6,1	   6,9	   8,5	   9,4	   8,2	 -12,1
*	    20,4140	 1	  5,73	 96,97	  -4,1	   5,1	   8,7	   9,6	  11,2	  12,2	  11,0	  -9,0
*	     9,4957	 1	351,06	 97,89	   8,1	  17,3	  20,9	  21,8	  23,4	  24,5	  23,6	   4,5
*	     9,5948	 1	331,26	 98,31	   4,3	  13,5	  17,2	  18,0	  19,6	  20,7	  19,8	   0,7
*	    15,5957	 1	 19,39	 98,91	  -2,1	   7,0	  10,7	  11,6	  13,2	  14,2	  13,2	  -6,4
*	     3,8792	 1	  3,80	101,42	   9,6	  18,8	  22,5	  23,3	  25,0	  26,1	  25,4	   6,8
*	     2,4150	 1	335,94	103,73	   8,9	  18,0	  21,7	  22,6	  24,2	  25,3	  24,6	   6,2
*	    17,4191	 1	 39,33	100,79	  -4,8	   4,4	   8,1	   8,9	  10,5	  11,5	  10,4	  -9,3
*	     6,3724	 1	 29,73	106,58	   4,1	  13,3	  16,9	  17,8	  19,4	  20,5	  19,7	   0,9
*	     1,4737	 1	353,96	121,06	  11,4	  20,6	  24,3	  25,1	  26,8	  27,9	  27,2	   8,9
*	    24,1484	 1	 63,33	101,35	  -9,0	   0,1	   3,8	   4,6	   6,3	   7,2	   6,0	 -14,4
*	    13,9810	 1	 70,24	107,94	  -1,3	   7,9	  11,5	  12,4	  14,0	  15,0	  14,1	  -5,4
*	     8,1517	 1	102,70	129,07	   8,2	  17,4	  21,1	  21,9	  23,6	  24,6	  23,8	   4,8
s	     1,6634	 1	351,19	 67,43	  28,2	  37,3	  41,0	  41,5	  43,2	  45,0	  44,8	  25,6
*	    55,4042	 1	327,12	 83,75	 -19,1	  -9,2	  -5,3	  -4,6	  -3,0	  -1,6	  -3,2	 -24,6
*	    55,3926	 1	337,13	 84,11	 -18,9	  -9,0	  -5,2	  -4,4	  -2,9	  -1,4	  -3,0	 -24,5
*	    59,1139	 1	346,48	 84,60	 -20,1	 -10,3	  -6,4	  -5,7	  -4,1	  -2,7	  -4,4	 -26,2
*	    39,4155	 1	327,48	 82,62	 -12,5	  -2,6	   1,2	   2,0	   3,6	   5,2	   3,9	 -16,1
*	    39,2333	 1	339,56	 83,10	 -12,0	  -2,2	   1,7	   2,4	   4,0	   5,6	   4,4	 -15,6
*	    43,9203	 1	350,50	 83,82	 -14,1	  -4,3	  -0,4	   0,4	   1,9	   3,5	   2,2	 -18,3
*	    24,0207	 1	328,05	 80,86	  -4,0	   5,8	   9,7	  10,5	  12,1	  13,8	  13,0	  -5,7
*	    23,3717	 1	343,24	 81,63	  -2,6	   7,3	  11,2	  11,9	  13,5	  15,2	  14,4	  -4,2
*	    29,7377	 1	356,27	 82,75	  -6,8	   3,1	   7,0	   7,7	   9,3	  11,0	  10,0	  -9,1
*	    10,7225	 1	329,05	 77,83	   5,9	  15,8	  19,6	  20,4	  22,1	  23,8	  23,4	   5,9
*	     8,7944	 1	349,36	 79,28	  12,0	  21,9	  25,8	  26,5	  28,2	  30,0	  29,6	  12,3
*	    18,3080	 1	  4,93	 81,30	   0,8	  10,7	  14,6	  15,4	  17,0	  18,7	  18,1	  -0,1
*	     3,5987	 1	331,27	 71,37	  10,5	  20,4	  24,2	  25,0	  26,7	  28,5	  28,2	  11,4
*	     3,1217	 1	  1,06	 75,23	  13,4	  23,3	  27,2	  28,0	  29,6	  31,5	  31,2	  14,4
*	    13,3767	 1	 18,51	 79,44	   2,8	  12,7	  16,6	  17,4	  19,0	  20,8	  20,2	   2,5
*	     2,2212	 1	340,34	 50,46	  13,8	  23,6	  27,5	  28,3	  30,0	  31,8	  31,5	  14,8
*	     5,1676	 1	 27,16	 68,87	   8,5	  18,4	  22,3	  23,1	  24,7	  26,5	  26,2	   9,2
*	    15,1634	 1	 39,26	 77,78	  -0,1	   9,8	  13,7	  14,5	  16,1	  17,8	  17,3	  -0,6
*	     8,1367	 1	121,32	 38,23	  11,9	  21,8	  25,7	  26,4	  28,1	  29,9	  29,5	  12,2
*	    12,3828	 1	 73,14	 67,96	   3,6	  13,5	  17,3	  18,1	  19,7	  21,5	  21,0	   3,4
*	    21,8237	 1	 65,17	 77,87	  -4,4	   5,5	   9,4	  10,1	  11,8	  13,5	  12,7	  -5,8
s	     5,1428	 2	349,33	126,58	  26,7	  36,0	  39,6	  40,1	  41,8	  43,7	  43,3	  23,8
s	     5,3660	 1	281,33	 87,76	  27,9	  37,4	  41,2	  42,1	  43,7	  44,7	  44,3	  25,6
*	    10,9321	 1	202,06	 66,85	  12,1	  21,6	  25,4	  26,3	  27,9	  28,8	  28,3	   9,1
s	     5,4964	 2	351,78	 51,86	  27,1	  36,6	  40,3	  40,8	  42,5	  44,3	  43,9	  25,2
*	     5,8991	 1	308,23	106,28	  -0,8	   8,7	  12,6	  13,4	  15,0	  16,0	  15,6	  -3,1
s	     6,3665	 2	281,23	104,08	  27,1	  36,8	  40,6	  41,5	  43,1	  44,0	  43,6	  24,8
*	    16,9861	 1	175,04	 58,90	  -7,5	   1,6	   5,3	   6,2	   7,8	   8,6	   8,8	  -9,3
*	    13,7059	 1	185,20	 51,81	  -4,4	   4,7	   8,5	   9,3	  10,9	  11,8	  12,0	  -5,8
*	    10,8585	 1	202,66	 43,84	  -1,5	   7,5	  11,3	  12,2	  13,8	  14,6	  14,9	  -2,6
*	     8,6561	 1	230,50	 38,82	   0,3	   9,4	  13,2	  14,0	  15,6	  16,5	  16,9	  -0,4
*	     7,2359	 1	260,66	 41,34	   0,8	   9,8	  13,6	  14,4	  16,1	  16,9	  17,3	   0,2
*	     6,5335	 1	281,24	 48,60	   0,0	   9,1	  12,8	  13,7	  15,3	  16,2	  16,6	  -0,5
*	     6,3715	 1	293,19	 55,80	  -1,2	   7,9	  11,7	  12,5	  14,1	  15,0	  15,5	  -1,6
*	     9,2130	 1	310,74	 71,62	  -5,5	   3,5	   7,3	   8,2	   9,8	  10,6	  11,0	  -6,4
*	    10,7308	 1	312,54	 73,62	  -6,6	   2,4	   6,2	   7,1	   8,7	   9,5	   9,8	  -7,7
*	    12,6030	 1	313,95	 75,21	  -7,9	   1,2	   4,9	   5,8	   7,4	   8,2	   8,5	  -9,1
*	    14,8310	 1	315,08	 76,52	  -9,3	  -0,3	   3,5	   4,3	   5,9	   6,8	   7,0	 -10,9
*	    17,3951	 1	316,03	 77,60	 -11,0	  -2,0	   1,8	   2,7	   4,3	   5,1	   5,2	 -12,9
*	    20,2582	 1	316,80	 78,53	 -12,8	  -3,8	  -0,0	   0,9	   2,5	   3,2	   3,3	 -15,0
s	     6,7043	 2	281,43	 70,38	  25,5	  35,1	  38,9	  39,4	  41,0	  42,7	  42,7	  23,1
*	     8,5671	 1	151,60	135,69	   9,3	  18,9	  23,7	  24,8	  26,5	  27,6	  26,8	   7,8
s	     9,6084	 3	281,13	119,15	  24,4	  34,2	  37,9	  38,4	  40,0	  41,8	  41,6	  21,8
s	    10,2202	 3	281,53	 55,80	  25,7	  35,5	  39,4	  40,2	  41,8	  42,6	  42,2	  23,1
s	    10,2863	 3	348,74	137,89	  25,4	  35,1	  38,8	  39,3	  40,9	  42,8	  42,2	  23,0
s	    11,1640	 3	352,42	 40,18	  23,7	  33,2	  36,8	  37,1	  38,7	  41,3	  41,1	  21,1
*	    13,8739	 1	104,28	108,12	  -6,4	   3,2	   8,0	   9,1	  10,8	  11,8	  10,9	  -8,5
*	    18,4473	 1	 84,45	102,49	 -11,8	  -2,1	   2,6	   3,7	   5,4	   6,4	   5,4	 -14,5
*	    25,1757	 1	 75,53	 99,33	 -16,8	  -7,2	  -2,4	  -1,3	   0,4	   1,3	   0,1	 -20,3
s	    14,0959	 4	281,05	129,96	  23,5	  33,6	  37,4	  37,9	  39,5	  41,3	  40,9	  21,4
s	    14,9464	 4	127,43	131,65	  22,0	  32,3	  37,1	  37,8	  39,5	  41,4	  40,7	  21,1
s	    15,2791	 4	281,63	 44,76	  22,7	  32,5	  36,4	  36,8	  38,4	  39,9	  39,8	  19,5
s	    16,5709	 1	131,81	 90,76	  24,8	  34,3	  38,1	  39,0	  40,6	  41,4	  40,8	  21,1
*	    34,1196	 1	 76,67	 93,32	  -3,2	   6,3	  10,2	  11,0	  12,6	  13,3	  12,2	  -9,0
*	    21,5345	 1	 92,30	 94,50	   4,8	  14,3	  18,1	  19,0	  20,5	  21,4	  20,6	   0,5
*	    16,7317	 1	139,97	 95,83	  10,9	  20,4	  24,2	  25,1	  26,7	  27,5	  26,9	   7,2
*	    29,1153	 1	 80,91	 83,01	 -12,1	  -2,9	   0,8	   1,6	   3,2	   4,1	   6,8	 -12,4
*	    28,8043	 1	 80,88	 88,14	 -11,9	  -2,7	   1,0	   1,8	   3,4	   4,3	   6,9	 -12,2
*	    26,9351	 1	 83,33	 82,28	 -10,7	  -1,6	   2,1	   2,9	   4,6	   5,5	   8,2	 -10,8
*	    26,6050	 1	 83,31	 87,85	 -10,5	  -1,4	   2,3	   3,1	   4,8	   5,7	   8,4	 -10,5
*	    24,9079	 1	 86,21	 81,42	  -9,4	  -0,2	   3,5	   4,3	   5,9	   6,8	   9,6	  -9,2
*	    24,5565	 1	 86,19	 87,50	  -9,2	   0,0	   3,7	   4,5	   6,1	   7,1	   9,8	  -8,9
*	    23,0518	 1	 89,67	 80,43	  -8,0	   1,1	   4,8	   5,6	   7,3	   8,2	  11,0	  -7,6
*	    22,6765	 1	 89,67	 87,10	  -7,8	   1,4	   5,1	   5,9	   7,5	   8,5	  11,3	  -7,3
*	    21,3890	 1	 93,89	 79,28	  -6,7	   2,5	   6,2	   7,0	   8,6	   9,6	  12,4	  -6,0
*	    20,9867	 1	 93,90	 86,61	  -6,4	   2,8	   6,5	   7,3	   8,9	   9,9	  12,7	  -5,7
*	    19,9469	 1	 99,05	 77,96	  -5,3	   3,8	   7,5	   8,3	  10,0	  10,9	  13,8	  -4,5
*	    19,5146	 1	 99,09	 86,05	  -5,0	   4,2	   7,9	   8,7	  10,3	  11,3	  14,2	  -4,1
*	    18,7608	 1	105,41	 76,48	  -4,1	   5,1	   8,8	   9,6	  11,2	  12,2	  15,1	  -3,1
*	    18,2959	 1	105,48	 85,40	  -3,6	   5,5	   9,2	  10,0	  11,7	  12,7	  15,6	  -2,6
*	    17,8756	 1	113,22	 74,90	  -2,9	   6,2	   9,9	  10,7	  12,4	  13,3	  16,3	  -1,9
*	    17,3773	 1	113,33	 84,69	  -2,4	   6,7	  10,4	  11,3	  12,9	  13,9	  16,8	  -1,3
*	    17,3456	 1	122,64	 73,38	  -2,1	   7,1	  10,8	  11,6	  13,3	  14,2	  17,2	  -0,9
*	    16,8168	 1	122,81	 83,96	  -1,5	   7,7	  11,4	  12,2	  13,9	  14,8	  17,8	  -0,2
*	    17,2276	 1	133,54	 72,18	  -1,6	   7,6	  11,3	  12,1	  13,8	  14,7	  17,7	  -0,4
*	    16,6774	 1	133,77	 83,32	  -0,9	   8,3	  12,0	  12,8	  14,4	  15,4	  18,4	   0,3
s	    16,7622	 4	348,12	146,25	  22,0	  31,8	  35,4	  35,6	  37,2	  39,8	  39,4	  18,9
s	    17,2496	 4	353,02	 32,73	  22,4	  32,3	  36,0	  36,2	  37,9	  40,5	  40,1	  20,3
s	    17,5177	 2	131,57	 78,41	  23,3	  32,6	  36,2	  36,7	  38,3	  40,1	  39,4	  18,9
s	    18,2367	 2	173,12	 89,76	  23,4	  33,4	  37,4	  38,3	  39,8	  40,6	  40,3	  20,4
s	    18,9125	 3	173,43	100,81	  22,8	  33,0	  37,0	  37,8	  39,3	  40,1	  39,7	  19,8
s	    18,9711	 3	132,22	111,27	  20,0	  30,3	  35,2	  35,9	  37,6	  39,2	  38,9	  18,3
s	    19,1438	 3	172,78	 77,93	  21,2	  31,4	  35,3	  35,8	  37,3	  38,9	  38,9	  18,2
*	    19,6902	 1	175,23	 63,10	  -2,3	   7,2	  11,0	  11,9	  13,5	  14,3	  13,6	  -6,4
s	    19,8758	 3	131,36	 67,89	  23,1	  32,7	  36,4	  36,9	  38,5	  40,3	  39,5	  19,5
s	    19,9680	 5	280,95	138,62	  20,3	  30,6	  34,4	  34,5	  36,1	  38,6	  38,5	  17,7
s	    20,0557	 1	 28,11	 90,36	  24,0	  33,0	  36,8	  37,7	  39,3	  40,1	  38,9	  18,1
*	    23,0792	 1	 48,28	 94,74	   2,2	  11,2	  15,0	  15,9	  17,4	  18,2	  18,2	  -0,4
*	    21,0075	 1	 38,06	 94,41	   3,7	  12,7	  16,5	  17,3	  18,9	  19,7	  19,8	   1,4
*	    20,1916	 1	 28,85	 93,97	   4,7	  13,7	  17,5	  18,3	  19,9	  20,7	  20,8	   2,5
*	    20,4181	 1	 29,09	 84,41	   4,5	  13,6	  17,3	  18,2	  19,8	  20,6	  20,6	   2,3
*	    20,8079	 1	 20,91	 93,52	   4,9	  14,0	  17,7	  18,6	  20,2	  21,0	  21,0	   2,6
*	    21,0369	 1	 21,14	 84,69	   4,8	  13,8	  17,6	  18,4	  20,0	  20,8	  20,9	   2,5
*	    23,0241	 1	 14,24	 93,08	   4,1	  13,1	  16,9	  17,8	  19,3	  20,1	  20,1	   1,5
*	    23,2468	 1	 14,46	 85,02	   3,9	  13,0	  16,7	  17,6	  19,2	  19,9	  19,9	   1,3
*	    26,8197	 1	  8,69	 92,69	   2,1	  11,1	  14,9	  15,7	  17,3	  18,0	  17,9	  -1,0
*	    27,0263	 1	  8,89	 85,35	   1,9	  11,0	  14,7	  15,6	  17,2	  17,9	  17,8	  -1,1
*	    31,9155	 1	  4,08	 92,34	  -0,8	   8,3	  12,0	  12,9	  14,5	  15,2	  14,9	  -4,4
*	    32,1007	 1	  4,26	 85,65	  -0,9	   8,2	  11,9	  12,8	  14,4	  15,1	  14,8	  -4,6
*	    37,9386	 1	  0,24	 92,05	  -3,9	   5,2	   8,9	   9,8	  11,3	  12,0	  11,6	  -8,3
*	    38,1026	 1	  0,42	 85,92	  -3,9	   5,1	   8,9	   9,7	  11,3	  11,9	  11,5	  -8,4
*	    44,5838	 1	357,03	 91,78	  -6,9	   2,1	   5,9	   6,7	   8,2	   8,9	   8,3	 -12,2
*	    44,7293	 1	357,19	 86,16	  -7,0	   2,0	   5,8	   6,6	   8,2	   8,8	   8,2	 -12,3
*	    51,6456	 1	354,31	 91,56	  -9,9	  -0,8	   2,9	   3,8	   5,3	   5,9	   5,1	 -16,0
*	    51,7756	 1	354,45	 86,38	  -9,9	  -0,9	   2,9	   3,7	   5,3	   5,8	   5,1	 -16,1
*	    58,9938	 1	351,99	 91,37	 -12,6	  -3,5	   0,2	   1,1	   2,6	   3,1	   2,1	 -19,6
*	    59,1109	 1	352,12	 86,57	 -12,6	  -3,6	   0,2	   1,0	   2,5	   3,0	   2,1	 -19,7
s	    20,4173	 5	281,73	 37,67	  20,8	  31,2	  35,0	  35,2	  36,8	  39,3	  39,1	  19,1
s	    20,6977	 5	127,74	140,31	  18,9	  29,3	  34,1	  34,5	  36,1	  38,7	  38,3	  17,4
s	    20,7018	 2	 27,84	100,92	  23,6	  32,9	  36,6	  37,5	  39,0	  39,9	  38,6	  17,8
s	    20,9231	 2	 28,40	 79,03	  22,6	  31,9	  35,7	  36,2	  37,8	  39,4	  38,6	  17,7
s	    21,1920	 4	173,77	111,87	  20,6	  30,9	  34,8	  35,3	  36,8	  38,4	  38,3	  17,4
s	    21,6364	 4	172,44	 67,05	  22,0	  32,3	  36,3	  37,1	  38,6	  39,3	  39,0	  18,8
s	    22,1652	 4	132,44	120,85	  19,6	  30,3	  35,2	  36,0	  37,6	  39,3	  38,8	  18,6
*	    22,1988	 1	315,57	 84,15	  -1,3	   8,2	  12,0	  12,9	  14,5	  15,3	  14,5	  -5,7
*	    22,6676	 1	315,32	 96,23	  -6,8	   2,7	   6,5	   7,4	   9,0	   9,8	   9,0	 -11,2
s	    22,8876	 3	 27,55	111,56	  22,0	  31,3	  35,0	  35,5	  37,1	  38,7	  38,0	  16,9
s	    23,0978	 3	 28,66	 69,26	  22,4	  31,9	  35,7	  36,2	  37,8	  39,4	  38,7	  18,4
s	    23,2800	 5	347,54	151,70	  20,9	  31,0	  34,7	  34,9	  36,5	  39,1	  38,5	  18,1
s	    23,7417	 4	131,12	 58,17	  20,5	  30,3	  33,9	  34,1	  35,7	  38,2	  37,7	  16,6
s	    24,3121	 5	353,66	 27,07	  19,2	  29,2	  32,8	  32,7	  34,3	  37,7	  37,4	  16,3
*	    24,4089	 1	318,88	 95,85	 -13,6	  -4,1	  -0,3	   0,6	   2,2	   3,0	   2,1	 -18,3
s	    24,5421	 5	174,09	120,83	  20,2	  30,8	  34,8	  35,3	  36,8	  38,4	  38,2	  17,7
s	    25,4576	 5	172,10	 57,68	  19,5	  29,9	  33,9	  34,3	  35,8	  37,2	  37,2	  15,9
*	    25,8900	 1	 49,98	 87,15	   1,2	  10,4	  14,1	  14,9	  16,5	  17,4	  16,2	  -4,4
*	    30,6462	 1	 63,95	 87,39	  -1,3	   7,9	  11,6	  12,4	  14,0	  14,9	  13,5	  -7,5
s	    26,1162	 4	 27,28	120,27	  21,6	  31,3	  35,1	  35,6	  37,1	  38,8	  37,9	  17,4
s	    26,5249	 6	280,86	144,98	  20,3	  30,7	  34,6	  35,1	  36,6	  38,2	  37,6	  17,0
s	    26,7010	 4	 28,94	 60,03	  20,0	  29,6	  33,3	  33,5	  35,1	  37,4	  37,0	  15,6
s	    27,0122	 6	281,83	 31,45	  17,7	  28,2	  32,0	  31,9	  33,4	  36,7	  36,7	  15,3
s	    27,0956	 5	130,96	 52,41	  18,2	  28,8	  33,5	  34,0	  35,6	  38,2	  37,6	  16,9
s	    28,0238	 8	275,88	142,37	  17,9	  29,0	  33,1	  33,2	  34,7	  37,0	  37,1	  16,3
s	    28,5244	 2	257,71	 88,07	  21,4	  30,9	  34,8	  35,7	  37,2	  37,9	  36,8	  15,3
s	    29,0604	 3	257,76	 96,84	  21,1	  30,8	  34,7	  35,5	  37,0	  37,7	  36,6	  15,0
s	    29,1970	 6	174,43	128,93	  17,6	  28,3	  32,2	  32,4	  33,9	  36,3	  36,2	  14,6
s	    29,2446	 3	257,65	 78,65	  20,0	  29,8	  33,7	  34,3	  35,9	  37,3	  36,6	  15,0
s	    29,3195	 5	 90,78	119,08	  18,8	  29,2	  34,0	  34,7	  36,4	  38,0	  37,1	  16,3
s	    29,5637	 6	171,81	 50,94	  18,0	  29,0	  32,9	  33,1	  34,7	  37,0	  37,0	  16,1
s	    30,4889	 2	100,41	 91,27	  21,1	  30,6	  34,5	  35,4	  36,9	  37,5	  36,4	  14,7
s	    30,6249	 6	346,92	155,98	  17,8	  28,0	  31,6	  31,5	  33,1	  36,4	  35,9	  14,2
s	    30,6282	 5	 26,99	128,23	  19,1	  28,8	  32,5	  32,7	  34,3	  36,7	  36,0	  14,3
s	    30,8926	 4	257,82	105,86	  19,5	  29,3	  33,2	  33,7	  35,2	  36,7	  36,1	  14,4
s	    31,0702	 4	257,60	 70,35	  20,0	  30,0	  33,9	  34,4	  36,0	  37,4	  36,9	  15,9
s	    31,1588	 6	354,26	 23,23	  18,2	  28,6	  32,3	  32,2	  33,8	  37,1	  36,6	  15,6
s	    32,5878	 6	130,73	 45,55	  14,7	  25,8	  30,6	  30,8	  32,4	  35,6	  35,5	  13,7
s	    32,9413	 4	100,32	 74,19	  20,4	  30,1	  33,9	  34,4	  35,9	  37,5	  36,5	  15,3
*	    33,0945	 1	 74,87	 92,01	 -11,3	  -2,3	   1,5	   2,3	   3,9	   4,6	   4,3	 -15,2
*	    33,2309	 1	 74,84	 95,89	 -11,4	  -2,4	   1,4	   2,3	   3,8	   4,5	   4,2	 -15,2
s	    33,3387	 3	 98,07	 82,60	  20,6	  30,2	  33,9	  34,4	  36,0	  37,7	  36,5	  15,3
s	    33,5183	 7	281,94	 27,07	  16,9	  27,7	  31,6	  31,4	  33,0	  36,3	  36,0	  14,8
s	    33,5183	 7	280,77	149,74	  17,4	  27,9	  31,7	  31,8	  33,3	  35,6	  35,2	  13,3
s	    33,5653	 6	 90,79	126,76	  16,4	  26,8	  31,6	  32,0	  33,6	  36,0	  35,3	  13,4
*	    33,6406	 1	 73,13	 90,18	 -13,6	  -4,6	  -0,8	   0,0	   1,6	   2,3	   2,0	 -17,5
*	    33,6834	 1	 73,10	 93,97	 -13,7	  -4,6	  -0,9	   0,0	   1,6	   2,3	   2,0	 -17,6
*	    33,9198	 1	 73,07	 97,74	 -13,8	  -4,7	  -1,0	  -0,1	   1,4	   2,1	   1,9	 -17,7
s	    33,6467	 5	257,87	113,51	  19,3	  29,5	  33,4	  33,9	  35,4	  36,9	  36,2	  15,0
s	    34,1512	 5	257,54	 62,20	  17,7	  27,8	  31,7	  31,9	  33,4	  35,6	  35,3	  13,3
s	    34,3754	 4	 98,17	105,91	  16,9	  27,4	  32,3	  33,0	  34,6	  36,2	  35,4	  13,4
s	    34,6694	 7	174,77	135,54	  18,0	  28,9	  32,9	  33,4	  34,8	  36,2	  35,8	  14,5
*	    34,9899	 1	 75,11	 84,52	 -13,6	  -4,6	  -0,8	   0,0	   1,6	   2,3	   1,9	 -17,7
*	    34,7416	 1	 75,08	 88,25	 -13,5	  -4,5	  -0,7	   0,1	   1,7	   2,4	   2,1	 -17,5
s	    35,0855	 7	171,48	 44,43	  15,4	  26,4	  30,3	  30,2	  31,7	  34,8	  34,9	  12,8
s	    35,5589	 6	 26,71	134,37	  18,5	  28,7	  32,4	  32,6	  34,2	  36,6	  35,8	  14,4
s	    35,9203	 5	100,27	 66,27	  18,2	  28,0	  31,7	  31,8	  33,4	  35,7	  35,0	  12,8
s	    36,3690	 6	 29,49	 46,31	  16,9	  26,9	  30,6	  30,5	  32,1	  35,2	  34,8	  12,6
s	    36,7173	 6	 98,20	113,26	  15,1	  25,9	  30,8	  31,3	  32,8	  35,0	  34,7	  12,5
s	    37,4549	 3	196,91	 89,24	  19,0	  29,0	  33,1	  33,9	  35,4	  35,9	  34,9	  12,6
s	    37,5775	 6	257,93	120,81	  17,0	  27,3	  31,1	  31,3	  32,8	  35,0	  34,6	  12,2
s	    37,6387	 7	346,34	158,97	  17,0	  27,5	  31,2	  31,0	  32,6	  36,0	  35,3	  13,7
s	    38,2436	 7	130,52	 40,39	  14,1	  25,5	  30,4	  30,6	  32,2	  35,4	  35,1	  13,5
s	    38,7300	 7	354,91	 20,10	  15,3	  25,8	  29,4	  28,9	  30,5	  34,6	  34,3	  11,8
s	    39,2426	 7	133,22	142,81	  15,5	  26,2	  29,9	  29,8	  31,3	  34,5	  34,2	  11,7
s	    39,6243	 5	196,49	 74,10	  18,4	  28,6	  32,5	  33,0	  34,5	  36,0	  35,1	  13,4
s	    40,2717	 8	280,68	153,16	  16,7	  27,5	  31,4	  31,5	  33,0	  35,3	  34,7	  12,8
s	    40,7411	 8	171,16	 39,50	  14,8	  26,2	  30,1	  30,0	  31,5	  34,6	  34,6	  12,7
s	    40,7411	 8	175,11	140,89	  15,3	  26,3	  30,3	  30,4	  31,9	  34,0	  33,8	  11,2
s	    40,7711	 6	 97,98	 61,84	  16,8	  27,3	  32,2	  32,8	  34,4	  36,0	  34,8	  12,9
s	    40,7991	 8	282,05	 23,42	  14,0	  25,0	  28,8	  28,3	  29,8	  33,8	  33,8	  11,2
s	    41,4671	 7	 26,42	139,83	  15,9	  26,2	  29,9	  29,7	  31,2	  34,4	  33,8	  11,1
s	    41,8487	 6	197,54	111,14	  17,2	  27,8	  31,9	  32,4	  33,8	  35,2	  34,6	  12,6
s	    41,9085	 7	 29,75	 41,35	  16,4	  26,8	  30,5	  30,4	  32,0	  35,1	  34,5	  12,5
s	    42,3252	 7	257,98	127,09	  17,6	  28,0	  32,0	  32,4	  33,9	  35,2	  34,4	  12,4
s	    43,0599	 7	257,42	 48,91	  16,0	  26,3	  30,2	  30,4	  31,8	  33,9	  33,5	  10,7
s	    43,0968	 7	100,20	 54,92	  12,9	  24,0	  28,9	  29,1	  30,6	  33,6	  33,5	  10,7
s	    43,5284	 8	 95,14	 63,25	  14,9	  25,9	  30,8	  31,1	  32,7	  35,1	  34,1	  12,0
s	    43,8147	 8	133,40	145,96	  13,9	  25,1	  29,9	  29,9	  31,6	  34,9	  34,0	  11,9
s	    44,5254	 8	 97,95	 56,49	  13,0	  24,4	  29,4	  29,6	  31,1	  34,2	  33,9	  11,7
s	    44,7698	 8	130,30	 35,87	  11,5	  22,9	  27,8	  27,6	  29,2	  33,1	  33,1	  10,1
s	    45,0288	 2	 38,90	 90,77	  19,6	  29,2	  33,1	  33,9	  35,4	  35,9	  34,7	  12,5
s	    45,2920	 7	197,75	117,75	  15,7	  26,1	  30,0	  30,1	  31,6	  33,8	  33,1	  10,1
s	    45,3306	 8	345,73	161,47	  14,1	  24,8	  28,4	  27,9	  29,5	  33,6	  33,0	  10,0
s	    45,4309	 3	 38,75	 97,35	  19,3	  29,1	  33,0	  33,8	  35,3	  35,8	  34,6	  12,3
s	    45,8843	 8	355,51	 17,84	  14,6	  25,4	  29,1	  28,6	  30,2	  34,3	  33,7	  11,4
s	    46,8195	 4	 38,59	104,26	  17,9	  27,9	  31,8	  32,3	  33,8	  35,2	  34,2	  11,8
s	    47,3161	 8	258,03	132,09	  14,2	  24,9	  28,8	  28,6	  30,1	  33,1	  32,7	   9,5
s	    47,3711	 8	 26,14	144,01	  15,4	  26,0	  29,7	  29,6	  31,1	  34,3	  33,4	  11,0
s	    47,5705	 8	203,54	109,09	  13,2	  25,1	  30,3	  31,1	  32,5	  33,7	  33,4	  11,0
s	    47,8900	 8	100,16	 49,83	  12,6	  24,0	  29,0	  29,2	  30,7	  33,7	  33,4	  10,9
s	    48,1258	 8	257,36	 44,03	  15,6	  26,3	  30,3	  30,4	  31,9	  33,9	  33,3	  10,8
s	    48,3083	 8	 30,03	 36,94	  13,8	  24,3	  28,0	  27,5	  29,0	  32,9	  32,5	   9,2
s	    48,4565	 3	 39,77	 84,01	  17,9	  27,9	  31,7	  32,2	  33,7	  35,2	  34,1	  11,5
s	    49,1295	 8	195,88	 55,90	  12,2	  23,6	  28,7	  29,1	  30,6	  32,5	  32,4	   9,0
s	    49,3399	 5	 39,36	 70,80	  15,6	  25,7	  29,6	  29,7	  31,2	  33,3	  32,7	   9,3
s	    49,7855	 4	 39,90	 77,88	  17,5	  27,7	  31,5	  32,0	  33,5	  35,0	  33,7	  11,1
s	    51,1850	 3	 26,63	 90,50	  17,9	  27,9	  32,0	  32,8	  34,2	  34,6	  33,6	  10,8
s	    51,5529	 4	 26,48	 96,52	  17,6	  27,8	  31,9	  32,7	  34,1	  34,5	  33,5	  10,6
s	    51,6798	 4	 26,80	 84,02	  16,6	  26,9	  30,9	  31,5	  32,9	  34,1	  33,4	  10,6
s	    51,6980	 5	 39,19	109,59	  16,8	  27,2	  31,0	  31,4	  32,9	  34,5	  33,1	  10,3
s	    51,8855	 6	 40,04	 72,04	  15,6	  26,0	  29,9	  30,1	  31,6	  33,8	  32,9	  10,1
s	    52,3051	 6	 39,50	 65,21	  15,5	  26,0	  29,9	  30,1	  31,6	  33,7	  32,9	  10,0
s	    52,8258	 5	 26,31	102,86	  16,2	  26,7	  30,7	  31,3	  32,7	  33,9	  33,1	  10,2
s	    52,9505	 5	 26,95	 78,15	  16,2	  26,7	  30,7	  31,3	  32,7	  33,9	  33,1	  10,2
s	    53,8078	 6	 76,52	109,60	  14,4	  25,4	  30,3	  30,9	  32,5	  34,0	  32,6	   9,6
s	    54,0123	 3	249,87	 88,25	  17,5	  27,6	  31,6	  32,5	  33,9	  34,3	  33,2	  10,1
s	    54,3662	 4	249,93	 94,05	  17,3	  27,5	  31,5	  32,3	  33,8	  34,2	  33,0	  10,0
s	    54,4283	 1	332,11	 89,02	  18,7	  28,2	  32,0	  32,8	  34,3	  34,9	  33,3	  10,3
*	    62,3464	 1	351,19	 87,00	  -5,1	   4,4	   8,2	   9,0	  10,5	  11,1	   9,3	 -14,5
*	    55,2851	 1	338,17	 86,41	  -2,7	   6,8	  10,6	  11,4	  12,9	  13,5	  11,9	 -11,2
*	    55,8939	 1	323,68	 85,99	  -3,2	   6,3	  10,1	  11,0	  12,5	  13,1	  11,4	 -11,8
s	    54,4884	 4	249,81	 82,01	  16,2	  26,6	  30,6	  31,2	  32,6	  33,7	  33,0	   9,9
s	    54,7803	 2	331,97	 94,78	  18,4	  28,1	  31,9	  32,7	  34,2	  34,9	  33,2	  10,1
s	    54,7827	 6	 26,16	108,50	  15,5	  26,2	  30,2	  30,7	  32,1	  33,4	  32,5	   9,4
s	    54,9018	 2	332,27	 82,82	  17,4	  27,1	  31,0	  31,5	  33,0	  34,4	  33,2	  10,0
s	    54,9351	 6	 39,03	115,89	  15,7	  25,9	  29,8	  30,1	  31,6	  33,0	  31,7	   7,8
s	    55,1465	 6	 27,12	 72,12	  13,9	  24,6	  28,5	  28,7	  30,2	  32,1	  31,7	   7,8
s	    55,5922	 5	249,99	100,16	  15,9	  26,4	  30,4	  30,9	  32,4	  33,6	  32,7	   9,5
s	    55,7124	 5	249,75	 76,35	  15,9	  26,4	  30,4	  30,9	  32,4	  33,6	  32,7	   9,5
s	    55,9996	 3	331,81	100,86	  16,3	  26,1	  29,8	  30,3	  31,8	  33,2	  31,9	   7,9
s	    56,0749	 2	311,80	 88,57	  17,5	  27,5	  31,5	  32,3	  33,8	  34,3	  33,0	   9,8
s	    56,1191	 3	332,41	 77,19	  16,8	  26,7	  30,5	  31,1	  32,6	  34,0	  32,6	   9,4
s	    56,2089	 7	 39,65	 59,72	  13,3	  23,9	  27,7	  27,6	  29,1	  32,0	  31,4	   7,4
s	    56,4194	 3	311,69	 94,21	  17,3	  27,4	  31,4	  32,2	  33,7	  34,2	  32,8	   9,6
s	    56,5383	 3	311,91	 82,50	  16,2	  26,5	  30,4	  31,0	  32,5	  33,8	  32,8	   9,5
s	    56,9569	 7	 76,47	115,75	  13,3	  24,1	  29,1	  29,7	  31,2	  32,6	  31,3	   7,2
s	    57,4798	 6	250,04	105,61	  15,2	  25,9	  29,9	  30,4	  31,8	  33,1	  32,1	   8,8
s	    57,6131	 4	311,58	100,17	  15,1	  25,4	  29,3	  29,8	  31,2	  32,6	  31,5	   7,4
s	    57,8514	 4	312,03	 76,57	  16,6	  26,9	  30,9	  31,7	  33,1	  33,5	  32,3	   8,9
s	    57,8774	 4	331,67	106,29	  16,4	  26,5	  30,3	  30,8	  32,3	  33,7	  32,3	   8,9
s	    57,8927	 7	 27,27	 66,88	  13,9	  24,9	  28,9	  29,1	  30,5	  32,5	  31,9	   8,5
s	    58,0126	 6	249,68	 70,11	  14,6	  25,2	  29,3	  29,8	  31,2	  32,3	  31,2	   7,1
s	    58,1296	 7	 38,90	120,51	  14,6	  25,4	  29,2	  29,3	  30,8	  33,2	  31,9	   8,5
s	    58,2269	 4	332,57	 71,38	  14,8	  24,8	  28,6	  28,8	  30,3	  32,5	  31,4	   7,2
s	    58,6236	 8	 39,97	114,68	  13,8	  24,5	  28,3	  28,4	  29,8	  32,0	  30,9	   6,7
s	    59,4531	 5	311,47	105,49	  15,2	  25,9	  29,8	  30,3	  31,7	  33,1	  31,9	   8,4
s	    59,9729	 5	312,15	 70,89	  14,6	  25,0	  29,0	  29,4	  30,8	  32,0	  31,1	   6,7
s	    60,0625	 8	 37,98	126,56	  12,7	  23,4	  27,2	  27,1	  28,5	  31,5	  30,7	   6,4
s	    60,2600	 7	250,10	111,15	  13,1	  23,9	  27,9	  28,1	  29,5	  31,5	  30,8	   6,4
s	    60,4864	 7	249,63	 65,42	  13,6	  24,6	  28,6	  28,8	  30,2	  32,2	  31,6	   7,9
s	    60,6440	 5	331,51	111,79	  14,3	  24,5	  28,3	  28,4	  29,9	  32,2	  31,0	   6,6
s	    60,8693	 5	332,72	 66,31	  14,8	  25,2	  29,0	  29,2	  30,7	  32,9	  31,7	   8,1
s	    60,9715	 8	 25,84	119,08	  13,4	  24,5	  28,5	  28,7	  30,1	  32,1	  31,4	   7,7
s	    61,5312	 8	 27,43	 61,67	  11,8	  22,8	  26,8	  26,7	  28,1	  30,9	  30,5	   6,0
s	    61,9570	 5	312,74	 77,20	  14,0	  24,9	  30,0	  31,0	  32,5	  32,9	  31,6	   7,8
s	    62,1671	 6	311,36	110,91	  13,2	  23,9	  27,8	  27,9	  29,4	  31,5	  30,6	   6,1
s	    62,1819	 7	216,97	105,17	  12,5	  24,0	  29,0	  29,7	  31,2	  32,6	  31,3	   7,5
s	    62,2101	 2	351,28	 89,55	  17,6	  27,1	  31,0	  31,9	  33,3	  33,7	  32,1	   8,3
s	    62,3882	 6	312,25	 66,30	  13,7	  24,6	  28,5	  28,7	  30,2	  32,3	  31,4	   7,6
s	    62,5292	 3	351,13	 94,78	  17,3	  27,1	  30,9	  31,7	  33,2	  33,7	  31,9	   8,1
s	    62,6393	 3	351,44	 83,93	  16,3	  26,1	  30,0	  30,6	  32,0	  33,2	  31,9	   8,1
s	    63,3180	 5	209,62	 83,42	  15,0	  25,7	  29,6	  30,1	  31,6	  32,9	  31,6	   7,7
s	    63,4702	 8	250,16	115,91	  13,1	  24,2	  28,3	  28,4	  29,8	  31,9	  31,0	   7,1
s	    63,6364	 4	350,97	100,31	  15,2	  25,1	  28,9	  29,4	  30,8	  32,0	  30,6	   6,0
s	    63,7451	 4	351,58	 78,81	  15,7	  25,7	  29,6	  30,1	  31,6	  32,8	  31,4	   7,5
s	    63,8396	 6	331,37	116,54	  14,2	  24,8	  28,6	  28,8	  30,3	  32,5	  31,2	   7,3
s	    63,9879	 6	209,99	 98,42	  12,0	  23,6	  28,8	  29,6	  31,0	  32,2	  31,4	   7,5
s	    64,0135	 8	249,57	 60,33	  11,5	  22,6	  26,6	  26,4	  27,8	  30,6	  30,2	   5,5
s	    64,3805	 6	332,88	 61,24	  12,7	  23,2	  26,9	  26,8	  28,3	  31,3	  30,3	   5,6
s	    64,4149	 6	209,49	 78,33	  14,7	  25,5	  29,5	  29,9	  31,3	  32,7	  31,3	   7,4
s	    64,8092	 8	217,10	110,43	  10,5	  22,1	  27,0	  27,4	  28,9	  31,0	  30,0	   5,3
s	    65,3475	 5	350,83	105,28	  15,3	  25,5	  29,4	  29,9	  31,3	  32,6	  31,1	   7,0
s	    65,5703	 7	311,24	115,94	  14,1	  25,0	  29,0	  29,5	  30,9	  32,1	  30,8	   6,8
s	    65,6667	 5	351,74	 73,48	  13,8	  23,9	  27,7	  27,9	  29,3	  31,4	  30,3	   5,4
s	    65,8377	 7	312,37	 61,30	  11,5	  22,6	  26,5	  26,3	  27,8	  30,6	  30,0	   5,2
s	    67,8789	 7	331,22	121,24	  12,1	  22,8	  26,5	  26,3	  27,8	  30,8	  29,7	   4,7
s	    67,8808	 6	350,67	110,37	  13,3	  23,6	  27,4	  27,6	  29,0	  31,1	  29,8	   4,8
s	    68,1891	 7	333,02	 56,92	  12,6	  23,4	  27,2	  27,1	  28,6	  31,6	  30,5	   6,2
s	    68,7579	 3	 43,36	 90,93	  16,0	  25,5	  29,5	  30,4	  31,8	  32,0	  30,1	   5,0
s	    69,0537	 4	 43,26	 95,77	  15,7	  25,5	  29,4	  30,2	  31,6	  31,9	  29,9	   4,8
s	    69,5804	 8	313,06	 62,54	   9,0	  20,7	  25,6	  25,7	  27,2	  30,1	  29,4	   4,2
s	    69,5848	 8	311,13	120,55	  12,0	  22,9	  26,9	  27,0	  28,4	  30,4	  29,4	   4,2
s	    69,5848	 8	312,47	 57,02	  11,5	  22,8	  26,8	  26,6	  28,1	  31,0	  30,2	   5,8
s	    70,0812	 5	 43,15	100,92	  14,4	  24,4	  28,4	  28,9	  30,3	  31,3	  29,7	   4,4
s	    70,5216	 3	313,99	 88,65	  15,1	  25,6	  29,6	  30,5	  31,9	  32,2	  30,8	   6,3
s	    70,8117	 4	313,90	 93,40	  14,8	  25,5	  29,6	  30,4	  31,8	  32,1	  30,7	   6,2
s	    70,8238	 7	350,52	114,82	  13,3	  24,0	  27,9	  28,0	  29,4	  31,5	  30,1	   5,6
s	    70,9119	 4	314,09	 83,53	  14,3	  24,7	  28,7	  29,2	  30,6	  31,9	  29,7	   4,4
s	    71,3236	 7	352,05	 64,03	  11,7	  22,3	  26,1	  26,0	  27,4	  30,2	  29,3	   3,9
s	    71,6729	 6	 43,05	105,56	  14,0	  24,2	  28,2	  28,7	  30,1	  31,1	  29,3	   4,0
s	    71,8078	 2	139,99	 90,86	  15,9	  25,9	  29,8	  30,7	  32,1	  32,5	  30,8	   6,2
s	    71,8197	 5	313,80	 98,44	  13,5	  23,9	  27,8	  28,2	  29,7	  30,9	  29,4	   4,1
s	    72,0938	 3	140,09	 95,55	  15,6	  25,8	  29,8	  30,6	  32,0	  32,4	  30,6	   6,0
s	    72,1078	 4	 43,85	 85,90	  14,4	  24,4	  28,3	  28,8	  30,2	  31,4	  29,5	   4,1
s	    72,1158	 8	331,07	125,21	  12,0	  23,0	  26,8	  26,6	  28,1	  31,1	  29,9	   5,2
s	    72,1926	 3	139,88	 85,82	  15,4	  25,3	  29,1	  29,6	  31,1	  32,4	  30,6	   6,0
s	    72,8051	 8	333,18	 52,69	  10,4	  21,3	  25,1	  24,6	  26,1	  29,9	  29,0	   3,5
s	    73,0881	 4	140,20	100,53	  13,6	  23,8	  27,7	  28,2	  29,6	  30,8	  29,4	   3,9
s	    73,1858	 4	139,78	 81,21	  14,8	  24,9	  28,7	  29,2	  30,7	  32,0	  30,2	   5,4
s	    73,3819	 6	313,70	103,00	  12,9	  24,0	  28,1	  28,5	  29,9	  31,1	  29,9	   5,2
s	    73,8250	 6	314,30	 73,63	  13,0	  23,6	  27,5	  27,9	  29,3	  30,4	  29,1	   3,5
s	    74,1962	 5	140,28	103,93	  11,8	  22,9	  27,9	  28,7	  30,1	  31,4	  29,9	   5,1
s	    74,5671	 8	350,37	119,27	  11,2	  22,0	  25,8	  25,6	  27,0	  29,9	  28,8	   3,1
s	    74,8353	 6	 44,05	 76,45	  12,7	  23,1	  27,0	  27,2	  28,6	  30,6	  28,9	   3,3
s	    74,8555	 8	352,20	 59,94	  11,7	  22,6	  26,5	  26,4	  27,8	  30,6	  29,5	   4,6
s	    74,9177	 5	139,67	 76,39	  12,9	  23,1	  26,9	  27,0	  28,5	  30,6	  29,0	   3,4
s	    75,8942	 7	314,38	 69,62	  12,1	  23,2	  27,1	  27,3	  28,7	  30,8	  29,5	   4,5
s	    75,9230	 6	102,08	 86,57	  14,3	  24,7	  28,6	  29,0	  30,4	  31,7	  29,8	   4,8
s	    76,0508	 7	 71,12	105,31	  11,4	  22,3	  27,3	  28,0	  29,5	  30,5	  28,7	   2,9
s	    76,3422	 6	140,39	108,64	   9,8	  21,0	  26,0	  26,4	  27,9	  29,9	  28,7	   3,0
s	    76,6599	 4	 77,21	 91,41	  14,3	  24,3	  28,5	  29,3	  30,6	  30,7	  28,9	   3,1
s	    76,8412	 7	 43,35	109,78	  12,3	  22,7	  26,6	  26,6	  28,1	  30,1	  28,6	   2,7
s	    76,8782	 7	102,05	 82,13	  13,3	  24,1	  28,2	  28,6	  30,0	  31,1	  29,6	   4,5
s	    76,9272	 3	  5,59	 89,99	  15,3	  24,7	  28,5	  28,0	  28,4	  28,9	  26,9	   1,8
s	    77,0256	 5	 77,24	 86,62	  13,0	  23,3	  27,5	  28,0	  29,4	  30,2	  28,8	   2,9
s	    77,0291	 8	 44,15	 72,15	  11,0	  21,6	  25,5	  25,4	  26,8	  29,4	  28,4	   2,6
s	    77,1097	 6	139,57	 72,09	  13,0	  23,6	  27,4	  27,5	  29,0	  31,1	  29,4	   4,3
s	    77,1982	 4	  5,46	 94,43	  15,0	  24,7	  28,5	  27,9	  28,3	  28,9	  26,8	   1,7
s	    77,2634	 8	 43,88	 67,06	  11,0	  21,6	  25,5	  25,4	  26,7	  29,4	  28,4	   2,5
s	    77,2919	 4	  5,72	 85,21	  14,0	  23,7	  27,5	  26,8	  27,2	  28,4	  26,7	   1,6
s	    77,6021	 6	 77,15	 99,53	  10,7	  21,7	  27,0	  27,7	  29,1	  30,0	  28,6	   2,7
s	    77,8507	 8	102,18	103,99	  10,8	  22,3	  27,4	  28,1	  29,5	  30,6	  29,1	   4,0
s	    77,9701	 6	 77,26	 82,23	  12,7	  23,2	  27,3	  27,8	  29,2	  30,1	  28,5	   2,6
s	    78,1411	 5	  5,33	 99,15	  13,6	  24,1	  28,2	  28,7	  30,0	  31,1	  29,7	   4,5
s	    78,1433	 8	314,46	 66,17	   7,4	  19,4	  24,6	  24,7	  26,1	  28,8	  28,3	   2,4
s	    78,2304	 3	123,98	 91,18	  15,1	  25,1	  29,2	  30,0	  31,4	  31,6	  29,9	   4,7
s	    78,2338	 5	  5,85	 80,83	  13,7	  23,6	  27,4	  26,6	  27,0	  28,3	  26,5	   1,3
s	    78,4979	 4	124,05	 95,56	  14,8	  25,1	  29,1	  29,9	  31,3	  31,5	  29,7	   4,5
s	    78,5903	 4	123,90	 86,46	  14,6	  24,5	  28,4	  28,9	  30,4	  31,5	  29,7	   4,5
s	    78,6441	 8	313,50	112,17	  12,7	  23,7	  27,7	  28,1	  29,5	  30,7	  29,0	   3,8
s	    78,9319	 7	 77,13	103,85	  10,4	  21,6	  26,8	  27,5	  28,9	  29,8	  28,3	   2,3
s	    79,4285	 5	124,12	100,23	  12,8	  23,1	  27,1	  27,5	  28,9	  29,9	  28,5	   2,4
s	    79,5200	 5	123,83	 82,14	  14,0	  24,2	  28,1	  28,5	  30,0	  31,1	  29,3	   3,9
s	    79,5211	 8	 43,25	113,88	  12,3	  23,1	  27,0	  27,1	  28,5	  30,6	  28,9	   3,6
s	    79,6048	 6	  5,20	103,43	  14,0	  24,1	  28,0	  28,4	  29,8	  30,9	  29,1	   3,7
s	    79,6193	 7	 77,29	 77,63	  11,3	  22,1	  26,2	  26,4	  27,8	  29,5	  28,2	   2,2
s	    79,8787	 6	  5,98	 76,24	  11,5	  22,1	  26,1	  26,2	  27,6	  29,4	  28,3	   2,2
s	    80,0559	 7	139,46	 67,69	  11,0	  21,7	  25,4	  25,2	  26,7	  29,6	  28,2	   2,1
s	    80,4406	 4	172,13	 90,06	  13,2	  23,7	  27,9	  28,7	  30,1	  30,2	  28,5	   2,3
s	    80,4671	 6	124,18	103,43	  11,0	  22,1	  27,3	  28,0	  29,4	  30,5	  29,0	   3,6
s	    80,7022	 5	172,25	 94,34	  12,9	  23,7	  27,8	  28,6	  30,0	  30,1	  28,3	   2,1
s	    80,7541	 4	246,00	 88,35	  13,9	  24,0	  28,1	  28,9	  30,3	  30,3	  28,4	   2,2
s	    80,7926	 5	172,00	 85,45	  11,9	  22,7	  26,9	  27,5	  28,8	  29,7	  28,3	   2,1
s	    81,0149	 5	246,05	 92,62	  13,7	  23,9	  28,0	  28,8	  30,2	  30,2	  28,3	   2,1
s	    81,1441	 6	123,76	 77,60	  12,1	  22,4	  26,2	  26,3	  27,8	  29,7	  28,2	   1,9
s	    81,1475	 8	 77,31	 74,50	   9,4	  20,9	  26,1	  26,6	  28,0	  29,7	  28,7	   3,3
s	    81,6127	 6	172,38	 98,91	  11,6	  22,5	  26,6	  27,0	  28,3	  29,3	  28,1	   1,8
s	    81,7023	 6	171,88	 81,22	  12,1	  23,1	  27,3	  27,8	  29,1	  30,0	  28,9	   3,4
s	    81,9227	 6	246,10	 97,18	  12,3	  22,9	  27,0	  27,5	  28,8	  29,7	  28,1	   1,8
s	    81,9648	 7	  6,11	 72,13	  12,5	  23,0	  26,8	  27,0	  28,3	  30,3	  28,7	   3,1
s	    82,4827	 7	124,25	107,86	   9,0	  20,3	  25,4	  25,8	  27,2	  29,0	  27,9	   1,6
s	    83,0274	 7	172,51	103,05	  11,8	  23,0	  27,1	  27,6	  28,9	  29,9	  28,6	   3,0
s	    83,1851	 4	281,30	 88,24	  13,8	  23,7	  27,7	  27,2	  27,5	  27,9	  26,0	   0,4
s	    83,2913	 8	139,36	 63,86	  10,2	  21,6	  25,5	  25,4	  26,8	  29,6	  28,5	   2,8
s	    83,2923	 7	171,75	 76,77	  10,2	  21,3	  25,5	  25,6	  26,9	  28,6	  27,8	   1,4
s	    83,3331	 7	246,15	101,31	  12,0	  22,7	  26,8	  27,3	  28,6	  29,5	  27,8	   1,4
s	    83,4399	 5	281,28	 92,42	  13,5	  23,7	  27,6	  27,1	  27,4	  27,8	  25,9	   0,2
s	    83,5279	 5	281,33	 83,75	  12,5	  22,7	  26,7	  25,9	  26,2	  27,4	  25,9	   0,2
s	    84,0741	 5	245,64	 83,89	  12,4	  22,9	  26,9	  27,4	  28,8	  29,8	  27,9	   1,4
s	    84,3266	 6	281,25	 96,87	  12,1	  23,1	  27,3	  27,8	  29,1	  30,0	  28,8	   3,1
s	    84,3396	 8	  4,94	111,81	  12,1	  22,7	  26,6	  26,7	  28,0	  30,0	  28,3	   2,5
s	    84,4139	 6	281,35	 79,63	  12,2	  22,6	  26,6	  25,7	  26,1	  27,3	  25,7	  -0,1
s	    84,4214	 8	 75,34	 82,48	  12,4	  22,9	  26,9	  27,3	  28,7	  29,6	  27,5	   1,0
s	    84,7753	 8	  6,24	 67,91	  10,5	  21,1	  24,9	  24,7	  26,0	  28,7	  27,4	   0,9
s	    84,8117	 8	221,24	101,54	   9,6	  21,0	  26,2	  26,9	  28,3	  29,2	  27,5	   1,0
s	    84,8858	 8	124,32	111,81	   9,1	  20,8	  25,9	  26,3	  27,7	  29,6	  28,3	   2,5
s	    84,9555	 6	245,59	 79,79	  12,1	  22,8	  26,8	  27,2	  28,6	  29,6	  27,7	   1,1
s	    85,1380	 8	172,64	107,36	   9,8	  21,1	  25,3	  25,4	  26,7	  28,4	  27,5	   0,9
s	    85,6103	 8	245,79	 71,12	  11,1	  22,1	  26,2	  26,4	  27,7	  29,4	  28,2	   2,3
s	    85,7052	 7	281,23	100,91	  12,5	  23,2	  27,1	  27,6	  28,9	  29,9	  28,2	   2,4
s	    85,9826	 8	123,62	 69,36	  10,2	  21,0	  24,8	  24,6	  26,0	  28,8	  27,4	   0,7
s	    86,0972	 7	281,38	 74,99	  11,0	  22,1	  26,3	  26,8	  28,1	  28,9	  27,4	   0,8
s	    87,7636	 8	281,20	105,12	   9,6	  20,9	  25,0	  25,2	  26,5	  28,2	  27,1	   0,3
s	    87,9326	 8	281,40	 71,39	  11,1	  22,0	  26,0	  26,2	  27,4	  29,2	  27,8	   1,8
s	    88,2231	 5	216,01	 88,89	  12,3	  23,0	  27,2	  28,0	  29,3	  29,4	  27,4	   0,6
s	    88,5500	 6	215,91	 84,61	  11,8	  22,5	  26,5	  26,9	  28,3	  29,3	  27,3	   0,4
s	    89,0660	 7	216,17	 96,15	   8,8	  20,5	  25,7	  26,4	  27,8	  28,7	  27,1	   0,2
s	    89,1422	 7	300,58	 96,69	   8,8	  20,3	  25,5	  26,2	  27,5	  28,4	  27,1	   0,2
s	    89,2335	 4	112,30	 91,35	  13,2	  23,7	  27,9	  28,7	  30,1	  30,1	  28,4	   2,3
s	    89,3956	 7	215,82	 80,67	  11,5	  22,3	  26,4	  26,8	  28,1	  29,2	  27,1	   0,1
s	    89,4742	 5	112,34	 95,30	  13,0	  23,7	  27,9	  28,6	  30,0	  30,0	  28,3	   2,1
s	    89,5574	 5	112,25	 87,11	  12,7	  23,2	  27,2	  27,7	  29,1	  30,0	  28,3	   2,1
s	    90,2584	 8	216,27	100,04	   8,5	  20,3	  25,6	  26,3	  27,6	  28,6	  26,9	  -0,2
s	    90,3127	 6	112,39	 99,51	  11,6	  22,7	  26,8	  27,3	  28,6	  29,5	  28,1	   1,8
s	    90,3953	 6	112,21	 83,21	  12,4	  23,1	  27,1	  27,5	  28,9	  29,9	  28,1	   1,8
s	    90,8759	 8	215,72	 76,52	  10,1	  21,3	  25,3	  25,4	  26,8	  28,6	  26,8	  -0,3
s	    91,2504	 7	112,42	102,40	   9,1	  20,8	  26,0	  26,8	  28,1	  29,0	  27,6	   1,3
s	    91,8625	 7	112,16	 79,09	  10,3	  21,1	  25,0	  25,1	  26,5	  28,3	  26,8	  -0,4
s	    93,0749	 8	112,46	106,44	   7,2	  19,0	  24,2	  24,6	  26,0	  27,6	  26,5	  -0,7
s	    93,7300	 8	112,12	 75,38	  10,4	  21,6	  25,6	  25,7	  27,1	  28,9	  27,3	   0,7
s	    93,9101	 7	209,09	 89,06	  10,7	  22,0	  26,4	  27,1	  28,4	  28,2	  26,6	  -0,8
s	    94,0378	 8	209,16	 91,92	   8,5	  20,4	  25,9	  26,9	  28,2	  28,0	  26,4	  -0,9
s	    96,4755	 4	 15,88	 90,30	  12,6	  22,7	  26,8	  27,7	  29,0	  28,9	  26,6	  -1,0
s	    96,7014	 5	 15,78	 94,00	  12,4	  22,7	  26,8	  27,6	  28,9	  28,8	  26,5	  -1,1
s	    96,7795	 5	 15,99	 86,32	  11,4	  21,7	  25,8	  26,4	  27,7	  28,4	  26,5	  -1,1
s	    97,4886	 6	 15,67	 97,95	  11,1	  21,6	  25,7	  26,2	  27,5	  28,3	  26,3	  -1,4
s	    97,5662	 6	 16,09	 82,66	  11,1	  21,6	  25,7	  26,2	  27,5	  28,3	  26,3	  -1,4
s	    97,6571	 5	302,82	 88,49	  11,6	  22,6	  26,9	  27,8	  29,0	  28,9	  27,4	   0,5
s	    97,8808	 6	302,77	 92,16	  11,4	  22,6	  26,9	  27,7	  28,9	  28,8	  27,3	   0,3
s	    97,9581	 6	302,88	 84,55	  11,1	  22,1	  26,2	  26,7	  28,0	  28,8	  27,2	   0,3
s	    97,9756	 4	 46,35	 91,04	  13,3	  23,4	  27,5	  28,3	  29,6	  29,5	  27,5	   0,5
s	    98,1987	 5	 46,28	 94,69	  13,0	  23,3	  27,4	  28,2	  29,5	  29,5	  27,3	   0,4
s	    98,7152	 7	 15,57	101,56	  10,8	  21,5	  25,6	  26,1	  27,4	  28,2	  26,0	  -1,7
s	    98,7370	 7	302,94	 80,92	  10,6	  21,7	  25,9	  26,3	  27,6	  28,5	  26,8	  -0,2
s	    98,9454	 7	 16,20	 78,78	   9,7	  20,6	  24,7	  24,9	  26,2	  27,7	  26,0	  -1,8
s	    98,9760	 6	 46,20	 98,59	  11,7	  22,3	  26,4	  26,9	  28,2	  28,9	  27,1	   0,1
s	    99,5835	 4	329,81	 81,52	  10,7	  21,3	  26,1	  26,9	  28,3	  29,5	  27,1	  -0,0
s	    99,8748	 8	302,65	 99,64	   9,5	  21,2	  25,5	  25,9	  27,2	  27,9	  26,6	  -0,5
s	   100,1028	 8	303,00	 77,08	   8,7	  20,0	  24,1	  24,2	  25,5	  27,1	  25,8	  -2,1
s	   100,1875	 7	 46,13	102,16	  11,4	  22,1	  26,2	  26,7	  28,0	  28,8	  26,9	  -0,3
s	   100,5527	 8	 15,46	105,35	   9,4	  20,2	  24,3	  24,4	  25,7	  27,3	  25,7	  -2,2
s	   100,7039	 8	 16,30	 75,28	   9,9	  20,9	  25,0	  25,2	  26,5	  28,1	  26,5	  -0,7
s	   100,7134	 5	329,35	100,11	  10,4	  21,1	  26,0	  26,7	  28,2	  29,4	  26,8	  -0,4
s	   101,2608	 5	 46,65	 87,21	  11,8	  22,3	  26,3	  26,8	  28,1	  29,0	  27,0	  -0,2
s	   102,0030	 8	 46,05	105,90	  10,0	  21,0	  25,1	  25,3	  26,6	  28,2	  26,6	  -0,7
s	   102,0188	 6	 46,72	 83,67	  11,5	  22,2	  26,2	  26,7	  28,0	  28,9	  26,8	  -0,5
s	   103,3484	 7	 46,80	 79,93	  10,2	  21,1	  25,1	  25,3	  26,6	  28,4	  26,6	  -0,9
s	   103,8061	 5	272,20	 88,24	  11,1	  21,7	  26,0	  26,8	  28,0	  27,8	  25,7	  -2,5
s	   104,0187	 6	272,20	 91,73	  10,9	  21,7	  25,9	  26,7	  27,9	  27,8	  25,6	  -2,7
s	   104,0923	 6	272,21	 84,49	   9,9	  20,7	  25,0	  25,5	  26,8	  27,4	  25,6	  -2,7
s	   104,3079	 5	243,98	 88,41	  11,9	  22,4	  26,7	  27,5	  28,8	  28,6	  26,7	  -0,8
s	   104,3710	 8	 67,33	102,11	   8,9	  20,4	  25,5	  26,2	  27,6	  28,5	  26,3	  -1,2
s	   104,5196	 6	244,02	 91,88	  11,6	  22,4	  26,6	  27,4	  28,7	  28,5	  26,5	  -1,0
s	   104,5891	 5	342,53	 82,16	  10,1	  20,7	  25,7	  26,4	  27,8	  28,8	  26,4	  -1,1
s	   104,7600	 7	272,20	 95,45	   9,6	  20,7	  24,9	  25,4	  26,6	  27,3	  25,4	  -2,9
s	   104,8331	 7	272,21	 81,04	   9,6	  20,7	  24,9	  25,4	  26,6	  27,3	  25,4	  -2,9
s	   105,0453	 8	 46,87	 76,55	   9,8	  21,0	  25,0	  25,1	  26,4	  28,2	  26,3	  -1,3
s	   105,2580	 7	244,07	 95,58	  10,3	  21,4	  25,6	  26,1	  27,4	  28,0	  26,3	  -1,2
s	   105,6742	 6	342,04	100,00	   9,8	  20,6	  25,6	  26,2	  27,7	  28,7	  26,2	  -1,5
s	   105,8611	 7	 72,20	 84,27	  10,3	  21,5	  25,6	  26,1	  27,4	  28,2	  26,3	  -1,4
s	   105,9161	 8	272,19	 98,86	   9,3	  20,5	  24,8	  25,2	  26,5	  27,1	  25,1	  -3,3
s	   106,1332	 8	272,22	 77,38	   8,3	  19,6	  23,8	  24,0	  25,3	  26,7	  25,1	  -3,3
s	   106,4095	 8	244,11	 98,98	  10,0	  21,2	  25,5	  25,9	  27,2	  27,8	  26,1	  -1,6
s	   106,5860	 6	305,84	 81,44	   9,0	  20,1	  25,2	  26,0	  27,3	  28,2	  26,1	  -1,6
s	   107,1508	 8	 72,23	 80,64	   8,9	  20,4	  24,6	  24,7	  26,0	  27,6	  26,0	  -1,7
s	   107,5822	 6	243,73	 84,76	  10,4	  21,4	  25,5	  26,0	  27,3	  28,1	  26,2	  -1,6
s	   107,6542	 7	305,55	 99,01	   8,7	  20,0	  25,1	  25,8	  27,2	  28,1	  25,9	  -1,9
s	   108,0238	 6	 71,78	 87,78	  11,1	  21,9	  25,8	  26,2	  27,6	  28,7	  26,2	  -1,7
s	   108,3051	 5	100,94	 91,47	  11,8	  21,8	  25,9	  26,7	  27,9	  27,8	  25,2	  -3,5
s	   108,5103	 6	100,96	 94,83	  11,5	  21,8	  25,8	  26,6	  27,8	  27,7	  25,0	  -3,6
s	   108,7287	 6	293,00	 88,37	   9,8	  21,4	  25,8	  26,7	  27,8	  27,6	  26,1	  -1,8
s	   108,9333	 7	292,96	 91,73	   9,6	  21,3	  25,8	  26,6	  27,7	  27,5	  26,0	  -2,0
s	   108,9710	 2	329,29	 89,04	  13,5	  23,1	  26,9	  27,7	  29,1	  29,4	  25,5	  -3,2
s	   109,0040	 7	293,04	 84,77	   9,3	  20,8	  25,1	  25,6	  26,9	  27,5	  26,0	  -2,0
s	   109,1752	 3	329,21	 92,39	  12,7	  22,9	  26,8	  27,6	  28,9	  29,1	  26,4	  -1,6
s	   109,2259	 7	100,98	 98,43	  10,2	  20,8	  24,8	  25,3	  26,5	  27,2	  24,8	  -3,9
s	   109,2458	 3	329,38	 85,44	  12,2	  22,1	  25,9	  26,4	  27,8	  28,9	  25,3	  -3,4
s	   109,5603	 3	318,74	 88,80	  12,5	  22,6	  26,5	  27,3	  28,7	  28,9	  25,3	  -3,4
s	   109,5685	 8	243,64	 77,84	   8,8	  20,2	  24,4	  24,6	  25,8	  27,4	  25,8	  -2,2
s	   109,7169	 8	293,08	 81,44	   9,1	  20,7	  25,0	  25,5	  26,7	  27,4	  25,8	  -2,2
s	   109,7417	 4	329,44	 82,94	   9,2	  20,1	  25,1	  25,9	  27,3	  28,3	  26,0	  -2,0
s	   109,7636	 4	318,67	 92,13	  11,7	  22,4	  26,4	  27,2	  28,5	  28,6	  26,2	  -1,8
s	   109,8338	 4	318,82	 85,21	  11,2	  21,6	  25,6	  26,0	  27,4	  28,4	  25,2	  -3,6
s	   109,8872	 4	329,12	 95,96	  11,9	  22,0	  25,8	  26,3	  27,7	  28,8	  25,2	  -3,6
s	   110,0278	 8	100,99	100,91	   8,0	  19,2	  24,3	  25,0	  26,3	  27,0	  24,7	  -4,1
s	   110,3276	 5	318,87	 82,72	   8,2	  19,6	  24,8	  25,6	  26,9	  27,8	  25,8	  -2,2
s	   110,4723	 5	318,59	 95,69	  10,9	  21,5	  25,5	  25,9	  27,3	  28,3	  25,0	  -3,8
s	   110,7166	 6	 99,98	 87,91	  10,2	  20,8	  24,9	  25,3	  26,6	  27,5	  24,9	  -4,0
s	   110,8800	 6	219,45	 88,84	  10,4	  21,5	  25,9	  26,7	  27,9	  27,6	  25,9	  -2,2
s	   111,2069	 5	329,55	 78,60	  10,1	  20,3	  24,0	  24,1	  25,6	  27,4	  24,9	  -4,0
s	   111,7863	 6	318,96	 78,41	   9,1	  19,8	  23,7	  23,8	  25,2	  26,9	  24,8	  -4,2
s	   111,8521	 8	219,30	 82,02	   8,9	  20,5	  24,8	  25,3	  26,5	  27,0	  25,6	  -2,6
s	   112,6561	 8	 99,95	 81,15	   9,5	  20,1	  23,9	  24,1	  25,3	  27,1	  24,4	  -4,6
s	   112,6665	 6	328,95	102,69	   9,8	  20,2	  23,9	  24,0	  25,4	  27,3	  24,7	  -4,3
s	   112,8039	 6	329,63	 75,40	   9,5	  20,4	  24,3	  24,5	  25,9	  27,7	  25,4	  -2,8
s	   112,8723	 6	191,83	 89,54	   9,6	  20,7	  25,0	  25,9	  27,0	  26,7	  24,6	  -4,4
s	   113,0705	 7	191,92	 92,79	   9,3	  20,6	  25,0	  25,8	  26,9	  26,6	  24,5	  -4,5
s	   113,1391	 7	191,73	 86,05	   8,3	  19,7	  24,1	  24,6	  25,8	  26,2	  24,5	  -4,5
s	   113,2395	 7	318,44	102,39	   8,8	  19,7	  23,5	  23,6	  25,0	  26,8	  24,5	  -4,6
s	   113,3764	 7	319,04	 75,22	   8,5	  19,9	  24,0	  24,2	  25,5	  27,1	  25,3	  -3,0
s	   113,6269	 3	341,03	 89,35	  12,9	  22,6	  26,5	  27,3	  28,6	  28,7	  24,9	  -4,2
s	   113,7009	 7	277,53	 88,26	   8,5	  20,2	  24,7	  25,5	  26,6	  26,2	  24,5	  -4,7
s	   113,7619	 8	192,02	 96,26	   8,0	  19,6	  24,0	  24,5	  25,6	  26,1	  24,3	  -4,8
s	   113,8240	 4	340,94	 92,58	  12,2	  22,4	  26,4	  27,2	  28,5	  28,5	  25,8	  -2,6
s	   113,8300	 8	191,64	 82,82	   8,0	  19,6	  24,0	  24,5	  25,6	  26,1	  24,3	  -4,8
s	   113,8921	 4	341,12	 85,87	  11,7	  21,6	  25,5	  26,0	  27,4	  28,3	  24,8	  -4,4
s	   113,8979	 8	277,52	 91,49	   8,3	  20,1	  24,6	  25,4	  26,5	  26,1	  24,3	  -4,8
s	   113,9660	 8	277,54	 84,79	   7,3	  19,2	  23,7	  24,2	  25,4	  25,7	  24,3	  -4,8
s	   114,0601	 7	219,73	 85,36	   9,0	  20,5	  24,8	  25,3	  26,5	  27,1	  25,4	  -2,9
s	   114,3710	 5	341,19	 83,45	   8,7	  19,7	  24,8	  25,5	  26,9	  27,7	  25,4	  -3,0
s	   114,4787	 8	219,93	 94,72	   6,7	  18,9	  24,3	  25,0	  26,3	  26,9	  25,3	  -3,1
s	   114,5115	 5	340,85	 96,03	  11,4	  21,6	  25,4	  25,9	  27,2	  28,2	  24,6	  -4,6
s	   114,6382	 7	328,87	105,81	   9,9	  20,7	  24,5	  24,5	  25,9	  27,9	  25,2	  -3,3
s	   114,9766	 7	329,72	 72,06	   7,6	  18,6	  22,5	  22,3	  23,7	  26,2	  24,3	  -4,9
s	   115,2030	 8	318,37	105,50	   8,9	  20,2	  24,1	  24,2	  25,5	  27,4	  25,0	  -3,5
s	   115,4913	 4	307,21	 88,58	  11,8	  22,1	  26,1	  26,8	  28,1	  28,1	  24,6	  -4,7
s	   115,5399	 8	319,11	 71,89	   6,6	  18,1	  22,1	  22,0	  23,3	  25,7	  24,2	  -5,1
s	   115,6857	 5	307,16	 91,77	  11,1	  21,8	  26,0	  26,7	  28,0	  27,9	  25,5	  -3,0
s	   115,7865	 6	341,30	 79,26	   9,6	  19,8	  23,6	  23,7	  25,1	  26,8	  24,4	  -4,9
s	   116,2253	 6	307,31	 82,77	   7,6	  19,1	  24,3	  25,1	  26,4	  27,1	  25,1	  -3,5
s	   116,5731	 8	328,80	108,33	   5,3	  17,0	  21,9	  22,0	  23,4	  26,0	  24,1	  -5,3
s	   117,1975	 7	340,67	102,54	   9,3	  19,7	  23,5	  23,6	  24,9	  26,7	  24,1	  -5,3
s	   117,3957	 8	329,80	 69,05	   8,5	  19,5	  23,3	  23,1	  24,5	  27,2	  24,8	  -3,9
s	   117,8715	 6	141,97	100,57	   8,2	  19,5	  24,5	  25,2	  26,6	  27,6	  24,9	  -3,8
s	   119,0143	 8	306,98	101,60	   8,2	  19,1	  23,1	  23,1	  24,4	  26,1	  23,8	  -5,8
s	   119,1054	 8	340,58	105,56	   9,4	  20,2	  24,1	  24,1	  25,5	  27,3	  24,6	  -4,2
s	   119,4329	 8	341,48	 72,92	   7,1	  18,2	  22,1	  21,9	  23,3	  25,6	  23,8	  -5,8
s	   121,6041	 4	351,67	 89,65	  11,0	  21,5	  25,6	  26,4	  27,7	  27,5	  25,0	  -4,0
s	   121,7901	 5	351,59	 92,69	  10,7	  21,4	  25,6	  26,3	  27,6	  27,5	  24,9	  -4,2
s	   121,8545	 5	351,77	 86,37	   9,7	  20,5	  24,7	  25,2	  26,4	  27,0	  24,9	  -4,2
s	   122,2375	 7	130,75	100,50	   7,7	  19,1	  24,2	  24,8	  26,2	  27,0	  24,4	  -4,7
s	   122,4393	 6	351,50	 95,96	   9,4	  20,4	  24,6	  25,1	  26,3	  27,0	  24,7	  -4,4
s	   122,5034	 6	351,85	 83,34	   9,4	  20,4	  24,6	  25,1	  26,3	  27,0	  24,7	  -4,4
s	   123,4536	 7	351,41	 98,95	   8,9	  20,1	  24,2	  24,7	  25,9	  26,6	  24,3	  -4,9
s	   123,6443	 7	351,95	 80,12	   7,4	  18,5	  22,6	  22,7	  24,0	  25,4	  23,5	  -6,5
s	   125,0780	 5	 48,05	 91,09	  10,5	  20,6	  24,8	  25,6	  26,8	  26,4	  23,6	  -6,6
s	   125,1050	 8	352,03	 77,18	   7,6	  19,0	  23,2	  23,3	  24,6	  26,0	  24,0	  -5,3
s	   125,2596	 6	 47,99	 94,07	  10,3	  20,6	  24,8	  25,5	  26,7	  26,4	  23,4	  -6,7
s	   125,8934	 7	 47,93	 97,26	   9,0	  19,6	  23,8	  24,2	  25,4	  25,9	  23,3	  -6,9
s	   126,0305	 6	 94,26	 91,51	   9,5	  20,6	  25,0	  25,8	  26,9	  26,5	  24,4	  -5,1
s	   126,2109	 7	 94,27	 94,46	   9,3	  20,5	  24,9	  25,7	  26,8	  26,4	  24,3	  -5,2
s	   126,4121	 3	142,01	 90,89	  11,4	  21,6	  25,5	  26,2	  27,6	  27,6	  23,6	  -6,6
s	   126,5921	 4	142,07	 93,84	  10,7	  21,3	  25,4	  26,1	  27,4	  27,4	  24,5	  -4,9
s	   126,6543	 4	141,94	 87,71	  10,9	  21,0	  24,8	  25,2	  26,6	  27,6	  23,5	  -6,7
s	   126,8407	 8	 94,28	 97,63	   8,0	  19,5	  23,9	  24,4	  25,5	  25,9	  24,1	  -5,4
s	   126,8839	 8	 47,87	100,18	   8,7	  19,5	  23,7	  24,1	  25,3	  25,8	  23,1	  -7,2
s	   127,0918	 5	141,89	 85,50	   8,1	  19,2	  24,2	  24,9	  26,3	  27,2	  24,4	  -5,1
s	   127,2202	 5	142,15	 96,99	   9,9	  20,5	  24,4	  24,8	  26,2	  27,1	  23,4	  -7,0
s	   128,1454	 7	283,37	 88,31	   7,7	  19,3	  23,8	  24,6	  25,7	  25,1	  23,0	  -7,3
s	   128,3223	 6	 48,25	 87,96	   9,1	  19,6	  23,7	  24,2	  25,4	  26,0	  23,1	  -7,3
s	   128,3233	 8	283,35	 91,22	   7,4	  19,2	  23,7	  24,5	  25,6	  25,1	  22,9	  -7,5
s	   128,3848	 8	283,39	 85,17	   6,4	  18,3	  22,8	  23,3	  24,4	  24,7	  22,9	  -7,5
s	   128,3865	 6	141,80	 81,66	   8,8	  19,2	  22,9	  23,0	  24,3	  26,2	  23,1	  -7,3
s	   128,4396	 6	 69,43	 91,41	   9,4	  20,1	  24,3	  25,1	  26,3	  26,0	  23,1	  -7,3
s	   128,6171	 7	 69,40	 94,32	   9,1	  20,1	  24,3	  25,0	  26,2	  25,9	  23,0	  -7,4
s	   128,6405	 7	 93,53	 88,38	   8,8	  20,0	  24,2	  24,6	  25,8	  26,5	  24,0	  -5,7
s	   128,9431	 7	 48,31	 85,06	   8,8	  19,5	  23,6	  24,1	  25,3	  25,9	  23,0	  -7,5
s	   129,2600	 8	 93,52	 85,49	   8,6	  19,9	  24,1	  24,5	  25,7	  26,4	  23,9	  -5,9
s	   129,2978	 8	 69,49	 85,39	   8,6	  19,5	  23,6	  23,9	  25,2	  25,8	  22,8	  -7,7
s	   129,3037	 7	142,27	102,27	   5,8	  17,2	  22,1	  22,5	  23,8	  25,5	  22,9	  -7,6
s	   129,8011	 7	141,74	 78,82	   8,3	  19,3	  23,2	  23,4	  24,7	  26,4	  23,7	  -6,1
s	   130,0352	 8	 48,37	 81,98	   7,5	  18,5	  22,6	  22,7	  24,0	  25,4	  22,8	  -7,8
s	   130,5316	 4	131,59	 91,11	  10,9	  21,1	  25,1	  25,9	  27,2	  27,1	  23,2	  -7,5
s	   130,7066	 5	131,64	 93,97	  10,2	  20,9	  25,0	  25,8	  27,0	  26,8	  24,1	  -5,8
s	   130,7672	 5	131,53	 88,02	  10,4	  20,6	  24,4	  24,9	  26,2	  27,0	  23,0	  -7,6
s	   131,1929	 6	131,49	 85,87	   7,7	  18,8	  23,9	  24,6	  26,0	  26,7	  23,9	  -6,0
s	   131,3177	 6	131,70	 97,05	   9,4	  20,1	  24,1	  24,5	  25,8	  26,5	  22,9	  -7,8
s	   131,6145	 7	 69,18	 88,34	   8,7	  19,5	  23,5	  23,9	  25,2	  25,9	  22,7	  -8,0
s	   131,7316	 8	141,66	 75,82	   7,1	  18,0	  21,7	  21,4	  22,8	  25,4	  22,6	  -8,1
s	   132,4528	 7	131,42	 82,13	   8,3	  18,8	  22,6	  22,6	  24,0	  25,6	  22,6	  -8,1
s	   133,0260	 5	162,62	 90,38	   9,8	  20,5	  24,7	  25,4	  26,7	  26,5	  22,8	  -8,0
s	   133,1982	 6	162,69	 93,20	   9,1	  20,3	  24,6	  25,3	  26,5	  26,2	  23,7	  -6,4
s	   133,3458	 8	131,80	102,19	   5,3	  16,8	  21,8	  22,1	  23,5	  25,0	  22,4	  -8,4
s	   133,6766	 7	162,48	 85,22	   5,8	  17,8	  23,2	  23,9	  25,2	  25,6	  23,6	  -6,6
s	   134,3265	 6	242,31	 88,45	   9,0	  19,6	  24,0	  24,8	  25,9	  25,4	  22,6	  -8,4
s	   134,4973	 7	242,34	 91,25	   8,8	  19,6	  23,9	  24,7	  25,8	  25,3	  22,5	  -8,5
s	   134,5509	 7	221,93	 88,81	   8,0	  19,2	  23,6	  24,4	  25,5	  24,9	  22,4	  -8,5
s	   135,2571	 8	285,47	 82,53	   5,5	  17,2	  22,5	  23,2	  24,5	  24,9	  22,3	  -8,8
s	   136,9202	 7	223,12	 88,78	   8,6	  19,5	  23,8	  24,5	  25,7	  25,1	  22,2	  -8,9
s	   137,0882	 8	223,17	 91,53	   8,4	  19,4	  23,7	  24,4	  25,6	  25,1	  22,1	  -9,1
s	   137,0890	 5	  0,35	 89,90	   9,8	  20,1	  24,2	  24,9	  26,1	  25,9	  22,4	  -8,8
s	   137,2567	 6	  0,27	 92,65	   8,9	  19,6	  23,8	  24,6	  25,8	  25,4	  22,3	  -8,9
s	   137,5596	 7	242,14	 85,50	   7,6	  18,6	  22,9	  23,3	  24,5	  24,9	  22,2	  -9,1
s	   137,7228	 7	  0,49	 84,88	   5,6	  17,1	  22,4	  23,2	  24,4	  24,8	  22,2	  -9,1
s	   137,8782	 7	 97,77	 91,51	   8,6	  19,9	  24,2	  25,0	  26,1	  25,6	  23,2	  -7,3
s	   138,0452	 8	 97,78	 94,24	   7,6	  19,4	  23,9	  24,7	  25,8	  25,2	  23,0	  -7,5
s	   138,1443	 8	242,10	 82,77	   7,3	  18,5	  22,8	  23,2	  24,4	  24,8	  22,0	  -9,3
s	   139,0503	 8	 36,24	 87,93	   7,3	  18,5	  22,7	  23,2	  24,3	  24,8	  21,9	  -9,4
s	   139,5883	 7	  1,08	 95,56	   8,0	  19,2	  23,3	  23,7	  24,9	  25,5	  22,8	  -7,9
s	   139,8394	 6	172,17	 90,12	   8,0	  19,5	  23,9	  24,7	  25,9	  25,4	  23,1	  -7,6
s	   140,0042	 7	172,24	 92,82	   7,7	  19,5	  23,9	  24,6	  25,8	  25,3	  23,0	  -7,7
s	   140,0613	 7	172,09	 87,21	   6,7	  18,5	  23,0	  23,5	  24,6	  24,9	  23,0	  -7,7
s	   140,5801	 8	172,33	 95,72	   6,5	  18,5	  22,9	  23,4	  24,5	  24,8	  22,8	  -7,9
s	   140,6369	 8	172,01	 84,52	   6,4	  18,5	  22,9	  23,4	  24,5	  24,8	  22,8	  -7,9
s	   140,6701	 8	222,37	 85,90	   6,4	  18,1	  22,4	  22,8	  24,0	  24,5	  21,8	  -9,7
s	   141,9613	 6	 28,12	 90,66	   8,6	  19,2	  23,5	  24,3	  25,5	  24,9	  21,9	  -9,7
s	   142,1241	 7	 28,05	 93,33	   8,4	  19,2	  23,5	  24,2	  25,4	  24,8	  21,8	  -9,9
s	   142,1804	 7	 28,19	 87,79	   7,3	  18,2	  22,6	  23,1	  24,2	  24,4	  21,8	  -9,9
s	   142,6053	 6	287,80	 88,35	   8,6	  19,3	  23,5	  24,3	  25,5	  25,0	  21,8	  -9,9
s	   142,6924	 8	 27,98	 96,19	   7,1	  18,2	  22,5	  23,0	  24,1	  24,3	  21,6	 -10,1
s	   142,7485	 8	 28,26	 85,14	   7,1	  18,2	  22,5	  22,9	  24,1	  24,3	  21,6	 -10,1
s	   142,7674	 7	287,77	 91,01	   7,6	  18,9	  23,2	  24,0	  25,1	  24,6	  21,7	 -10,0
s	   143,0549	 5	151,75	 90,67	   8,0	  19,5	  23,9	  24,6	  25,8	  25,4	  22,9	  -8,0
s	   143,2178	 8	287,84	 83,49	   4,3	  16,4	  21,8	  22,6	  23,7	  24,0	  21,6	 -10,2
s	   143,2725	 6	151,68	 87,82	   6,8	  18,5	  22,9	  23,4	  24,6	  25,0	  22,8	  -8,2
s	   143,7812	 7	151,89	 96,16	   6,5	  18,5	  22,8	  23,3	  24,4	  24,9	  22,6	  -8,4
s	   143,8947	 7	151,61	 84,98	   7,5	  19,3	  23,7	  24,4	  25,6	  25,1	  22,6	  -8,4
s	   144,6483	 8	151,55	 82,81	   4,2	  16,7	  22,3	  23,0	  24,2	  24,4	  22,5	  -8,7
s	   144,6645	 8	151,95	 98,77	   6,0	  18,1	  22,5	  22,9	  24,1	  24,6	  22,2	  -8,9
s	   144,6875	 7	286,99	 85,52	   7,7	  18,9	  23,0	  23,4	  24,7	  25,2	  22,3	  -8,8
s	   145,1918	 8	286,92	 93,79	   7,5	  18,8	  22,9	  23,3	  24,5	  25,1	  22,2	  -9,0
s	   146,9675	 8	 10,15	 84,80	   5,6	  17,3	  22,6	  23,3	  24,5	  24,9	  22,2	  -9,1
s	   151,5085	 6	357,06	 89,82	   7,4	  18,4	  22,8	  23,6	  24,7	  24,1	  21,0	 -11,4
s	   151,6622	 7	356,99	 92,34	   7,1	  18,4	  22,8	  23,5	  24,6	  24,0	  20,9	 -11,6
s	   151,6886	 6	 49,19	 91,13	   8,8	  19,5	  23,8	  24,6	  25,7	  25,0	  22,1	  -9,7
s	   151,7154	 7	357,13	 87,11	   6,1	  17,5	  21,8	  22,3	  23,4	  23,6	  20,9	 -11,6
s	   151,8421	 7	 49,14	 93,65	   8,6	  19,4	  23,7	  24,5	  25,6	  25,0	  21,9	  -9,8
s	   151,8811	 6	  6,86	 90,10	   8,8	  19,6	  23,8	  24,5	  25,7	  25,2	  22,0	  -9,7
s	   152,0345	 7	  6,79	 92,61	   7,9	  19,1	  23,5	  24,2	  25,3	  24,8	  21,9	  -9,8
s	   152,0876	 7	  6,94	 87,39	   7,6	  18,6	  22,8	  23,3	  24,4	  24,7	  21,9	  -9,9
s	   152,1992	 8	356,91	 95,04	   5,8	  17,4	  21,8	  22,2	  23,3	  23,5	  20,8	 -11,8
s	   152,2522	 8	357,21	 84,60	   5,8	  17,4	  21,8	  22,2	  23,3	  23,5	  20,8	 -11,8
s	   152,3786	 8	 49,09	 96,35	   7,3	  18,4	  22,7	  23,2	  24,3	  24,5	  21,8	 -10,0
s	   152,4168	 7	319,37	 91,35	   5,1	  17,4	  22,9	  23,8	  25,0	  24,7	  21,9	  -9,9
s	   152,4459	 7	102,83	 91,49	   7,8	  19,1	  23,5	  24,2	  25,3	  24,7	  21,9	  -9,9
s	   152,4608	 8	  6,99	 85,50	   4,6	  16,6	  22,1	  22,8	  24,0	  24,2	  21,8	 -10,0
s	   152,5703	 8	  6,71	 95,31	   7,3	  18,5	  22,8	  23,2	  24,3	  24,7	  21,8	 -10,0
s	   152,5988	 8	102,84	 94,00	   6,9	  18,6	  23,1	  23,9	  24,9	  24,3	  21,8	 -10,1
s	   153,2403	 7	 87,36	 91,53	   7,0	  18,3	  22,7	  23,4	  24,5	  23,9	  20,8	 -11,8
s	   153,3925	 8	 87,35	 94,02	   6,8	  18,3	  22,6	  23,3	  24,4	  23,9	  20,7	 -12,0
s	   153,4451	 8	 87,36	 88,84	   6,5	  17,7	  22,0	  22,4	  23,5	  23,9	  20,7	 -12,0
s	   153,9971	 8	113,02	 96,57	   7,2	  18,4	  22,4	  22,9	  24,0	  24,4	  21,3	 -10,6
s	   154,4255	 4	328,22	 91,53	   7,9	  18,7	  23,7	  24,7	  26,0	  25,9	  22,0	  -9,9
s	   154,8622	 5	320,41	 91,34	   6,9	  18,2	  23,4	  24,3	  25,6	  25,4	  21,9	 -10,1
s	   154,9034	 7	 49,34	 88,47	   7,4	  18,5	  22,7	  23,1	  24,3	  24,6	  21,7	 -10,3
s	   155,3260	 7	179,90	 89,91	   6,9	  18,2	  22,6	  23,3	  24,4	  23,8	  20,6	 -12,2
s	   155,4305	 8	 49,39	 86,01	   7,2	  18,4	  22,6	  23,0	  24,2	  24,5	  21,5	 -10,5
s	   155,4764	 8	179,97	 92,37	   6,0	  17,7	  22,2	  23,0	  24,0	  23,3	  20,5	 -12,3
s	   157,3922	 7	302,50	 88,53	   6,1	  18,2	  22,7	  23,5	  24,5	  23,8	  21,5	 -10,8
s	   157,4090	 7	 67,11	 91,40	   7,6	  18,8	  23,2	  23,9	  25,0	  24,4	  21,5	 -10,8
s	   157,5408	 8	302,46	 90,97	   5,9	  18,1	  22,7	  23,4	  24,5	  23,8	  21,3	 -10,9
s	   157,5922	 8	302,54	 85,91	   5,6	  17,6	  22,0	  22,5	  23,6	  23,8	  21,3	 -10,9
s	   158,6096	 8	204,51	 89,23	   5,8	  17,4	  22,0	  22,8	  23,8	  22,9	  20,2	 -12,9
s	   159,1015	 6	151,18	 90,69	   6,7	  18,4	  22,7	  23,5	  24,6	  24,2	  20,4	 -12,8
s	   159,2487	 7	151,24	 93,10	   6,0	  18,2	  22,7	  23,4	  24,5	  23,9	  21,3	 -11,1
s	   159,2997	 7	151,12	 88,09	   5,5	  17,4	  21,8	  22,2	  23,4	  23,7	  20,3	 -12,9
s	   159,7632	 8	151,31	 95,69	   5,2	  17,4	  21,7	  22,1	  23,3	  23,6	  20,1	 -13,1
s	   160,0165	 6	310,79	 91,08	   6,4	  17,8	  23,0	  24,0	  25,2	  24,9	  21,3	 -11,1
s	   160,2123	 7	281,05	 88,31	   8,4	  19,1	  23,3	  24,0	  25,1	  24,5	  21,1	 -11,3
s	   160,3587	 8	281,04	 90,71	   7,4	  18,7	  23,0	  23,7	  24,7	  24,1	  21,0	 -11,5
s	   160,5730	 8	 66,94	 88,82	   6,9	  18,3	  22,4	  22,8	  24,0	  24,4	  21,1	 -11,4
s	   160,9457	 7	 18,14	 90,41	   6,7	  17,8	  22,2	  23,0	  24,1	  23,3	  20,1	 -13,2
s	   160,9572	 7	241,29	 88,48	   7,4	  18,5	  23,0	  23,8	  24,8	  24,0	  21,2	 -11,4
s	   161,0915	 8	 18,07	 92,80	   6,4	  17,7	  22,2	  22,9	  24,0	  23,2	  20,0	 -13,3
s	   161,1030	 8	241,32	 90,87	   7,2	  18,5	  22,9	  23,7	  24,7	  23,9	  21,0	 -11,5
s	   161,1419	 8	 18,21	 87,84	   5,4	  16,8	  21,3	  21,8	  22,8	  22,8	  20,0	 -13,3
s	   162,5377	 8	280,39	 85,76	   6,1	  17,8	  22,0	  22,4	  23,6	  23,9	  20,9	 -11,8
s	   162,6953	 6	319,77	 88,86	   7,0	  18,5	  22,8	  23,5	  24,6	  24,1	  21,1	 -11,7
s	   162,8896	 7	319,82	 86,31	   5,7	  17,5	  21,8	  22,3	  23,3	  23,6	  20,9	 -11,8
s	   163,3440	 8	319,66	 93,76	   6,2	  17,9	  22,0	  22,4	  23,5	  23,9	  20,8	 -12,0
s	   163,4455	 8	319,88	 83,77	   6,3	  18,2	  22,6	  23,3	  24,4	  23,8	  20,8	 -11,9
s	   164,1636	 8	241,16	 85,95	   6,0	  17,6	  21,9	  22,4	  23,5	  23,6	  20,8	 -12,1
s	   164,7475	 3	328,12	 89,05	   8,9	  19,3	  23,4	  24,2	  25,4	  25,0	  21,3	 -11,6
s	   164,9397	 4	328,18	 86,53	   7,6	  18,4	  22,4	  22,9	  24,1	  24,6	  21,2	 -11,8
s	   165,3891	 5	328,01	 93,90	   8,1	  18,7	  22,6	  23,0	  24,3	  24,9	  21,0	 -11,9
s	   165,4384	 5	328,24	 84,20	   7,4	  18,3	  22,3	  22,8	  24,0	  24,5	  21,0	 -12,0
s	   166,1702	 6	327,95	 96,22	   7,9	  18,6	  22,5	  22,9	  24,2	  24,8	  20,8	 -12,2
s	   166,1817	 7	 31,89	 90,77	   7,2	  18,3	  22,7	  23,5	  24,6	  23,7	  20,7	 -12,3
s	   166,3233	 8	 31,83	 93,09	   6,9	  18,2	  22,7	  23,4	  24,5	  23,6	  20,6	 -12,4
s	   166,3724	 8	 31,95	 88,27	   5,9	  17,3	  21,8	  22,3	  23,3	  23,2	  20,6	 -12,4
s	   166,5453	 8	224,27	 88,78	   6,2	  17,9	  22,4	  23,2	  24,2	  23,4	  20,6	 -12,5
s	   167,1424	 7	106,83	 91,47	   7,1	  18,4	  22,7	  23,5	  24,6	  23,9	  20,6	 -12,5
s	   167,2833	 8	106,84	 93,78	   6,1	  17,9	  22,4	  23,1	  24,2	  23,4	  20,5	 -12,6
s	   167,3321	 8	106,81	 88,98	   6,6	  17,8	  22,0	  22,4	  23,6	  23,8	  20,5	 -12,6
s	   167,3494	 7	327,89	 98,68	   5,1	  16,3	  20,3	  20,3	  21,6	  22,9	  19,6	 -14,3
s	   167,4469	 7	328,36	 79,42	   6,3	  17,4	  21,3	  21,3	  22,6	  24,1	  20,4	 -12,7
s	   168,0316	 4	336,46	 89,26	   8,5	  19,0	  23,1	  23,9	  25,1	  24,6	  20,9	 -12,3
s	   168,7105	 6	336,58	 84,50	   7,0	  18,0	  22,1	  22,5	  23,7	  24,1	  20,6	 -12,6
s	   168,7526	 8	327,83	100,94	   5,3	  16,9	  20,9	  21,0	  22,2	  23,5	  20,2	 -13,1
s	   168,9944	 8	328,42	 76,99	   4,5	  15,7	  19,5	  19,2	  20,5	  22,7	  19,4	 -14,7
s	   170,0360	 5	311,63	 88,70	   7,4	  18,5	  22,7	  23,5	  24,6	  24,0	  20,6	 -12,7
s	   170,2228	 6	311,68	 86,25	   6,2	  17,5	  21,8	  22,2	  23,4	  23,6	  20,5	 -12,9
s	   170,5888	 8	336,21	 98,73	   4,7	  16,0	  20,0	  20,1	  21,3	  22,4	  19,2	 -14,9
s	   170,6598	 7	311,54	 93,41	   6,7	  17,8	  22,0	  22,4	  23,5	  23,9	  20,4	 -13,1
s	   170,7077	 7	311,72	 83,98	   5,9	  17,4	  21,7	  22,1	  23,3	  23,5	  20,3	 -13,1
s	   171,4195	 8	311,50	 95,67	   6,4	  17,8	  21,9	  22,2	  23,4	  23,8	  20,2	 -13,3
s	   171,8681	 5	142,86	 93,15	   6,1	  17,4	  22,5	  23,5	  24,8	  24,4	  20,5	 -13,1
s	   173,0928	 8	186,15	 89,74	   5,9	  17,6	  22,1	  22,9	  23,9	  23,1	  20,0	 -13,6
s	   173,2688	 7	 13,58	 90,30	   6,8	  17,6	  21,9	  22,7	  23,7	  23,0	  19,1	 -15,3
s	   173,4053	 8	 13,52	 92,53	   5,9	  17,2	  21,6	  22,3	  23,4	  22,5	  19,0	 -15,4
s	   174,0220	 5	343,37	 89,45	   7,3	  18,3	  22,5	  23,3	  24,4	  23,8	  20,3	 -13,4
s	   174,2050	 6	343,44	 87,05	   6,0	  17,3	  21,6	  22,1	  23,2	  23,3	  20,2	 -13,6
s	   174,2392	 8	143,03	100,19	   2,5	  14,4	  19,5	  19,8	  21,0	  22,3	  18,9	 -15,6
s	   174,6331	 7	343,25	 94,07	   6,5	  17,7	  21,8	  22,2	  23,3	  23,7	  20,0	 -13,7
s	   174,6800	 7	343,50	 84,83	   5,7	  17,2	  21,5	  22,0	  23,1	  23,3	  20,0	 -13,7
s	   174,7639	 8	257,82	 88,33	   5,8	  17,4	  22,0	  22,8	  23,8	  22,8	  19,9	 -13,9
s	   175,3774	 8	343,19	 96,28	   6,2	  17,6	  21,7	  22,1	  23,2	  23,6	  19,9	 -14,0
s	   176,0293	 7	 49,96	 91,16	   6,7	  17,4	  21,8	  22,5	  23,6	  22,6	  18,9	 -15,8
s	   176,1639	 8	 49,92	 93,37	   6,5	  17,3	  21,7	  22,4	  23,5	  22,5	  18,8	 -15,9
s	   176,9660	 7	158,78	 92,70	   4,7	  16,6	  21,9	  22,9	  24,0	  23,4	  19,8	 -14,1
s	   180,3110	 8	275,46	 88,30	   5,6	  16,9	  21,3	  22,0	  23,0	  22,1	  18,4	 -16,6
s	   182,2059	 4	142,95	 90,90	   7,1	  18,1	  22,3	  23,0	  24,2	  23,6	  19,8	 -14,7
s	   182,2370	 8	 50,16	 88,86	   5,2	  16,4	  20,6	  21,0	  22,1	  22,3	  18,3	 -16,9
s	   182,3816	 5	142,90	 88,60	   6,6	  17,5	  21,6	  22,0	  23,2	  23,6	  19,6	 -14,8
s	   182,7924	 6	143,05	 95,33	   6,4	  17,5	  21,5	  21,9	  23,1	  23,5	  19,5	 -15,0
s	   182,8375	 6	142,85	 86,46	   5,6	  17,1	  21,2	  21,7	  22,8	  23,1	  19,5	 -15,0
s	   183,5070	 7	143,10	 97,45	   6,1	  17,4	  21,4	  21,8	  23,0	  23,4	  19,3	 -15,2
s	   183,6416	 7	142,79	 84,18	   4,3	  16,1	  20,2	  20,4	  21,5	  22,6	  19,3	 -15,3
s	   183,8178	 6	351,63	 89,68	   5,9	  16,9	  21,3	  22,0	  23,1	  22,3	  18,4	 -17,0
s	   183,9473	 7	351,57	 91,80	   5,6	  16,9	  21,2	  21,9	  23,0	  22,2	  18,3	 -17,1
s	   183,9921	 7	351,69	 87,40	   4,6	  16,0	  20,3	  20,8	  21,8	  21,8	  18,3	 -17,1
s	   184,1271	 6	350,68	 89,66	   6,6	  17,7	  22,0	  22,8	  23,8	  23,0	  19,4	 -15,2
s	   184,2563	 7	350,62	 91,77	   6,4	  17,6	  22,0	  22,7	  23,7	  22,9	  19,3	 -15,4
s	   184,3010	 7	350,74	 87,37	   5,3	  16,7	  21,0	  21,5	  22,6	  22,5	  19,3	 -15,4
s	   184,3997	 8	351,50	 94,08	   4,4	  15,9	  20,2	  20,7	  21,7	  21,7	  18,1	 -17,3
s	   184,4088	 8	 65,55	 91,40	   5,4	  16,8	  21,2	  21,8	  22,9	  22,1	  18,1	 -17,3
s	   184,4363	 6	312,62	 88,72	   6,3	  17,5	  21,8	  22,5	  23,6	  23,0	  18,3	 -17,1
s	   184,4444	 8	351,75	 85,28	   4,4	  15,9	  20,2	  20,7	  21,7	  21,7	  18,1	 -17,3
s	   184,5654	 7	312,58	 90,84	   5,6	  17,3	  21,7	  22,4	  23,5	  22,7	  19,2	 -15,4
s	   184,6100	 7	312,66	 86,44	   5,8	  17,0	  21,1	  21,5	  22,6	  22,9	  18,2	 -17,2
s	   184,6758	 8	142,75	 82,08	   4,6	  16,1	  20,2	  20,2	  21,4	  22,7	  18,9	 -15,8
s	   184,7081	 8	350,56	 94,05	   5,1	  16,6	  21,0	  21,4	  22,5	  22,5	  19,1	 -15,5
s	   184,7527	 8	350,80	 85,26	   5,1	  16,6	  21,0	  21,4	  22,5	  22,5	  19,1	 -15,6
s	   185,0610	 8	312,70	 84,34	   5,1	  16,7	  21,0	  21,4	  22,5	  22,7	  19,1	 -15,6
s	   185,0802	 6	134,39	 88,81	   7,0	  17,7	  21,6	  22,0	  23,2	  23,6	  19,3	 -15,4
s	   185,3098	 8	240,59	 88,50	   5,3	  16,5	  21,0	  21,8	  22,8	  21,6	  18,0	 -17,4
s	   185,3342	 8	100,86	 91,52	   6,3	  17,1	  21,3	  22,0	  23,0	  22,1	  18,0	 -17,5
s	   185,4857	 7	134,52	 95,46	   6,0	  17,2	  21,3	  21,7	  22,8	  23,1	  19,2	 -15,6
s	   186,1910	 8	134,57	 97,55	   5,8	  17,1	  21,2	  21,6	  22,7	  23,0	  19,0	 -15,8
s	   186,6201	 8	133,53	 93,19	   4,0	  16,0	  21,4	  22,4	  23,5	  22,7	  19,0	 -15,9
s	   187,8961	 8	288,09	 88,37	   4,5	  16,6	  21,2	  22,0	  22,9	  21,9	  18,9	 -16,1
s	   188,1937	 8	358,53	 91,96	   4,0	  15,9	  21,3	  22,3	  23,4	  22,6	  18,8	 -16,1
s	   191,7308	 8	306,36	 88,61	   3,6	  16,1	  20,8	  21,6	  22,5	  21,5	  18,6	 -16,7
s	   199,3159	 8	342,00	 91,40	   2,8	  15,2	  20,6	  21,6	  22,7	  21,8	  18,0	 -18,0
s	   201,2270	 7	121,40	 91,31	   4,9	  16,5	  21,0	  21,7	  22,7	  21,7	  18,0	 -18,2
s	   201,3876	 8	121,37	 89,21	   4,4	  15,9	  20,3	  20,7	  21,7	  21,6	  17,8	 -18,3
s	   202,0503	 8	171,99	 90,15	   3,2	  15,3	  19,9	  20,6	  21,6	  20,4	  16,8	 -20,2
s	   209,0960	 5	327,56	 90,94	   4,6	  15,9	  21,0	  21,9	  23,1	  22,5	  17,6	 -19,2
s	   209,2620	 7	341,30	 89,41	   3,9	  15,9	  20,4	  21,2	  22,1	  21,1	  17,4	 -19,5
s	   209,3257	 8	341,26	 90,83	   1,6	  14,4	  20,0	  21,0	  22,0	  20,9	  17,2	 -19,6
s	   209,4170	 8	341,36	 87,37	   3,4	  15,3	  19,7	  20,2	  21,2	  21,0	  17,2	 -19,6
s	   211,0980	 8	308,01	 88,65	   3,7	  15,8	  20,3	  21,0	  21,9	  20,8	  17,0	 -20,0
s	   211,1654	 8	327,79	 81,26	   1,5	  13,6	  18,7	  19,0	  20,2	  21,2	  16,9	 -20,1
s	   211,7541	 6	334,32	 91,09	   4,2	  15,6	  20,8	  21,7	  22,9	  22,1	  17,3	 -19,8
s	   216,1157	 8	  3,95	 90,04	   4,3	  15,6	  19,8	  20,5	  21,5	  20,4	  15,7	 -22,6
s	   217,0266	 8	347,75	 89,58	   3,3	  15,4	  20,1	  20,8	  21,7	  20,4	  16,7	 -20,9
s	   218,3688	 8	135,94	 89,10	   4,5	  15,7	  19,9	  20,3	  21,3	  21,2	  16,6	 -21,1
s	   219,4591	 4	327,51	 89,06	   6,2	  16,8	  20,8	  21,5	  22,6	  22,0	  15,9	 -22,6
s	   219,6075	 5	327,55	 87,11	   5,6	  16,2	  20,1	  20,5	  21,7	  21,9	  15,8	 -22,7
s	   219,9548	 6	327,42	 92,80	   4,7	  15,8	  19,8	  20,1	  21,3	  21,4	  15,7	 -22,9
s	   219,9929	 6	327,60	 85,31	   4,9	  16,0	  20,0	  20,4	  21,5	  21,7	  16,7	 -21,1
s	   220,3885	 7	327,38	 94,16	   2,7	  14,4	  19,5	  20,1	  21,3	  21,5	  16,5	 -21,3
s	   220,6732	 7	327,64	 83,38	   3,4	  14,8	  18,8	  18,9	  20,0	  20,9	  15,5	 -23,1
s	   220,9902	 8	156,26	 90,59	   2,5	  15,0	  19,7	  20,4	  21,3	  20,1	  16,4	 -21,5
s	   221,0888	 8	327,66	 82,47	  -1,6	  11,3	  17,6	  18,3	  19,4	  20,2	  16,2	 -21,8
s	   221,4736	 8	327,33	 96,52	   3,9	  15,1	  19,0	  19,0	  20,2	  21,3	  15,3	 -23,4
s	   222,0037	 5	333,98	 89,22	   5,8	  16,5	  20,6	  21,3	  22,4	  21,6	  15,6	 -23,1
s	   222,1505	 6	334,03	 87,29	   5,3	  16,0	  19,9	  20,3	  21,4	  21,5	  15,5	 -23,3
s	   222,4942	 7	333,89	 92,93	   4,4	  15,5	  19,6	  20,0	  21,0	  21,1	  15,4	 -23,4
s	   222,5319	 7	334,08	 85,51	   4,6	  15,7	  19,8	  20,2	  21,3	  21,3	  16,4	 -21,6
s	   222,9234	 8	333,85	 94,27	   2,4	  14,2	  19,4	  20,0	  21,1	  21,1	  16,3	 -21,8
s	   223,2051	 8	334,12	 83,60	   3,1	  14,5	  18,6	  18,7	  19,8	  20,6	  15,2	 -23,6
s	   226,5522	 6	143,43	 92,66	   2,9	  14,8	  20,0	  20,9	  22,1	  21,3	  16,2	 -22,2
s	   227,5861	 7	340,19	 87,50	   3,4	  15,0	  19,2	  19,6	  20,6	  20,6	  15,0	 -24,2
s	   227,9591	 8	340,24	 85,75	   2,7	  14,8	  19,1	  19,5	  20,5	  20,4	  15,9	 -22,6
s	   229,0245	 7	137,13	 92,78	   2,6	  14,5	  19,8	  20,8	  21,8	  20,9	  15,9	 -22,7
s	   234,2847	 8	131,15	 92,86	   1,5	  13,9	  19,3	  20,3	  21,3	  20,2	  15,4	 -23,6
s	   235,7304	 7	346,04	 89,54	   3,7	  15,2	  19,7	  20,4	  21,3	  20,1	  15,5	 -23,7
s	   236,9245	 5	143,47	 90,90	   4,6	  15,7	  19,9	  20,6	  21,6	  20,7	  14,6	 -25,5
s	   236,9813	 6	143,50	 92,17	   1,8	  14,0	  19,4	  20,3	  21,4	  20,4	  15,5	 -23,8
s	   237,0628	 6	143,43	 89,09	   4,1	  15,2	  19,2	  19,5	  20,6	  20,7	  14,4	 -25,6
s	   237,2215	 6	148,78	 90,78	   3,6	  15,3	  19,5	  20,2	  21,2	  20,2	  14,4	 -25,7
s	   237,2782	 7	148,82	 92,05	   0,9	  13,5	  19,0	  20,0	  21,0	  19,9	  15,3	 -24,0
s	   237,3597	 7	148,74	 88,97	   3,1	  14,7	  18,8	  19,2	  20,2	  20,2	  14,3	 -25,8
s	   237,3866	 7	143,55	 94,40	   3,1	  14,7	  18,8	  19,2	  20,2	  20,2	  14,3	 -25,8
s	   237,4221	 7	143,39	 87,41	   3,3	  14,9	  19,1	  19,4	  20,5	  20,4	  15,3	 -24,0
s	   237,6831	 8	148,87	 94,27	   2,1	  14,2	  18,5	  18,9	  19,9	  19,7	  14,2	 -26,0
s	   237,7186	 8	148,70	 87,29	   2,3	  14,5	  18,7	  19,1	  20,1	  20,0	  15,2	 -24,2
s	   239,0334	 8	314,69	 86,98	   3,0	  14,7	  18,9	  19,3	  20,3	  20,1	  15,1	 -24,4
s	   239,2981	 6	137,43	 91,04	   4,3	  15,5	  19,7	  20,4	  21,4	  20,3	  14,3	 -26,0
s	   239,3544	 7	137,46	 92,29	   1,5	  13,7	  19,2	  20,2	  21,2	  20,0	  15,2	 -24,3
s	   239,4352	 7	137,39	 89,24	   4,5	  15,3	  19,3	  19,6	  20,7	  20,7	  14,2	 -26,1
s	   239,7560	 8	137,50	 94,50	   2,8	  14,4	  18,7	  19,0	  20,0	  19,8	  14,0	 -26,3
s	   239,7912	 8	137,36	 87,57	   3,8	  15,1	  19,2	  19,5	  20,5	  20,5	  15,1	 -24,5
s	   243,2142	 8	351,76	 89,70	   2,4	  14,5	  19,1	  19,8	  20,7	  19,3	  14,8	 -25,0
s	   244,4097	 8	131,70	 92,39	   0,4	  13,1	  18,7	  19,7	  20,6	  19,3	  14,7	 -25,2
s	   250,6722	 8	344,86	 89,51	   2,2	  14,3	  18,9	  19,6	  20,4	  19,0	  14,3	 -26,2
#END
