#HEADER
CATT-Acoustic v8.0b    Copyright © CATT 1988-2003

 Project                : Aula Optica 

 GEOMETRICAL INFORMATION
 Src id and loc     [m] :   E0           9,400        4,600        1,300
 Rec id and loc     [m] :   13          13,000        4,600        1,200

 13       10,4897

 VARIABLE SOURCE DATA
 Directivity
   Type (library)       :  OMNI.SD0
   Dir. Index (DI) [dB] :       0,0      0,0      0,0      0,0      0,0      0,0      0,0      0,0
 Level
   On axis 1m      [dB] :      48,1     57,1     60,8     61,7     63,4     64,6     64,6     48,2
   Total power     [dB] :      59,0     68,0     71,7     72,6     74,3     75,5     75,5     59,1
   Auxiliary delay [ms] :       0,0

 VARIABLE AIR DATA
 Temperature       [°C] :      20
 Relative humidity  [%] :      50
 Density        [kg/m³] :       1,2
 Sound speed      [m/s] :     343
 Impedance      [Ns/m³] :     412
 Diss. coeff. [0.001/m] :      0,10     0,30     0,63     1,07     2,28     6,83    24,23    83,90      (estimated)

#DATAFIELDS
 TYPE DELAY ORDER AZIMUTH ELEVATION SPL125 SPL250 SPL500 SPL1K SPL2K SPL4K SPL8K SPL16K
#DATA
d	     0,0000	 0	 89,52	 88,89	  37,0	  46,0	  49,7	  50,6	  52,2	  53,4	  53,1	  35,8
s	     2,2764	 1	 89,52	125,26	  34,6	  43,8	  47,5	  48,3	  50,0	  51,1	  50,7	  33,2
*	    26,6233	 1	314,23	103,83	  -3,6	   5,6	   9,3	  10,1	  11,8	  12,8	  11,7	  -8,0
*	    20,2241	 1	277,83	109,42	   2,2	  11,3	  15,0	  15,9	  17,5	  18,5	  17,7	  -1,4
*	    22,9309	 1	232,80	106,37	  -0,5	   8,7	  12,3	  13,2	  14,8	  15,8	  14,9	  -4,5
*	    16,2658	 1	351,02	108,97	   4,8	  14,0	  17,6	  18,5	  20,1	  21,2	  20,4	   1,7
*	     5,9651	 1	322,96	149,27	  20,8	  30,0	  33,7	  34,5	  36,2	  37,3	  36,8	  19,0
*	    10,8840	 1	187,78	117,30	  11,2	  20,4	  24,1	  24,9	  26,6	  27,7	  27,1	   8,8
*	    13,8947	 1	 33,21	106,03	   6,7	  15,9	  19,6	  20,4	  22,1	  23,2	  22,5	   3,9
*	     3,0997	 1	 74,36	115,74	  22,5	  31,6	  35,3	  36,2	  37,9	  39,0	  38,6	  21,0
*	     7,9860	 1	130,56	109,98	  14,1	  23,3	  27,0	  27,8	  29,5	  30,6	  30,1	  12,0
*	    20,5268	 1	 54,78	101,07	   1,0	  10,2	  13,9	  14,7	  16,4	  17,4	  16,5	  -2,6
*	    12,1976	 1	 81,45	103,05	  11,0	  20,2	  23,9	  24,7	  26,4	  27,5	  26,8	   8,4
*	    15,7374	 1	110,90	102,11	   6,2	  15,3	  19,0	  19,9	  21,5	  22,6	  21,8	   3,1
*	    33,0814	 1	 64,87	 98,10	  -7,9	   1,3	   4,9	   5,8	   7,4	   8,3	   7,1	 -13,1
*	    27,8387	 1	 83,64	 98,76	  -4,2	   5,0	   8,7	   9,5	  11,1	  12,1	  11,1	  -8,7
*	    29,8964	 1	103,28	 98,47	  -5,7	   3,5	   7,2	   8,0	   9,6	  10,6	   9,5	 -10,5
*	    47,9186	 1	 70,38	 96,35	 -15,7	  -6,6	  -2,9	  -2,1	  -0,5	   0,4	  -1,2	 -22,8
*	    44,2164	 1	 84,68	 96,64	 -13,9	  -4,7	  -1,1	  -0,3	   1,3	   2,2	   0,7	 -20,5
*	    45,6398	 1	 99,37	 96,52	 -14,6	  -5,5	  -1,8	  -1,0	   0,6	   1,5	  -0,0	 -21,4
s	     2,9750	 1	 89,53	 51,62	  32,6	  41,7	  45,3	  45,9	  47,6	  49,5	  49,5	  31,1
*	    38,1797	 1	246,32	 76,59	  -7,6	   2,3	   6,1	   6,9	   8,5	  10,2	   9,2	  -9,8
*	    35,7543	 1	272,16	 75,47	  -6,2	   3,7	   7,6	   8,3	  10,0	  11,6	  10,8	  -8,0
*	    39,3036	 1	297,04	 77,04	  -8,3	   1,6	   5,5	   6,2	   7,8	   9,5	   8,6	 -10,6
*	    23,5485	 1	230,31	 69,36	   2,1	  11,9	  15,8	  16,6	  18,2	  20,0	  19,5	   1,7
*	    19,8128	 1	274,55	 64,15	   5,7	  15,5	  19,4	  20,2	  21,8	  23,6	  23,2	   5,8
*	    25,1749	 1	314,28	 70,95	   0,7	  10,6	  14,4	  15,2	  16,8	  18,6	  18,0	   0,2
*	    12,4274	 1	186,25	 59,78	  12,3	  22,1	  26,0	  26,8	  28,5	  30,3	  30,0	  13,3
*	     6,1833	 1	311,93	 15,24	  22,8	  32,7	  36,6	  37,3	  39,0	  40,9	  40,8	  24,6
*	    14,7492	 1	353,98	 64,34	   9,5	  19,4	  23,2	  24,0	  25,7	  27,5	  27,2	  10,2
*	     9,9186	 1	134,81	 67,68	  14,7	  24,5	  28,4	  29,2	  30,9	  32,7	  32,5	  16,0
*	     3,3046	 1	 83,30	 59,88	  25,5	  35,4	  39,3	  40,1	  41,7	  43,6	  43,6	  27,7
*	    12,4015	 1	 38,67	 69,77	  11,6	  21,5	  25,4	  26,1	  27,8	  29,6	  29,4	  12,7
*	    17,2849	 1	115,00	 76,26	   7,6	  17,5	  21,3	  22,1	  23,8	  25,6	  25,2	   8,0
*	    12,3430	 1	 86,57	 74,86	  14,1	  24,0	  27,9	  28,7	  30,3	  32,2	  31,9	  15,2
*	    19,2756	 1	 59,42	 76,80	   5,5	  15,4	  19,2	  20,0	  21,7	  23,5	  23,0	   5,7
*	    30,7676	 1	106,85	 80,54	  -3,1	   6,7	  10,6	  11,4	  13,0	  14,7	  14,0	  -4,4
*	    27,8200	 1	 87,59	 80,11	  -0,9	   8,9	  12,8	  13,6	  15,2	  16,9	  16,3	  -1,8
*	    32,1039	 1	 68,74	 80,73	  -4,1	   5,8	   9,7	  10,5	  12,1	  13,8	  13,0	  -5,5
*	    46,0612	 1	102,57	 82,91	 -11,6	  -1,8	   2,1	   2,8	   4,4	   6,0	   4,9	 -14,8
*	    44,0107	 1	 88,08	 82,73	 -10,6	  -0,7	   3,1	   3,9	   5,5	   7,1	   6,0	 -13,5
*	    47,0236	 1	 73,77	 83,00	 -12,1	  -2,2	   1,6	   2,4	   4,0	   5,6	   4,4	 -15,4
s	     8,1720	 2	 89,52	146,29	  29,5	  38,8	  42,4	  43,0	  44,6	  46,5	  46,3	  27,5
s	     8,6567	 2	 89,53	 33,68	  29,8	  39,3	  43,0	  43,5	  45,2	  47,1	  46,9	  28,8
s	    14,7971	 3	 89,51	155,98	  27,2	  36,8	  40,5	  41,0	  42,7	  44,6	  44,1	  25,5
s	    15,8617	 3	 89,53	 23,93	  25,3	  34,8	  38,5	  38,7	  40,3	  43,0	  42,9	  23,4
*	    17,9700	 1	177,14	106,32	   3,1	  12,6	  16,5	  17,3	  18,9	  19,9	  19,5	   0,5
s	    18,2870	 1	158,15	 89,60	  27,0	  36,5	  40,3	  41,2	  42,8	  43,7	  43,3	  24,4
*	    22,9659	 1	133,29	 83,79	   9,1	  18,6	  22,4	  23,3	  24,9	  25,8	  25,2	   5,9
*	    44,9886	 1	112,79	 82,14	 -21,4	 -12,4	  -8,6	  -7,8	  -6,2	  -5,5	  -5,8	 -25,5
*	    41,3769	 1	114,39	 81,61	 -19,6	 -10,6	  -6,8	  -6,0	  -4,4	  -3,7	  -3,9	 -23,2
*	    37,8765	 1	116,20	 81,02	 -17,8	  -8,7	  -5,0	  -4,1	  -2,5	  -1,8	  -1,9	 -20,9
*	    34,5153	 1	118,28	 80,35	 -15,9	  -6,8	  -3,1	  -2,2	  -0,6	   0,1	   0,1	 -18,6
*	    25,6691	 1	126,69	 77,81	 -10,2	  -1,1	   2,6	   3,5	   5,1	   5,9	   6,1	 -11,8
*	    23,3118	 1	130,51	 76,76	  -8,5	   0,6	   4,3	   5,2	   6,8	   7,7	   7,9	  -9,8
*	    21,3543	 1	135,00	 75,59	  -7,0	   2,0	   5,8	   6,7	   8,3	   9,1	   9,4	  -8,1
*	    19,8549	 1	140,32	 74,34	  -5,9	   3,2	   6,9	   7,8	   9,4	  10,3	  10,6	  -6,8
*	    18,8581	 1	146,58	 73,06	  -5,1	   3,9	   7,7	   8,6	  10,2	  11,1	  11,4	  -5,9
*	    18,3907	 1	153,87	 71,82	  -4,7	   4,3	   8,1	   8,9	  10,5	  11,4	  11,8	  -5,5
*	    18,4636	 1	162,16	 70,76	  -4,8	   4,2	   8,0	   8,9	  10,5	  11,4	  11,7	  -5,5
*	    20,2074	 1	180,83	 69,78	  -6,2	   2,9	   6,7	   7,5	   9,1	  10,0	  10,3	  -7,1
*	    21,8309	 1	190,31	 70,03	  -7,4	   1,7	   5,4	   6,3	   7,9	   8,7	   9,0	  -8,5
*	    23,8965	 1	199,23	 70,73	  -8,9	   0,1	   3,9	   4,8	   6,4	   7,2	   7,4	 -10,3
*	    26,3440	 1	207,25	 71,74	 -10,7	  -1,6	   2,2	   3,0	   4,6	   5,4	   5,6	 -12,4
*	    32,1346	 1	220,25	 74,12	 -14,4	  -5,4	  -1,6	  -0,8	   0,8	   1,6	   1,6	 -16,9
*	    35,3666	 1	225,33	 75,28	 -16,4	  -7,3	  -3,6	  -2,7	  -1,1	  -0,4	  -0,4	 -19,2
*	    38,7636	 1	229,63	 76,37	 -18,3	  -9,2	  -5,5	  -4,6	  -3,0	  -2,3	  -2,5	 -21,5
*	    42,2923	 1	233,27	 77,34	 -20,1	 -11,1	  -7,3	  -6,4	  -4,9	  -4,2	  -4,4	 -23,8
s	    18,8303	 1	 20,48	 89,60	  26,8	  35,9	  39,7	  40,5	  42,1	  43,0	  42,1	  22,4
*	    40,2711	 1	 62,06	 93,10	  -3,5	   5,5	   9,3	  10,2	  11,7	  12,4	  12,3	  -7,0
*	    33,6663	 1	 57,80	 93,46	   0,2	   9,2	  13,0	  13,9	  15,4	  16,2	  16,2	  -2,5
*	    27,8285	 1	 52,19	 93,91	   3,9	  12,9	  16,7	  17,6	  19,1	  19,9	  20,1	   2,0
*	    28,0677	 1	 52,25	 83,31	   3,7	  12,7	  16,5	  17,4	  19,0	  19,8	  19,9	   1,8
*	    23,1531	 1	 44,65	 94,45	   7,2	  16,2	  20,0	  20,8	  22,4	  23,3	  23,5	   5,8
*	    23,4248	 1	 44,72	 82,12	   6,9	  16,0	  19,8	  20,6	  22,2	  23,1	  23,3	   5,6
*	    20,0951	 1	 34,44	 95,05	   9,4	  18,5	  22,2	  23,1	  24,7	  25,6	  25,9	   8,5
*	    20,3940	 1	 34,54	 80,75	   9,2	  18,2	  22,0	  22,9	  24,5	  25,3	  25,7	   8,2
*	    18,9932	 1	 20,90	 95,59	  10,3	  19,3	  23,1	  24,0	  25,6	  26,4	  26,8	   9,5
*	    19,3078	 1	 21,02	 79,39	  10,0	  19,0	  22,8	  23,7	  25,3	  26,2	  26,5	   9,2
*	    19,9624	 1	  4,38	 95,84	   9,5	  18,6	  22,4	  23,2	  24,8	  25,7	  26,0	   8,6
*	    20,2772	 1	  4,52	 78,51	   9,3	  18,3	  22,1	  23,0	  24,6	  25,4	  25,7	   8,3
*	    22,9039	 1	347,02	 95,58	   7,3	  16,4	  20,2	  21,0	  22,6	  23,5	  23,7	   6,1
*	    23,2004	 1	347,16	 78,60	   7,1	  16,1	  19,9	  20,8	  22,4	  23,2	  23,5	   5,8
*	    27,4919	 1	331,67	 94,93	   4,1	  13,1	  16,9	  17,8	  19,4	  20,2	  20,3	   2,2
*	    27,7569	 1	331,79	 79,51	   3,9	  12,9	  16,7	  17,6	  19,2	  20,0	  20,1	   2,0
*	    33,2716	 1	319,66	 94,17	   0,4	   9,5	  13,2	  14,1	  15,7	  16,4	  16,4	  -2,2
*	    33,5020	 1	319,75	 80,75	   0,3	   9,3	  13,1	  13,9	  15,5	  16,3	  16,3	  -2,3
*	    39,8394	 1	310,74	 93,48	  -3,3	   5,8	   9,5	  10,4	  12,0	  12,7	  12,5	  -6,7
*	    40,0388	 1	310,81	 81,95	  -3,4	   5,6	   9,4	  10,3	  11,8	  12,6	  12,4	  -6,8
s	    19,1926	 2	158,26	104,38	  26,5	  36,2	  40,0	  40,9	  42,5	  43,4	  42,9	  23,9
s	    19,6690	 2	158,01	 72,76	  25,6	  35,2	  39,1	  40,0	  41,5	  42,3	  41,7	  21,9
s	    19,7195	 2	 20,37	104,11	  26,4	  35,6	  39,4	  40,2	  41,8	  42,7	  41,7	  21,9
*	    22,0655	 1	187,41	104,42	  -2,4	   6,8	  10,6	  14,1	  16,6	  17,4	  16,6	  -2,7
*	    23,0999	 1	192,43	104,16	  -3,2	   6,0	   9,8	  13,3	  15,9	  16,7	  15,8	  -3,6
*	    24,2719	 1	197,25	103,82	  -4,0	   5,1	   9,0	  12,5	  15,0	  15,8	  14,9	  -4,6
*	    25,5709	 1	201,81	103,39	  -5,0	   4,2	   8,1	  11,6	  14,1	  14,9	  13,9	  -5,7
*	    21,6039	 1	187,37	 99,52	  -2,0	   7,1	  11,0	  14,5	  17,0	  17,8	  17,0	  -2,3
*	    22,6510	 1	192,39	 99,33	  -2,8	   6,4	  10,2	  13,7	  16,2	  17,0	  16,2	  -3,2
*	    23,8370	 1	197,21	 99,07	  -3,7	   5,5	   9,3	  12,8	  15,3	  16,2	  15,3	  -4,2
*	    25,1508	 1	201,78	 98,78	  -4,6	   4,5	   8,4	  11,9	  14,4	  15,2	  14,3	  -5,3
*	    21,3246	 1	187,33	 94,45	  -1,8	   7,4	  11,2	  14,7	  17,2	  18,1	  17,2	  -2,0
*	    22,3796	 1	192,35	 94,34	  -2,6	   6,6	  10,4	  13,9	  16,4	  17,3	  16,4	  -2,9
*	    23,5744	 1	197,17	 94,21	  -3,5	   5,7	   9,5	  13,0	  15,6	  16,4	  15,5	  -4,0
*	    24,8974	 1	201,74	 94,05	  -4,4	   4,7	   8,6	  12,1	  14,6	  15,4	  14,5	  -5,1
*	    21,2327	 1	187,29	 89,33	  -1,7	   7,5	  11,3	  14,8	  17,3	  18,1	  17,3	  -1,9
*	    22,2907	 1	192,31	 89,30	  -2,5	   6,7	  10,5	  14,0	  16,5	  17,3	  16,5	  -2,8
*	    23,4885	 1	197,13	 89,28	  -3,4	   5,8	   9,6	  13,1	  15,6	  16,4	  15,5	  -3,9
*	    24,8147	 1	201,70	 89,25	  -4,4	   4,8	   8,6	  12,1	  14,7	  15,5	  14,5	  -5,0
*	    21,3300	 1	187,24	 84,21	  -1,8	   7,4	  11,2	  14,7	  17,2	  18,0	  17,2	  -2,0
*	    22,3856	 1	192,27	 84,26	  -2,6	   6,6	  10,4	  13,9	  16,4	  17,2	  16,4	  -2,9
*	    23,5807	 1	197,09	 84,35	  -3,5	   5,7	   9,5	  13,0	  15,5	  16,4	  15,5	  -4,0
*	    24,9038	 1	201,67	 84,47	  -4,4	   4,7	   8,6	  12,1	  14,6	  15,4	  14,5	  -5,1
*	    21,6145	 1	187,20	 79,19	  -2,1	   7,1	  10,9	  14,5	  17,0	  17,8	  17,0	  -2,3
*	    22,6625	 1	192,22	 79,31	  -2,8	   6,3	  10,2	  13,7	  16,2	  17,0	  16,2	  -3,2
*	    23,8491	 1	197,05	 79,51	  -3,7	   5,5	   9,3	  12,8	  15,3	  16,1	  15,2	  -4,2
*	    25,1632	 1	201,63	 79,76	  -4,7	   4,5	   8,4	  11,9	  14,4	  15,2	  14,2	  -5,3
s	    22,1649	 3	158,39	118,39	  23,7	  33,5	  37,3	  37,8	  39,3	  41,1	  40,8	  20,8
s	    22,3928	 4	 89,51	161,88	  23,1	  32,9	  36,5	  36,7	  38,3	  41,0	  40,7	  20,6
s	    22,4443	 3	157,91	 61,07	  24,1	  34,1	  37,9	  38,5	  40,1	  41,8	  41,6	  22,2
s	    22,6446	 3	 20,24	117,93	  24,3	  33,6	  37,4	  37,9	  39,4	  41,1	  40,7	  20,6
s	    22,9192	 4	160,37	 74,48	  23,3	  33,6	  37,7	  38,3	  39,8	  41,2	  41,5	  22,2
s	    22,9200	 3	 20,72	 61,52	  24,8	  34,2	  38,0	  38,6	  40,2	  41,8	  41,4	  22,0
s	    22,9454	 4	 89,53	 18,75	  23,5	  33,4	  37,1	  37,3	  39,0	  41,6	  41,3	  21,9
s	    26,7210	 4	158,52	129,52	  23,9	  33,8	  37,7	  38,5	  40,0	  40,8	  40,2	  20,5
*	    26,7514	 1	122,33	 99,40	  -3,6	   5,9	   9,7	  10,6	  12,2	  13,0	  12,4	  -7,3
s	    27,0931	 4	157,78	 50,14	  21,2	  31,3	  35,1	  35,3	  36,9	  39,3	  39,3	  18,8
s	    27,1427	 4	 20,12	128,99	  24,5	  34,0	  37,8	  38,6	  40,1	  40,9	  40,1	  20,4
s	    27,5106	 4	 20,85	 50,66	  21,9	  31,5	  35,2	  35,4	  37,0	  39,4	  39,2	  18,7
s	    27,9986	 6	 19,34	127,97	  22,9	  32,6	  36,6	  37,1	  38,6	  40,0	  39,7	  19,8
*	    28,3562	 1	209,74	102,47	  -6,2	   3,3	   7,2	   8,0	   9,6	  10,5	   9,8	 -10,1
*	    29,0011	 1	218,60	102,51	  -5,3	   4,2	   8,0	   8,9	  10,5	  11,3	  10,6	  -9,3
*	    29,1047	 1	125,30	 78,87	  -6,4	   3,1	   6,9	   7,8	   9,3	  10,2	   9,5	 -10,4
s	    29,4007	 6	160,83	126,42	  21,0	  31,7	  35,8	  36,3	  37,8	  39,3	  39,3	  19,4
s	    29,6431	 5	 89,51	165,33	  21,7	  31,8	  35,5	  35,6	  37,3	  39,9	  39,4	  19,4
s	    30,7689	 5	 89,54	 15,20	  19,9	  29,9	  33,6	  33,4	  35,1	  38,4	  38,3	  17,5
s	    31,9287	 5	158,63	137,46	  19,9	  30,2	  34,0	  34,1	  35,7	  38,2	  38,0	  17,1
s	    32,2991	 5	 20,00	136,91	  20,6	  30,4	  34,1	  34,3	  35,9	  38,3	  37,9	  16,9
s	    32,3586	 5	157,67	 42,37	  20,4	  30,8	  34,6	  34,8	  36,4	  38,9	  38,7	  18,5
s	    32,7253	 5	 20,96	 42,89	  21,0	  31,0	  34,8	  35,0	  36,6	  39,0	  38,6	  18,4
s	    34,8910	 1	269,52	 89,15	  23,0	  32,5	  36,4	  37,2	  38,8	  39,6	  38,8	  18,3
*	    43,0090	 1	307,67	 83,24	   1,6	  11,1	  14,9	  15,8	  17,3	  18,1	  17,0	  -4,1
*	    35,2906	 1	275,22	 81,47	   6,0	  15,5	  19,3	  20,1	  21,7	  22,5	  21,7	   1,2
*	    39,6968	 1	239,15	 82,59	   3,4	  12,8	  16,7	  17,5	  19,1	  19,9	  18,9	  -2,0
s	    35,4706	 2	269,52	 98,64	  22,5	  32,2	  36,0	  36,8	  38,4	  39,2	  38,3	  17,8
s	    35,6695	 2	269,52	 78,98	  20,9	  30,5	  34,3	  34,8	  36,4	  38,0	  37,5	  16,2
*	    36,8210	 1	225,11	100,01	  -3,0	   6,5	  10,3	  11,2	  12,7	  13,5	  12,6	  -8,0
*	    37,0751	 1	224,97	 76,51	  -3,2	   6,3	  10,1	  11,0	  12,6	  13,4	  12,5	  -8,2
s	    37,4439	 3	269,52	108,31	  20,4	  30,1	  33,9	  34,4	  36,0	  37,6	  37,0	  15,5
s	    37,5627	 6	 89,50	167,87	  18,4	  28,6	  32,2	  32,0	  33,6	  37,0	  36,6	  15,2
s	    37,6347	 3	269,52	 70,08	  20,8	  30,8	  34,6	  35,2	  36,7	  38,3	  37,7	  17,0
s	    37,7670	 6	158,75	143,57	  19,1	  29,7	  33,5	  33,7	  35,3	  37,8	  37,4	  16,7
s	    38,0929	 6	 19,88	143,05	  19,8	  29,9	  33,7	  33,9	  35,4	  37,9	  37,3	  16,6
s	    38,1313	 6	 89,54	 12,93	  18,8	  29,1	  32,8	  32,7	  34,3	  37,7	  37,3	  16,5
s	    39,1809	 6	157,53	 35,58	  18,4	  28,6	  32,5	  32,7	  34,2	  36,5	  36,3	  14,7
s	    39,4976	 6	 21,09	 36,08	  19,0	  28,9	  32,7	  32,8	  34,4	  36,6	  36,2	  14,6
s	    40,1451	 8	 20,29	 37,07	  17,5	  27,6	  31,5	  31,4	  32,9	  35,8	  35,8	  14,2
s	    40,3905	 4	269,52	116,41	  20,1	  30,3	  34,1	  34,6	  36,1	  37,8	  37,0	  16,1
s	    40,9279	 4	269,52	 61,48	  18,5	  28,6	  32,3	  32,5	  34,1	  36,5	  36,1	  14,4
s	    41,2189	 8	159,93	 38,63	  15,8	  26,9	  30,9	  30,7	  32,2	  35,2	  35,6	  13,9
s	    41,8359	 2	167,96	 89,78	  20,8	  30,4	  34,3	  35,2	  36,7	  37,3	  36,2	  14,3
s	    42,2120	 2	238,96	 89,27	  20,8	  30,8	  34,7	  35,6	  37,1	  37,8	  37,1	  16,0
s	    42,3393	 3	168,03	 98,02	  20,5	  30,3	  34,2	  35,0	  36,5	  37,2	  35,9	  14,1
s	    42,5106	 2	300,63	 89,27	  20,7	  30,3	  34,2	  35,0	  36,6	  37,2	  36,0	  14,1
s	    42,5125	 3	167,89	 80,93	  19,5	  29,3	  33,2	  33,8	  35,3	  36,7	  35,9	  14,0
s	    42,7119	 3	238,99	 97,46	  20,5	  30,7	  34,6	  35,4	  37,0	  37,6	  36,9	  15,8
*	    42,7594	 1	 59,98	 87,22	  -4,0	   5,2	   8,9	   9,7	  11,3	  12,2	  10,7	 -10,4
*	    52,5886	 1	 64,60	 87,69	  -8,4	   0,7	   4,4	   5,2	   6,8	   7,6	   5,9	 -16,1
s	    42,9791	 3	238,92	 79,87	  19,7	  29,7	  33,8	  34,7	  36,1	  36,6	  35,8	  13,9
s	    43,0077	 3	300,59	 97,41	  20,4	  30,1	  34,1	  34,9	  36,4	  37,0	  35,8	  13,9
s	    44,2325	 4	167,82	 73,08	  19,5	  29,5	  33,4	  33,9	  35,4	  36,9	  36,2	  15,0
s	    44,4257	 4	239,03	105,92	  18,2	  28,5	  32,4	  32,9	  34,4	  35,9	  35,4	  13,4
s	    44,5294	 7	158,88	148,64	  16,2	  26,9	  30,7	  30,5	  32,1	  35,3	  35,1	  13,0
s	    44,5615	 5	269,53	124,00	  17,7	  27,9	  31,7	  31,8	  33,4	  35,8	  35,3	  13,2
s	    44,5923	 4	238,88	 72,68	  18,7	  29,2	  33,1	  33,7	  35,2	  36,6	  36,2	  14,9
s	    44,6926	 2	 10,48	 89,78	  21,1	  30,7	  34,6	  35,4	  36,9	  37,5	  36,6	  15,3
s	    44,7123	 4	300,56	105,83	  18,9	  28,7	  32,6	  33,1	  34,6	  36,0	  35,4	  13,3
s	    44,7509	 2	 89,52	 98,05	  19,6	  29,5	  34,2	  35,3	  36,9	  37,8	  36,4	  15,1
s	    44,8154	 7	 19,76	148,15	  16,9	  27,2	  30,9	  30,7	  32,2	  35,4	  35,0	  12,9
s	    44,8780	 4	300,70	 72,77	  19,4	  29,4	  33,3	  33,8	  35,3	  36,8	  36,1	  14,8
s	    44,8933	 5	269,52	 54,55	  18,1	  28,6	  32,4	  32,6	  34,1	  36,5	  36,0	  14,7
s	    44,9778	 7	 89,50	169,58	  17,4	  27,9	  31,6	  31,5	  33,1	  36,4	  35,8	  14,4
s	    45,0267	 7	157,43	 31,40	  16,6	  27,5	  31,3	  31,2	  32,8	  36,0	  35,8	  14,4
s	    45,1702	 3	 10,41	 97,60	  20,8	  30,5	  34,5	  35,3	  36,8	  37,4	  36,4	  15,1
s	    45,3102	 7	 21,20	 31,87	  17,3	  27,8	  31,5	  31,4	  33,0	  36,2	  35,7	  14,3
s	    45,3254	 6	168,35	106,78	  18,4	  28,5	  32,5	  33,1	  34,5	  35,6	  35,0	  12,9
s	    45,3345	 3	 10,55	 81,38	  19,8	  29,6	  33,5	  34,1	  35,6	  37,0	  36,4	  15,0
s	    46,1223	 7	 89,54	 11,15	  15,7	  26,2	  29,8	  29,3	  30,9	  35,0	  34,8	  12,6
s	    46,4212	 8	168,59	106,44	  16,7	  27,1	  31,3	  31,6	  32,9	  34,7	  34,6	  12,4
s	    46,6711	 5	168,17	113,84	  18,9	  29,1	  33,0	  33,5	  35,0	  36,4	  35,7	  14,2
s	    46,9701	 4	 10,61	 73,90	  19,1	  29,1	  33,0	  33,5	  35,0	  36,4	  35,7	  14,2
s	    47,1500	 5	167,75	 65,30	  17,3	  27,4	  31,2	  31,4	  32,9	  35,2	  34,8	  12,5
s	    47,2512	 5	239,07	113,71	  19,1	  29,5	  33,5	  34,3	  35,8	  36,3	  35,6	  14,0
s	    47,4916	 5	238,85	 64,95	  16,5	  27,1	  31,0	  31,2	  32,7	  34,9	  34,7	  12,4
s	    47,5238	 5	300,52	113,59	  19,8	  29,7	  33,7	  34,5	  36,0	  36,5	  35,5	  14,0
*	    47,7441	 1	105,01	 96,35	  -6,1	   3,5	   8,3	   9,4	  11,0	  11,8	  10,4	 -11,2
s	    47,7632	 5	300,74	 65,07	  17,2	  27,3	  31,1	  31,3	  32,9	  35,1	  34,7	  12,3
s	    48,0827	 7	301,58	113,35	  18,2	  28,5	  32,6	  33,1	  34,5	  35,7	  35,2	  13,6
s	    49,1762	 6	269,53	130,01	  17,3	  27,9	  31,7	  31,8	  33,4	  35,8	  35,1	  13,4
s	    49,2972	 5	 10,28	112,72	  18,5	  28,7	  32,6	  33,1	  34,6	  36,0	  35,2	  13,5
s	    49,7552	 5	 10,68	 66,43	  16,9	  27,0	  30,9	  31,1	  32,6	  34,7	  34,3	  11,8
*	    49,9138	 1	112,14	 86,66	  -6,2	   3,3	   7,1	   7,9	   9,5	  10,2	   8,9	 -12,8
s	    49,9391	 6	269,52	 48,20	  15,6	  26,1	  29,9	  29,8	  31,3	  34,5	  34,2	  11,6
s	    50,3874	 6	  9,68	105,34	  17,6	  28,2	  32,3	  32,8	  34,2	  35,4	  35,1	  13,3
s	    50,4134	 6	168,24	120,88	  16,6	  26,9	  30,7	  30,9	  32,4	  34,6	  34,1	  11,5
s	    50,7136	 6	167,68	 58,85	  17,0	  27,5	  31,4	  31,6	  33,1	  35,3	  34,8	  13,0
s	    50,7369	 6	239,10	120,19	  15,8	  26,5	  30,4	  30,6	  32,1	  34,4	  34,0	  11,4
s	    50,9941	 6	300,49	120,05	  16,5	  26,8	  30,6	  30,8	  32,3	  34,5	  34,0	  11,4
s	    51,0355	 6	238,81	 58,53	  16,3	  27,2	  31,1	  31,3	  32,8	  35,1	  34,8	  12,9
s	    51,2914	 6	300,77	 58,67	  17,0	  27,4	  31,3	  31,5	  33,0	  35,3	  34,7	  12,8
s	    51,6272	 8	159,01	152,58	  16,5	  27,3	  31,2	  31,3	  32,8	  35,1	  34,4	  12,5
s	    51,8807	 8	 19,63	152,12	  17,2	  27,5	  31,4	  31,5	  33,0	  35,3	  34,4	  12,4
s	    52,1440	 8	157,30	 27,53	  13,8	  24,8	  28,6	  28,1	  29,7	  33,6	  33,6	  10,8
s	    52,3955	 8	 21,32	 27,96	  14,5	  25,1	  28,8	  28,3	  29,9	  33,8	  33,5	  10,8
s	    52,5168	 5	 89,52	120,12	  15,3	  25,7	  30,4	  30,8	  32,4	  34,9	  33,8	  11,1
s	    52,8846	 6	 10,21	119,54	  16,2	  26,5	  30,4	  30,5	  32,0	  34,2	  33,6	  10,9
s	    53,0050	 8	 89,50	170,97	  14,5	  25,1	  28,7	  28,2	  29,8	  33,9	  33,4	  10,6
s	    53,1731	 6	 10,75	 60,17	  16,7	  27,2	  31,1	  31,3	  32,8	  35,0	  34,4	  12,3
s	    53,5796	 8	 89,55	  9,90	  14,9	  25,7	  29,4	  28,9	  30,5	  34,6	  34,1	  12,0
s	    54,6147	 7	168,31	126,61	  16,3	  26,9	  30,8	  31,0	  32,5	  34,7	  34,0	  11,8
s	    54,7553	 1	 89,52	 90,22	  19,9	  29,4	  33,2	  34,1	  35,6	  36,3	  34,9	  12,7
*	    60,4089	 1	 69,64	 91,49	  -3,5	   6,0	   9,8	  10,7	  12,2	  12,8	  11,3	 -11,4
*	    55,0450	 1	 85,13	 91,58	  -1,4	   8,1	  12,0	  12,8	  14,3	  15,0	  13,7	  -8,6
*	    56,7066	 1	101,28	 91,55	  -2,0	   7,5	  11,3	  12,1	  13,7	  14,3	  12,9	  -9,5
*	    57,8468	 1	 75,28	 85,96	 -14,1	  -4,9	  -1,3	  -0,5	   1,1	   1,9	   4,0	 -16,7
*	    57,6281	 1	 75,27	 88,65	 -14,0	  -4,8	  -1,2	  -0,4	   1,2	   2,0	   4,1	 -16,6
*	    56,8819	 1	 77,92	 85,92	 -13,7	  -4,5	  -0,9	  -0,1	   1,5	   2,3	   4,5	 -16,2
*	    56,6599	 1	 77,92	 88,65	 -13,6	  -4,5	  -0,8	   0,0	   1,6	   2,4	   4,6	 -16,1
*	    56,1107	 1	 80,63	 85,89	 -13,4	  -4,2	  -0,6	   0,2	   1,8	   2,6	   4,8	 -15,8
*	    55,8858	 1	 80,62	 88,63	 -13,3	  -4,1	  -0,5	   0,3	   1,9	   2,7	   4,9	 -15,7
*	    55,5405	 1	 83,36	 85,86	 -13,2	  -4,0	  -0,3	   0,5	   2,1	   2,9	   5,1	 -15,5
*	    55,3136	 1	 83,36	 88,62	 -13,1	  -3,9	  -0,2	   0,6	   2,2	   3,0	   5,2	 -15,4
*	    55,1772	 1	 86,12	 85,85	 -13,0	  -3,8	  -0,2	   0,6	   2,2	   3,0	   5,2	 -15,3
*	    54,9489	 1	 86,12	 88,62	 -12,9	  -3,7	  -0,1	   0,7	   2,3	   3,1	   5,3	 -15,2
*	    55,0246	 1	 88,90	 85,84	 -12,9	  -3,8	  -0,1	   0,7	   2,3	   3,1	   5,3	 -15,2
*	    54,7957	 1	 88,90	 88,61	 -12,8	  -3,7	  -0,0	   0,8	   2,4	   3,2	   5,4	 -15,1
*	    55,0842	 1	 91,69	 85,84	 -13,0	  -3,8	  -0,1	   0,7	   2,3	   3,1	   5,3	 -15,3
*	    54,8555	 1	 91,69	 88,61	 -12,9	  -3,7	  -0,0	   0,8	   2,4	   3,2	   5,4	 -15,1
*	    55,3554	 1	 94,46	 85,86	 -13,1	  -3,9	  -0,2	   0,6	   2,1	   2,9	   5,1	 -15,4
*	    55,1277	 1	 94,46	 88,62	 -13,0	  -3,8	  -0,2	   0,7	   2,2	   3,0	   5,2	 -15,3
*	    55,8354	 1	 97,22	 85,88	 -13,3	  -4,1	  -0,4	   0,4	   1,9	   2,7	   4,9	 -15,7
*	    55,6095	 1	 97,22	 88,63	 -13,2	  -4,0	  -0,4	   0,5	   2,0	   2,8	   5,0	 -15,5
*	    56,5192	 1	 99,93	 85,91	 -13,6	  -4,4	  -0,7	   0,1	   1,7	   2,5	   4,6	 -16,0
*	    56,2958	 1	 99,94	 88,64	 -13,5	  -4,3	  -0,6	   0,2	   1,8	   2,5	   4,7	 -15,9
s	    54,7667	 7	269,53	135,46	  14,7	  25,4	  29,2	  29,0	  30,5	  33,7	  33,2	  10,3
s	    54,9174	 7	239,14	125,91	  15,5	  26,6	  30,6	  30,7	  32,2	  34,5	  34,0	  11,8
s	    55,1213	 7	 24,15	104,33	  16,0	  27,1	  31,3	  31,9	  33,2	  34,2	  34,2	  11,9
s	    55,1582	 7	300,45	125,75	  16,2	  26,9	  30,8	  30,9	  32,4	  34,6	  33,9	  11,7
s	    55,1866	 7	269,52	 43,23	  15,2	  26,1	  29,9	  29,7	  31,3	  34,5	  33,9	  11,7
s	    55,2991	 2	 89,52	 83,10	  19,1	  28,5	  32,2	  32,7	  34,3	  35,9	  33,7	  10,7
s	    55,3146	 7	167,61	 52,77	  14,7	  25,2	  29,1	  28,9	  30,4	  33,4	  33,1	  10,1
s	    55,9674	 7	238,77	 52,06	  14,9	  25,7	  29,6	  29,8	  31,2	  33,3	  33,0	   9,9
s	    56,2044	 7	300,81	 52,21	  15,6	  25,9	  29,8	  30,0	  31,4	  33,5	  33,0	   9,9
s	    56,5560	 3	 89,52	103,79	  18,2	  27,6	  31,2	  31,7	  33,3	  34,9	  33,4	  10,2
s	    56,6926	 3	 89,52	 76,68	  17,9	  27,9	  31,7	  32,2	  33,8	  35,2	  34,1	  11,7
s	    56,9321	 7	 10,15	125,16	  16,0	  26,6	  30,5	  30,7	  32,2	  34,4	  33,6	  11,2
s	    57,6082	 7	 10,82	 54,22	  14,4	  24,9	  28,8	  28,6	  30,1	  33,1	  32,7	   9,5
s	    58,2060	 7	242,97	 82,02	  14,1	  26,0	  30,4	  31,0	  32,3	  33,2	  33,7	  11,2
s	    58,4640	 4	 89,52	 71,60	  13,9	  24,5	  29,3	  29,8	  31,4	  33,6	  32,9	   9,6
*	    58,6685	 1	 67,89	 89,58	 -12,9	  -3,9	  -0,2	   0,7	   2,2	   2,8	   2,2	 -18,7
*	    58,7057	 1	 67,88	 91,94	 -13,0	  -3,9	  -0,2	   0,7	   2,2	   2,8	   2,1	 -18,7
*	    58,8962	 1	 67,88	 94,29	 -13,0	  -4,0	  -0,2	   0,6	   2,1	   2,7	   2,1	 -18,8
s	    58,6933	 4	 89,52	109,90	  18,2	  28,0	  31,7	  32,1	  33,7	  35,3	  33,7	  11,1
*	    58,9109	 1	 69,24	 90,71	 -20,1	 -11,1	  -7,3	  -6,5	  -4,9	  -4,3	  -5,0	 -25,9
*	    59,0206	 1	 69,23	 93,05	 -20,1	 -11,1	  -7,3	  -6,5	  -5,0	  -4,4	  -5,0	 -25,9
*	    59,2826	 1	 69,23	 95,37	 -20,2	 -11,2	  -7,5	  -6,6	  -5,1	  -4,5	  -5,2	 -26,1
*	    59,1474	 1	109,41	 83,69	 -13,2	  -3,7	   0,1	   1,0	   2,5	   3,1	   1,7	 -20,9
s	    59,7738	 8	168,38	131,97	  13,9	  24,6	  28,5	  28,3	  29,8	  32,8	  32,3	   8,9
s	    60,0438	 2	111,85	 90,21	  18,2	  28,2	  32,2	  33,1	  34,5	  35,1	  33,9	  11,3
s	    60,0544	 8	239,18	131,25	  13,1	  24,3	  28,2	  28,0	  29,5	  32,5	  32,2	   8,8
s	    60,1640	 8	167,54	 47,88	  14,3	  25,2	  29,1	  29,0	  30,5	  33,5	  33,0	  10,3
s	    60,1818	 3	319,57	 89,45	  18,0	  28,1	  32,1	  32,9	  34,4	  34,8	  33,8	  11,1
s	    60,1818	 3	219,47	 89,46	  17,3	  27,3	  31,3	  32,2	  33,6	  34,0	  32,8	   9,3
s	    60,2777	 8	300,41	131,09	  13,8	  24,5	  28,4	  28,2	  29,7	  32,7	  32,2	   8,7
*	    60,8230	 1	 68,37	 83,82	 -13,5	  -4,5	  -0,7	   0,1	   1,7	   2,2	   1,5	 -19,5
*	    60,4821	 1	 68,36	 86,10	 -13,4	  -4,4	  -0,6	   0,3	   1,8	   2,4	   1,7	 -19,4
*	    60,2897	 1	 68,35	 88,39	 -13,3	  -4,3	  -0,5	   0,3	   1,9	   2,4	   1,7	 -19,3
s	    60,4047	 8	269,53	139,72	  14,3	  25,3	  29,2	  29,0	  30,5	  33,7	  33,0	  10,3
s	    60,4181	 3	111,87	 96,34	  18,0	  28,2	  32,1	  32,9	  34,4	  35,0	  33,8	  11,0
s	    60,4430	 8	238,74	 47,58	  13,5	  24,9	  28,9	  28,8	  30,2	  33,3	  33,0	  10,3
s	    60,4894	 5	115,09	 83,12	  15,8	  26,6	  30,8	  31,3	  32,7	  33,8	  33,5	  10,8
s	    60,5553	 4	319,54	 95,57	  17,7	  28,0	  32,0	  32,8	  34,2	  34,7	  33,6	  10,9
s	    60,5553	 4	219,51	 95,58	  17,0	  27,2	  31,3	  32,1	  33,5	  33,9	  32,6	   9,1
s	    60,6188	 3	111,83	 83,15	  18,0	  28,0	  32,0	  32,9	  34,3	  34,7	  33,7	  11,0
s	    60,6651	 8	300,85	 47,74	  14,3	  25,2	  29,1	  29,0	  30,4	  33,4	  32,9	  10,2
s	    60,6842	 4	319,62	 82,87	  16,7	  27,0	  31,1	  31,6	  33,1	  34,3	  33,6	  10,9
s	    60,6842	 4	219,43	 82,88	  15,9	  26,3	  30,3	  30,9	  32,3	  33,5	  32,6	   9,1
s	    61,0324	 5	 89,52	114,66	  13,4	  24,1	  29,0	  29,4	  31,0	  33,2	  32,4	   8,9
s	    61,3037	 8	269,52	 38,73	  12,6	  23,6	  27,4	  26,9	  28,4	  32,4	  32,0	   8,5
s	    61,7128	 4	111,89	102,79	  15,8	  26,1	  30,0	  30,5	  32,0	  33,3	  32,4	   8,8
s	    61,8396	 4	111,81	 77,65	  16,3	  26,8	  30,7	  31,3	  32,7	  34,1	  33,2	  10,4
s	    61,8476	 5	219,55	102,02	  15,6	  26,1	  30,1	  30,7	  32,1	  33,3	  32,3	   8,7
s	    61,9741	 5	319,66	 76,92	  16,1	  26,6	  30,6	  31,2	  32,6	  33,8	  33,1	  10,2
s	    61,9849	 7	 89,53	 49,55	  13,1	  24,1	  28,9	  29,0	  30,6	  33,8	  32,8	  10,0
s	    62,0570	 3	 64,56	 83,28	  18,5	  28,2	  32,1	  32,9	  34,4	  34,9	  33,5	  10,6
s	    62,0691	 5	 89,52	 64,53	  16,5	  26,6	  30,3	  30,4	  32,0	  34,4	  33,0	  10,2
s	    62,6862	 8	 10,88	 49,03	  15,0	  25,7	  29,7	  29,9	  31,3	  33,4	  32,6	   9,7
s	    63,1476	 5	 61,29	 83,38	  16,9	  26,6	  30,5	  31,0	  32,4	  33,7	  32,1	   8,4
s	    63,2540	 4	 64,58	 77,88	  16,9	  27,0	  30,8	  31,3	  32,8	  34,3	  33,0	  10,0
s	    63,4778	 5	 61,92	 96,07	  15,2	  25,6	  30,7	  31,7	  33,2	  33,6	  32,0	   8,3
s	    63,7608	 7	115,18	108,96	  14,7	  25,9	  30,1	  30,5	  31,9	  33,1	  32,6	   9,6
s	    63,8329	 6	319,45	107,73	  15,6	  26,3	  30,4	  30,8	  32,3	  33,5	  32,7	   9,6
s	    63,8329	 6	219,59	107,73	  15,6	  26,3	  30,4	  30,8	  32,3	  33,5	  32,7	   9,6
s	    63,8844	 5	111,91	108,94	  16,9	  27,3	  31,3	  32,1	  33,5	  34,0	  32,8	   9,7
s	    64,0713	 5	111,79	 71,52	  14,3	  24,9	  28,8	  28,9	  30,4	  32,6	  31,9	   8,2
s	    64,2018	 6	319,70	 70,81	  14,1	  24,7	  28,7	  28,8	  30,3	  32,3	  31,8	   8,0
s	    64,2018	 6	219,35	 70,81	  14,1	  24,7	  28,7	  28,8	  30,3	  32,3	  31,8	   8,0
s	    65,2607	 5	 64,47	108,58	  17,5	  27,5	  31,4	  32,2	  33,6	  34,2	  32,6	   9,4
s	    65,9900	 6	 89,52	 59,03	  14,3	  24,5	  28,1	  27,9	  29,5	  32,7	  31,5	   7,6
s	    66,3057	 7	 61,19	108,31	  16,6	  26,7	  30,5	  30,9	  32,4	  33,8	  32,2	   8,9
s	    66,6219	 6	111,93	114,28	  13,8	  24,5	  28,4	  28,6	  30,0	  32,2	  31,4	   7,4
s	    66,7481	 7	219,63	113,49	  13,5	  24,3	  28,3	  28,5	  29,9	  31,9	  31,3	   7,3
s	    66,7481	 7	319,41	113,49	  13,5	  24,3	  28,3	  28,5	  29,9	  31,9	  31,3	   7,3
s	    66,8592	 6	111,77	 66,21	  14,3	  25,2	  29,1	  29,3	  30,8	  33,0	  32,2	   8,9
s	    66,8833	 4	 44,80	 95,74	  15,7	  26,1	  31,1	  32,2	  33,7	  34,2	  32,7	   9,4
s	    66,8833	 4	134,25	 95,74	  15,0	  25,4	  30,4	  31,4	  32,9	  33,4	  31,6	   7,6
s	    66,9850	 7	319,74	 65,50	  14,0	  25,0	  29,0	  29,2	  30,7	  32,7	  32,1	   8,8
s	    66,9850	 7	219,31	 65,51	  14,0	  25,0	  29,0	  29,2	  30,7	  32,7	  32,1	   8,8
s	    67,9501	 6	 64,44	113,84	  14,4	  24,8	  28,5	  28,6	  30,2	  32,4	  31,3	   7,1
s	    68,2721	 3	171,87	 89,86	  17,1	  27,1	  31,1	  32,0	  33,4	  33,8	  32,6	   9,2
s	    68,6075	 4	171,92	 95,35	  16,8	  27,0	  31,1	  31,9	  33,3	  33,7	  32,4	   9,0
s	    68,7232	 4	171,82	 83,95	  15,8	  26,1	  30,1	  30,7	  32,1	  33,2	  32,4	   8,9
s	    69,1178	 7	 89,53	 55,52	  11,5	  22,9	  27,8	  27,9	  29,5	  32,5	  31,8	   8,3
s	    69,7702	 5	171,96	101,16	  15,4	  25,9	  30,0	  30,5	  31,9	  33,1	  32,1	   8,6
s	    69,8589	 7	 89,52	126,18	  12,9	  23,6	  27,4	  27,2	  28,7	  31,8	  30,9	   6,6
s	    69,8843	 5	171,78	 78,57	  15,4	  25,9	  30,0	  30,5	  31,9	  33,1	  32,1	   8,6
s	    69,9813	 7	111,95	119,22	  13,7	  24,8	  28,7	  28,9	  30,4	  32,5	  31,6	   8,1
s	    70,1023	 8	219,67	118,43	  13,5	  24,6	  28,6	  28,8	  30,2	  32,3	  31,5	   7,9
s	    70,1023	 8	319,37	118,42	  13,5	  24,6	  28,6	  28,8	  30,2	  32,3	  31,5	   7,9
s	    70,6687	 8	319,78	 60,24	  11,9	  22,9	  26,9	  26,8	  28,2	  31,0	  30,6	   6,3
s	    70,6687	 8	219,26	 60,25	  11,9	  22,9	  26,9	  26,8	  28,2	  31,0	  30,6	   6,3
s	    70,8371	 7	111,75	 60,59	  13,1	  23,9	  27,9	  28,0	  29,4	  31,4	  30,7	   6,3
s	    71,5640	 6	172,01	106,35	  14,8	  25,5	  29,5	  30,0	  31,4	  32,6	  31,5	   7,8
s	    71,7375	 3	  6,85	 89,85	  16,7	  26,3	  30,2	  31,1	  32,5	  32,8	  31,0	   6,6
s	    72,0588	 4	  6,81	 95,12	  16,4	  26,2	  30,2	  31,0	  32,4	  32,7	  30,9	   6,4
s	    72,0712	 6	171,72	 72,62	  15,0	  25,5	  29,6	  30,2	  31,5	  32,5	  31,7	   7,9
s	    72,0975	 7	 64,65	 61,08	  13,7	  24,2	  28,0	  28,1	  29,6	  31,7	  30,5	   6,0
s	    72,6058	 7	134,35	112,37	  11,7	  22,6	  27,5	  27,9	  29,4	  31,5	  30,5	   5,9
s	    72,6058	 7	 44,69	112,36	  11,7	  22,6	  27,5	  27,9	  29,4	  31,5	  30,5	   5,9
s	    73,1736	 5	  6,76	100,69	  15,1	  25,1	  29,1	  29,6	  31,0	  32,1	  30,6	   6,0
s	    73,2830	 5	  6,94	 79,03	  15,1	  25,1	  29,1	  29,6	  31,0	  32,1	  30,6	   6,0
s	    73,3192	 8	 89,52	129,35	  11,6	  22,8	  27,5	  27,6	  29,2	  32,4	  31,1	   7,2
s	    74,0553	 8	 89,53	 50,99	  10,0	  21,1	  25,8	  25,6	  27,2	  31,1	  30,2	   5,5
s	    74,2096	 8	111,97	124,06	  11,5	  22,7	  26,6	  26,4	  27,9	  30,8	  30,1	   5,4
s	    74,2136	 7	172,06	111,66	  12,7	  23,5	  27,5	  27,7	  29,1	  31,0	  30,2	   5,6
s	    74,3157	 3	129,23	 90,17	  15,7	  25,7	  29,8	  30,6	  32,0	  32,3	  30,7	   6,0
s	    74,3157	 3	 49,82	 90,17	  16,4	  26,5	  30,5	  31,3	  32,8	  33,0	  31,7	   7,8
s	    74,4297	 7	171,68	 68,11	  13,2	  24,2	  28,2	  28,4	  29,8	  31,8	  31,0	   7,1
s	    74,5335	 8	111,73	 56,50	  12,0	  23,3	  27,3	  27,2	  28,6	  31,6	  30,9	   6,9
s	    74,7348	 4	 49,85	 84,68	  15,9	  25,9	  29,8	  30,3	  31,7	  33,0	  31,5	   7,6
s	    75,0548	 6	  6,71	106,07	  16,2	  26,2	  30,2	  31,0	  32,4	  32,6	  31,0	   7,0
s	    75,4940	 8	172,06	 73,33	  12,4	  23,7	  28,0	  28,2	  29,5	  31,2	  31,0	   6,9
s	    75,7400	 8	 64,67	 57,02	  12,6	  23,6	  27,4	  27,3	  28,8	  31,8	  30,7	   6,6
s	    75,8150	 5	 49,87	 79,67	  14,6	  25,1	  29,1	  29,6	  31,0	  32,1	  31,0	   7,0
s	    76,6918	 4	130,74	 84,80	  15,4	  25,6	  29,4	  29,8	  31,3	  32,7	  31,0	   6,9
s	    77,2010	 6	 49,90	 75,63	  10,7	  21,8	  26,8	  27,3	  28,7	  30,6	  29,9	   5,0
s	    77,2830	 8	172,10	116,26	  12,7	  23,9	  27,9	  28,0	  29,4	  31,4	  30,5	   6,3
s	    77,3815	 6	 49,73	105,55	  14,9	  25,3	  29,2	  29,6	  31,0	  32,3	  30,7	   6,5
s	    77,3815	 6	129,31	105,55	  14,9	  25,3	  29,2	  29,6	  31,0	  32,3	  30,7	   6,5
s	    77,4452	 7	  6,67	110,81	  13,2	  23,5	  27,4	  27,5	  29,0	  30,9	  29,8	   4,8
s	    77,6533	 7	  7,03	 68,95	  13,7	  24,1	  28,1	  28,3	  29,7	  31,6	  30,6	   6,3
s	    77,7481	 5	130,82	100,82	  16,1	  26,2	  30,1	  30,8	  32,3	  32,8	  30,8	   6,5
s	    77,8034	 8	171,63	 63,20	  11,1	  22,2	  26,2	  26,0	  27,4	  30,2	  29,6	   4,6
s	    77,8765	 7	 64,58	 95,16	  13,2	  24,3	  29,5	  30,5	  31,9	  32,1	  30,8	   6,5
s	    78,1268	 7	 47,93	100,77	  14,1	  24,8	  29,0	  29,4	  30,8	  31,8	  30,7	   6,5
s	    78,5048	 8	  6,41	105,43	  13,6	  24,4	  28,6	  29,1	  30,4	  31,3	  30,3	   6,0
s	    79,1042	 6	130,69	 75,94	  10,5	  21,7	  26,7	  27,1	  28,6	  30,7	  29,7	   4,6
s	    79,2347	 7	 49,71	109,43	  10,2	  21,5	  26,6	  27,0	  28,5	  30,4	  29,6	   4,4
s	    80,0632	 7	 49,93	 69,84	  13,4	  24,0	  27,9	  28,1	  29,5	  31,6	  30,2	   5,8
s	    80,4055	 8	  6,63	115,28	  13,2	  23,8	  27,8	  28,0	  29,4	  31,3	  30,1	   5,6
s	    80,5233	 7	132,84	100,49	  14,4	  24,9	  28,8	  29,2	  30,6	  32,0	  30,2	   5,7
s	    80,5830	 4	269,52	 79,39	  13,1	  23,7	  28,6	  29,3	  30,9	  32,2	  30,5	   6,0
s	    81,1639	 8	  7,08	 63,84	  12,6	  23,0	  27,0	  27,1	  28,4	  30,2	  29,2	   3,9
s	    81,9074	 8	130,65	 70,27	  11,5	  22,2	  26,1	  25,9	  27,3	  30,2	  29,1	   3,7
s	    82,8414	 4	330,43	 89,59	  14,6	  24,7	  28,8	  29,7	  31,0	  31,1	  29,4	   4,0
s	    83,1246	 5	330,40	 94,23	  14,4	  24,6	  28,8	  29,5	  30,9	  31,0	  29,3	   3,8
s	    83,2343	 8	129,09	 65,17	  11,4	  22,1	  25,9	  25,7	  27,2	  30,0	  28,9	   3,4
s	    83,2343	 8	 49,96	 65,17	  11,4	  22,1	  25,9	  25,7	  27,2	  30,0	  28,9	   3,4
s	    84,1090	 6	330,36	 99,16	  13,0	  23,6	  27,7	  28,2	  29,6	  30,5	  29,0	   3,5
s	    84,2058	 6	330,50	 80,02	  13,0	  23,6	  27,7	  28,2	  29,5	  30,5	  29,0	   3,4
s	    84,4435	 5	252,86	 79,83	  11,7	  22,9	  27,9	  28,6	  30,1	  31,3	  29,9	   5,1
s	    84,6096	 5	286,53	 79,84	  12,5	  23,1	  28,1	  28,8	  30,3	  31,5	  29,9	   5,0
s	    85,1394	 5	144,50	 94,64	  12,9	  23,8	  28,9	  30,0	  31,4	  31,7	  30,0	   5,1
s	    85,7768	 7	330,33	103,95	  14,2	  24,7	  28,9	  29,6	  30,9	  31,0	  29,5	   4,5
s	    87,9070	 8	330,29	108,23	  11,2	  22,1	  26,1	  26,2	  27,6	  29,3	  28,3	   2,4
s	    88,0132	 5	 33,37	 94,50	  12,7	  23,1	  28,2	  29,2	  30,6	  30,9	  28,7	   2,7
s	    88,0931	 8	330,57	 70,98	  11,7	  22,7	  26,8	  27,0	  28,4	  30,1	  29,1	   3,9
s	    88,1983	 4	122,82	 90,23	  13,4	  23,9	  28,1	  28,9	  30,3	  30,4	  28,7	   2,8
s	    88,4662	 5	122,84	 94,62	  13,1	  23,9	  28,0	  28,8	  30,2	  30,3	  28,6	   2,6
s	    88,5587	 5	122,80	 85,51	  12,1	  22,9	  27,1	  27,7	  29,0	  29,9	  28,6	   2,6
s	    89,3980	 6	122,86	 99,29	  11,8	  22,8	  27,0	  27,5	  28,8	  29,8	  28,4	   2,3
s	    89,6491	 2	269,52	 89,36	  15,7	  25,4	  29,2	  30,0	  31,4	  31,9	  28,8	   2,7
s	    89,8259	 8	144,60	108,38	   9,1	  20,5	  25,6	  25,9	  27,4	  29,2	  28,1	   2,0
s	    89,9131	 3	269,52	 93,68	  15,0	  25,1	  29,1	  29,8	  31,3	  31,6	  29,7	   4,3
s	    90,0043	 3	269,52	 84,70	  14,4	  24,4	  28,2	  28,7	  30,1	  31,4	  28,6	   2,5
s	    90,6868	 8	269,52	117,14	   8,7	  20,1	  24,9	  24,9	  26,4	  29,4	  28,0	   1,8
s	    90,8316	 4	269,52	 98,29	  12,9	  23,2	  27,0	  27,5	  28,9	  30,1	  28,4	   2,3
s	    90,8449	 7	122,88	103,53	  12,0	  23,2	  27,3	  27,8	  29,1	  30,1	  28,9	   3,5
s	    91,1158	 7	122,76	 76,64	  10,4	  21,5	  25,6	  25,8	  27,1	  28,9	  28,1	   1,9
s	    92,2584	 5	269,52	102,46	  13,0	  23,7	  27,6	  28,1	  29,5	  30,7	  28,9	   3,4
s	    92,5256	 5	269,52	 75,95	  12,2	  22,5	  26,2	  26,3	  27,8	  29,9	  28,1	   1,8
s	    92,5690	 8	 33,27	107,86	   9,6	  20,6	  25,6	  25,9	  27,3	  29,2	  27,8	   1,4
s	    92,9474	 4	104,54	 90,30	  13,5	  24,2	  28,2	  29,0	  30,4	  30,7	  28,2	   1,8
s	    93,0021	 8	122,90	107,93	  10,0	  21,3	  25,4	  25,6	  26,9	  28,6	  27,7	   1,4
s	    93,1790	 8	122,74	 72,57	  10,5	  22,0	  26,2	  26,3	  27,7	  29,4	  28,5	   2,9
s	    93,2030	 5	104,55	 94,49	  12,7	  23,9	  28,1	  28,9	  30,3	  30,4	  29,1	   3,4
s	    93,3246	 3	284,82	 89,38	  15,2	  24,9	  28,8	  29,5	  31,0	  31,3	  28,2	   1,8
s	    93,3404	 5	104,53	 85,47	  13,2	  24,0	  28,1	  28,9	  30,2	  30,4	  28,0	   1,6
s	    93,5793	 4	284,81	 93,55	  14,4	  24,6	  28,7	  29,4	  30,8	  31,0	  29,1	   3,5
s	    93,5891	 4	140,70	 90,14	  13,7	  24,4	  28,4	  29,2	  30,6	  30,8	  29,1	   3,5
s	    93,9526	 4	 38,18	 90,14	  13,6	  23,7	  27,8	  28,7	  30,0	  30,0	  28,0	   1,6
s	    94,0926	 6	104,56	 98,95	  10,7	  22,0	  26,1	  26,6	  27,9	  28,9	  27,8	   1,3
s	    94,3306	 7	106,44	 85,52	  10,4	  22,3	  26,7	  27,3	  28,5	  29,2	  28,7	   3,0
s	    94,3865	 6	269,52	106,81	  11,1	  21,8	  25,7	  25,9	  27,3	  29,2	  27,8	   1,3
s	    94,4657	 5	284,80	 98,00	  12,3	  22,7	  26,6	  27,1	  28,5	  29,5	  27,9	   1,4
s	    94,5610	 6	269,52	 71,93	  12,3	  22,9	  26,7	  26,9	  28,3	  30,4	  28,5	   2,8
s	    94,7273	 6	140,76	 98,74	  12,1	  23,2	  27,3	  27,8	  29,2	  30,2	  28,8	   3,0
s	    94,8144	 6	140,65	 81,55	  12,1	  23,2	  27,3	  27,8	  29,1	  30,2	  28,7	   3,0
s	    94,8558	 7	 70,29	 85,53	  13,1	  23,5	  27,5	  27,9	  29,3	  30,3	  27,6	   1,1
s	    95,1737	 6	 38,24	 81,57	  12,1	  22,6	  26,7	  27,2	  28,6	  29,4	  27,7	   1,1
s	    95,4703	 4	173,84	 89,89	  13,5	  23,6	  27,7	  28,5	  29,9	  29,9	  27,9	   1,3
s	    95,6035	 7	104,56	103,31	  11,9	  23,3	  27,6	  28,3	  29,6	  29,6	  28,3	   2,5
s	    95,7198	 5	173,88	 93,98	  13,3	  23,5	  27,6	  28,4	  29,8	  29,8	  27,7	   1,1
s	    95,7346	 7	104,51	 77,31	  10,0	  21,3	  25,3	  25,4	  26,8	  28,7	  27,5	   0,9
s	    95,8061	 5	173,81	 85,49	  12,2	  22,6	  26,7	  27,3	  28,6	  29,4	  27,7	   1,1
s	    95,9713	 6	284,79	102,34	  13,5	  24,0	  28,1	  28,8	  30,2	  30,3	  28,4	   2,5
s	    96,1019	 6	284,84	 76,43	  11,7	  22,0	  25,8	  25,9	  27,4	  29,3	  27,6	   0,9
s	    96,2769	 8	285,40	102,31	  12,0	  22,8	  27,0	  27,5	  28,8	  29,5	  28,1	   2,2
s	    96,5838	 7	 38,10	103,02	  14,0	  24,2	  28,2	  28,9	  30,2	  30,3	  28,2	   2,3
s	    96,5885	 6	173,91	 98,34	  12,0	  22,5	  26,6	  27,1	  28,4	  29,3	  27,5	   0,8
s	    96,6304	 7	269,52	 68,72	   7,7	  19,2	  24,2	  24,3	  25,7	  28,5	  27,4	   0,7
s	    96,6678	 5	 37,20	 85,77	  13,4	  23,6	  27,5	  27,9	  29,3	  30,5	  28,4	   2,5
s	    96,6741	 6	173,77	 81,45	  11,9	  22,5	  26,6	  27,1	  28,4	  29,3	  27,5	   0,8
s	    96,8807	 7	269,52	110,67	  11,9	  22,7	  26,5	  26,6	  28,0	  30,2	  28,2	   2,2
s	    97,2677	 7	142,07	 85,49	  11,7	  22,9	  27,0	  27,5	  28,8	  29,7	  28,4	   2,4
s	    97,4440	 6	 37,11	 98,51	  13,1	  23,5	  27,4	  27,8	  29,2	  30,4	  28,2	   2,2
s	    97,5402	 8	104,57	107,23	   8,9	  20,7	  24,8	  25,0	  26,3	  28,0	  27,2	   0,4
s	    97,6348	 8	140,81	106,03	   7,7	  19,6	  24,7	  25,0	  26,5	  28,3	  27,2	   0,4
s	    97,7097	 8	104,50	 73,40	  10,2	  21,8	  25,8	  26,0	  27,3	  29,2	  28,0	   1,9
s	    97,9014	 7	284,78	106,25	  10,6	  21,4	  25,3	  25,5	  26,8	  28,6	  27,3	   0,4
s	    97,9396	 7	173,95	102,30	  11,6	  22,3	  26,5	  26,9	  28,2	  29,1	  27,2	   0,4
s	    98,0704	 7	284,85	 72,53	  11,8	  22,5	  26,3	  26,5	  27,9	  29,8	  28,0	   2,0
s	    98,1928	 7	173,74	 77,20	  10,6	  21,4	  25,5	  25,7	  27,0	  28,7	  27,2	   0,4
s	    98,3233	 8	140,59	 73,34	  10,1	  21,7	  25,8	  25,9	  27,3	  29,2	  27,9	   1,8
s	    98,3691	 4	  5,05	 89,89	  14,0	  24,1	  28,2	  29,0	  30,4	  30,4	  28,6	   2,5
s	    98,6120	 5	  5,02	 93,87	  13,8	  24,0	  28,2	  28,9	  30,3	  30,3	  28,4	   2,3
s	    98,6711	 8	 38,30	 73,39	  11,6	  22,2	  26,2	  26,3	  27,7	  29,5	  27,8	   1,7
s	    98,6959	 5	  5,09	 85,61	  12,8	  23,1	  27,2	  27,8	  29,1	  29,9	  28,4	   2,3
s	    99,1658	 7	 37,25	 77,24	  11,5	  22,2	  26,4	  26,8	  28,1	  29,0	  27,1	   0,2
s	    99,3075	 8	269,52	113,74	   7,2	  18,9	  23,9	  24,0	  25,4	  28,2	  27,0	   0,1
s	    99,4578	 6	  4,98	 98,11	  12,5	  23,0	  27,1	  27,6	  28,9	  29,8	  28,2	   2,0
s	    99,5411	 6	  5,12	 81,67	  12,5	  23,0	  27,1	  27,6	  28,9	  29,8	  28,2	   2,0
s	   100,0741	 8	284,86	 69,41	   7,2	  18,7	  23,8	  23,9	  25,3	  27,9	  26,9	  -0,1
s	   100,1240	 8	173,70	 73,37	  10,7	  21,7	  25,8	  26,0	  27,3	  29,0	  27,7	   1,4
s	   100,2802	 8	 37,06	105,63	   8,2	  19,6	  24,7	  25,1	  26,5	  28,3	  26,9	  -0,1
s	   100,3165	 8	284,77	110,00	  11,4	  22,2	  26,1	  26,2	  27,6	  29,6	  27,7	   1,4
s	   100,3334	 8	269,52	 64,16	  10,4	  21,4	  25,2	  25,0	  26,5	  29,4	  27,7	   1,4
s	   100,7741	 7	  4,95	101,98	  12,1	  22,9	  27,0	  27,4	  28,7	  29,6	  27,9	   1,6
s	   101,0209	 7	  5,16	 77,52	  11,1	  21,9	  26,0	  26,2	  27,6	  29,2	  27,9	   1,6
s	   101,8307	 4	298,36	 89,43	  13,0	  23,6	  27,7	  28,5	  29,9	  29,9	  28,2	   1,8
s	   102,0662	 5	298,35	 93,29	  12,8	  23,5	  27,7	  28,4	  29,7	  29,8	  28,0	   1,6
s	   102,1475	 5	298,38	 85,28	  11,7	  22,6	  26,7	  27,3	  28,6	  29,4	  28,0	   1,6
s	   102,9039	 8	  5,19	 73,78	  10,5	  21,5	  25,6	  25,8	  27,1	  28,7	  27,4	   0,9
s	   102,9670	 6	298,39	 81,46	  11,2	  22,2	  26,4	  26,9	  28,2	  29,0	  27,6	   1,1
s	   104,1631	 7	298,32	101,16	  10,9	  22,1	  26,2	  26,7	  28,0	  28,9	  27,3	   0,7
s	   104,4026	 7	298,41	 77,43	   9,3	  20,5	  24,6	  24,7	  26,0	  27,7	  26,5	  -0,9
s	   104,7354	 8	299,92	 97,58	  10,1	  21,7	  26,1	  26,6	  27,8	  28,4	  27,4	   0,7
s	   106,0740	 8	298,30	105,09	   9,0	  20,3	  24,4	  24,5	  25,8	  27,5	  26,2	  -1,3
s	   106,2312	 8	298,43	 73,80	   9,5	  21,0	  25,1	  25,3	  26,6	  28,3	  27,0	   0,2
s	   106,9820	 5	202,25	 89,68	  12,6	  22,7	  26,7	  27,5	  28,8	  28,7	  26,4	  -1,2
s	   106,9821	 5	336,80	 89,67	  12,4	  23,0	  27,2	  28,1	  29,3	  29,2	  27,5	   0,6
s	   107,1114	 7	 89,52	 70,64	   7,6	  18,8	  23,6	  23,7	  25,2	  28,0	  26,2	  -1,4
s	   107,2071	 6	202,27	 93,37	  12,3	  22,6	  26,7	  27,4	  28,6	  28,6	  26,2	  -1,4
s	   107,2072	 6	336,77	 93,36	  12,2	  22,9	  27,2	  28,0	  29,2	  29,1	  27,3	   0,5
s	   107,2850	 6	202,21	 85,71	  11,3	  21,7	  25,7	  26,3	  27,5	  28,2	  26,2	  -1,4
s	   107,2850	 6	336,83	 85,70	  11,1	  22,0	  26,2	  26,8	  28,0	  28,7	  27,3	   0,4
s	   107,3237	 8	237,82	 97,41	  11,2	  22,1	  26,2	  26,6	  27,9	  28,8	  26,9	  -0,0
s	   107,9917	 7	202,30	 97,31	  11,0	  21,6	  25,6	  26,1	  27,3	  28,1	  26,0	  -1,7
s	   107,9917	 7	336,74	 97,30	  10,8	  21,9	  26,1	  26,6	  27,9	  28,6	  27,1	   0,2
s	   108,0690	 7	202,19	 82,05	  11,0	  21,6	  25,6	  26,1	  27,3	  28,1	  26,0	  -1,7
s	   108,0690	 7	336,86	 82,05	  10,8	  21,9	  26,1	  26,6	  27,9	  28,6	  27,1	   0,2
s	   109,2141	 8	202,33	100,90	  10,7	  21,4	  25,5	  25,9	  27,2	  28,0	  25,8	  -2,0
s	   109,2141	 8	336,71	100,89	  10,5	  21,8	  26,0	  26,5	  27,7	  28,4	  26,9	  -0,2
s	   109,4435	 8	202,16	 78,19	   8,7	  20,1	  24,3	  24,5	  25,8	  27,2	  25,8	  -2,0
s	   109,4435	 8	336,89	 78,18	   9,5	  20,8	  25,1	  25,3	  26,5	  28,0	  26,9	  -0,2
s	   109,8455	 8	302,46	 81,95	   7,7	  19,9	  25,3	  26,1	  27,4	  28,1	  26,8	  -0,3
s	   109,9121	 4	256,66	 89,40	  11,7	  22,7	  26,9	  27,7	  29,0	  29,0	  27,3	   0,1
s	   110,1317	 5	256,67	 93,00	  11,4	  22,6	  26,8	  27,6	  28,9	  28,9	  27,1	  -0,0
s	   110,2498	 5	256,65	 85,25	  11,4	  22,5	  26,8	  27,6	  28,8	  28,7	  27,1	  -0,0
s	   110,3197	 8	103,10	 70,88	   7,4	  18,9	  23,9	  24,3	  25,7	  27,4	  25,7	  -2,2
s	   110,4503	 8	 75,66	 70,90	   8,2	  19,2	  24,2	  24,5	  25,9	  27,6	  25,7	  -2,2
s	   110,6205	 2	 89,52	 90,34	  13,5	  23,5	  27,5	  28,3	  29,7	  29,9	  27,4	   0,2
s	   110,7547	 7	 47,14	 93,79	   8,9	  20,4	  25,7	  26,7	  28,0	  27,9	  25,8	  -2,1
s	   110,8973	 6	256,68	 96,84	  10,1	  21,6	  25,8	  26,3	  27,6	  28,4	  26,9	  -0,3
s	   110,9143	 3	 89,52	 86,49	  13,0	  23,0	  26,7	  27,2	  28,7	  29,8	  27,3	   0,1
s	   110,9728	 6	256,65	 81,96	   9,9	  21,3	  25,6	  26,0	  27,3	  28,2	  26,7	  -0,5
s	   111,3744	 7	227,39	 82,09	   8,6	  20,3	  25,5	  26,3	  27,6	  28,4	  26,8	  -0,5
s	   111,6750	 4	 89,52	 82,94	  12,7	  22,9	  26,6	  27,1	  28,5	  29,7	  27,1	  -0,2
s	   111,7622	 7	311,86	 82,11	   8,6	  19,8	  25,0	  25,7	  27,1	  27,8	  25,7	  -2,3
s	   112,2015	 7	256,68	100,62	  10,6	  22,0	  26,3	  27,0	  28,3	  28,2	  26,4	  -0,9
s	   112,3148	 7	256,64	 78,18	   8,0	  19,6	  23,8	  23,9	  25,2	  26,8	  25,6	  -2,4
s	   112,7867	 5	 89,52	101,24	  11,5	  22,1	  26,0	  26,5	  27,8	  28,9	  26,6	  -0,8
s	   113,0094	 5	 89,52	 79,19	  10,7	  20,9	  24,6	  24,7	  26,1	  28,1	  25,8	  -2,4
s	   113,6767	 3	 76,78	 90,33	  13,1	  23,1	  27,1	  28,0	  29,3	  29,3	  27,0	  -0,5
s	   113,8800	 8	256,69	104,05	   7,7	  19,4	  23,6	  23,7	  25,0	  26,6	  25,4	  -2,9
s	   114,0272	 8	256,63	 74,76	   8,2	  20,1	  24,3	  24,5	  25,8	  27,4	  26,1	  -1,3
s	   114,1077	 6	329,94	 89,63	  10,9	  22,0	  26,4	  27,2	  28,4	  28,1	  26,6	  -0,9
s	   114,3200	 7	329,91	 93,11	  10,7	  22,0	  26,3	  27,1	  28,3	  28,1	  26,5	  -1,0
s	   114,3934	 7	329,97	 85,88	   9,6	  21,0	  25,4	  25,9	  27,1	  27,6	  26,5	  -1,1
s	   114,5659	 6	 89,52	104,91	  10,3	  20,7	  24,5	  24,5	  25,9	  27,9	  25,5	  -2,8
s	   114,7056	 5	 76,80	 83,11	  12,3	  22,5	  26,3	  26,8	  28,2	  29,2	  26,6	  -0,9
s	   114,7123	 6	 89,52	 75,79	  10,1	  21,0	  24,9	  25,1	  26,5	  28,3	  26,3	  -1,2
s	   115,0601	 8	329,89	 96,82	   9,4	  20,9	  25,3	  25,8	  27,0	  27,5	  26,3	  -1,3
s	   115,1330	 8	329,99	 82,43	   9,4	  20,9	  25,3	  25,8	  27,0	  27,5	  26,3	  -1,3
s	   115,8979	 6	 76,76	101,22	  12,8	  22,9	  26,9	  27,5	  28,9	  29,0	  26,2	  -1,5
s	   115,9900	 5	148,47	 90,12	  11,0	  21,6	  25,8	  26,7	  27,9	  27,7	  25,5	  -2,9
s	   116,0080	 6	 76,80	 79,45	  10,2	  20,5	  24,3	  24,4	  25,8	  27,6	  25,4	  -3,0
s	   116,1554	 8	 76,24	101,20	  11,3	  21,7	  25,8	  26,2	  27,5	  28,2	  25,9	  -1,7
s	   116,4537	 7	 89,52	 73,04	   6,2	  17,7	  22,7	  22,8	  24,2	  26,8	  25,2	  -3,2
s	   116,4657	 6	244,20	 89,44	  10,7	  22,0	  26,3	  27,1	  28,3	  28,2	  26,3	  -1,4
s	   116,6649	 7	 89,52	108,22	  10,5	  21,2	  25,0	  25,1	  26,5	  28,5	  26,0	  -1,7
s	   116,9283	 7	148,52	 97,21	   9,5	  20,5	  24,8	  25,2	  26,5	  27,1	  25,2	  -3,3
s	   117,4721	 8	244,18	 82,38	   9,0	  20,7	  25,0	  25,4	  26,6	  27,3	  25,8	  -2,0
s	   117,5280	 7	 76,76	104,55	   9,9	  20,3	  24,2	  24,2	  25,6	  27,4	  25,1	  -3,5
s	   117,6710	 7	 76,81	 76,12	   9,6	  20,6	  24,6	  24,8	  26,1	  27,8	  25,9	  -1,9
s	   117,9424	 8	148,40	 80,25	   6,2	  18,0	  23,3	  23,8	  25,1	  26,5	  24,9	  -3,6
s	   118,2907	 5	230,56	 89,50	  11,6	  22,3	  26,5	  27,2	  28,5	  28,5	  26,3	  -1,6
s	   118,4961	 6	230,58	 92,87	  10,6	  21,8	  26,1	  26,9	  28,1	  28,0	  26,1	  -1,7
s	   118,5671	 6	230,54	 85,88	  10,3	  21,3	  25,5	  26,0	  27,3	  28,0	  26,1	  -1,8
s	   118,6578	 5	308,68	 89,50	  11,6	  21,8	  25,9	  26,7	  28,0	  27,9	  25,2	  -3,4
s	   118,8626	 6	308,67	 92,85	  10,6	  21,4	  25,6	  26,4	  27,6	  27,4	  25,1	  -3,6
s	   118,8702	 6	149,14	 86,50	  10,3	  21,0	  25,0	  25,4	  26,8	  27,6	  25,1	  -3,6
s	   119,0724	 7	 32,61	 93,48	   9,1	  20,5	  25,9	  26,9	  28,2	  28,0	  26,0	  -2,0
s	   119,2123	 7	230,60	 96,47	   9,3	  20,8	  25,1	  25,6	  26,8	  27,5	  25,9	  -2,0
s	   119,3820	 8	 89,52	111,64	   8,5	  19,4	  23,1	  22,8	  24,3	  27,0	  24,8	  -3,9
s	   119,5792	 8	 76,75	107,79	  10,0	  20,8	  24,7	  24,8	  26,2	  28,0	  25,6	  -2,4
s	   119,5844	 7	149,11	 83,17	   9,3	  20,5	  24,6	  25,1	  26,3	  27,1	  24,9	  -3,8
s	   120,6290	 8	149,24	100,35	   9,7	  20,8	  24,8	  25,1	  26,5	  27,4	  24,7	  -4,2
s	   120,7948	 8	308,63	 99,98	  10,5	  21,5	  25,8	  26,6	  27,8	  27,5	  25,4	  -2,6
s	   120,8633	 6	309,73	 85,95	  10,7	  21,4	  25,4	  25,8	  27,1	  28,0	  25,7	  -2,4
s	   121,4973	 7	309,67	 96,35	   9,7	  20,9	  25,0	  25,4	  26,7	  27,5	  25,5	  -2,7
s	   122,1620	 5	174,99	 89,92	  11,3	  21,9	  26,2	  27,0	  28,2	  27,9	  25,9	  -2,3
s	   122,1855	 4	113,62	 90,31	  11,6	  22,1	  26,2	  27,1	  28,3	  28,2	  26,0	  -2,2
s	   122,3614	 6	175,02	 93,18	  11,1	  21,9	  26,1	  26,9	  28,1	  27,9	  25,7	  -2,5
s	   122,4304	 6	174,96	 86,40	  10,1	  20,9	  25,2	  25,7	  26,9	  27,5	  25,7	  -2,5
s	   122,4538	 5	113,61	 86,79	  10,3	  21,1	  25,3	  25,8	  27,1	  27,7	  25,8	  -2,4
s	   122,9090	 8	309,77	 78,94	   9,6	  20,5	  24,6	  25,0	  26,3	  27,0	  24,4	  -4,6
s	   123,0569	 7	175,04	 96,68	   9,8	  20,9	  25,1	  25,6	  26,8	  27,4	  25,6	  -2,7
s	   123,0803	 6	113,65	 97,07	  10,0	  21,0	  25,2	  25,7	  26,9	  27,6	  25,7	  -2,6
s	   123,1255	 7	174,93	 83,16	   9,8	  20,8	  25,1	  25,6	  26,8	  27,4	  25,5	  -2,7
s	   123,7168	 5	 64,25	 86,82	  10,2	  21,2	  25,2	  25,7	  27,0	  27,9	  25,7	  -2,6
s	   124,1658	 7	113,66	100,28	   9,5	  20,7	  24,8	  25,3	  26,5	  27,3	  25,2	  -3,2
s	   124,3466	 8	174,90	 79,71	   8,5	  19,8	  24,0	  24,2	  25,5	  26,8	  25,3	  -3,1
s	   124,3698	 7	113,59	 80,11	   7,9	  19,1	  23,2	  23,3	  24,6	  26,1	  24,4	  -4,8
s	   124,4758	 6	 64,26	 83,36	  10,7	  21,6	  25,8	  26,5	  27,8	  27,7	  25,3	  -3,1
s	   125,4413	 8	256,56	 85,73	   7,7	  19,7	  24,2	  24,6	  25,8	  26,3	  24,2	  -5,1
s	   125,5333	 8	 62,50	 83,41	  10,2	  21,1	  25,2	  25,6	  26,8	  27,6	  25,2	  -3,3
s	   125,6150	 7	 64,28	 80,20	   7,9	  19,1	  23,1	  23,2	  24,5	  26,2	  24,3	  -5,0
s	   125,6466	 5	  3,94	 89,91	  11,1	  21,2	  25,4	  26,2	  27,5	  27,1	  24,5	  -4,8
s	   125,7966	 8	113,67	103,66	   7,6	  18,9	  23,0	  23,1	  24,4	  25,9	  24,1	  -5,1
s	   125,8409	 6	  3,91	 93,09	  10,9	  21,2	  25,4	  26,1	  27,4	  27,1	  24,4	  -4,9
s	   125,9081	 6	  3,97	 86,48	   9,8	  20,2	  24,4	  25,0	  26,2	  26,7	  24,4	  -4,9
s	   125,9310	 8	113,58	 76,98	   8,1	  19,6	  23,7	  23,9	  25,2	  26,7	  24,9	  -3,6
s	   126,5187	 7	  3,89	 96,50	   9,6	  20,2	  24,3	  24,8	  26,1	  26,6	  24,2	  -5,2
s	   126,5856	 7	  4,00	 83,32	   9,6	  20,2	  24,3	  24,8	  26,1	  26,6	  24,2	  -5,2
s	   127,1620	 8	 64,29	 77,10	   8,1	  19,6	  23,7	  23,8	  25,1	  26,8	  24,8	  -3,8
s	   127,5772	 8	  3,86	 99,63	   9,3	  20,0	  24,2	  24,7	  25,9	  26,4	  24,0	  -5,5
s	   127,7762	 8	  4,02	 79,96	   8,3	  19,1	  23,3	  23,5	  24,7	  26,0	  23,9	  -5,5
s	   127,8283	 6	 10,62	 89,97	  10,0	  20,6	  25,0	  25,8	  26,9	  26,5	  24,2	  -5,3
s	   128,0195	 7	 10,59	 93,10	   9,8	  20,6	  24,9	  25,7	  26,8	  26,5	  24,0	  -5,4
s	   128,0335	 4	100,68	 90,35	  10,9	  21,6	  25,7	  26,4	  27,8	  27,8	  24,4	  -5,1
s	   128,0857	 7	 10,65	 86,59	   8,7	  19,6	  24,0	  24,5	  25,7	  26,0	  24,0	  -5,5
s	   128,2244	 5	100,68	 93,48	  10,2	  21,4	  25,6	  26,4	  27,6	  27,5	  25,3	  -3,5
s	   128,3271	 5	100,67	 86,74	  11,5	  21,8	  25,8	  26,6	  27,9	  27,9	  24,2	  -5,3
s	   128,6868	 8	 10,57	 96,46	   8,5	  19,6	  23,9	  24,4	  25,6	  25,9	  23,9	  -5,7
s	   128,7526	 8	 10,67	 83,48	   8,5	  19,6	  23,9	  24,4	  25,5	  25,9	  23,9	  -5,7
s	   128,7546	 6	100,67	 84,63	   7,7	  19,3	  24,4	  25,2	  26,5	  27,3	  25,1	  -3,7
s	   130,1269	 7	100,66	 80,57	   8,3	  19,2	  23,1	  23,2	  24,5	  26,3	  23,8	  -5,8
s	   131,4958	 8	100,70	103,15	   8,0	  19,1	  23,0	  23,0	  24,3	  26,1	  23,6	  -6,2
s	   131,6249	 8	100,66	 77,56	   7,0	  19,0	  23,2	  23,3	  24,6	  26,1	  24,4	  -4,7
s	   132,0404	 5	121,34	 90,29	  10,0	  21,0	  25,3	  26,1	  27,3	  27,0	  24,9	  -4,2
s	   132,0749	 6	198,08	 89,73	  10,7	  21,2	  25,4	  26,2	  27,4	  27,0	  24,7	  -4,4
s	   132,2604	 7	198,11	 92,78	  10,4	  21,2	  25,4	  26,1	  27,3	  27,0	  24,6	  -4,5
s	   132,2902	 6	121,33	 87,02	   9,4	  20,4	  24,6	  25,1	  26,3	  27,0	  24,8	  -4,4
s	   132,3246	 7	198,06	 86,46	   9,4	  20,3	  24,5	  25,0	  26,1	  26,6	  24,6	  -4,5
s	   132,6272	 6	341,04	 89,73	  10,6	  20,7	  24,9	  25,7	  26,8	  26,4	  23,6	  -6,3
s	   132,8121	 7	341,01	 92,76	  10,4	  20,7	  24,8	  25,6	  26,7	  26,4	  23,5	  -6,4
s	   132,8760	 7	341,06	 86,47	   8,4	  19,3	  23,7	  24,2	  25,4	  25,7	  23,6	  -6,4
s	   132,9080	 8	198,13	 96,03	   9,1	  20,2	  24,4	  24,9	  26,0	  26,5	  24,4	  -4,8
s	   132,9375	 7	121,31	 83,99	   9,2	  20,4	  24,5	  24,9	  26,2	  26,9	  24,6	  -4,6
s	   132,9718	 8	198,03	 83,44	   9,1	  20,2	  24,4	  24,9	  26,0	  26,5	  24,4	  -4,8
s	   133,4571	 8	340,99	 96,00	   8,2	  19,3	  23,6	  24,1	  25,2	  25,6	  23,4	  -6,6
s	   133,5208	 8	341,09	 83,46	   9,1	  19,7	  23,8	  24,3	  25,4	  25,9	  23,3	  -6,7
s	   134,0758	 8	121,30	 80,78	   7,9	  19,3	  23,5	  23,6	  24,9	  26,3	  24,4	  -4,9
s	   134,9245	 6	316,00	 89,55	  10,3	  21,1	  25,3	  26,1	  27,3	  27,0	  24,5	  -4,8
s	   135,1064	 7	315,98	 92,54	   9,3	  20,6	  25,0	  25,7	  26,9	  26,5	  24,4	  -5,0
s	   135,2106	 4	269,52	 92,39	   9,5	  20,3	  25,3	  26,3	  27,7	  27,8	  24,7	  -4,7
s	   135,5130	 7	157,49	 93,04	   8,1	  19,5	  24,8	  25,8	  27,1	  26,8	  24,3	  -5,1
s	   135,5204	 5	 55,57	 90,28	   9,8	  20,3	  24,6	  25,4	  26,6	  26,2	  23,5	  -6,6
s	   136,0524	 7	 21,47	 93,02	   8,0	  19,0	  24,3	  25,3	  26,5	  26,2	  23,3	  -6,9
s	   136,3963	 7	 55,59	 84,13	   9,0	  19,7	  23,8	  24,2	  25,5	  26,1	  23,2	  -7,0
s	   137,0501	 6	222,26	 89,57	   9,4	  20,2	  24,4	  25,2	  26,4	  26,1	  23,3	  -7,0
s	   137,2294	 7	222,28	 92,50	   8,5	  19,7	  24,1	  24,9	  26,0	  25,6	  23,1	  -7,2
s	   137,3769	 7	316,83	 86,40	   8,9	  20,1	  24,2	  24,7	  25,9	  26,6	  24,2	  -5,4
s	   137,4140	 8	 55,52	 99,57	  10,2	  20,9	  25,1	  25,7	  26,9	  26,7	  23,8	  -5,8
s	   137,9404	 8	316,77	 95,64	   7,9	  19,6	  23,9	  24,3	  25,5	  26,1	  24,0	  -5,6
s	   139,5265	 7	221,46	 86,46	   8,6	  19,7	  23,9	  24,3	  25,6	  26,2	  23,7	  -6,0
s	   139,5842	 6	153,75	 90,10	   9,3	  20,4	  24,8	  25,6	  26,7	  26,2	  24,1	  -5,7
s	   140,0820	 8	221,52	 95,57	   7,6	  19,2	  23,5	  24,0	  25,2	  25,7	  23,6	  -6,2
s	   140,2140	 6	 25,18	 90,09	   9,3	  20,0	  24,2	  25,0	  26,2	  25,9	  23,0	  -7,6
s	   140,4365	 8	153,71	 84,12	   7,8	  19,3	  23,7	  24,2	  25,3	  25,7	  23,8	  -6,1
s	   140,4502	 7	 25,20	 87,00	   8,7	  19,4	  23,5	  24,0	  25,2	  25,8	  22,8	  -7,7
s	   141,0023	 8	 25,13	 96,05	   8,5	  19,4	  23,5	  23,8	  25,1	  25,7	  22,7	  -8,0
s	   141,0628	 8	 25,22	 84,14	   7,7	  19,0	  23,2	  23,6	  24,8	  25,3	  22,7	  -8,0
s	   142,5508	 7	154,22	 87,04	   8,6	  19,8	  23,9	  24,4	  25,6	  26,2	  23,7	  -6,3
s	   143,0953	 8	154,29	 95,98	   8,4	  19,7	  23,9	  24,2	  25,5	  26,1	  23,5	  -6,6
s	   145,5145	 3	269,52	 89,42	  10,4	  20,9	  24,9	  25,7	  27,0	  26,8	  23,8	  -6,4
s	   145,6082	 4	269,52	 91,51	   8,1	  19,3	  24,4	  25,5	  26,8	  26,7	  23,7	  -6,6
s	   145,7427	 4	269,52	 86,42	   9,9	  20,3	  24,2	  24,7	  26,0	  26,8	  23,7	  -6,6
s	   145,9103	 8	100,75	 87,16	   6,7	  18,7	  23,2	  23,6	  24,8	  25,1	  23,2	  -7,1
s	   146,0771	 4	259,67	 89,42	   9,4	  20,4	  24,6	  25,4	  26,6	  26,3	  23,7	  -6,7
s	   146,2460	 5	259,67	 92,19	   9,1	  20,3	  24,5	  25,3	  26,5	  26,3	  23,5	  -6,8
s	   146,2761	 5	269,52	 95,17	   9,6	  20,2	  24,1	  24,6	  25,9	  26,7	  23,5	  -6,8
s	   146,3346	 5	269,52	 83,66	   9,6	  20,2	  24,1	  24,5	  25,9	  26,7	  23,5	  -6,8
s	   146,3369	 5	259,66	 86,23	   9,1	  20,2	  24,5	  25,3	  26,4	  26,1	  23,5	  -6,8
s	   146,6382	 6	280,73	 95,17	   9,4	  20,0	  24,0	  24,4	  25,7	  26,4	  23,4	  -7,0
s	   146,8360	 6	259,68	 95,16	   7,9	  19,3	  23,5	  24,0	  25,2	  25,8	  23,4	  -7,0
s	   146,8942	 6	259,66	 83,69	   7,9	  19,3	  23,5	  24,0	  25,2	  25,8	  23,4	  -7,0
s	   147,1500	 7	148,54	 90,14	   7,9	  19,5	  24,0	  24,8	  25,9	  25,3	  23,2	  -7,2
s	   147,2020	 6	269,52	 97,91	   9,1	  19,9	  23,8	  24,2	  25,5	  26,4	  23,1	  -7,3
s	   147,8444	 7	259,68	 98,10	   8,4	  19,8	  24,1	  24,8	  25,9	  25,6	  22,9	  -7,5
s	   147,8503	 5	280,62	 86,26	  10,5	  20,8	  24,9	  25,6	  26,9	  26,6	  23,4	  -7,1
s	   147,9323	 7	259,65	 80,75	   5,8	  17,4	  21,5	  21,6	  22,9	  24,2	  22,1	  -9,1
s	   148,5968	 7	269,52	100,82	   7,3	  18,2	  22,0	  22,1	  23,4	  25,0	  22,1	  -9,2
s	   148,7120	 7	269,52	 78,02	   7,0	  18,4	  22,5	  22,6	  23,9	  25,4	  22,9	  -7,7
s	   148,8009	 8	 68,48	 90,34	   7,6	  19,4	  23,9	  24,6	  25,7	  25,1	  23,0	  -7,6
s	   149,1486	 8	259,68	100,79	   5,5	  17,3	  21,4	  21,5	  22,7	  24,1	  21,9	  -9,4
s	   149,2633	 8	259,65	 78,07	   6,0	  17,9	  22,1	  22,3	  23,5	  24,9	  22,7	  -7,9
s	   149,3435	 7	280,60	 98,02	   9,8	  20,4	  24,5	  25,1	  26,4	  26,1	  22,8	  -7,8
s	   149,4703	 6	175,76	 89,93	   8,7	  19,4	  23,7	  24,5	  25,6	  25,0	  22,1	  -9,3
s	   149,6356	 7	175,79	 92,64	   8,5	  19,3	  23,6	  24,4	  25,5	  25,0	  22,0	  -9,4
s	   149,6929	 7	175,74	 87,01	   7,5	  18,4	  22,7	  23,2	  24,3	  24,6	  22,0	  -9,4
s	   149,8130	 8	269,52	102,82	   4,7	  16,8	  22,0	  22,3	  23,6	  25,2	  22,7	  -8,0
s	   150,2702	 8	175,72	 84,32	   7,2	  18,3	  22,6	  23,1	  24,2	  24,5	  21,8	  -9,6
s	   150,5368	 8	269,52	 75,17	   5,9	  17,1	  20,9	  20,7	  22,0	  24,4	  21,8	  -9,7
s	   152,0153	 6	 47,70	 90,25	   8,7	  19,2	  23,3	  22,8	  22,9	  22,6	  19,8	 -11,1
s	   152,1781	 7	 47,69	 92,92	   8,4	  19,1	  23,3	  22,7	  22,8	  22,6	  19,7	 -11,2
s	   152,2345	 7	 47,72	 87,38	   8,2	  18,6	  22,6	  21,7	  21,9	  22,6	  19,7	 -11,2
s	   152,3768	 6	  3,21	 89,92	   9,3	  19,9	  24,3	  25,1	  26,2	  25,6	  22,9	  -8,0
s	   152,5392	 7	  3,19	 92,59	   9,1	  19,9	  24,2	  25,0	  26,1	  25,5	  22,8	  -8,1
s	   152,5954	 7	  3,24	 87,06	   8,1	  19,0	  23,3	  23,8	  24,9	  25,1	  22,8	  -8,2
s	   152,8028	 8	 47,74	 84,72	   7,9	  18,5	  22,5	  21,6	  21,8	  22,5	  19,5	 -11,4
s	   153,1065	 8	  3,17	 95,44	   7,8	  18,9	  23,2	  23,7	  24,8	  25,0	  22,6	  -8,4
s	   153,1625	 8	  3,26	 84,41	   7,8	  18,9	  23,2	  23,7	  24,8	  25,0	  22,6	  -8,4
s	   153,7213	 5	251,33	 89,45	   8,7	  19,8	  24,1	  24,8	  26,0	  25,6	  22,9	  -8,1
s	   153,7213	 5	287,71	 89,44	   8,7	  19,8	  24,1	  24,8	  26,0	  25,6	  22,9	  -8,1
s	   153,8103	 6	287,71	 91,43	   6,5	  18,2	  23,6	  24,6	  25,8	  25,4	  22,8	  -8,3
s	   153,8103	 6	251,34	 91,44	   6,5	  18,2	  23,6	  24,6	  25,8	  25,4	  22,8	  -8,3
s	   153,9381	 6	251,32	 86,60	   8,2	  19,2	  23,3	  23,8	  25,0	  25,5	  22,7	  -8,3
s	   153,9381	 6	287,72	 86,60	   8,2	  19,2	  23,3	  23,8	  25,0	  25,5	  22,7	  -8,3
s	   154,4450	 7	287,70	 94,92	   8,0	  19,1	  23,3	  23,7	  24,9	  25,5	  22,6	  -8,5
s	   154,5006	 7	251,32	 83,98	   8,0	  19,1	  23,3	  23,7	  24,9	  25,4	  22,6	  -8,5
s	   155,3253	 8	251,35	 97,52	   7,5	  18,8	  22,9	  23,3	  24,5	  25,1	  22,2	  -9,0
s	   155,3253	 8	287,69	 97,52	   7,5	  18,8	  22,9	  23,3	  24,5	  25,1	  22,2	  -9,0
s	   155,4518	 7	343,65	 89,77	   8,2	  19,3	  23,8	  24,6	  25,7	  24,9	  22,5	  -8,7
s	   155,6112	 8	343,63	 92,38	   8,0	  19,3	  23,7	  24,5	  25,6	  24,9	  22,4	  -8,8
s	   155,6120	 5	 89,52	 95,81	   7,6	  18,4	  23,2	  23,9	  25,3	  26,2	  21,7	 -10,3
s	   155,6663	 8	343,68	 86,95	   6,9	  18,3	  22,8	  23,3	  24,4	  24,5	  22,4	  -8,8
s	   155,6919	 8	216,61	 86,80	   6,2	  18,2	  22,6	  23,1	  24,2	  24,5	  22,4	  -8,8
s	   156,2395	 6	 89,52	 97,76	   4,6	  16,4	  22,5	  23,4	  24,8	  25,6	  22,3	  -8,9
s	   156,4862	 6	 89,52	 98,40	   6,6	  17,9	  22,9	  23,5	  24,9	  25,7	  22,3	  -9,0
s	   157,9129	 7	 89,52	 79,61	   6,0	  17,2	  22,1	  22,4	  23,8	  25,5	  22,0	  -9,3
s	   158,1841	 7	323,11	 89,61	   8,2	  18,9	  23,1	  23,9	  24,9	  24,3	  21,2	 -11,0
s	   158,2553	 7	195,12	 89,78	   8,2	  18,8	  23,1	  23,9	  24,9	  24,3	  21,2	 -11,0
s	   158,3409	 8	323,09	 92,19	   8,0	  18,8	  23,1	  23,8	  24,8	  24,2	  21,0	 -11,1
s	   158,3952	 8	323,12	 86,85	   7,0	  17,9	  22,1	  22,6	  23,7	  23,8	  21,0	 -11,1
s	   158,4121	 8	195,14	 92,35	   8,0	  18,8	  23,1	  23,8	  24,8	  24,2	  21,0	 -11,2
s	   158,4663	 8	195,10	 87,01	   7,0	  17,9	  22,1	  22,6	  23,7	  23,8	  21,0	 -11,2
s	   158,4726	 7	 80,11	 97,66	   4,3	  16,1	  22,3	  23,2	  24,6	  25,2	  22,0	  -9,4
s	   158,7962	 7	 80,11	 98,48	   7,3	  18,4	  23,5	  24,5	  25,7	  25,4	  22,0	  -9,5
s	   159,6051	 8	288,11	 92,00	   5,0	  17,4	  22,9	  23,9	  25,1	  24,6	  22,0	  -9,5
s	   160,1240	 8	 80,14	 79,75	   5,7	  17,0	  21,9	  22,2	  23,6	  25,1	  21,7	  -9,8
s	   161,9460	 7	 21,76	 90,08	   7,9	  19,0	  23,4	  24,2	  25,3	  24,5	  21,9	  -9,8
s	   162,6538	 8	279,67	 94,64	   7,3	  18,5	  22,8	  23,2	  24,3	  24,7	  21,8	 -10,0
s	   163,4097	 8	107,86	 98,06	   5,1	  16,9	  22,1	  22,8	  24,0	  24,5	  21,5	 -10,4
s	   163,9157	 7	307,93	 89,53	   7,0	  18,6	  23,1	  23,9	  25,0	  24,2	  21,8	 -10,2
s	   164,0021	 7	 20,86	 90,07	   7,8	  18,9	  23,3	  24,1	  25,2	  24,4	  21,8	 -10,2
s	   164,1782	 8	106,76	 98,03	   5,0	  16,9	  22,1	  22,7	  24,0	  24,5	  21,4	 -10,5
s	   164,3725	 7	127,81	 90,28	   7,0	  18,3	  22,6	  23,4	  24,5	  23,9	  20,7	 -12,0
s	   164,5238	 8	127,83	 92,76	   6,0	  17,8	  22,3	  23,0	  24,1	  23,4	  20,6	 -12,2
s	   164,6456	 7	157,65	 90,09	   7,0	  18,1	  22,6	  23,3	  24,4	  23,6	  20,7	 -12,1
s	   164,8489	 8	157,63	 87,42	   5,7	  17,1	  21,6	  22,1	  23,1	  23,2	  20,5	 -12,2
s	   165,3790	 3	 89,52	 90,38	   9,8	  20,0	  23,9	  24,6	  25,9	  25,8	  21,0	 -11,8
s	   165,5295	 4	 89,52	 92,85	   9,1	  19,8	  23,8	  24,5	  25,8	  25,5	  22,0	 -10,1
s	   165,5461	 6	297,12	 89,48	   7,2	  18,2	  22,6	  23,4	  24,5	  23,8	  20,7	 -12,1
s	   165,5815	 4	 89,52	 87,73	   9,3	  19,4	  23,2	  23,6	  24,9	  25,7	  20,9	 -11,9
s	   165,9018	 5	 89,52	 94,89	   6,3	  17,4	  22,4	  23,1	  24,5	  25,1	  20,8	 -12,1
s	   166,2214	 8	297,10	 94,59	   5,7	  17,2	  21,6	  22,0	  23,1	  23,3	  20,4	 -12,5
s	   166,2732	 8	297,14	 84,38	   5,6	  17,2	  21,6	  22,0	  23,1	  23,3	  20,4	 -12,5
s	   166,5160	 7	158,80	 90,08	   7,6	  18,4	  22,7	  23,5	  24,6	  23,9	  20,5	 -12,4
s	   167,0326	 6	 89,52	 82,65	   7,3	  18,2	  22,1	  22,2	  23,5	  25,0	  21,6	 -10,6
s	   167,3423	 8	158,26	 87,45	   6,3	  17,4	  21,7	  22,2	  23,3	  23,4	  20,3	 -12,6
s	   167,4975	 4	 80,67	 90,38	   9,5	  19,7	  23,7	  24,4	  25,7	  25,4	  20,8	 -12,2
s	   167,6461	 5	 80,67	 92,81	   8,8	  19,5	  23,6	  24,3	  25,5	  25,1	  21,7	 -10,6
s	   167,7687	 8	 21,04	 87,46	   6,3	  18,0	  22,3	  22,7	  23,8	  24,2	  21,3	 -10,9
s	   168,0140	 6	 80,67	 94,83	   6,0	  17,2	  22,2	  22,9	  24,2	  24,7	  20,5	 -12,5
s	   168,1189	 7	 89,52	100,53	   6,2	  17,1	  21,0	  21,0	  22,3	  23,8	  20,4	 -12,7
s	   169,1316	 7	 80,68	 82,74	   6,9	  17,9	  21,9	  22,0	  23,2	  24,6	  21,3	 -11,1
s	   169,5948	 8	 89,52	102,90	   6,5	  17,7	  21,6	  21,7	  22,9	  24,5	  20,9	 -11,5
s	   169,8490	 8	 89,52	 77,69	   4,9	  16,1	  19,9	  19,7	  21,0	  23,3	  20,1	 -13,1
s	   169,8563	 8	 20,18	 87,48	   6,2	  17,9	  22,2	  22,6	  23,7	  24,1	  21,1	 -11,3
s	   170,2052	 8	 80,66	100,40	   5,9	  16,9	  20,8	  20,8	  22,1	  23,4	  20,1	 -13,1
s	   171,0833	 8	232,86	 91,92	   4,4	  16,4	  21,8	  22,8	  23,9	  23,3	  20,0	 -13,3
s	   171,5345	 7	138,91	 90,22	   7,4	  18,7	  23,0	  23,7	  24,8	  24,2	  21,1	 -11,5
s	   171,6798	 8	138,92	 92,60	   7,2	  18,6	  23,0	  23,7	  24,7	  24,1	  21,0	 -11,6
s	   173,5344	 5	106,64	 90,37	   8,3	  19,0	  23,1	  23,8	  25,0	  24,6	  20,1	 -13,4
s	   173,6781	 6	106,65	 92,72	   7,5	  18,7	  23,0	  23,7	  24,9	  24,3	  21,0	 -11,7
s	   173,7279	 6	106,64	 87,83	   7,0	  18,0	  22,1	  22,6	  23,7	  24,1	  20,0	 -13,5
s	   174,1805	 7	106,66	 95,25	   6,7	  17,9	  22,0	  22,4	  23,6	  24,0	  19,9	 -13,7
s	   174,7451	 8	106,66	 97,01	   3,8	  15,9	  21,3	  22,0	  23,2	  23,4	  20,5	 -12,4
s	   175,1153	 8	106,63	 82,97	   4,9	  16,7	  21,0	  21,2	  22,3	  23,3	  20,7	 -12,2
s	   176,2177	 7	176,30	 89,94	   7,2	  18,3	  22,7	  23,5	  24,6	  23,7	  20,7	 -12,3
s	   176,3594	 8	176,32	 92,26	   6,9	  18,2	  22,7	  23,4	  24,5	  23,7	  20,6	 -12,4
s	   176,4084	 8	176,28	 87,44	   5,9	  17,3	  21,8	  22,3	  23,3	  23,2	  20,6	 -12,4
s	   176,7992	 7	  2,73	 89,93	   7,1	  17,8	  22,2	  23,0	  24,0	  23,1	  19,6	 -14,2
s	   176,9405	 8	  2,71	 92,25	   6,9	  17,8	  22,1	  22,9	  23,9	  23,1	  19,5	 -14,3
s	   176,9894	 8	  2,75	 87,44	   5,9	  16,8	  21,2	  21,7	  22,8	  22,6	  19,5	 -14,3
s	   178,1791	 8	243,08	 89,49	   5,4	  17,6	  22,1	  22,9	  23,9	  23,2	  20,5	 -12,7
s	   179,0258	 8	286,14	 91,74	   4,1	  16,5	  22,0	  22,9	  24,1	  23,4	  20,4	 -12,9
s	   179,4511	 7	234,74	 89,52	   5,5	  17,1	  21,6	  22,4	  23,4	  22,6	  19,4	 -14,6
s	   179,5281	 8	234,75	 91,24	   3,3	  15,6	  21,2	  22,2	  23,2	  22,4	  19,3	 -14,7
s	   181,3811	 8	233,98	 87,09	   4,9	  16,6	  20,9	  21,3	  22,4	  22,7	  19,2	 -15,1
s	   181,5383	 6	114,46	 90,35	   6,4	  17,9	  22,4	  23,1	  24,2	  23,5	  20,4	 -13,1
s	   181,6761	 7	114,47	 92,61	   6,2	  17,9	  22,3	  23,0	  24,1	  23,4	  20,3	 -13,2
s	   181,7238	 7	114,45	 87,92	   5,1	  17,0	  21,4	  21,9	  22,9	  23,0	  20,3	 -13,2
s	   181,9244	 6	113,46	 90,35	   6,4	  17,9	  22,3	  23,1	  24,2	  23,5	  20,4	 -13,2
s	   181,9915	 7	278,63	 86,84	   6,9	  18,2	  22,5	  23,2	  24,3	  23,6	  20,3	 -13,3
s	   182,0493	 6	261,52	 89,44	   5,6	  17,6	  22,1	  22,9	  23,9	  23,3	  20,4	 -13,2
s	   182,0619	 7	113,46	 92,61	   6,2	  17,9	  22,3	  23,0	  24,1	  23,4	  20,2	 -13,3
s	   182,1867	 7	261,52	 91,69	   5,4	  17,6	  22,1	  22,8	  23,9	  23,2	  20,2	 -13,3
s	   182,2052	 8	114,45	 85,67	   4,9	  16,9	  21,3	  21,8	  22,8	  22,9	  20,1	 -13,4
s	   182,2607	 7	261,52	 86,84	   5,4	  17,5	  22,0	  22,8	  23,8	  23,0	  20,2	 -13,3
s	   182,5900	 8	113,44	 85,68	   4,9	  16,9	  21,3	  21,7	  22,8	  22,9	  20,1	 -13,5
s	   182,6670	 8	261,53	 94,11	   4,1	  16,6	  21,1	  21,5	  22,6	  22,7	  20,1	 -13,5
s	   182,7144	 8	261,52	 84,77	   4,1	  16,6	  21,1	  21,5	  22,6	  22,7	  20,1	 -13,5
s	   184,1983	 8	193,00	 89,81	   7,7	  18,3	  22,5	  23,3	  24,2	  23,4	  19,8	 -13,9
s	   185,3187	 8	 63,85	 85,74	   5,5	  17,2	  21,4	  21,8	  23,0	  23,2	  19,9	 -13,9
s	   188,9561	 7	285,28	 89,46	   5,1	  17,2	  21,7	  22,5	  23,5	  22,6	  19,7	 -14,5
s	   189,1346	 8	285,29	 87,11	   4,6	  16,6	  21,0	  21,4	  22,5	  22,6	  19,6	 -14,6
s	   189,8721	 8	 36,71	 90,20	   5,6	  17,2	  21,8	  22,6	  23,5	  22,5	  19,5	 -14,7
s	   192,0045	 8	269,52	 81,04	   0,7	  13,3	  19,5	  20,1	  21,4	  22,6	  19,1	 -15,3
s	   192,2000	 8	142,83	 90,21	   4,7	  16,4	  21,0	  21,7	  22,7	  21,6	  18,3	 -16,9
s	   192,6287	 8	160,79	 90,07	   5,5	  17,2	  21,7	  22,4	  23,5	  22,6	  19,3	 -15,2
s	   193,1805	 8	 18,21	 90,07	   5,4	  16,7	  21,2	  21,9	  22,9	  22,0	  18,2	 -17,1
s	   195,9142	 8	228,62	 89,56	   4,6	  16,2	  20,6	  20,0	  20,0	  19,2	  15,9	 -18,9
s	   196,0775	 7	 57,88	 90,32	   5,5	  17,1	  21,6	  22,4	  23,4	  22,4	  19,1	 -15,6
s	   196,2056	 8	 57,88	 92,42	   5,3	  17,1	  21,6	  22,3	  23,3	  22,4	  19,0	 -15,8
s	   197,8535	 8	 57,19	 88,08	   5,0	  16,6	  20,9	  21,3	  22,4	  22,5	  18,9	 -16,1
s	   200,2731	 4	269,52	 89,44	   7,3	  17,9	  22,0	  22,7	  23,9	  23,4	  18,1	 -17,8
s	   200,4420	 5	269,52	 87,23	   6,8	  17,4	  21,3	  21,7	  22,9	  23,3	  18,0	 -17,9
s	   200,8374	 6	269,52	 93,71	   5,8	  16,9	  20,9	  21,3	  22,5	  22,9	  17,8	 -18,1
s	   200,8808	 6	269,52	 85,18	   6,0	  17,1	  21,2	  21,6	  22,7	  23,1	  18,9	 -16,3
s	   201,3310	 7	269,52	 95,25	   3,8	  15,6	  20,7	  21,3	  22,5	  22,9	  18,7	 -16,5
s	   201,6548	 7	269,52	 82,98	   5,3	  16,3	  20,2	  20,3	  21,5	  22,8	  17,7	 -18,4
s	   202,0440	 5	276,92	 89,45	   7,0	  17,7	  21,8	  22,5	  23,7	  23,0	  17,9	 -18,2
s	   202,5647	 8	269,52	 97,93	   4,5	  16,1	  20,1	  20,1	  21,3	  22,5	  18,5	 -16,8
s	   202,6037	 7	276,92	 93,68	   5,5	  16,7	  20,8	  21,2	  22,3	  22,5	  17,6	 -18,5
s	   202,6467	 7	276,93	 85,22	   5,7	  16,9	  21,0	  21,4	  22,5	  22,7	  18,6	 -16,7
s	   203,0932	 8	276,92	 95,21	   3,5	  15,3	  20,5	  21,1	  22,3	  22,6	  18,5	 -16,9
s	   203,4143	 8	276,93	 83,04	   5,0	  16,1	  20,0	  20,1	  21,3	  22,4	  17,4	 -18,8
s	   203,5592	 8	176,71	 89,95	   5,0	  16,2	  20,7	  21,5	  22,4	  21,2	  17,4	 -18,8
s	   203,5593	 8	  2,33	 89,94	   5,8	  16,9	  21,4	  22,2	  23,1	  22,0	  18,4	 -17,0
s	   206,3028	 8	 75,01	 88,23	   4,4	  16,0	  20,3	  20,7	  21,8	  21,9	  17,2	 -19,2
s	   206,8989	 7	103,95	 90,39	   4,9	  16,6	  21,0	  21,7	  22,7	  21,9	  17,3	 -19,2
s	   207,0628	 8	103,95	 88,24	   4,4	  16,0	  20,3	  20,7	  21,7	  21,8	  17,1	 -19,4
s	   209,7754	 8	 60,06	 90,34	   4,0	  16,1	  20,7	  21,5	  22,4	  21,3	  18,0	 -18,0
s	   211,6653	 8	 51,86	 90,30	   4,7	  16,0	  20,4	  21,1	  22,1	  21,0	  16,8	 -20,1
s	   211,9519	 7	 89,52	 96,41	   4,1	  15,6	  20,5	  21,1	  22,3	  22,8	  17,9	 -18,3
s	   212,6904	 8	 89,52	 98,02	   0,1	  12,6	  18,8	  19,5	  20,7	  21,8	  17,7	 -18,5
s	   213,6911	 8	 82,46	 96,51	   4,1	  15,7	  21,0	  21,9	  23,0	  22,2	  17,7	 -18,7
s	   216,7695	 8	291,40	 87,43	   4,2	  15,9	  20,1	  20,5	  21,6	  21,6	  17,4	 -19,2
s	   221,2444	 4	 89,52	 90,41	   6,0	  16,9	  21,1	  21,8	  22,9	  22,2	  17,6	 -19,5
s	   221,3586	 5	 89,52	 92,28	   5,7	  16,9	  21,0	  21,7	  22,8	  22,1	  17,4	 -19,6
s	   221,3981	 5	 89,52	 88,39	   6,2	  16,8	  20,7	  21,0	  22,2	  22,5	  17,4	 -19,6
s	   221,7973	 6	 89,52	 86,52	   5,2	  16,3	  20,3	  20,7	  21,8	  22,1	  17,3	 -19,8
s	   222,5019	 7	 89,52	 84,52	   3,9	  15,3	  19,3	  19,4	  20,6	  21,6	  17,1	 -20,0
s	   222,8563	 5	 82,78	 90,40	   5,7	  16,7	  20,9	  21,7	  22,7	  21,8	  17,3	 -19,8
s	   222,9697	 6	 82,78	 92,26	   5,4	  16,6	  20,9	  21,6	  22,6	  21,8	  17,2	 -20,0
s	   223,4053	 7	 82,79	 86,55	   4,9	  16,1	  20,2	  20,5	  21,6	  21,7	  17,1	 -20,1
s	   223,4090	 8	 89,52	 82,68	   3,4	  15,0	  19,0	  19,1	  20,2	  21,2	  16,7	 -20,5
s	   223,8642	 7	256,16	 89,47	   3,7	  15,7	  20,3	  21,0	  22,0	  20,9	  17,0	 -20,2
s	   223,9771	 8	256,16	 91,32	   3,5	  15,7	  20,2	  20,9	  21,9	  20,8	  16,9	 -20,4
s	   224,0162	 8	256,15	 87,47	   3,2	  15,2	  19,6	  20,0	  21,0	  20,8	  16,9	 -20,4
s	   224,1051	 8	 82,79	 84,56	   3,6	  15,1	  19,2	  19,3	  20,4	  21,2	  16,9	 -20,4
s	   224,9408	 8	296,93	 89,50	   3,4	  15,5	  20,1	  20,9	  21,8	  20,5	  16,8	 -20,5
s	   227,4930	 6	 76,36	 90,39	   4,5	  16,1	  20,4	  21,2	  22,2	  21,2	  16,9	 -20,7
s	   227,6042	 7	 76,36	 92,22	   4,3	  16,0	  20,4	  21,1	  22,1	  21,1	  16,8	 -20,8
s	   227,6427	 7	 76,37	 88,43	   4,8	  15,9	  20,0	  20,4	  21,5	  21,5	  16,8	 -20,8
s	   228,0314	 8	 76,37	 86,61	   3,8	  15,4	  19,7	  20,1	  21,1	  21,0	  16,6	 -21,0
s	   231,8018	 8	 76,59	 92,19	   1,9	  14,3	  19,8	  20,7	  21,7	  20,8	  16,3	 -21,6
s	   241,9234	 7	 77,13	 90,40	   3,6	  15,3	  19,6	  20,3	  21,3	  20,2	  14,7	 -24,9
s	   242,0646	 8	 77,13	 88,55	   3,8	  15,1	  19,2	  19,5	  20,6	  20,6	  14,6	 -25,0
s	   246,1174	 7	269,52	 92,97	   2,1	  13,9	  19,0	  19,6	  20,7	  20,8	  15,4	 -23,8
s	   247,5739	 8	275,62	 92,95	   1,8	  13,7	  18,8	  19,4	  20,5	  20,5	  15,2	 -24,1
s	   254,6417	 7	 95,32	 90,41	   1,9	  14,4	  18,9	  19,7	  20,6	  19,3	  14,8	 -25,1
s	   254,7415	 8	 95,32	 92,05	   1,6	  14,3	  18,9	  19,6	  20,5	  19,2	  14,7	 -25,3
s	   254,7952	 8	 95,32	 88,52	   2,4	  14,6	  19,1	  19,8	  20,7	  19,4	  14,7	 -25,3
s	   256,1385	 5	269,52	 89,46	   3,8	  15,2	  19,5	  20,2	  21,2	  20,1	  15,0	 -25,2
s	   256,2377	 6	269,52	 91,09	   3,5	  15,2	  19,5	  20,2	  21,1	  20,1	  14,8	 -25,3
s	   256,2721	 6	269,52	 87,71	   4,0	  15,1	  19,1	  19,4	  20,5	  20,5	  14,8	 -25,3
s	   257,1294	 8	269,52	 94,46	   2,0	  14,1	  18,4	  18,8	  19,8	  19,6	  14,6	 -25,6
s	   257,2321	 8	269,52	 84,34	   2,5	  14,0	  18,0	  18,1	  19,2	  20,0	  14,6	 -25,7
s	   257,5406	 6	275,39	 89,46	   3,5	  15,0	  19,4	  20,1	  21,0	  19,8	  14,8	 -25,5
s	   257,6393	 7	275,38	 91,08	   3,3	  15,0	  19,3	  20,0	  21,0	  19,8	  14,6	 -25,6
s	   259,8745	 7	257,96	 89,47	   2,4	  14,5	  19,0	  19,7	  20,6	  19,3	  14,5	 -26,0
s	   259,9723	 8	257,97	 91,08	   2,2	  14,4	  18,9	  19,6	  20,5	  19,2	  14,4	 -26,1
#END
