#HEADER
CATT-Acoustic v8.0b    Copyright © CATT 1988-2003

 Project                : Aula Optica 

 GEOMETRICAL INFORMATION
 Src id and loc     [m] :   E0           9,400        4,600        1,300
 Rec id and loc     [m] :   07          15,500        1,600        1,200

 07       19,8020

 VARIABLE SOURCE DATA
 Directivity
   Type (library)       :  OMNI.SD0
   Dir. Index (DI) [dB] :       0,0      0,0      0,0      0,0      0,0      0,0      0,0      0,0
 Level
   On axis 1m      [dB] :      48,1     57,1     60,8     61,7     63,4     64,6     64,6     48,2
   Total power     [dB] :      59,0     68,0     71,7     72,6     74,3     75,5     75,5     59,1
   Auxiliary delay [ms] :       0,0

 VARIABLE AIR DATA
 Temperature       [°C] :      20
 Relative humidity  [%] :      50
 Density        [kg/m³] :       1,2
 Sound speed      [m/s] :     343
 Impedance      [Ns/m³] :     412
 Diss. coeff. [0.001/m] :      0,10     0,30     0,63     1,07     2,28     6,83    24,23    83,90      (estimated)

#DATAFIELDS
 TYPE DELAY ORDER AZIMUTH ELEVATION SPL125 SPL250 SPL500 SPL1K SPL2K SPL4K SPL8K SPL16K
#DATA
d	     0,0000	 0	 75,12	 89,53	  31,4	  40,4	  44,1	  45,0	  46,7	  47,8	  47,2	  29,1
s	     1,2944	 1	 75,08	110,57	  30,2	  39,4	  43,1	  43,9	  45,6	  46,7	  46,1	  27,8
*	    22,0252	 1	  3,42	100,62	  -7,3	   1,9	   5,6	   6,4	   8,0	   9,0	   7,8	 -12,3
*	    11,6040	 1	358,54	108,58	   1,3	  10,5	  14,2	  15,0	  16,7	  17,7	  16,8	  -2,4
*	     5,9109	 1	322,56	142,18	  12,7	  21,8	  25,5	  26,4	  28,0	  29,1	  28,3	   9,7
*	    16,1872	 1	 28,47	100,27	  -3,3	   5,9	   9,5	  10,4	  12,0	  13,0	  12,0	  -7,6
*	     5,1424	 1	 41,51	106,43	   6,1	  15,3	  18,9	  19,8	  21,4	  22,5	  21,8	   3,2
*	     1,4934	 1	 83,35	118,06	  11,4	  20,6	  24,2	  25,1	  26,7	  27,8	  27,2	   8,9
*	    15,6963	 1	 47,94	 98,66	  -1,4	   7,8	  11,4	  12,3	  13,9	  14,9	  13,9	  -5,6
*	     3,8814	 1	 64,80	101,36	  12,0	  21,2	  24,9	  25,7	  27,4	  28,4	  27,8	   9,3
*	     3,5412	 1	 92,35	103,61	   9,1	  18,3	  22,0	  22,8	  24,5	  25,6	  24,9	   6,4
*	    22,2097	 1	 60,71	 97,05	  -5,0	   4,2	   7,9	   8,7	  10,3	  11,3	  10,1	 -10,0
*	    12,3543	 1	 75,66	 98,25	   5,0	  14,1	  17,8	  18,6	  20,3	  21,3	  20,4	   1,2
*	    12,5945	 1	 94,92	 98,96	   2,2	  11,4	  15,0	  15,9	  17,5	  18,5	  17,6	  -1,6
*	    34,2927	 1	 68,95	 95,82	 -12,3	  -3,2	   0,5	   1,3	   2,9	   3,8	   2,4	 -18,9
*	    27,5639	 1	 81,53	 96,41	  -8,3	   0,9	   4,5	   5,4	   7,0	   7,9	   6,6	 -14,0
*	    27,2321	 1	 96,14	 96,71	  -8,8	   0,4	   4,1	   4,9	   6,5	   7,5	   6,2	 -14,4
*	    48,7008	 1	 74,50	 94,91	 -19,1	 -10,0	  -6,3	  -5,5	  -3,9	  -3,1	  -5,0	 -27,5
*	    43,6597	 1	 85,12	 95,24	 -17,0	  -7,9	  -4,2	  -3,4	  -1,8	  -1,0	  -2,7	 -24,7
*	    43,2134	 1	 96,85	 95,39	 -17,1	  -7,9	  -4,3	  -3,4	  -1,8	  -1,0	  -2,7	 -24,7
s	     1,7243	 1	 75,16	 67,27	  28,5	  37,6	  41,2	  41,8	  43,5	  45,3	  45,1	  26,0
*	    20,5339	 1	288,52	 66,53	  -0,3	   9,5	  13,4	  14,2	  15,8	  17,5	  16,8	  -1,5
*	    23,0496	 1	324,60	 72,37	  -3,4	   6,4	  10,3	  11,1	  12,7	  14,4	  13,6	  -4,9
*	    30,8134	 1	341,66	 77,85	  -8,8	   1,1	   4,9	   5,7	   7,3	   9,0	   8,0	 -11,2
*	     6,5575	 1	315,76	 27,38	  14,3	  24,2	  28,1	  28,8	  30,5	  32,3	  32,0	  14,9
*	    10,9664	 1	  0,22	 65,81	   5,1	  15,0	  18,8	  19,6	  21,3	  23,0	  22,6	   5,2
*	    20,6711	 1	  5,31	 76,32	  -3,2	   6,6	  10,5	  11,3	  12,9	  14,6	  13,9	  -4,4
*	     2,2463	 1	 89,95	 56,45	  13,6	  23,5	  27,4	  28,2	  29,8	  31,7	  31,4	  14,8
*	     4,6093	 1	 45,10	 69,42	   9,8	  19,7	  23,6	  24,4	  26,0	  27,8	  27,6	  10,7
*	    14,7372	 1	 31,05	 77,18	   1,0	  10,9	  14,7	  15,5	  17,1	  18,9	  18,4	   0,6
*	     4,5818	 1	 96,30	 73,82	  10,7	  20,6	  24,5	  25,3	  26,9	  28,8	  28,5	  11,6
*	     3,4109	 1	 68,22	 76,31	  15,9	  25,7	  29,6	  30,4	  32,1	  33,9	  33,6	  16,9
*	    14,0827	 1	 50,75	 79,56	   3,4	  13,2	  17,1	  17,9	  19,5	  21,3	  20,8	   3,0
*	    13,4687	 1	 98,10	 79,59	   4,1	  14,0	  17,8	  18,6	  20,2	  22,0	  21,5	   3,8
*	    11,9838	 1	 78,69	 80,39	   8,4	  18,3	  22,1	  22,9	  24,6	  26,3	  25,9	   8,3
*	    20,7183	 1	 63,45	 81,78	  -0,5	   9,4	  13,3	  14,0	  15,7	  17,4	  16,7	  -1,6
*	    27,5509	 1	 98,94	 82,41	  -5,9	   3,9	   7,8	   8,6	  10,2	  11,9	  11,0	  -7,9
*	    27,0998	 1	 84,28	 82,74	  -4,9	   5,0	   8,8	   9,6	  11,2	  12,9	  12,0	  -6,8
*	    33,0326	 1	 71,57	 83,42	  -8,4	   1,5	   5,3	   6,1	   7,7	   9,3	   8,3	 -11,1
*	    43,1503	 1	 99,44	 84,06	 -13,9	  -4,1	  -0,2	   0,5	   2,1	   3,7	   2,4	 -17,9
*	    43,0478	 1	 87,70	 84,23	 -13,6	  -3,7	   0,1	   0,9	   2,5	   4,0	   2,7	 -17,5
*	    47,5088	 1	 77,00	 84,60	 -15,4	  -5,6	  -1,7	  -1,0	   0,6	   2,1	   0,7	 -19,9
s	     5,3046	 2	 75,04	128,32	  26,9	  36,2	  39,9	  40,4	  42,0	  43,9	  43,5	  24,1
*	     5,3368	 1	123,71	112,82	   1,5	  11,0	  14,8	  15,7	  17,3	  18,2	  17,9	  -0,7
s	     5,5334	 1	146,77	 89,55	  28,2	  37,1	  40,7	  40,3	  40,9	  42,1	  41,4	  22,8
*	     6,7649	 1	141,98	116,22	   0,3	   9,5	  13,3	  16,8	  19,3	  20,2	  19,5	   0,7
*	     6,8156	 1	149,19	119,21	   1,0	  10,2	  14,1	  17,6	  20,1	  21,0	  20,3	   1,5
*	     7,0392	 1	158,52	122,31	   1,7	  10,9	  14,7	  18,2	  20,8	  21,6	  20,9	   2,1
*	     7,4734	 1	170,29	125,01	   2,1	  11,3	  15,1	  18,6	  21,1	  22,0	  21,3	   2,5
*	     6,1046	 1	141,93	107,89	   1,2	  10,4	  14,2	  17,7	  20,3	  21,1	  20,4	   1,7
*	     6,1122	 1	149,12	110,12	   2,1	  11,3	  15,1	  18,7	  21,2	  22,1	  21,4	   2,7
*	     6,2910	 1	158,45	112,47	   3,0	  12,2	  16,0	  19,5	  22,0	  22,9	  22,2	   3,5
*	     6,6866	 1	170,19	114,60	   3,6	  12,7	  16,6	  20,1	  22,6	  23,5	  22,8	   4,0
*	     5,6992	 1	141,88	 98,72	   1,8	  11,0	  14,8	  18,3	  20,8	  21,7	  21,0	   2,4
*	     5,6770	 1	149,06	 99,84	   2,8	  12,0	  15,8	  19,4	  21,9	  22,8	  22,1	   3,4
*	     5,8234	 1	158,37	101,04	   3,8	  13,0	  16,8	  20,4	  22,9	  23,8	  23,1	   4,4
*	     6,1895	 1	170,10	102,15	   4,6	  13,7	  17,6	  21,1	  23,6	  24,5	  23,8	   5,1
*	     5,5709	 1	141,82	 89,11	   1,9	  11,1	  15,0	  18,5	  21,0	  21,9	  21,2	   2,6
*	     5,5403	 1	149,00	 88,90	   3,0	  12,2	  16,1	  19,6	  22,1	  23,0	  22,3	   3,7
*	     5,6771	 1	158,29	 88,68	   4,1	  13,3	  17,1	  20,6	  23,2	  24,0	  23,4	   4,7
*	     6,0343	 1	170,01	 88,44	   4,9	  14,1	  17,9	  21,4	  23,9	  24,8	  24,1	   5,4
*	     5,7266	 1	141,77	 79,54	   1,7	  10,9	  14,7	  18,2	  20,8	  21,6	  21,0	   2,3
*	     5,7116	 1	148,93	 78,06	   2,7	  11,9	  15,7	  19,3	  21,8	  22,7	  22,0	   3,3
*	     5,8657	 1	158,21	 76,44	   3,7	  12,9	  16,7	  20,2	  22,8	  23,6	  23,0	   4,3
*	     6,2390	 1	169,92	 74,91	   4,4	  13,6	  17,4	  20,9	  23,5	  24,3	  23,7	   4,9
*	     6,1559	 1	141,72	 70,54	   1,1	  10,2	  14,1	  17,6	  20,1	  21,0	  20,3	   1,6
*	     6,1763	 1	148,87	 68,03	   2,0	  11,1	  15,0	  18,5	  21,0	  21,9	  21,2	   2,5
*	     6,3683	 1	158,13	 65,35	   2,8	  11,9	  15,8	  19,3	  21,8	  22,7	  22,0	   3,3
*	     6,7758	 1	169,82	 62,90	   3,3	  12,5	  16,3	  19,8	  22,3	  23,2	  22,5	   3,7
s	     5,6670	 2	 75,20	 51,40	  27,3	  36,8	  40,5	  41,0	  42,7	  44,5	  44,2	  25,5
s	     6,5574	 2	146,87	106,25	  28,2	  37,4	  41,1	  41,9	  43,5	  44,5	  43,8	  25,0
*	    36,7254	 1	107,76	 82,73	 -21,5	 -12,5	  -8,7	  -7,8	  -6,3	  -5,6	  -5,9	 -25,7
*	    19,6244	 1	110,57	 79,48	 -12,0	  -3,0	   0,8	   1,7	   3,3	   4,0	   4,2	 -14,1
*	    16,8204	 1	111,46	 78,48	 -10,2	  -1,2	   2,6	   3,5	   5,1	   5,9	   6,1	 -11,9
*	    14,3251	 1	112,52	 77,28	  -8,5	   0,5	   4,3	   5,2	   6,7	   7,6	   7,8	  -9,9
*	    12,1735	 1	113,83	 75,82	  -7,1	   2,0	   5,8	   6,6	   8,2	   9,1	   9,4	  -8,2
*	    10,3824	 1	115,48	 74,03	  -5,8	   3,3	   7,0	   7,9	   9,5	  10,4	  10,7	  -6,7
*	     8,9481	 1	117,63	 71,78	  -4,6	   4,4	   8,2	   9,1	  10,7	  11,5	  11,9	  -5,3
*	     6,6479	 1	130,55	 60,01	  -1,2	   7,8	  11,6	  12,5	  14,1	  15,0	  15,4	  -1,6
*	     6,5847	 1	140,11	 53,40	   0,0	   9,0	  12,8	  13,7	  15,3	  16,2	  16,6	  -0,4
*	     7,0084	 1	156,28	 45,76	   1,0	  10,0	  13,8	  14,7	  16,3	  17,2	  17,6	   0,5
*	     8,0923	 1	182,31	 40,33	   1,1	  10,1	  13,9	  14,8	  16,4	  17,3	  17,7	   0,5
*	    12,5600	 1	234,14	 48,66	  -2,8	   6,2	  10,0	  10,9	  12,5	  13,3	  13,6	  -4,0
*	    15,6748	 1	247,08	 55,91	  -5,9	   3,2	   6,9	   7,8	   9,4	  10,2	  10,4	  -7,4
*	    19,1187	 1	254,89	 61,76	  -9,0	   0,0	   3,8	   4,7	   6,3	   7,1	   7,2	 -11,0
*	    22,7682	 1	259,93	 66,20	 -11,9	  -2,9	   0,9	   1,7	   3,3	   4,1	   4,1	 -14,4
s	     6,9028	 2	146,67	 71,77	  26,6	  35,7	  39,3	  39,8	  41,4	  43,2	  42,9	  23,3
*	     9,0090	 1	197,65	126,60	  -5,1	   4,4	   8,2	   9,1	  10,7	  11,6	  11,2	  -7,7
*	     9,2391	 1	228,23	130,88	   3,1	  12,6	  16,5	  17,3	  18,9	  19,9	  19,4	   0,5
s	     9,8646	 3	146,97	121,57	  25,5	  34,7	  38,3	  38,8	  40,4	  42,2	  41,7	  21,9
s	    10,4872	 3	146,56	 56,97	  25,9	  35,6	  39,5	  40,4	  41,9	  42,7	  42,4	  23,3
s	    10,5543	 3	 75,00	139,66	  25,6	  35,2	  38,9	  39,4	  41,1	  42,9	  42,4	  23,3
s	    11,4467	 3	 75,24	 39,69	  23,8	  33,4	  37,0	  37,2	  38,8	  41,5	  41,3	  21,3
s	    14,4218	 4	147,07	132,46	  24,5	  34,1	  37,8	  38,3	  39,8	  41,7	  41,0	  21,6
s	    15,6205	 4	146,46	 45,87	  22,8	  32,6	  36,5	  37,0	  38,5	  40,1	  39,9	  19,6
*	    16,0384	 1	113,66	 84,52	   3,0	  12,5	  16,3	  17,2	  18,8	  19,6	  19,1	  -0,5
*	    16,6958	 1	245,18	113,53	   3,0	  12,5	  16,3	  17,2	  18,8	  19,6	  19,0	  -0,6
*	    17,1896	 1	245,02	 60,13	   2,3	  11,8	  15,6	  16,5	  18,1	  18,9	  18,3	  -1,4
s	    17,1215	 4	 74,96	147,95	  22,1	  31,9	  35,5	  35,7	  37,3	  39,9	  39,5	  19,1
s	    17,6145	 4	 75,28	 32,32	  22,5	  32,4	  36,1	  36,3	  38,0	  40,6	  40,2	  20,4
s	    19,2863	 1	294,23	 89,22	  24,3	  33,8	  37,7	  38,5	  40,1	  41,0	  40,3	  20,4
*	    36,1303	 1	346,96	 84,16	  -2,1	   7,4	  11,2	  12,1	  13,6	  14,3	  13,2	  -8,1
*	    23,0782	 1	327,23	 80,14	   5,9	  15,4	  19,3	  20,1	  21,7	  22,5	  21,8	   1,5
*	    20,5847	 1	273,08	 76,03	   9,6	  19,1	  22,9	  23,8	  25,3	  26,2	  25,5	   5,5
s	    19,9577	 2	294,20	100,20	  23,7	  33,4	  37,2	  38,1	  39,7	  40,5	  39,8	  19,8
s	    20,1875	 2	294,26	 77,45	  22,2	  31,8	  35,5	  36,1	  37,7	  39,3	  38,9	  18,2
s	    20,3615	 5	147,18	141,10	  21,3	  31,1	  34,7	  34,8	  36,4	  39,0	  38,5	  17,8
s	    20,4501	 1	 37,51	 89,82	  24,1	  33,1	  36,9	  37,8	  39,4	  40,1	  39,0	  18,2
*	    41,6798	 1	 67,60	 92,33	  -5,4	   3,7	   7,4	   8,3	   9,8	  10,5	  10,0	 -10,2
*	    35,3065	 1	 64,00	 92,50	  -2,2	   6,8	  10,5	  11,4	  13,0	  13,7	  13,4	  -6,2
*	    29,6854	 1	 59,68	 92,70	   0,8	   9,8	  13,6	  14,5	  16,0	  16,7	  16,6	  -2,5
*	    29,8818	 1	 59,71	 85,59	   0,7	   9,7	  13,5	  14,3	  15,9	  16,6	  16,5	  -2,7
*	    25,1655	 1	 54,48	 92,91	   3,3	  12,4	  16,1	  17,0	  18,6	  19,3	  19,3	   0,6
*	    25,3819	 1	 54,51	 85,11	   3,2	  12,2	  16,0	  16,8	  18,4	  19,2	  19,1	   0,4
*	    22,1095	 1	 48,21	 93,13	   4,9	  13,9	  17,7	  18,5	  20,1	  20,9	  20,9	   2,5
*	    22,3382	 1	 48,25	 84,58	   4,7	  13,7	  17,5	  18,4	  19,9	  20,7	  20,8	   2,3
*	    20,6978	 1	 40,72	 93,35	   5,2	  14,2	  18,0	  18,8	  20,4	  21,2	  21,3	   3,0
*	    20,9284	 1	 40,77	 84,04	   5,0	  14,0	  17,8	  18,7	  20,3	  21,0	  21,1	   2,8
*	    20,8493	 1	 31,95	 93,54	   4,5	  13,5	  17,3	  18,2	  19,7	  20,5	  20,6	   2,3
*	    21,0748	 1	 32,01	 83,54	   4,3	  13,4	  17,1	  18,0	  19,6	  20,4	  20,4	   2,1
*	    22,3747	 1	 22,04	 93,64	   3,2	  12,2	  16,0	  16,9	  18,4	  19,2	  19,2	   0,8
*	    22,5921	 1	 22,10	 83,14	   3,0	  12,1	  15,8	  16,7	  18,3	  19,1	  19,1	   0,6
*	    25,1120	 1	 11,45	 93,63	   1,4	  10,5	  14,2	  15,1	  16,7	  17,4	  17,4	  -1,3
*	    25,3193	 1	 11,52	 82,95	   1,3	  10,4	  14,1	  15,0	  16,6	  17,3	  17,3	  -1,4
*	    28,9284	 1	  0,84	 93,50	  -0,6	   8,4	  12,2	  13,0	  14,6	  15,3	  15,2	  -3,8
*	    29,1234	 1	  0,91	 83,00	  -0,7	   8,3	  12,1	  12,9	  14,5	  15,2	  15,1	  -4,0
*	    33,6819	 1	350,90	 93,27	  -3,0	   6,1	   9,8	  10,7	  12,3	  13,0	  12,7	  -6,8
*	    33,8628	 1	350,97	 83,26	  -3,1	   6,0	   9,7	  10,6	  12,2	  12,9	  12,6	  -6,9
s	    20,8152	 5	146,37	 38,80	  21,8	  31,7	  35,3	  35,5	  37,1	  39,7	  39,2	  19,2
s	    21,1024	 2	 37,45	100,49	  23,7	  32,9	  36,7	  37,5	  39,1	  40,0	  38,7	  17,9
s	    21,3258	 2	 37,57	 78,38	  22,7	  32,0	  35,7	  36,3	  37,9	  39,5	  38,6	  17,8
*	    21,3662	 1	108,39	 98,01	 -11,4	  -1,9	   1,9	   2,8	   4,3	   5,2	   4,4	 -15,6
s	    22,2233	 3	294,17	111,20	  21,5	  31,3	  35,1	  35,5	  37,1	  38,8	  38,3	  17,4
s	    22,3603	 2	255,95	 89,23	  22,7	  32,7	  36,7	  37,6	  39,1	  39,8	  39,4	  19,3
s	    22,4407	 3	294,29	 67,36	  22,0	  31,9	  35,7	  36,3	  37,9	  39,5	  39,1	  18,9
s	    22,9835	 3	255,96	 99,42	  22,1	  32,3	  36,3	  37,1	  38,6	  39,4	  38,9	  18,7
*	    23,0998	 1	111,51	 80,29	  -6,7	   2,8	   6,6	   7,5	   9,0	   9,9	   9,1	 -11,1
s	    23,1971	 3	255,93	 78,30	  20,6	  30,7	  34,6	  35,1	  36,6	  38,2	  38,1	  17,1
s	    23,3078	 3	 37,39	111,22	  22,0	  31,3	  35,1	  35,6	  37,1	  38,7	  38,1	  17,1
s	    23,5198	 3	 37,63	 68,53	  22,5	  32,0	  35,8	  36,3	  37,9	  39,5	  38,8	  18,5
s	    23,7035	 5	 74,92	153,30	  21,0	  31,1	  34,7	  34,9	  36,5	  39,2	  38,5	  18,3
s	    24,7441	 5	 75,32	 26,76	  19,2	  29,3	  32,9	  32,8	  34,4	  37,7	  37,5	  16,4
s	    25,0966	 4	255,98	109,73	  20,0	  30,3	  34,2	  34,7	  36,2	  37,7	  37,5	  16,4
s	    25,5104	 4	255,91	 68,13	  21,4	  31,6	  35,7	  36,5	  38,0	  38,6	  38,2	  17,8
s	    25,5553	 4	294,13	120,13	  21,1	  31,3	  35,1	  35,6	  37,2	  38,8	  38,2	  17,8
s	    26,1573	 4	294,33	 57,91	  19,5	  29,5	  33,3	  33,5	  35,1	  37,5	  37,3	  16,0
s	    26,5620	 4	 37,33	119,99	  21,7	  31,4	  35,1	  35,6	  37,2	  38,8	  38,0	  17,5
s	    26,9737	 6	147,28	147,42	  20,4	  30,8	  34,7	  35,1	  36,7	  38,2	  37,7	  17,1
s	    27,1511	 4	 37,69	 59,25	  20,0	  29,6	  33,3	  33,6	  35,1	  37,5	  37,1	  15,7
s	    27,4645	 6	146,27	 32,62	  18,7	  28,7	  32,3	  32,2	  33,7	  37,0	  36,7	  15,3
s	    28,2297	 5	256,00	118,25	  19,7	  30,3	  34,3	  34,8	  36,3	  37,8	  37,5	  16,8
s	    28,9871	 2	169,95	 89,73	  22,4	  31,4	  35,1	  36,0	  37,5	  38,2	  36,8	  15,3
s	    29,0910	 5	255,89	 59,20	  19,0	  29,3	  33,3	  33,8	  35,3	  36,7	  36,5	  15,0
s	    29,5267	 3	170,01	 98,56	  22,1	  31,3	  35,0	  35,8	  37,3	  38,1	  36,6	  15,0
s	    29,7121	 3	169,89	 80,25	  21,0	  30,3	  34,0	  34,6	  36,1	  37,6	  36,6	  15,0
s	    30,1892	 5	294,10	128,21	  18,5	  28,8	  32,5	  32,7	  34,3	  36,7	  36,3	  14,7
s	    30,5544	 5	294,36	 50,56	  19,0	  29,4	  33,2	  33,4	  35,0	  37,4	  37,0	  16,1
s	    31,1010	 6	 74,88	157,48	  17,9	  28,1	  31,7	  31,5	  33,1	  36,5	  36,0	  14,3
s	    31,1043	 5	 37,26	127,99	  19,1	  28,9	  32,6	  32,8	  34,3	  36,7	  36,1	  14,4
s	    31,3703	 4	170,07	107,63	  20,5	  29,8	  33,5	  34,0	  35,4	  37,0	  36,1	  14,4
s	    31,5490	 4	169,83	 71,89	  21,0	  30,5	  34,2	  34,7	  36,2	  37,7	  36,9	  15,9
s	    31,6382	 6	 75,36	 23,01	  18,3	  28,6	  32,3	  32,2	  33,8	  37,2	  36,7	  15,7
s	    32,6278	 6	256,02	126,10	  17,1	  27,9	  31,8	  32,0	  33,5	  35,8	  35,7	  13,9
s	    32,6957	 2	324,78	 89,46	  20,8	  30,4	  34,3	  35,1	  36,6	  37,3	  36,1	  14,3
s	    32,9762	 6	255,88	 52,64	  17,6	  28,5	  32,5	  32,7	  34,2	  36,5	  36,4	  15,3
s	    33,1975	 3	324,74	 97,67	  20,5	  30,2	  34,1	  35,0	  36,5	  37,1	  35,9	  14,0
s	    33,3701	 3	324,83	 80,64	  19,5	  29,3	  33,2	  33,8	  35,3	  36,7	  35,9	  14,0
s	    34,0111	 7	146,17	 28,30	  17,8	  28,2	  31,8	  31,7	  33,2	  36,6	  36,0	  14,8
s	    34,0111	 7	147,39	152,13	  17,4	  27,9	  31,8	  31,9	  33,4	  35,7	  35,3	  13,4
s	    34,1403	 5	170,13	115,32	  20,3	  30,0	  33,7	  34,2	  35,7	  37,2	  36,2	  15,0
s	    34,6474	 5	169,76	 63,71	  18,7	  28,3	  32,0	  32,2	  33,6	  36,0	  35,3	  13,3
s	    34,9176	 4	324,69	106,16	  19,0	  28,8	  32,7	  33,1	  34,7	  36,1	  35,5	  13,4
s	    35,0848	 4	324,88	 72,81	  19,5	  29,5	  33,4	  33,9	  35,4	  36,9	  36,2	  14,9
s	    35,2299	 6	294,07	134,39	  18,0	  28,6	  32,4	  32,6	  34,1	  36,6	  36,0	  14,7
s	    36,0562	 6	294,39	 44,05	  16,3	  26,8	  30,6	  30,5	  32,0	  35,2	  35,0	  12,9
s	    36,0625	 6	 37,21	134,14	  18,6	  28,7	  32,5	  32,6	  34,2	  36,6	  35,8	  14,4
s	    36,8082	 4	262,71	 89,32	  18,2	  29,2	  33,5	  34,4	  35,8	  36,2	  36,1	  14,7
s	    36,8766	 6	 37,81	 45,48	  16,9	  27,0	  30,7	  30,6	  32,1	  35,3	  34,9	  12,7
s	    37,2739	 5	262,71	 96,95	  17,7	  28,9	  33,1	  34,0	  35,4	  35,8	  35,7	  14,2
s	    37,4342	 5	262,70	 81,13	  16,1	  27,3	  31,5	  32,0	  33,4	  34,6	  34,9	  12,6
s	    37,5164	 5	324,64	113,44	  18,9	  29,0	  32,9	  33,4	  34,9	  36,4	  35,6	  14,1
s	    37,8499	 7	256,04	132,63	  17,6	  28,5	  32,5	  33,0	  34,4	  35,9	  35,4	  13,8
s	    37,9940	 5	324,93	 65,05	  17,3	  27,4	  31,2	  31,4	  32,9	  35,1	  34,8	  12,5
s	    38,0910	 6	170,20	122,64	  17,9	  27,7	  31,4	  31,5	  33,0	  35,3	  34,6	  12,3
s	    38,1525	 7	 74,84	160,40	  17,0	  27,6	  31,2	  31,1	  32,7	  36,0	  35,3	  13,7
s	    38,2488	 7	255,86	 46,20	  15,0	  26,0	  29,9	  29,8	  31,3	  34,4	  34,5	  12,2
s	    38,8746	 6	262,72	104,87	  15,7	  27,0	  31,2	  31,7	  33,1	  34,3	  34,5	  12,1
s	    39,1918	 6	262,69	 73,27	  17,2	  28,4	  32,8	  33,6	  34,9	  35,3	  35,2	  13,6
s	    39,2489	 7	 75,40	 19,97	  15,3	  25,8	  29,4	  29,0	  30,6	  34,6	  34,3	  11,9
s	    39,4952	 3	231,29	 89,42	  18,8	  28,8	  32,9	  33,7	  35,2	  35,7	  34,7	  12,3
s	    39,9399	 4	231,32	 96,70	  18,5	  28,7	  32,8	  33,6	  35,0	  35,6	  34,5	  12,0
s	    40,0931	 4	231,25	 81,59	  17,4	  27,8	  31,8	  32,4	  33,9	  35,1	  34,5	  12,0
s	    40,7974	 8	147,49	155,50	  17,6	  27,9	  31,6	  31,8	  33,2	  35,6	  34,6	  12,9
s	    41,2463	 7	294,04	139,83	  15,3	  26,0	  29,8	  29,6	  31,1	  34,3	  33,9	  11,4
s	    41,2491	 6	324,59	120,47	  16,6	  26,8	  30,7	  30,8	  32,3	  34,6	  34,1	  11,5
s	    41,3053	 7	262,73	111,74	  15,6	  27,3	  31,5	  32,0	  33,4	  34,7	  34,7	  12,9
s	    41,3271	 8	146,07	 24,70	  15,0	  25,4	  29,0	  28,6	  30,1	  34,2	  33,8	  11,2
s	    41,4710	 5	231,35	104,29	  17,0	  27,4	  31,4	  31,8	  33,3	  34,6	  34,1	  11,5
s	    41,6204	 5	231,22	 74,58	  17,5	  28,0	  32,1	  32,6	  34,1	  35,4	  34,9	  13,0
s	    41,6949	 7	294,42	 39,11	  15,8	  26,6	  30,4	  30,3	  31,9	  35,1	  34,7	  12,8
s	    41,9846	 7	262,69	 65,99	  15,0	  26,4	  30,7	  31,1	  32,5	  33,6	  33,8	  11,2
s	    41,9979	 7	 37,14	139,59	  15,9	  26,2	  29,9	  29,7	  31,3	  34,4	  33,8	  11,2
s	    42,4411	 7	 37,86	 40,53	  16,4	  26,8	  30,6	  30,4	  32,0	  35,1	  34,5	  12,6
s	    42,8595	 7	170,26	128,93	  18,6	  28,5	  32,3	  32,7	  34,1	  35,5	  34,4	  12,4
s	    43,5971	 7	169,64	 50,38	  16,0	  26,3	  30,3	  30,4	  31,9	  34,0	  33,5	  10,7
s	    43,6931	 8	255,84	 41,23	  14,5	  25,9	  29,8	  29,7	  31,2	  34,3	  34,2	  12,2
s	    43,6931	 8	256,05	138,02	  15,0	  26,0	  30,0	  30,1	  31,5	  33,7	  33,4	  10,6
s	    43,8026	 6	231,38	110,91	  17,0	  27,7	  31,7	  32,2	  33,7	  35,0	  34,4	  12,3
s	    44,2333	 6	231,19	 67,52	  15,4	  26,0	  30,0	  30,2	  31,6	  33,7	  33,5	  10,7
*	    44,2718	 1	 66,24	 87,98	  -5,9	   3,3	   6,9	   7,7	   9,3	  10,1	   8,4	 -13,7
*	    53,8070	 1	 70,40	 88,25	  -9,8	  -0,6	   3,0	   3,8	   5,4	   6,1	   4,2	 -18,8
*	    44,4609	 1	101,73	 95,38	  -7,4	   2,3	   7,0	   8,1	   9,7	  10,5	   8,9	 -13,2
s	    44,8195	 8	262,73	118,45	  13,4	  25,2	  29,3	  29,5	  30,9	  32,9	  33,2	  10,3
s	    45,1025	 8	262,68	 60,33	  13,9	  25,8	  30,0	  30,2	  31,6	  33,7	  34,0	  11,8
s	    45,4408	 7	324,55	126,20	  16,3	  26,9	  30,8	  31,0	  32,5	  34,7	  34,0	  11,8
s	    45,5735	 2	 27,08	 89,92	  19,7	  29,2	  33,1	  33,9	  35,4	  36,0	  34,8	  12,6
s	    45,8765	 8	 74,80	162,83	  14,2	  24,8	  28,4	  27,9	  29,5	  33,6	  33,0	  10,0
s	    45,9772	 3	 27,04	 96,53	  19,4	  29,1	  33,0	  33,8	  35,3	  35,9	  34,6	  12,3
s	    46,1163	 3	 27,12	 82,81	  18,3	  28,1	  32,0	  32,6	  34,1	  35,4	  34,6	  12,3
s	    46,1392	 7	325,02	 52,54	  14,6	  25,2	  29,1	  28,9	  30,4	  33,4	  33,1	  10,1
s	    46,4322	 8	 75,43	 17,77	  14,6	  25,4	  29,1	  28,7	  30,2	  34,3	  33,7	  11,4
s	    47,1859	 7	231,41	117,42	  14,8	  25,6	  29,6	  29,7	  31,2	  33,2	  32,9	   9,8
s	    47,2391	 8	294,01	143,98	  14,8	  25,8	  29,6	  29,5	  31,0	  34,2	  33,6	  11,2
s	    47,3708	 4	 27,00	103,46	  17,9	  27,9	  31,8	  32,4	  33,9	  35,2	  34,3	  11,9
s	    47,5070	 4	 27,16	 76,41	  17,9	  27,9	  31,8	  32,4	  33,8	  35,2	  34,2	  11,8
s	    47,8691	 8	170,32	133,93	  15,1	  25,4	  29,0	  28,8	  30,3	  33,4	  32,6	   9,5
s	    47,9242	 8	 37,09	143,77	  15,4	  26,0	  29,8	  29,6	  31,2	  34,3	  33,5	  11,1
s	    48,1890	 8	294,46	 34,74	  13,1	  24,1	  27,9	  27,4	  28,9	  32,9	  32,7	   9,4
s	    48,6816	 8	169,58	 45,50	  15,6	  26,3	  30,3	  30,5	  31,9	  34,0	  33,4	  10,9
s	    48,8647	 8	 37,93	 36,12	  13,8	  24,3	  28,0	  27,5	  29,1	  33,0	  32,5	   9,3
s	    49,5042	 5	 26,96	109,57	  17,2	  27,4	  31,3	  31,8	  33,3	  34,6	  33,6	  11,0
s	    49,8997	 5	 27,21	 69,88	  15,6	  25,7	  29,6	  29,8	  31,3	  33,4	  32,7	   9,3
s	    50,1742	 5	 93,30	116,83	  14,3	  24,7	  29,4	  29,8	  31,4	  33,9	  32,7	   9,3
s	    50,5898	 8	324,50	131,55	  13,8	  24,6	  28,4	  28,3	  29,7	  32,7	  32,3	   8,8
s	    50,9792	 8	325,07	 47,65	  14,3	  25,2	  29,1	  29,0	  30,5	  33,5	  33,0	  10,3
s	    51,3474	 8	231,45	123,25	  15,6	  26,5	  30,6	  31,1	  32,4	  33,6	  32,9	  10,2
s	    51,9366	 6	117,63	116,09	  13,2	  24,1	  28,9	  29,3	  30,9	  33,2	  32,3	   8,7
s	    51,9979	 8	231,12	 55,37	  14,0	  24,8	  28,9	  29,0	  30,4	  32,3	  32,0	   8,5
s	    52,8742	 6	 27,25	 64,27	  15,6	  26,0	  29,9	  30,1	  31,6	  33,7	  32,9	  10,0
s	    53,2491	 1	 94,44	 90,16	  18,9	  28,4	  32,2	  33,1	  34,6	  35,2	  33,6	  10,7
*	    61,2422	 1	 74,88	 91,20	  -5,7	   3,8	   7,6	   8,5	  10,0	  10,5	   8,8	 -14,8
*	    54,3783	 1	 86,85	 91,28	  -3,3	   6,2	  10,0	  10,9	  12,4	  13,0	  11,4	 -11,6
*	    53,8701	 1	100,22	 91,31	  -3,3	   6,2	  10,0	  10,9	  12,4	  13,0	  11,4	 -11,5
*	    58,1782	 1	 79,19	 86,77	 -16,2	  -7,0	  -3,4	  -2,6	  -1,0	  -0,3	   1,6	 -20,0
*	    57,9795	 1	 79,18	 88,94	 -16,1	  -7,0	  -3,3	  -2,5	  -0,9	  -0,2	   1,7	 -19,9
*	    56,9621	 1	 81,23	 86,73	 -15,8	  -6,6	  -2,9	  -2,1	  -0,6	   0,1	   2,1	 -19,5
*	    56,7600	 1	 81,22	 88,92	 -15,7	  -6,5	  -2,9	  -2,1	  -0,5	   0,2	   2,1	 -19,4
*	    55,9179	 1	 83,31	 86,68	 -15,4	  -6,2	  -2,6	  -1,8	  -0,2	   0,5	   2,5	 -19,0
*	    55,7128	 1	 83,31	 88,90	 -15,3	  -6,2	  -2,5	  -1,7	  -0,1	   0,6	   2,6	 -18,9
*	    55,0532	 1	 85,45	 86,64	 -15,1	  -5,9	  -2,3	  -1,5	   0,1	   0,8	   2,8	 -18,6
*	    54,8457	 1	 85,45	 88,89	 -15,0	  -5,9	  -2,2	  -1,4	   0,2	   0,9	   2,9	 -18,5
*	    54,3743	 1	 87,63	 86,61	 -14,9	  -5,7	  -2,0	  -1,2	   0,3	   1,1	   3,1	 -18,2
*	    54,1651	 1	 87,63	 88,86	 -14,8	  -5,6	  -2,0	  -1,2	   0,4	   1,2	   3,1	 -18,1
*	    53,8861	 1	 89,85	 86,57	 -14,7	  -5,6	  -1,9	  -1,1	   0,5	   1,2	   3,2	 -18,0
*	    53,6758	 1	 89,85	 88,85	 -14,6	  -5,5	  -1,8	  -1,0	   0,6	   1,3	   3,3	 -17,9
*	    53,5916	 1	 92,12	 86,54	 -14,6	  -5,5	  -1,8	  -1,0	   0,6	   1,3	   3,3	 -17,9
*	    53,3807	 1	 92,12	 88,84	 -14,6	  -5,4	  -1,7	  -0,9	   0,6	   1,4	   3,4	 -17,8
*	    53,4917	 1	 94,41	 86,51	 -14,6	  -5,5	  -1,8	  -1,0	   0,6	   1,3	   3,3	 -17,9
*	    53,2811	 1	 94,41	 88,83	 -14,6	  -5,4	  -1,7	  -0,9	   0,6	   1,4	   3,4	 -17,8
*	    53,5856	 1	 96,72	 86,50	 -14,7	  -5,6	  -1,9	  -1,1	   0,5	   1,2	   3,2	 -18,0
*	    53,3759	 1	 96,73	 88,83	 -14,6	  -5,5	  -1,8	  -1,0	   0,6	   1,3	   3,3	 -17,9
*	    53,8708	 1	 99,05	 86,49	 -14,9	  -5,7	  -2,0	  -1,2	   0,3	   1,1	   3,1	 -18,2
*	    53,6625	 1	 99,05	 88,82	 -14,8	  -5,6	  -2,0	  -1,2	   0,4	   1,2	   3,2	 -18,1
s	    53,7353	 2	 94,44	 83,79	  18,1	  27,6	  31,2	  31,7	  33,3	  34,8	  32,4	   8,7
s	    53,8851	 8	 26,64	115,70	  14,5	  24,9	  28,9	  29,0	  30,4	  32,3	  31,7	   8,0
s	    54,5864	 3	177,49	 89,79	  17,6	  27,6	  31,6	  32,5	  33,9	  34,3	  33,2	  10,2
s	    54,8619	 3	 94,45	102,32	  17,2	  26,7	  30,3	  30,7	  32,3	  33,9	  32,1	   8,3
s	    54,9391	 2	115,29	 90,13	  17,7	  27,7	  31,7	  32,5	  34,0	  34,5	  33,3	  10,2
s	    54,9414	 4	177,53	 95,61	  17,3	  27,5	  31,6	  32,4	  33,8	  34,2	  33,1	  10,0
*	    54,9779	 1	107,30	 84,39	 -14,0	  -4,5	  -0,7	   0,2	   1,7	   2,3	   0,7	 -22,4
s	    54,9845	 3	 94,43	 78,02	  17,0	  26,9	  30,8	  31,3	  32,8	  34,2	  32,9	   9,9
s	    55,0639	 4	177,45	 83,54	  16,3	  26,6	  30,6	  31,2	  32,6	  33,8	  33,0	  10,0
s	    55,4143	 3	115,27	 83,90	  16,9	  26,9	  30,7	  31,2	  32,7	  34,2	  32,1	   8,2
s	    56,1707	 5	177,57	101,74	  15,9	  26,4	  30,4	  31,0	  32,4	  33,6	  32,8	   9,6
s	    56,1886	 7	 26,87	120,83	  14,9	  25,6	  29,5	  29,6	  31,1	  33,3	  32,3	   9,1
s	    56,2912	 5	177,41	 77,86	  15,9	  26,4	  30,4	  31,0	  32,4	  33,6	  32,7	   9,6
s	    56,5161	 4	115,33	102,02	  16,1	  26,0	  29,8	  30,2	  31,7	  33,2	  31,8	   7,8
s	    56,7603	 4	115,26	 77,83	  16,9	  27,1	  31,1	  31,9	  33,3	  33,7	  32,5	   9,3
s	    56,7869	 4	 94,45	107,87	  17,3	  27,1	  30,8	  31,2	  32,8	  34,4	  32,5	   9,3
s	    56,7891	 7	 27,29	 58,78	  13,3	  23,9	  27,7	  27,6	  29,1	  32,0	  31,4	   7,4
s	    57,1449	 4	 94,43	 72,07	  15,0	  25,1	  28,8	  29,0	  30,5	  32,7	  31,7	   7,7
s	    58,0634	 6	177,61	107,20	  15,2	  25,9	  30,0	  30,4	  31,9	  33,1	  32,1	   8,8
s	    58,4004	 5	115,34	107,46	  16,2	  26,5	  30,3	  30,7	  32,2	  33,7	  32,2	   8,8
s	    58,5976	 6	177,36	 71,61	  14,7	  25,2	  29,3	  29,9	  31,2	  32,3	  31,3	   7,1
s	    58,9062	 5	 94,45	112,24	  12,6	  23,3	  28,1	  28,6	  30,1	  32,3	  31,3	   7,2
*	    59,6445	 1	 73,37	 89,70	 -15,2	  -6,2	  -2,4	  -1,6	  -0,0	   0,5	  -0,5	 -22,2
*	    59,6797	 1	 73,37	 91,55	 -15,2	  -6,2	  -2,4	  -1,6	  -0,1	   0,5	  -0,5	 -22,2
*	    59,8546	 1	 73,37	 93,42	 -15,3	  -6,2	  -2,5	  -1,6	  -0,1	   0,4	  -0,5	 -22,3
*	    59,7820	 1	 74,47	 90,58	 -20,9	 -11,9	  -8,2	  -7,3	  -5,8	  -5,3	  -6,2	 -28,0
*	    59,8834	 1	 74,47	 92,44	 -21,0	 -11,9	  -8,2	  -7,4	  -5,8	  -5,3	  -6,3	 -28,0
*	    60,1237	 1	 74,47	 94,29	 -21,1	 -12,0	  -8,3	  -7,4	  -5,9	  -5,4	  -6,4	 -28,2
s	    59,8494	 5	 94,43	 66,90	  15,0	  25,4	  29,2	  29,4	  30,9	  33,1	  32,0	   8,5
s	    60,3179	 2	 72,06	 90,16	  17,9	  27,1	  30,8	  31,6	  33,2	  33,7	  31,4	   7,2
s	    60,4771	 6	115,36	111,76	  11,4	  22,7	  27,7	  28,1	  29,6	  31,7	  31,0	   6,7
s	    60,6476	 3	 72,05	 95,56	  17,6	  27,0	  30,8	  31,5	  33,0	  33,6	  31,3	   7,0
s	    60,6527	 8	 26,83	125,83	  12,7	  23,4	  27,3	  27,1	  28,5	  31,5	  30,7	   6,4
s	    60,8507	 7	177,65	112,75	  13,2	  24,0	  27,9	  28,1	  29,5	  31,5	  30,8	   6,5
s	    60,9936	 8	 27,33	 54,19	  13,2	  24,1	  28,0	  27,8	  29,3	  32,2	  31,5	   7,9
s	    61,0776	 7	177,33	 66,90	  13,7	  24,6	  28,7	  28,8	  30,3	  32,3	  31,6	   8,0
s	    61,2201	 2	 74,84	 90,17	  17,8	  27,3	  31,2	  32,1	  33,5	  33,9	  32,3	   8,7
*	    61,3957	 1	 73,85	 86,91	 -15,6	  -6,5	  -2,8	  -1,9	  -0,4	   0,1	  -0,9	 -22,8
*	    61,2215	 1	 73,85	 88,75	 -15,5	  -6,5	  -2,7	  -1,9	  -0,4	   0,1	  -0,8	 -22,7
s	    61,4021	 6	115,22	 67,34	  13,8	  24,8	  28,7	  28,9	  30,4	  32,5	  31,6	   8,0
s	    61,5461	 3	 74,83	 95,51	  17,5	  27,2	  31,1	  31,9	  33,4	  33,9	  32,2	   8,5
s	    61,6587	 3	 74,85	 84,42	  16,5	  26,3	  30,2	  30,8	  32,2	  33,4	  32,2	   8,5
s	    61,9033	 4	 72,08	 79,06	  16,8	  26,4	  30,2	  30,6	  32,1	  33,5	  31,8	   8,1
s	    62,2824	 3	 72,67	 84,46	  16,4	  25,9	  29,7	  30,2	  31,7	  33,0	  31,1	   6,6
s	    62,6771	 4	 74,82	101,16	  15,4	  25,2	  29,1	  29,5	  31,0	  32,2	  30,9	   6,4
s	    62,7881	 4	 74,86	 79,19	  15,9	  25,9	  29,8	  30,3	  31,8	  33,0	  31,7	   7,9
s	    62,8846	 6	 94,46	118,32	  15,2	  25,4	  29,1	  29,2	  30,7	  33,1	  31,4	   7,7
s	    63,2164	 8	 93,31	131,39	  11,7	  22,9	  27,6	  27,7	  29,3	  32,5	  31,2	   7,4
s	    63,2932	 4	 72,64	101,08	  16,1	  25,6	  29,3	  29,7	  31,2	  32,6	  30,8	   6,3
s	    63,8853	 5	 72,10	 73,58	  14,8	  24,6	  28,2	  28,4	  29,9	  32,1	  30,6	   6,0
s	    64,0684	 8	177,69	117,53	  13,1	  24,3	  28,3	  28,4	  29,9	  31,9	  31,0	   7,2
s	    64,4237	 5	 74,81	106,23	  15,5	  25,7	  29,6	  30,1	  31,5	  32,8	  31,3	   7,4
s	    64,5660	 4	287,39	 78,68	  13,7	  24,3	  29,2	  30,0	  31,5	  32,9	  31,4	   7,5
s	    64,6129	 8	177,28	 61,81	  11,5	  22,6	  26,6	  26,4	  27,8	  30,6	  30,2	   5,5
s	    64,6510	 7	115,38	118,10	  15,1	  25,6	  29,5	  29,9	  31,3	  32,7	  31,1	   7,2
s	    64,7494	 5	 74,87	 73,76	  13,9	  24,1	  27,9	  28,1	  29,5	  31,5	  30,5	   5,8
s	    65,0271	 5	 72,63	106,11	  16,2	  26,0	  29,8	  30,2	  31,7	  33,1	  31,2	   7,3
s	    66,1656	 6	 72,01	111,62	  14,3	  24,3	  28,0	  28,1	  29,6	  31,8	  30,2	   5,4
s	    66,3195	 7	 94,42	 58,41	  10,8	  22,2	  27,1	  27,2	  28,8	  31,8	  30,8	   6,8
s	    67,0051	 7	 94,46	123,08	  13,0	  23,4	  27,0	  26,7	  28,3	  31,4	  30,0	   5,1
s	    67,0070	 6	 74,80	111,41	  13,5	  23,8	  27,6	  27,7	  29,2	  31,3	  30,1	   5,2
s	    67,7575	 8	115,19	 58,96	   9,7	  21,6	  26,6	  26,8	  28,3	  31,2	  30,5	   6,3
s	    68,0148	 6	 72,71	 68,77	  15,7	  25,6	  29,4	  29,8	  31,3	  32,5	  30,7	   6,5
s	    68,7429	 8	115,40	122,77	  12,9	  23,5	  27,4	  27,4	  28,8	  31,0	  29,6	   4,6
s	    69,3673	 3	 22,80	 89,96	  16,0	  25,6	  29,5	  30,4	  31,8	  32,0	  30,1	   5,0
s	    69,6637	 4	 22,77	 94,82	  15,7	  25,5	  29,5	  30,3	  31,7	  31,9	  29,9	   4,8
s	    69,7046	 7	 72,12	 63,89	  12,7	  23,0	  26,6	  26,5	  28,0	  30,9	  29,6	   4,5
s	    69,7660	 4	 22,84	 84,74	  14,7	  24,6	  28,5	  29,1	  30,5	  31,5	  29,9	   4,8
s	    70,0044	 7	 74,79	115,93	  13,5	  24,1	  28,0	  28,2	  29,6	  31,7	  30,3	   6,0
s	    70,2174	 8	 94,46	126,14	  10,2	  21,8	  26,6	  26,7	  28,3	  31,3	  30,2	   5,8
s	    70,5131	 7	 74,89	 64,15	  11,9	  22,5	  26,3	  26,2	  27,6	  30,4	  29,5	   4,3
s	    70,5706	 7	 72,60	115,75	  14,2	  24,5	  28,2	  28,3	  29,8	  32,0	  30,3	   5,8
s	    70,6933	 5	 22,74	 99,97	  14,4	  24,4	  28,4	  28,9	  30,3	  31,4	  29,7	   4,5
s	    70,7945	 5	 22,87	 79,97	  14,4	  24,4	  28,4	  28,9	  30,3	  31,4	  29,7	   4,5
s	    71,5549	 5	305,03	 79,58	  12,8	  23,5	  28,5	  29,2	  30,7	  31,9	  30,4	   5,8
s	    71,7661	 3	112,68	 90,18	  15,0	  25,5	  29,6	  30,4	  31,8	  32,1	  30,8	   6,2
s	    72,0204	 8	 94,42	 53,09	  11,3	  21,9	  25,5	  25,0	  26,5	  30,4	  29,2	   3,9
s	    72,0547	 4	112,70	 94,90	  14,8	  25,4	  29,5	  30,3	  31,7	  32,0	  30,6	   6,1
s	    72,1544	 4	112,67	 85,09	  13,7	  24,5	  28,6	  29,1	  30,5	  31,6	  30,6	   6,0
s	    72,2880	 6	 22,71	104,62	  14,0	  24,2	  28,2	  28,7	  30,1	  31,2	  29,4	   4,0
s	    72,5860	 6	 22,90	 74,98	  13,0	  23,3	  27,2	  27,5	  28,9	  30,7	  29,3	   3,9
s	    73,0578	 5	112,71	 99,93	  12,7	  23,5	  27,5	  27,9	  29,3	  30,5	  29,4	   4,0
s	    73,2586	 5	112,66	 80,08	  14,2	  24,9	  29,1	  29,9	  31,2	  31,4	  30,1	   5,5
s	    73,3279	 8	 72,13	 59,72	  12,7	  23,2	  27,0	  26,8	  28,3	  31,3	  29,8	   5,1
s	    73,4654	 2	286,69	 89,45	  16,3	  26,0	  29,8	  30,6	  32,1	  32,6	  29,7	   4,2
s	    73,7487	 3	286,68	 94,09	  15,6	  25,7	  29,7	  30,5	  31,9	  32,3	  30,5	   5,8
s	    73,8120	 8	 74,78	120,44	  11,4	  22,1	  25,9	  25,7	  27,2	  30,0	  28,9	   3,5
s	    73,8466	 3	286,70	 84,45	  15,0	  25,0	  28,8	  29,3	  30,8	  32,1	  29,5	   4,0
s	    74,1052	 8	 74,90	 60,00	  11,9	  22,8	  26,6	  26,5	  27,9	  30,8	  29,7	   4,9
s	    74,2823	 3	272,05	 89,44	  15,3	  25,5	  29,4	  30,2	  31,6	  32,0	  29,4	   3,9
s	    74,5632	 4	272,04	 94,04	  14,5	  25,2	  29,3	  30,1	  31,5	  31,8	  30,3	   5,5
s	    74,6125	 6	112,72	104,46	  12,8	  24,0	  28,0	  28,5	  29,9	  31,0	  29,9	   5,1
s	    74,6467	 8	 72,59	120,55	  13,1	  23,2	  27,0	  27,1	  28,5	  30,5	  28,8	   3,3
s	    74,6564	 7	 22,68	109,42	  12,5	  22,9	  26,8	  26,9	  28,3	  30,2	  28,9	   3,4
s	    74,6602	 4	272,05	 84,48	  14,0	  24,5	  28,4	  28,9	  30,3	  31,5	  29,3	   3,7
s	    74,7338	 4	286,67	 99,03	  14,2	  24,2	  27,9	  28,3	  29,8	  31,2	  29,3	   3,7
s	    74,8502	 7	 22,93	 70,55	  13,0	  23,5	  27,5	  27,7	  29,1	  30,9	  29,7	   4,9
s	    75,0536	 6	112,64	 75,23	  12,3	  23,1	  27,2	  27,7	  29,0	  30,0	  29,0	   3,4
s	    75,3842	 8	287,30	119,15	   9,2	  20,6	  25,4	  25,5	  27,0	  30,0	  28,7	   3,1
s	    75,5399	 5	272,04	 98,93	  13,2	  23,7	  27,5	  27,9	  29,4	  30,6	  29,1	   3,4
s	    75,7348	 4	 77,12	 90,20	  15,2	  25,4	  29,4	  30,2	  31,6	  31,9	  30,2	   5,3
s	    75,8878	 5	 77,12	 93,62	  12,9	  23,8	  28,9	  30,0	  31,4	  31,7	  30,0	   5,1
s	    76,2100	 3	 60,37	 90,16	  15,3	  25,4	  29,4	  30,2	  31,6	  31,9	  30,2	   5,3
s	    76,2615	 5	286,66	103,49	  13,6	  24,3	  28,2	  28,7	  30,1	  31,3	  29,8	   4,8
s	    76,5472	 5	286,72	 75,10	  12,8	  23,0	  26,8	  26,9	  28,4	  30,5	  28,9	   3,2
s	    76,5804	 4	 60,39	 85,31	  14,8	  24,8	  28,7	  29,2	  30,6	  31,8	  30,1	   5,1
s	    76,9241	 7	112,74	109,15	  10,8	  22,1	  26,1	  26,3	  27,6	  29,6	  28,7	   2,9
s	    77,0548	 6	272,04	103,36	  12,6	  23,7	  27,8	  28,3	  29,7	  30,8	  29,5	   4,5
s	    77,1134	 7	112,63	 71,24	  11,3	  22,8	  26,8	  27,0	  28,4	  30,3	  29,4	   4,4
s	    77,3382	 6	272,05	 75,20	  11,8	  22,5	  26,4	  26,5	  28,0	  30,0	  28,7	   2,9
s	    77,4183	 8	 22,65	113,63	  12,6	  23,2	  27,2	  27,4	  28,8	  30,6	  29,3	   4,2
s	    77,4427	 5	 60,34	 99,47	  14,5	  24,7	  28,6	  29,0	  30,5	  31,6	  29,8	   4,8
s	    77,5369	 5	 60,40	 80,86	  13,7	  24,2	  28,3	  28,8	  30,2	  31,2	  29,8	   4,8
s	    77,8884	 8	 22,96	 66,04	  11,0	  21,6	  25,5	  25,4	  26,8	  29,4	  28,4	   2,6
s	    78,2004	 4	348,43	 89,75	  14,2	  24,3	  28,4	  29,2	  30,6	  30,6	  28,8	   3,0
s	    78,4701	 5	348,41	 94,17	  13,9	  24,2	  28,3	  29,1	  30,5	  30,6	  28,7	   2,8
s	    78,5343	 6	286,65	108,11	  11,7	  22,4	  26,3	  26,4	  27,8	  29,9	  28,6	   2,7
s	    78,5633	 5	348,47	 85,00	  12,9	  23,3	  27,4	  27,9	  29,3	  30,1	  28,7	   2,8
s	    78,7205	 6	286,72	 70,83	  12,9	  23,5	  27,3	  27,4	  28,9	  31,1	  29,3	   4,2
s	    78,9284	 6	 60,32	103,81	  13,9	  24,3	  28,1	  28,6	  30,0	  31,2	  29,3	   4,1
s	    79,2065	 6	 60,42	 76,20	  11,6	  22,2	  26,2	  26,4	  27,7	  29,6	  28,5	   2,5
s	    79,3094	 7	272,04	107,94	  10,6	  21,9	  25,9	  26,0	  27,4	  29,3	  28,4	   2,4
s	    79,4083	 6	348,37	 98,87	  12,6	  23,2	  27,3	  27,8	  29,1	  30,0	  28,5	   2,5
s	    79,4941	 7	272,05	 70,97	  11,9	  23,0	  26,9	  27,0	  28,5	  30,5	  29,1	   3,9
s	    79,5006	 6	348,50	 80,64	  12,6	  23,2	  27,3	  27,8	  29,1	  30,0	  28,4	   2,5
s	    79,8319	 3	302,57	 89,51	  15,0	  25,1	  29,1	  29,9	  31,3	  31,5	  29,8	   4,5
s	    79,8514	 8	112,75	113,60	  11,9	  23,3	  27,4	  27,9	  29,2	  30,2	  29,0	   3,7
s	    80,0827	 8	112,62	 66,81	   9,3	  20,8	  24,9	  24,7	  26,1	  28,8	  28,2	   2,1
s	    80,0972	 4	302,55	 93,85	  14,8	  25,0	  29,0	  29,8	  31,2	  31,4	  29,6	   4,3
s	    80,3887	 8	150,76	108,31	  10,0	  20,9	  25,8	  26,2	  27,6	  29,5	  28,1	   2,0
s	    80,5813	 7	 60,31	107,31	   9,3	  20,5	  25,6	  26,0	  27,4	  29,3	  28,2	   2,1
s	    80,6893	 8	 77,09	108,45	  11,0	  22,0	  26,0	  26,1	  27,4	  29,3	  28,1	   2,0
s	    80,8650	 7	348,34	103,14	  12,3	  23,0	  27,1	  27,6	  28,9	  29,8	  28,2	   2,1
s	    80,9241	 7	286,73	 67,44	   8,2	  19,7	  24,7	  24,8	  26,3	  29,1	  28,2	   2,0
s	    81,1377	 7	348,53	 76,07	  11,2	  22,0	  26,2	  26,4	  27,7	  29,4	  28,1	   2,0
s	    81,1486	 7	270,86	 80,15	  10,3	  22,2	  27,6	  28,6	  30,0	  30,0	  28,9	   3,5
s	    81,1901	 7	286,64	112,18	  11,7	  22,8	  26,7	  26,9	  28,3	  30,4	  28,9	   3,5
s	    81,3225	 4	304,19	 84,89	  13,6	  24,1	  28,0	  28,5	  30,0	  31,1	  29,5	   4,1
s	    81,3226	 7	 60,43	 72,04	  11,7	  22,7	  26,7	  26,9	  28,3	  30,1	  28,9	   3,5
s	    81,3847	 4	181,20	 89,83	  13,9	  24,0	  28,1	  28,9	  30,3	  30,3	  28,4	   2,3
s	    81,6459	 5	181,22	 94,11	  13,7	  23,9	  28,0	  28,8	  30,2	  30,3	  28,3	   2,1
s	    81,6809	 8	272,05	 67,60	   7,2	  19,2	  24,3	  24,4	  25,9	  28,5	  28,0	   1,8
s	    81,7362	 5	181,16	 85,22	  12,6	  23,0	  27,1	  27,7	  29,0	  29,8	  28,3	   2,1
s	    81,9450	 8	272,04	111,99	  10,7	  22,3	  26,4	  26,5	  27,9	  29,8	  28,7	   3,3
s	    82,1447	 5	304,14	 98,39	  12,6	  23,1	  26,9	  27,4	  28,8	  30,0	  28,2	   2,0
s	    82,5550	 6	181,26	 98,67	  12,3	  22,9	  27,0	  27,5	  28,8	  29,7	  28,1	   1,8
s	    82,5600	 4	146,19	 90,05	  14,7	  24,8	  28,8	  29,6	  30,9	  31,1	  29,3	   3,7
s	    82,6263	 4	253,07	 89,47	  13,8	  24,0	  28,1	  28,8	  30,2	  30,4	  28,3	   2,0
s	    82,6445	 6	181,14	 81,00	  12,3	  22,9	  27,0	  27,5	  28,8	  29,7	  28,1	   1,8
s	    82,7225	 6	302,62	 76,03	  11,3	  21,9	  25,9	  26,1	  27,4	  29,2	  28,1	   1,8
s	    82,8844	 5	253,08	 93,70	  13,6	  24,0	  28,0	  28,7	  30,1	  30,4	  28,1	   1,9
s	    83,0362	 8	348,31	107,56	  10,8	  21,7	  25,7	  25,8	  27,2	  28,9	  27,8	   1,5
s	    83,2142	 8	348,56	 71,97	  11,3	  22,3	  26,4	  26,6	  28,0	  29,7	  28,6	   3,0
s	    83,5628	 6	304,12	102,54	  12,8	  23,6	  27,5	  27,9	  29,4	  30,6	  28,7	   3,2
s	    83,5762	 4	255,24	 89,46	  13,7	  24,3	  28,4	  29,3	  30,6	  30,7	  29,2	   3,6
s	    83,7171	 6	146,24	 98,79	  13,9	  24,1	  27,9	  28,4	  29,7	  30,9	  28,9	   3,3
s	    83,7302	 8	 60,29	112,31	  12,0	  22,8	  26,7	  26,8	  28,2	  30,3	  28,5	   2,9
s	    83,7665	 8	286,63	115,40	   7,7	  19,4	  24,4	  24,5	  26,0	  28,7	  27,7	   1,3
s	    83,8320	 5	255,24	 93,65	  13,5	  24,2	  28,4	  29,2	  30,5	  30,6	  29,1	   3,4
s	    83,8711	 6	253,05	 80,74	  12,7	  23,4	  27,4	  27,9	  29,3	  30,3	  28,7	   3,1
s	    83,9676	 7	181,28	102,80	  12,0	  22,7	  26,8	  27,3	  28,6	  29,5	  27,8	   1,4
s	    84,1341	 5	212,81	 89,63	  13,6	  23,7	  27,8	  28,6	  29,9	  29,9	  27,9	   1,5
s	    84,2321	 7	181,10	 76,56	  11,0	  21,8	  25,9	  26,1	  27,4	  29,1	  27,8	   1,4
s	    84,3885	 6	212,84	 93,80	  13,4	  23,7	  27,7	  28,5	  29,8	  29,8	  27,8	   1,4
s	    84,4763	 6	212,79	 85,14	  11,4	  22,3	  26,6	  27,1	  28,4	  29,1	  27,8	   1,4
s	    84,5113	 5	253,52	 84,98	  12,4	  22,9	  26,9	  27,4	  28,8	  29,8	  28,0	   1,5
s	    84,5921	 7	302,50	107,04	  10,9	  21,7	  25,7	  25,8	  27,2	  29,0	  27,7	   1,3
s	    84,8097	 6	255,22	 80,82	  11,9	  22,9	  27,1	  27,6	  28,9	  29,8	  28,6	   2,9
s	    84,8535	 8	286,74	 62,65	  10,9	  21,9	  25,7	  25,6	  27,0	  30,0	  28,4	   2,7
s	    85,0601	 5	147,35	 85,59	  14,0	  24,1	  27,9	  28,4	  29,7	  31,0	  28,8	   3,1
s	    85,1787	 7	253,09	102,29	  12,4	  23,3	  27,3	  27,7	  29,1	  30,2	  28,4	   2,7
s	    85,2739	 7	212,86	 98,24	  12,1	  22,6	  26,7	  27,2	  28,4	  29,3	  27,6	   1,1
s	    85,3086	 6	253,54	 98,07	  12,1	  22,6	  26,6	  27,0	  28,4	  29,4	  27,7	   1,2
s	    85,3610	 7	212,76	 81,03	  12,1	  22,6	  26,7	  27,2	  28,4	  29,3	  27,6	   1,0
s	    85,5111	 7	146,12	 76,62	  12,1	  22,6	  26,7	  27,2	  28,4	  29,3	  27,5	   1,0
s	    85,9398	 6	147,32	 81,50	  13,0	  23,6	  27,5	  28,0	  29,3	  30,5	  28,6	   2,8
s	    86,0286	 7	304,24	 71,89	  12,3	  23,2	  27,2	  27,6	  29,0	  30,1	  28,3	   2,5
s	    86,0751	 8	181,32	107,11	  10,6	  21,4	  25,5	  25,6	  26,9	  28,6	  27,4	   0,9
s	    86,1057	 7	255,26	102,17	  11,6	  22,8	  26,9	  27,4	  28,7	  29,7	  28,3	   2,5
s	    86,2480	 8	181,08	 72,57	  11,1	  22,1	  26,2	  26,4	  27,7	  29,4	  28,2	   2,4
s	    86,6503	 8	212,88	102,27	  11,7	  22,5	  26,5	  27,0	  28,2	  29,1	  27,3	   0,7
s	    86,9082	 8	212,74	 76,70	  10,7	  21,5	  25,6	  25,8	  27,0	  28,7	  27,3	   0,6
s	    86,9424	 7	253,50	 76,54	  10,7	  21,5	  25,5	  25,6	  27,0	  28,8	  27,4	   0,8
s	    87,2222	 7	147,44	102,62	  13,2	  23,6	  27,4	  27,8	  29,1	  30,5	  28,1	   2,2
s	    87,2624	 8	253,10	106,55	  10,5	  21,4	  25,4	  25,5	  26,9	  28,7	  27,3	   0,6
s	    87,3701	 8	146,10	 72,98	  11,2	  22,1	  26,1	  26,3	  27,6	  29,4	  28,0	   2,1
s	    88,1715	 8	255,27	106,40	   9,7	  21,0	  25,1	  25,2	  26,5	  28,2	  27,2	   0,4
s	    88,7489	 8	147,46	105,87	   8,5	  20,0	  24,9	  25,2	  26,6	  28,6	  27,1	   0,2
s	    88,9081	 8	253,49	 72,65	  10,9	  22,0	  26,0	  26,1	  27,5	  29,4	  27,9	   1,8
s	    89,3855	 7	126,16	 81,88	  10,3	  21,4	  26,5	  27,2	  28,5	  29,5	  27,9	   1,8
s	    90,9205	 7	240,03	 81,35	   9,4	  21,1	  26,4	  27,1	  28,5	  29,4	  28,0	   1,8
s	    92,3615	 4	315,43	 89,58	  13,8	  24,0	  28,0	  28,8	  30,1	  30,3	  28,2	   1,8
s	    92,5972	 5	315,41	 93,44	  12,8	  23,5	  27,7	  28,4	  29,8	  29,8	  28,0	   1,6
s	    92,6787	 5	315,45	 85,42	  12,5	  23,0	  27,0	  27,5	  28,9	  29,8	  28,0	   1,6
s	    93,4184	 6	315,39	 97,56	  12,2	  22,9	  26,9	  27,4	  28,7	  29,7	  27,8	   1,4
s	    93,4993	 6	315,47	 81,60	  11,5	  22,5	  26,6	  27,1	  28,4	  29,3	  27,8	   1,3
s	    93,8585	 5	 81,11	 86,12	  13,1	  23,3	  27,2	  27,6	  29,0	  30,1	  27,9	   1,4
s	    94,0981	 8	 45,73	106,16	   8,7	  19,7	  24,7	  25,0	  26,4	  28,2	  26,5	  -0,8
s	    94,5907	 6	 81,10	 98,14	  12,1	  22,8	  26,8	  27,3	  28,6	  29,6	  27,7	   1,1
s	    94,6970	 7	315,37	101,32	  10,9	  22,1	  26,3	  26,7	  28,0	  28,9	  27,3	   0,8
s	    94,9369	 7	315,49	 77,56	  10,1	  20,9	  24,8	  25,0	  26,3	  28,1	  26,5	  -0,8
s	    95,8563	 7	 81,09	101,86	  12,3	  22,8	  26,7	  27,1	  28,5	  29,6	  27,2	   0,5
s	    96,0126	 4	 50,08	 90,15	  12,7	  22,8	  26,9	  27,8	  29,1	  29,0	  26,7	  -0,7
s	    96,7678	 8	315,51	 73,92	  10,3	  21,4	  25,4	  25,5	  26,9	  28,7	  27,0	   0,2
s	    96,8347	 8	317,86	 81,85	   8,0	  20,2	  25,6	  26,3	  27,6	  28,4	  27,2	   0,5
s	    97,1150	 6	 50,12	 82,42	  11,2	  21,7	  25,8	  26,3	  27,6	  28,4	  26,4	  -1,2
s	    97,2089	 8	319,53	 81,88	   8,0	  20,2	  25,6	  26,3	  27,6	  28,4	  27,2	   0,4
s	    97,2726	 8	304,40	 93,25	   9,8	  21,4	  26,7	  27,7	  29,0	  28,9	  27,2	   0,4
s	    97,8429	 5	243,43	 89,51	  12,4	  23,1	  27,3	  28,0	  29,3	  29,4	  27,5	   0,6
s	    98,0676	 6	243,44	 93,20	  11,4	  22,6	  26,9	  27,7	  29,0	  28,9	  27,3	   0,4
s	    98,0995	 6	257,04	 89,48	  11,4	  22,6	  26,9	  27,7	  29,0	  28,9	  27,3	   0,4
s	    98,1453	 6	243,42	 85,55	  11,1	  22,1	  26,3	  26,8	  28,1	  28,9	  27,3	   0,4
s	    98,2760	 7	 50,03	101,53	  11,6	  22,0	  26,0	  26,4	  27,7	  28,7	  26,2	  -1,5
s	    98,6290	 4	 19,94	 89,99	  13,3	  23,4	  27,5	  28,3	  29,6	  29,5	  27,5	   0,5
s	    98,8510	 7	243,45	 97,13	  10,8	  22,0	  26,2	  26,6	  27,9	  28,8	  27,1	   0,2
s	    98,8523	 5	 19,92	 93,65	  13,1	  23,3	  27,4	  28,2	  29,5	  29,5	  27,3	   0,4
s	    98,9295	 5	 19,96	 86,05	  12,0	  22,4	  26,5	  27,0	  28,3	  29,1	  27,3	   0,4
s	    99,3025	 6	125,37	 86,25	  11,2	  22,2	  26,2	  26,7	  27,9	  28,9	  27,1	   0,1
s	    99,3931	 6	 49,13	 97,73	  12,3	  22,6	  26,5	  26,9	  28,3	  29,4	  26,9	  -0,1
s	    99,6305	 6	 19,89	 97,56	  11,7	  22,3	  26,4	  26,9	  28,2	  29,0	  27,1	   0,1
s	    99,7072	 6	 19,99	 82,43	  11,7	  22,3	  26,4	  26,9	  28,2	  28,9	  27,1	   0,1
s	   100,0014	 7	125,42	 97,72	  10,9	  22,1	  26,1	  26,5	  27,8	  28,8	  26,9	  -0,1
s	   100,0717	 8	243,46	100,72	   9,5	  21,2	  25,5	  26,0	  27,2	  28,0	  26,6	  -0,4
s	   100,2851	 8	 50,15	 74,97	  10,0	  21,0	  25,1	  25,3	  26,6	  28,2	  26,6	  -0,5
s	   100,4194	 8	243,39	 77,77	   9,8	  21,0	  25,2	  25,7	  26,9	  27,6	  25,8	  -2,0
s	   100,8433	 7	 19,87	101,13	  11,4	  22,2	  26,3	  26,7	  28,0	  28,8	  26,9	  -0,2
s	   101,0710	 7	 20,01	 78,60	  10,4	  21,2	  25,3	  25,5	  26,8	  28,4	  26,9	  -0,3
s	   101,9673	 8	 49,10	104,22	   7,4	  18,8	  23,9	  24,2	  25,6	  27,3	  25,6	  -2,3
s	   102,6608	 8	 19,84	104,88	  10,1	  21,1	  25,2	  25,3	  26,6	  28,2	  26,6	  -0,7
s	   102,8103	 8	 20,04	 75,13	  10,0	  21,0	  25,1	  25,3	  26,6	  28,2	  26,6	  -0,7
s	   103,3308	 5	353,29	 89,82	  12,0	  22,6	  26,8	  27,6	  28,9	  28,7	  26,9	  -0,5
s	   103,4177	 5	155,25	 90,03	  12,2	  22,2	  26,3	  27,1	  28,3	  28,2	  25,8	  -2,4
s	   103,5456	 6	353,26	 93,34	  11,7	  22,5	  26,8	  27,5	  28,8	  28,6	  26,7	  -0,7
s	   103,6198	 6	353,31	 86,03	  10,7	  21,6	  25,8	  26,4	  27,6	  28,2	  26,7	  -0,7
s	   103,6323	 6	155,27	 93,54	  11,9	  22,2	  26,2	  27,0	  28,2	  28,2	  25,6	  -2,5
s	   103,7065	 6	155,23	 86,24	  10,9	  21,2	  25,3	  25,8	  27,0	  27,7	  25,6	  -2,5
s	   104,2944	 7	353,24	 97,10	  10,4	  21,5	  25,7	  26,2	  27,5	  28,1	  26,5	  -0,9
s	   104,3682	 7	353,34	 82,54	  10,4	  21,5	  25,7	  26,2	  27,5	  28,1	  26,5	  -0,9
s	   104,3806	 7	155,30	 97,30	  10,6	  21,2	  25,2	  25,7	  26,9	  27,6	  25,4	  -2,8
s	   104,4544	 7	155,21	 82,75	  10,6	  21,1	  25,2	  25,7	  26,9	  27,6	  25,4	  -2,8
s	   104,9681	 5	183,12	 89,85	  11,9	  22,5	  26,7	  27,5	  28,8	  28,6	  26,7	  -0,8
s	   105,1801	 6	183,15	 93,32	  11,6	  22,4	  26,6	  27,4	  28,7	  28,5	  26,6	  -1,0
s	   105,2534	 6	183,10	 86,11	  10,6	  21,5	  25,7	  26,3	  27,5	  28,1	  26,5	  -1,0
s	   105,4620	 8	353,21	100,54	  10,1	  21,4	  25,6	  26,1	  27,3	  28,0	  26,3	  -1,2
s	   105,5474	 8	155,32	100,74	  10,3	  21,0	  25,1	  25,5	  26,7	  27,5	  25,2	  -3,1
s	   105,6813	 8	353,36	 78,85	   9,1	  20,4	  24,7	  24,9	  26,1	  27,5	  26,3	  -1,3
s	   105,7665	 8	155,18	 79,06	   9,3	  20,1	  24,1	  24,4	  25,6	  27,1	  25,2	  -3,2
s	   105,9191	 7	183,17	 97,03	  10,3	  21,4	  25,6	  26,1	  27,4	  28,0	  26,4	  -1,2
s	   105,9920	 7	183,07	 82,66	  10,3	  21,4	  25,6	  26,1	  27,4	  28,0	  26,4	  -1,2
s	   107,0718	 8	183,19	100,43	  10,0	  21,3	  25,5	  25,9	  27,2	  27,8	  26,1	  -1,6
s	   107,2883	 8	183,05	 79,01	   9,0	  20,3	  24,6	  24,8	  26,0	  27,4	  26,1	  -1,6
s	   108,8869	 2	 97,42	 90,25	  13,0	  23,0	  26,9	  27,7	  29,1	  29,2	  26,6	  -1,2
s	   109,1635	 3	 97,41	 86,63	  12,5	  22,4	  26,2	  26,7	  28,1	  29,2	  26,5	  -1,4
s	   109,4395	 6	208,45	 89,69	  10,6	  21,7	  26,1	  26,9	  28,1	  27,8	  26,1	  -1,8
s	   109,4802	 3	108,04	 90,24	  12,0	  22,5	  26,6	  27,4	  28,7	  28,7	  26,4	  -1,5
s	   109,6441	 7	208,47	 93,04	  10,4	  21,6	  26,0	  26,8	  28,0	  27,7	  26,0	  -1,9
s	   109,6847	 4	108,05	 93,59	  11,8	  22,4	  26,5	  27,3	  28,6	  28,7	  26,3	  -1,6
s	   109,7149	 7	208,43	 86,08	   9,3	  20,7	  25,1	  25,6	  26,8	  27,3	  26,0	  -2,0
s	   109,7178	 5	325,51	 89,65	  11,5	  21,8	  25,9	  26,7	  28,0	  27,9	  25,2	  -3,5
s	   109,7555	 4	108,03	 86,63	  10,7	  21,5	  25,6	  26,1	  27,4	  28,3	  26,3	  -1,6
s	   109,8092	 4	 97,42	 97,22	  11,5	  21,9	  25,8	  26,3	  27,7	  28,7	  26,3	  -1,6
s	   109,8798	 4	 97,41	 83,29	  12,2	  22,3	  26,1	  26,6	  28,0	  29,1	  26,3	  -1,7
s	   109,9174	 8	157,28	 93,37	   8,3	  19,7	  25,0	  26,0	  27,2	  27,1	  24,7	  -4,0
s	   109,9220	 6	325,49	 93,00	  10,6	  21,3	  25,6	  26,3	  27,6	  27,4	  25,0	  -3,7
s	   110,3578	 8	208,49	 96,63	   9,1	  20,6	  25,0	  25,5	  26,7	  27,2	  25,8	  -2,2
s	   110,3982	 5	108,05	 97,18	  10,5	  21,4	  25,5	  26,0	  27,3	  28,2	  26,1	  -1,9
s	   110,4282	 8	208,41	 82,75	   9,1	  20,6	  25,0	  25,5	  26,7	  27,2	  25,8	  -2,2
s	   110,4686	 5	108,02	 83,30	  10,5	  21,4	  25,5	  26,0	  27,3	  28,2	  26,1	  -1,9
s	   110,5184	 6	134,97	 90,15	   9,8	  21,3	  25,8	  26,6	  27,8	  27,5	  26,0	  -2,0
s	   110,7214	 7	134,99	 93,47	   9,5	  21,3	  25,7	  26,5	  27,7	  27,4	  25,9	  -2,1
s	   110,7916	 7	134,95	 86,57	   8,5	  20,4	  24,8	  25,3	  26,5	  27,0	  25,9	  -2,2
s	   110,9276	 5	 97,43	100,52	  11,7	  22,0	  25,8	  26,2	  27,6	  28,7	  25,8	  -2,2
s	   111,1377	 5	 97,41	 79,74	  10,1	  20,4	  24,1	  24,2	  25,6	  27,5	  25,0	  -3,8
s	   111,4293	 8	135,00	 97,03	   8,2	  20,3	  24,7	  25,2	  26,4	  26,9	  25,7	  -2,4
s	   111,5116	 6	108,06	100,46	   9,9	  21,1	  25,1	  25,6	  26,9	  27,8	  25,7	  -2,4
s	   111,7208	 6	108,02	 79,78	   8,4	  19,5	  23,5	  23,6	  24,9	  26,6	  24,8	  -4,0
s	   111,7455	 8	325,45	 99,85	   9,0	  20,2	  24,4	  24,9	  26,1	  26,7	  24,6	  -4,2
s	   112,3109	 6	 97,41	 77,31	   7,6	  19,0	  24,0	  24,5	  25,9	  27,6	  25,6	  -2,6
s	   112,6067	 6	 97,43	104,00	   9,8	  20,2	  23,9	  24,0	  25,4	  27,3	  24,8	  -4,2
s	   112,7013	 7	 58,26	 93,48	   8,2	  19,6	  24,9	  25,9	  27,2	  27,0	  24,6	  -4,3
s	   113,1834	 7	108,07	103,92	   8,1	  19,3	  23,3	  23,4	  24,7	  26,4	  24,6	  -4,4
s	   113,3211	 7	108,01	 76,57	   8,6	  20,0	  24,0	  24,2	  25,5	  27,2	  25,4	  -2,9
s	   113,5732	 3	 85,60	 90,26	  12,5	  22,5	  26,5	  27,3	  28,7	  28,6	  26,0	  -2,3
s	   113,8401	 4	 85,60	 86,76	  12,0	  21,9	  25,8	  26,3	  27,7	  28,6	  25,9	  -2,4
s	   114,4633	 5	 85,59	 96,99	  11,0	  21,4	  25,4	  25,9	  27,3	  28,1	  25,7	  -2,6
s	   114,5315	 5	 85,60	 83,54	  11,7	  21,8	  25,7	  26,2	  27,5	  28,5	  25,7	  -2,7
s	   114,5909	 7	 97,43	107,14	  10,0	  20,7	  24,5	  24,6	  26,0	  27,9	  25,2	  -3,1
s	   115,1591	 8	108,07	107,05	   8,2	  19,8	  23,9	  24,0	  25,3	  27,0	  25,1	  -3,3
s	   115,4492	 4	119,64	 90,21	  11,4	  21,9	  26,1	  26,9	  28,2	  28,0	  25,7	  -2,7
s	   115,4981	 8	108,00	 73,22	   6,7	  18,2	  22,2	  22,0	  23,3	  25,8	  24,2	  -5,0
s	   115,5432	 6	 85,59	100,17	  11,2	  21,5	  25,4	  25,8	  27,1	  28,1	  25,2	  -3,2
s	   115,7124	 5	119,62	 86,76	  10,9	  21,4	  25,4	  25,9	  27,2	  28,0	  25,6	  -2,9
s	   115,7462	 6	 85,60	 80,11	   9,6	  19,9	  23,7	  23,8	  25,2	  26,9	  24,4	  -4,8
s	   116,3270	 6	119,66	 96,85	   9,9	  20,9	  25,0	  25,5	  26,8	  27,5	  25,4	  -3,1
s	   116,3796	 6	234,30	 89,56	  10,1	  20,9	  25,1	  25,9	  27,1	  26,9	  24,4	  -4,9
s	   116,3943	 6	119,61	 83,58	  10,6	  21,3	  25,3	  25,7	  27,0	  27,9	  25,4	  -3,1
s	   116,5738	 7	234,31	 92,75	   9,2	  20,4	  24,8	  25,6	  26,8	  26,4	  24,2	  -5,0
s	   117,1658	 7	 85,59	103,54	   9,3	  19,8	  23,6	  23,6	  25,0	  26,7	  24,2	  -5,2
s	   117,3651	 8	 97,40	 70,13	   8,6	  19,6	  23,4	  23,1	  24,6	  27,3	  24,8	  -3,8
s	   117,3923	 7	119,67	 99,99	  10,1	  20,9	  24,9	  25,3	  26,6	  27,5	  25,0	  -3,7
s	   117,5925	 7	119,60	 80,20	   8,5	  19,3	  23,3	  23,4	  24,7	  26,3	  24,1	  -5,2
s	   118,7110	 8	119,59	 77,88	   6,0	  18,0	  23,2	  23,6	  24,9	  26,4	  24,7	  -4,0
s	   118,8680	 7	233,43	 86,20	   9,2	  20,4	  24,6	  25,0	  26,3	  27,0	  24,8	  -3,9
s	   118,9016	 4	284,92	 92,63	   9,9	  20,8	  25,8	  26,8	  28,2	  28,3	  25,4	  -3,4
s	   118,9932	 8	119,68	103,31	   8,2	  19,2	  23,1	  23,2	  24,5	  26,1	  23,9	  -5,6
s	   119,0848	 8	 85,59	106,58	   9,5	  20,3	  24,1	  24,2	  25,6	  27,3	  24,7	  -4,1
s	   119,4522	 5	275,06	 92,61	   8,9	  20,3	  25,4	  26,4	  27,8	  27,8	  25,2	  -3,6
s	   119,4687	 8	233,47	 96,05	   9,0	  20,3	  24,5	  24,9	  26,1	  26,9	  24,6	  -4,2
s	   121,0468	 7	 44,95	 93,24	   8,4	  19,8	  25,1	  26,1	  27,4	  27,1	  24,8	  -4,1
s	   121,8954	 8	335,54	 83,35	   7,1	  18,8	  24,1	  24,8	  26,1	  26,6	  24,6	  -4,4
s	   122,2077	 4	 73,64	 90,25	  11,7	  21,9	  25,9	  26,7	  28,0	  27,9	  25,0	  -4,0
s	   122,3939	 5	 73,64	 93,31	  11,5	  21,9	  25,9	  26,6	  27,9	  27,9	  24,9	  -4,1
s	   123,0440	 6	 73,63	 96,58	  10,2	  20,9	  24,9	  25,3	  26,6	  27,4	  24,7	  -4,4
s	   123,1759	 4	 75,20	 90,26	  10,9	  21,4	  25,6	  26,4	  27,7	  27,5	  25,0	  -4,2
s	   123,2603	 5	295,94	 92,57	   9,4	  20,3	  25,4	  26,4	  27,7	  27,7	  24,8	  -4,3
s	   123,3609	 5	 75,20	 93,29	  10,7	  21,4	  25,5	  26,3	  27,6	  27,4	  24,8	  -4,3
s	   124,0057	 5	 73,97	 87,01	  10,4	  20,8	  24,8	  25,3	  26,6	  27,4	  24,8	  -4,4
s	   124,0066	 6	 75,19	 96,54	   9,4	  20,4	  24,5	  25,0	  26,3	  26,9	  24,7	  -4,5
s	   124,2504	 7	 73,66	 80,71	   8,1	  18,9	  22,8	  22,9	  24,2	  25,8	  23,5	  -6,5
s	   124,6485	 6	 73,98	 84,01	  10,1	  20,8	  24,8	  25,2	  26,5	  27,3	  24,6	  -4,7
s	   125,2050	 7	 75,22	 80,78	   7,3	  18,4	  22,5	  22,7	  23,9	  25,3	  23,4	  -6,7
s	   125,5898	 7	 73,95	 99,48	   9,6	  20,4	  24,4	  24,8	  26,1	  26,9	  24,2	  -5,2
s	   125,6832	 8	 73,98	 81,04	   8,3	  19,3	  23,4	  23,6	  24,8	  26,2	  24,0	  -5,3
s	   125,7130	 8	 73,67	 77,77	   8,3	  19,4	  23,4	  23,6	  24,9	  26,5	  24,0	  -5,3
s	   125,7564	 5	 18,32	 90,01	  10,5	  20,6	  24,8	  25,6	  26,8	  26,5	  23,6	  -6,5
s	   125,9381	 6	 18,30	 92,99	  10,3	  20,6	  24,8	  25,5	  26,7	  26,4	  23,4	  -6,7
s	   126,0010	 6	 18,34	 86,80	   9,3	  19,7	  23,8	  24,4	  25,6	  26,0	  23,4	  -6,7
s	   126,5269	 7	144,21	 90,11	   9,5	  20,2	  24,4	  25,2	  26,3	  26,0	  23,2	  -7,0
s	   126,5724	 7	 18,28	 96,18	   9,0	  19,6	  23,8	  24,2	  25,5	  25,9	  23,3	  -6,9
s	   126,6350	 7	 18,36	 83,84	   9,0	  19,6	  23,8	  24,2	  25,4	  25,9	  23,3	  -6,9
s	   126,6581	 8	 75,23	 77,86	   7,5	  19,0	  23,1	  23,3	  24,5	  26,0	  23,9	  -5,5
s	   126,7171	 7	274,23	 89,50	   7,6	  19,8	  24,2	  25,0	  26,2	  25,8	  23,3	  -6,9
s	   126,8977	 8	274,23	 92,46	   6,8	  19,5	  24,1	  24,9	  26,0	  25,6	  24,2	  -5,3
s	   126,9601	 8	274,23	 86,31	   6,3	  18,8	  23,3	  23,7	  24,9	  25,4	  23,1	  -7,1
s	   127,2261	 8	 73,94	102,84	   8,7	  19,5	  23,5	  23,8	  25,1	  25,8	  23,1	  -7,1
s	   127,5636	 8	 18,26	 99,10	   8,7	  19,5	  23,7	  24,1	  25,3	  25,8	  23,1	  -7,2
s	   127,7500	 8	 18,38	 80,69	   7,7	  18,5	  22,7	  22,9	  24,1	  25,4	  23,0	  -7,2
s	   128,8855	 8	159,67	 92,94	   7,9	  19,3	  24,6	  25,6	  26,7	  26,4	  23,9	  -5,7
s	   129,1769	 3	284,67	 89,51	  10,8	  21,3	  25,3	  26,1	  27,4	  27,3	  24,5	  -5,2
s	   129,2751	 4	284,67	 91,71	   8,5	  19,7	  24,9	  25,9	  27,2	  27,1	  24,4	  -5,3
s	   129,4159	 4	284,68	 86,38	  10,3	  20,7	  24,6	  25,1	  26,4	  27,3	  24,4	  -5,3
s	   129,6069	 6	356,54	 89,86	   9,3	  20,0	  24,3	  25,1	  26,2	  25,7	  23,1	  -7,4
s	   129,7302	 6	332,92	 89,71	   9,3	  20,5	  24,8	  25,6	  26,8	  26,5	  24,1	  -5,6
s	   129,7840	 7	356,52	 92,77	   9,1	  19,9	  24,2	  25,0	  26,1	  25,7	  23,0	  -7,5
s	   129,8452	 7	356,56	 86,74	   8,1	  19,0	  23,3	  23,8	  25,0	  25,3	  23,0	  -7,5
s	   129,9072	 7	332,91	 92,61	   9,1	  20,5	  24,8	  25,5	  26,7	  26,4	  24,0	  -5,7
s	   129,9683	 7	332,94	 86,59	   8,1	  19,6	  23,9	  24,3	  25,5	  26,0	  24,0	  -5,8
s	   129,9743	 5	284,66	 95,54	   9,3	  20,2	  24,3	  24,7	  26,0	  26,8	  24,2	  -5,5
s	   130,0355	 5	284,68	 83,49	  10,0	  20,6	  24,5	  25,0	  26,3	  27,2	  24,2	  -5,5
s	   130,4020	 8	356,50	 95,88	   7,8	  18,9	  23,2	  23,7	  24,9	  25,2	  22,8	  -7,7
s	   130,4630	 8	356,58	 83,86	   7,8	  18,9	  23,2	  23,7	  24,8	  25,2	  22,8	  -7,7
s	   130,5247	 8	332,89	 95,72	   7,8	  19,5	  23,8	  24,2	  25,4	  25,9	  23,8	  -6,0
s	   130,9432	 6	284,66	 98,41	   9,5	  20,3	  24,2	  24,6	  25,9	  26,8	  23,8	  -6,1
s	   130,9532	 8	145,88	 87,01	   9,2	  20,2	  24,1	  24,4	  25,6	  26,6	  23,5	  -6,3
s	   132,2524	 6	305,77	 92,43	   7,9	  19,3	  24,5	  25,5	  26,8	  26,6	  23,9	  -6,1
s	   132,4016	 7	284,65	101,44	   7,6	  18,5	  22,4	  22,5	  23,8	  25,5	  22,7	  -8,0
s	   133,2432	 4	294,96	 89,54	  10,3	  20,8	  25,0	  25,8	  27,0	  26,8	  24,0	  -6,0
s	   133,3388	 5	294,95	 91,68	   8,1	  19,3	  24,5	  25,6	  26,8	  26,6	  23,9	  -6,1
s	   133,4758	 5	294,97	 86,49	   9,8	  20,3	  24,3	  24,8	  26,0	  26,7	  23,9	  -6,2
s	   134,0195	 6	294,94	 95,41	   8,8	  19,8	  23,9	  24,4	  25,6	  26,2	  23,7	  -6,4
s	   134,0791	 6	294,98	 83,67	   9,5	  20,2	  24,2	  24,6	  25,9	  26,6	  23,7	  -6,4
s	   134,3086	 8	350,94	 89,83	   8,0	  19,2	  23,6	  24,4	  25,4	  24,8	  22,4	  -8,5
s	   134,4282	 8	284,70	 74,63	   6,3	  17,5	  21,3	  21,1	  22,4	  24,9	  22,4	  -8,5
s	   134,7110	 7	228,25	 89,60	   8,1	  19,7	  24,2	  25,0	  26,1	  25,5	  23,5	  -6,6
s	   134,8822	 8	228,26	 92,41	   7,8	  19,6	  24,1	  24,9	  26,0	  25,4	  23,4	  -6,8
s	   134,9631	 7	294,94	 98,20	   9,0	  19,9	  23,9	  24,3	  25,5	  26,3	  23,3	  -6,9
s	   135,0115	 6	184,72	 89,86	   9,0	  19,6	  24,0	  24,8	  25,9	  25,4	  22,6	  -8,3
s	   135,1282	 7	198,26	 89,77	   8,0	  19,2	  23,6	  24,4	  25,5	  24,9	  22,5	  -8,5
s	   135,1823	 7	184,74	 92,66	   8,8	  19,6	  23,9	  24,7	  25,8	  25,3	  22,5	  -8,5
s	   135,2415	 7	184,70	 86,85	   7,8	  18,7	  23,0	  23,5	  24,6	  24,9	  22,5	  -8,5
s	   135,2990	 8	198,28	 92,57	   7,8	  19,1	  23,6	  24,3	  25,4	  24,8	  22,3	  -8,6
s	   135,3580	 8	198,24	 86,76	   6,8	  18,2	  22,7	  23,2	  24,3	  24,4	  22,3	  -8,6
s	   135,8378	 8	184,68	 84,06	   7,5	  18,6	  22,9	  23,4	  24,5	  24,8	  22,3	  -8,7
s	   136,3840	 8	294,93	101,16	   7,2	  18,1	  22,1	  22,1	  23,4	  24,9	  22,2	  -8,8
s	   137,1610	 5	 66,19	 90,25	   9,1	  19,7	  23,9	  24,7	  25,9	  25,5	  22,5	  -8,6
s	   137,6827	 6	 76,56	 90,27	   8,9	  20,1	  24,4	  25,1	  26,3	  26,0	  23,4	  -7,0
s	   137,9181	 7	 66,18	 95,97	   7,6	  18,6	  22,9	  23,3	  24,5	  24,9	  22,2	  -9,0
s	   138,8384	 8	 66,17	 98,69	   8,1	  19,0	  23,1	  23,4	  24,7	  25,3	  22,0	  -9,3
s	   139,1473	 6	 65,31	 87,31	   8,5	  19,2	  23,2	  23,6	  24,9	  25,5	  22,2	  -9,1
s	   140,7255	 8	264,85	 92,21	   5,5	  17,9	  23,4	  24,4	  25,6	  25,2	  22,9	  -7,8
s	   140,7532	 8	 65,32	 81,69	   7,0	  18,1	  22,1	  22,2	  23,4	  24,9	  21,8	  -9,6
s	   140,9220	 7	328,07	 89,69	   7,8	  18,8	  23,1	  22,6	  22,7	  22,3	  19,8	 -10,9
s	   141,0866	 8	328,06	 92,39	   7,6	  18,8	  23,0	  22,5	  22,6	  22,2	  19,7	 -11,0
s	   141,1435	 8	328,09	 86,79	   6,5	  17,8	  22,1	  21,3	  21,4	  21,8	  19,7	 -11,0
s	   141,6804	 5	304,24	 89,58	   8,9	  19,9	  24,2	  25,0	  26,2	  25,8	  23,1	  -7,7
s	   141,7710	 6	304,23	 91,60	   6,7	  18,4	  23,7	  24,8	  26,0	  25,6	  23,0	  -7,8
s	   142,4163	 7	304,22	 95,14	   7,4	  18,9	  23,1	  23,6	  24,8	  25,2	  22,8	  -8,0
s	   143,1034	 6	305,23	 86,71	   7,6	  19,0	  23,2	  23,7	  24,9	  25,4	  22,9	  -8,0
s	   143,6711	 7	305,25	 84,06	   7,3	  18,9	  23,1	  23,5	  24,8	  25,4	  22,7	  -8,2
s	   144,5035	 8	305,19	 97,73	   6,8	  18,6	  22,8	  23,2	  24,4	  25,0	  22,3	  -8,7
s	   144,5457	 6	254,05	 89,53	   8,5	  19,7	  24,0	  24,7	  25,9	  25,5	  22,8	  -8,3
s	   144,5760	 6	139,95	 90,15	   8,7	  19,4	  23,5	  24,2	  25,4	  25,1	  21,7	 -10,1
s	   144,7067	 7	254,06	 92,16	   8,3	  19,7	  23,9	  24,7	  25,8	  25,5	  22,6	  -8,4
s	   144,7926	 7	139,94	 87,31	   7,4	  18,4	  22,5	  23,0	  24,1	  24,6	  21,5	 -10,3
s	   145,2689	 8	254,06	 94,99	   7,0	  18,7	  23,0	  23,4	  24,5	  25,0	  22,5	  -8,6
s	   145,2866	 8	 37,46	 95,60	   7,7	  18,6	  22,7	  23,1	  24,3	  24,8	  21,4	 -10,4
s	   145,2991	 8	139,98	 95,61	   7,2	  18,3	  22,4	  22,9	  24,0	  24,5	  21,4	 -10,5
s	   145,3545	 8	139,92	 84,68	   7,2	  18,3	  22,4	  22,8	  24,0	  24,5	  21,4	 -10,5
s	   145,5347	 6	255,40	 89,52	   7,7	  19,3	  23,7	  24,5	  25,6	  25,1	  22,7	  -8,4
s	   145,6948	 7	255,41	 92,15	   7,5	  19,2	  23,6	  24,4	  25,5	  25,0	  22,5	  -8,6
s	   145,7501	 7	255,40	 86,70	   6,4	  18,3	  22,7	  23,2	  24,3	  24,6	  22,5	  -8,6
s	   146,2536	 8	255,41	 94,96	   6,2	  18,2	  22,6	  23,1	  24,2	  24,5	  22,4	  -8,8
s	   146,3088	 8	255,39	 84,09	   6,2	  18,2	  22,6	  23,1	  24,2	  24,5	  22,4	  -8,8
s	   146,3159	 7	254,33	 86,71	   7,2	  18,7	  22,9	  23,4	  24,6	  25,0	  22,5	  -8,7
s	   146,8727	 8	254,32	 84,11	   6,9	  18,6	  22,9	  23,3	  24,5	  24,9	  22,3	  -8,9
s	   150,3164	 8	126,47	 92,76	   5,9	  17,8	  23,2	  24,1	  25,2	  24,8	  22,0	  -9,6
s	   150,3374	 7	166,08	 90,00	   8,2	  18,9	  23,1	  23,8	  24,9	  24,4	  21,0	 -11,3
s	   150,5467	 8	166,06	 87,25	   7,6	  18,3	  22,4	  22,8	  23,9	  24,4	  20,9	 -11,4
s	   150,6424	 7	265,85	 89,52	   6,5	  18,5	  23,1	  23,9	  24,9	  24,3	  22,1	  -9,5
s	   150,7282	 8	265,85	 91,43	   4,2	  17,0	  22,6	  23,7	  24,8	  24,1	  22,0	  -9,6
s	   150,7422	 8	245,54	 92,09	   5,0	  16,9	  22,4	  23,4	  24,5	  24,0	  21,0	 -11,4
s	   150,8513	 8	265,85	 86,78	   5,2	  17,6	  22,1	  22,6	  23,7	  23,8	  22,0	  -9,6
s	   150,9974	 7	339,07	 89,76	   7,2	  18,3	  22,8	  23,6	  24,6	  23,9	  21,0	 -11,3
s	   151,1523	 8	339,06	 92,30	   7,0	  18,3	  22,7	  23,5	  24,5	  23,8	  20,9	 -11,4
s	   151,2059	 8	339,09	 87,03	   5,9	  17,3	  21,8	  22,3	  23,4	  23,4	  20,9	 -11,5
s	   152,3838	 6	 17,23	 90,02	   9,8	  19,9	  24,0	  24,8	  25,9	  25,3	  22,0	  -9,7
s	   152,5375	 7	 17,22	 92,54	   9,5	  19,8	  23,9	  24,7	  25,8	  25,2	  21,9	  -9,9
s	   152,5907	 7	 17,25	 87,31	   8,5	  18,9	  23,0	  23,5	  24,6	  24,8	  21,9	  -9,9
s	   153,0742	 8	 17,20	 95,24	   8,3	  18,8	  23,0	  23,4	  24,5	  24,7	  21,7	 -10,1
s	   153,1272	 8	 17,27	 84,80	   7,3	  18,4	  22,7	  23,2	  24,3	  24,5	  21,8	 -10,0
s	   153,5998	 7	107,36	 98,00	   5,3	  17,1	  22,2	  22,9	  24,2	  24,8	  21,6	 -10,2
s	   153,7713	 5	 98,42	 95,49	   7,2	  18,0	  22,8	  23,5	  24,9	  25,7	  21,0	 -11,6
s	   153,9640	 6	 58,95	 90,24	   8,1	  18,6	  22,7	  22,2	  22,3	  22,0	  18,8	 -13,1
s	   154,1689	 7	 58,95	 87,55	   7,6	  18,0	  22,0	  21,1	  21,3	  21,9	  18,7	 -13,2
s	   154,6080	 6	 98,42	 97,96	   6,2	  17,5	  22,5	  23,1	  24,5	  25,2	  21,6	 -10,3
s	   154,6481	 8	 58,93	 95,41	   6,6	  17,6	  21,7	  20,8	  20,9	  21,4	  18,5	 -13,4
s	   154,7007	 8	 58,96	 85,06	   7,3	  18,0	  21,9	  21,0	  21,2	  21,8	  18,5	 -13,4
s	   154,9740	 8	107,32	 79,90	   4,0	  16,1	  21,2	  21,6	  22,8	  24,3	  21,4	 -10,6
s	   155,6510	 7	358,77	 89,90	   8,6	  19,3	  23,5	  24,3	  25,3	  24,6	  21,6	 -10,4
s	   155,8018	 8	358,75	 92,37	   8,4	  19,2	  23,5	  24,2	  25,2	  24,6	  21,5	 -10,5
s	   155,8539	 8	358,79	 87,24	   6,4	  17,9	  22,3	  22,8	  23,9	  23,9	  21,5	 -10,5
s	   155,9744	 7	 98,40	 79,98	   5,6	  16,9	  21,7	  22,0	  23,4	  25,1	  21,4	 -10,6
s	   157,2737	 6	 89,50	 95,39	   6,8	  17,6	  22,6	  23,2	  24,6	  25,2	  20,6	 -12,3
s	   157,3603	 8	222,92	 89,64	   5,9	  17,5	  22,1	  22,9	  23,9	  23,1	  20,4	 -12,5
s	   157,4167	 8	303,19	 86,94	   4,9	  17,4	  21,8	  22,3	  23,4	  23,6	  21,4	 -10,8
s	   158,0940	 7	 89,49	 97,82	   5,8	  17,1	  22,2	  22,9	  24,2	  24,7	  21,2	 -11,0
s	   159,1990	 7	247,50	 89,55	   6,0	  17,6	  22,1	  22,9	  24,0	  23,2	  20,3	 -12,7
s	   159,2807	 8	247,50	 91,38	   3,8	  16,1	  21,7	  22,7	  23,8	  23,1	  20,2	 -12,9
s	   159,3979	 8	247,49	 86,94	   5,5	  17,1	  21,4	  21,9	  23,0	  23,2	  20,2	 -12,9
s	   159,4073	 7	116,07	 95,29	   5,8	  17,1	  22,2	  22,8	  24,1	  24,7	  20,3	 -12,8
s	   159,7076	 7	125,04	 90,22	   6,9	  18,5	  22,9	  23,6	  24,7	  24,0	  21,3	 -11,1
s	   160,0479	 8	256,57	 89,53	   5,8	  18,0	  22,6	  23,3	  24,4	  23,7	  21,2	 -11,2
s	   160,2178	 8	116,08	 97,69	   4,8	  16,6	  21,8	  22,5	  23,7	  24,1	  20,9	 -11,5
s	   160,3763	 7	145,86	 90,12	   7,7	  18,2	  22,3	  21,8	  21,8	  21,4	  18,1	 -14,4
s	   161,1448	 8	125,91	 87,64	   5,6	  17,6	  21,9	  22,3	  23,4	  23,7	  21,0	 -11,5
s	   161,6572	 7	185,69	 89,87	   8,3	  19,0	  23,2	  24,0	  25,0	  24,3	  21,1	 -11,5
s	   161,7569	 8	197,24	 89,79	   7,4	  18,5	  22,9	  23,7	  24,6	  23,8	  21,0	 -11,6
s	   161,8030	 8	185,71	 92,26	   8,1	  18,9	  23,2	  23,9	  24,9	  24,2	  21,0	 -11,6
s	   161,8535	 8	185,67	 87,30	   6,2	  17,6	  22,0	  22,5	  23,6	  23,5	  21,0	 -11,5
s	   161,9113	 8	203,41	 89,75	   7,4	  18,5	  22,9	  23,7	  24,6	  23,8	  21,0	 -11,6
s	   163,5568	 3	 98,58	 90,29	   9,5	  19,6	  23,5	  24,3	  25,5	  25,3	  20,4	 -13,1
s	   163,7011	 4	 98,58	 92,66	   8,7	  19,4	  23,4	  24,2	  25,4	  25,1	  21,3	 -11,4
s	   163,7510	 4	 98,58	 87,75	   9,0	  19,1	  22,8	  23,2	  24,5	  25,3	  20,3	 -13,2
s	   164,2550	 5	 98,57	 85,39	   8,2	  18,8	  22,7	  23,1	  24,4	  25,0	  21,2	 -11,6
s	   164,4334	 8	 82,14	 97,56	   4,5	  16,4	  21,6	  22,2	  23,5	  23,9	  20,6	 -12,2
s	   164,6148	 7	 81,28	 95,18	   5,0	  16,7	  21,9	  22,6	  23,8	  24,2	  20,9	 -11,9
s	   164,7719	 6	 98,59	 96,96	   5,0	  16,6	  21,7	  22,4	  23,7	  24,2	  20,8	 -12,0
s	   165,1434	 6	 98,57	 82,87	   7,4	  18,0	  21,7	  21,8	  23,1	  24,7	  20,0	 -13,7
s	   166,1863	 7	 98,59	100,03	   6,6	  17,2	  20,9	  20,9	  22,2	  23,8	  19,8	 -13,9
s	   166,8757	 4	 90,15	 90,30	   9,1	  19,3	  23,3	  24,0	  25,2	  24,9	  20,0	 -13,7
s	   166,8980	 8	123,20	 95,07	   3,9	  16,1	  21,4	  22,1	  23,3	  23,6	  20,6	 -12,4
s	   167,0174	 5	 90,15	 92,62	   8,4	  19,1	  23,2	  23,9	  25,1	  24,6	  20,9	 -12,1
s	   167,0664	 5	 90,15	 87,80	   8,6	  18,7	  22,6	  23,0	  24,2	  24,8	  19,9	 -13,9
s	   167,5615	 6	 90,15	 85,48	   7,8	  18,5	  22,5	  22,9	  24,1	  24,6	  20,8	 -12,3
s	   167,8484	 8	 98,57	 78,11	   4,6	  15,7	  19,6	  19,3	  20,6	  22,8	  19,5	 -14,3
s	   168,0693	 7	 90,15	 96,85	   4,6	  16,3	  21,5	  22,2	  23,4	  23,7	  20,4	 -12,7
s	   168,4343	 7	 90,15	 83,01	   7,0	  17,6	  21,5	  21,6	  22,8	  24,2	  19,6	 -14,3
s	   168,9007	 5	115,24	 90,26	   8,0	  18,7	  22,9	  23,6	  24,8	  24,3	  19,8	 -14,2
s	   169,0409	 6	115,25	 92,56	   7,3	  18,5	  22,8	  23,5	  24,6	  24,1	  20,7	 -12,5
s	   169,0894	 6	115,24	 87,79	   7,5	  18,2	  22,2	  22,6	  23,8	  24,3	  19,6	 -14,3
s	   169,1602	 7	 54,11	 90,23	   6,3	  17,4	  21,9	  22,7	  23,7	  22,8	  19,5	 -14,5
s	   169,3487	 8	 54,12	 87,75	   5,1	  16,5	  20,9	  21,4	  22,4	  22,4	  19,4	 -14,6
s	   169,4591	 8	 90,15	 99,87	   6,3	  16,9	  20,7	  20,6	  21,9	  23,4	  19,4	 -14,6
s	   169,5792	 7	115,23	 85,50	   6,8	  17,9	  22,0	  22,5	  23,6	  24,0	  20,5	 -12,7
s	   169,6795	 7	 70,72	 87,81	   6,5	  17,7	  21,8	  22,2	  23,4	  23,8	  20,3	 -13,0
s	   170,0816	 8	115,26	 96,74	   3,5	  15,7	  21,1	  21,7	  22,9	  23,2	  20,1	 -13,2
s	   170,1195	 8	 70,70	 95,03	   7,2	  18,0	  22,0	  22,3	  23,5	  24,0	  20,0	 -13,2
s	   170,4428	 8	115,22	 83,05	   6,0	  17,1	  21,1	  21,2	  22,4	  23,7	  19,3	 -14,8
s	   171,9673	 8	 33,57	 87,69	   5,7	  17,4	  21,6	  22,0	  23,2	  23,4	  20,2	 -13,3
s	   172,1050	 8	169,10	 89,99	   6,9	  18,0	  22,4	  23,2	  24,1	  23,2	  20,1	 -13,4
s	   173,8531	 5	 82,35	 90,30	   7,3	  18,3	  22,6	  23,4	  24,5	  23,9	  20,4	 -13,3
s	   173,9897	 6	 82,35	 92,54	   7,1	  18,3	  22,5	  23,3	  24,4	  23,8	  20,3	 -13,4
s	   174,0370	 6	 82,35	 87,89	   6,8	  17,8	  21,9	  22,3	  23,5	  23,8	  20,3	 -13,4
s	   174,1603	 8	169,91	 89,98	   6,8	  17,9	  22,3	  23,1	  24,0	  23,1	  20,0	 -13,7
s	   174,5143	 7	 82,36	 85,66	   6,5	  17,7	  21,8	  22,2	  23,4	  23,7	  20,1	 -13,6
s	   175,3560	 8	 82,36	 83,27	   5,3	  16,7	  20,8	  20,9	  22,1	  23,2	  19,9	 -13,8
s	   175,3853	 8	240,95	 89,58	   5,1	  16,7	  21,1	  20,5	  20,5	  19,8	  16,8	 -17,0
s	   176,0287	 6	122,04	 90,24	   6,2	  17,8	  22,2	  22,9	  24,0	  23,3	  20,1	 -13,7
s	   176,1638	 7	122,05	 92,46	   6,0	  17,7	  22,1	  22,9	  23,9	  23,2	  20,0	 -13,9
s	   176,2105	 7	122,03	 87,86	   5,7	  17,2	  21,5	  21,9	  23,0	  23,2	  20,0	 -13,9
s	   176,6826	 8	122,03	 85,65	   5,5	  17,1	  21,4	  21,8	  22,9	  23,2	  19,8	 -14,1
s	   176,7360	 7	 16,50	 90,03	   7,6	  17,8	  22,0	  22,8	  23,8	  22,9	  18,8	 -15,8
s	   176,8707	 8	 16,48	 92,23	   7,4	  17,7	  21,9	  22,7	  23,7	  22,8	  18,7	 -15,9
s	   176,9172	 8	 16,51	 87,65	   6,4	  16,8	  21,0	  21,5	  22,5	  22,4	  18,7	 -16,0
s	   177,6858	 8	343,26	 89,80	   7,4	  18,3	  22,5	  23,2	  24,2	  23,6	  19,7	 -14,3
s	   180,5375	 8	151,45	 90,10	   5,8	  16,9	  21,3	  22,0	  23,0	  22,0	  18,4	 -16,6
s	   182,5215	 6	 72,87	 90,29	   7,4	  17,8	  21,9	  22,6	  23,7	  23,2	  18,5	 -16,6
s	   182,6523	 7	 72,87	 92,43	   7,2	  17,8	  21,9	  22,5	  23,7	  23,1	  18,4	 -16,7
s	   183,4217	 6	 73,97	 90,29	   6,7	  17,4	  21,6	  22,3	  23,4	  22,7	  18,5	 -16,8
s	   183,5519	 7	 73,97	 92,42	   6,4	  17,3	  21,6	  22,2	  23,3	  22,7	  18,4	 -16,9
s	   183,8666	 4	283,77	 89,54	   7,6	  18,2	  22,3	  23,0	  24,2	  23,8	  18,7	 -16,6
s	   183,9965	 5	283,77	 91,67	   6,8	  18,0	  22,2	  22,9	  24,1	  23,5	  19,6	 -15,0
s	   184,0414	 5	283,77	 87,25	   7,1	  17,7	  21,6	  22,0	  23,2	  23,7	  18,5	 -16,8
s	   184,3965	 6	 75,07	 90,29	   6,6	  17,7	  22,0	  22,8	  23,9	  23,0	  19,4	 -15,1
s	   184,4506	 6	283,76	 93,96	   6,1	  17,2	  21,2	  21,6	  22,8	  23,2	  18,4	 -16,9
s	   184,4954	 6	283,78	 85,13	   6,3	  17,4	  21,5	  21,9	  23,1	  23,5	  19,4	 -15,2
s	   184,5260	 7	 75,06	 92,42	   6,4	  17,6	  22,0	  22,7	  23,8	  23,0	  19,3	 -15,3
s	   184,5709	 7	 75,07	 88,01	   5,4	  16,7	  21,1	  21,5	  22,6	  22,5	  19,3	 -15,3
s	   184,6434	 8	 73,10	 94,70	   5,9	  16,7	  20,8	  21,2	  22,3	  22,6	  18,2	 -17,2
s	   184,6882	 8	 73,11	 85,88	   5,9	  16,7	  20,8	  21,2	  22,3	  22,6	  18,2	 -17,2
s	   184,9612	 7	283,76	 95,55	   3,3	  15,5	  20,7	  21,4	  22,6	  22,9	  19,3	 -15,3
s	   184,9789	 8	 75,06	 94,70	   5,1	  16,6	  21,0	  21,4	  22,5	  22,5	  19,2	 -15,5
s	   185,0237	 8	 75,07	 85,89	   5,1	  16,6	  21,0	  21,4	  22,5	  22,5	  19,2	 -15,5
s	   185,2961	 7	283,78	 82,85	   5,6	  16,6	  20,5	  20,6	  21,8	  23,1	  18,2	 -17,2
s	   185,6784	 6	114,09	 90,27	   5,8	  17,4	  21,8	  22,5	  23,6	  22,8	  19,3	 -15,4
s	   185,7751	 7	 73,34	 88,02	   6,0	  16,7	  20,8	  21,2	  22,3	  22,6	  18,2	 -17,3
s	   185,8517	 7	114,08	 88,00	   5,3	  16,8	  21,0	  21,5	  22,6	  22,7	  19,2	 -15,5
s	   186,0202	 8	186,36	 89,88	   6,3	  16,9	  21,3	  22,0	  23,0	  21,9	  18,0	 -17,5
s	   186,2371	 8	283,76	 98,32	   4,0	  15,4	  19,4	  19,4	  20,6	  21,8	  18,0	 -17,5
s	   186,2573	 8	114,10	 94,65	   5,1	  16,7	  21,0	  21,4	  22,5	  22,6	  19,1	 -15,7
s	   186,3017	 8	114,07	 85,90	   4,3	  16,3	  20,7	  21,2	  22,2	  22,2	  19,1	 -15,7
s	   186,8595	 5	291,38	 89,56	   7,2	  17,9	  22,1	  22,8	  23,9	  23,3	  18,3	 -17,2
s	   186,9876	 6	291,37	 91,66	   6,5	  17,7	  22,0	  22,7	  23,8	  23,1	  19,2	 -15,6
s	   187,0319	 6	291,38	 87,30	   6,7	  17,4	  21,3	  21,7	  22,9	  23,3	  18,2	 -17,4
s	   187,4351	 7	291,36	 93,91	   5,7	  16,9	  21,0	  21,4	  22,6	  22,8	  18,0	 -17,5
s	   187,4793	 7	291,39	 85,21	   6,0	  17,1	  21,2	  21,6	  22,8	  23,0	  19,1	 -15,8
s	   187,5379	 8	325,48	 89,70	   5,5	  16,6	  21,0	  21,7	  22,7	  21,7	  17,9	 -17,7
s	   187,9384	 8	291,36	 95,48	   3,0	  15,1	  20,5	  21,2	  22,3	  22,4	  18,9	 -16,0
s	   188,2686	 8	291,39	 82,97	   5,2	  16,3	  20,3	  20,4	  21,5	  22,7	  17,9	 -17,8
s	   191,9230	 8	 48,64	 90,21	   5,1	  16,7	  21,3	  22,1	  23,0	  21,9	  18,6	 -16,6
s	   194,5176	 8	 31,09	 90,12	   5,0	  16,3	  20,7	  21,4	  22,4	  21,4	  17,4	 -18,8
s	   196,1202	 7	261,77	 89,54	   4,4	  16,5	  21,0	  21,8	  22,7	  21,8	  18,4	 -17,2
s	   196,2428	 8	261,77	 91,55	   4,2	  16,4	  20,9	  21,7	  22,6	  21,7	  18,3	 -17,3
s	   196,2852	 8	261,76	 87,38	   3,9	  15,9	  20,3	  20,7	  21,8	  21,7	  18,3	 -17,3
s	   197,0152	 6	106,09	 90,30	   5,1	  16,8	  21,1	  21,8	  22,9	  22,2	  17,4	 -19,0
s	   197,1373	 7	106,09	 92,30	   4,4	  16,5	  21,0	  21,7	  22,7	  21,9	  18,3	 -17,4
s	   197,1795	 7	106,08	 88,14	   3,8	  15,8	  20,1	  20,5	  21,6	  21,7	  17,3	 -19,2
s	   197,5639	 8	106,10	 94,44	   3,6	  15,7	  20,0	  20,4	  21,5	  21,6	  17,2	 -19,3
s	   197,5784	 7	 68,72	 90,28	   5,1	  16,7	  21,2	  21,9	  22,9	  21,9	  18,3	 -17,4
s	   197,6498	 8	106,08	 85,99	   4,1	  16,4	  20,9	  21,6	  22,6	  21,6	  18,2	 -17,6
s	   197,7001	 8	 68,71	 92,28	   4,9	  16,6	  21,1	  21,8	  22,8	  21,8	  18,2	 -17,6
s	   203,4362	 8	 15,88	 90,03	   6,3	  17,0	  21,3	  22,0	  22,9	  21,8	  17,7	 -18,6
s	   203,8961	 8	269,59	 89,54	   3,6	  15,9	  20,4	  21,1	  22,1	  21,1	  16,7	 -20,4
s	   204,2665	 8	305,98	 87,53	   4,3	  16,1	  20,3	  20,6	  21,7	  22,0	  17,7	 -18,7
s	   204,8423	 8	253,25	 89,55	   4,6	  16,0	  20,4	  21,0	  22,0	  21,1	  16,6	 -20,5
s	   205,7645	 8	254,24	 89,55	   3,8	  15,6	  20,0	  20,8	  21,7	  20,7	  16,5	 -20,7
s	   206,7537	 8	255,23	 89,55	   3,8	  15,9	  20,5	  21,2	  22,2	  21,0	  17,5	 -19,1
s	   206,9138	 7	 85,20	 90,31	   4,5	  16,2	  20,6	  21,3	  22,3	  21,4	  16,6	 -20,8
s	   207,0305	 8	 85,20	 92,23	   3,8	  16,0	  20,5	  21,2	  22,2	  21,2	  17,5	 -19,1
s	   207,0709	 8	 85,20	 88,25	   4,0	  15,6	  19,9	  20,3	  21,3	  21,4	  16,4	 -20,9
s	   209,4154	 6	 99,12	 94,24	   4,1	  15,3	  20,3	  20,9	  22,2	  22,5	  17,5	 -19,3
s	   210,0496	 7	 99,13	 96,13	   3,8	  15,3	  20,2	  20,8	  22,0	  22,4	  17,4	 -19,5
s	   211,7107	 7	 91,55	 94,21	   3,8	  15,1	  20,1	  20,7	  21,9	  22,1	  17,2	 -19,8
s	   212,3386	 8	 91,55	 96,08	   3,5	  15,0	  20,1	  20,6	  21,8	  22,1	  17,1	 -20,0
s	   219,3736	 4	 99,22	 90,31	   5,7	  16,7	  20,8	  21,5	  22,6	  21,8	  17,0	 -20,7
s	   219,4842	 5	 99,22	 92,13	   5,4	  16,6	  20,8	  21,5	  22,5	  21,8	  16,9	 -20,8
s	   219,5225	 5	 99,21	 88,36	   5,9	  16,5	  20,4	  20,7	  21,9	  22,2	  16,9	 -20,8
s	   219,7582	 6	 99,22	 93,63	   2,9	  14,5	  19,6	  20,3	  21,5	  21,6	  16,8	 -21,0
s	   219,9093	 6	 99,21	 86,55	   4,9	  16,0	  20,0	  20,4	  21,5	  21,7	  16,7	 -21,0
s	   220,5921	 7	 99,21	 84,61	   2,9	  14,6	  18,8	  18,9	  20,0	  20,8	  16,6	 -21,2
s	   221,4713	 8	 99,21	 82,82	   4,1	  15,4	  19,2	  19,2	  20,4	  21,6	  16,4	 -21,5
s	   221,9273	 5	 92,72	 90,32	   5,4	  16,4	  20,6	  21,4	  22,4	  21,4	  16,7	 -21,2
s	   222,0368	 6	 92,72	 92,11	   5,1	  16,3	  20,6	  21,3	  22,3	  21,4	  16,6	 -21,3
s	   222,4574	 7	 92,72	 86,60	   4,6	  15,8	  19,9	  20,2	  21,3	  21,3	  16,5	 -21,5
s	   223,1330	 8	 92,72	 84,68	   2,6	  14,4	  18,6	  18,7	  19,8	  20,4	  16,3	 -21,7
s	   226,6301	 6	 87,22	 90,32	   4,2	  15,8	  20,1	  20,9	  21,8	  20,8	  16,3	 -22,1
s	   226,7375	 7	 87,22	 92,08	   4,0	  15,7	  20,1	  20,8	  21,8	  20,7	  16,1	 -22,2
s	   226,7746	 7	 87,22	 88,42	   4,5	  15,6	  19,7	  20,1	  21,1	  21,1	  16,1	 -22,2
s	   227,0034	 8	 87,22	 93,54	   1,5	  13,6	  19,0	  19,6	  20,7	  20,5	  16,0	 -22,3
s	   227,1501	 8	 87,22	 86,67	   3,5	  15,1	  19,4	  19,7	  20,8	  20,7	  16,0	 -22,4
s	   229,1543	 8	111,84	 92,04	   1,7	  14,1	  19,5	  20,5	  21,5	  20,5	  15,9	 -22,7
s	   229,6900	 7	283,32	 93,17	   2,4	  14,1	  19,2	  19,8	  21,0	  21,1	  15,9	 -22,7
s	   233,6060	 8	277,22	 89,55	   1,3	  14,3	  19,0	  19,8	  20,6	  19,3	  15,6	 -23,4
s	   235,7005	 7	 80,61	 90,32	   3,7	  15,3	  19,7	  20,5	  21,4	  20,1	  15,5	 -23,6
s	   235,8041	 8	 80,61	 92,01	   3,5	  15,2	  19,7	  20,4	  21,3	  20,0	  15,4	 -23,7
s	   239,3645	 7	111,41	 90,30	   3,3	  15,0	  19,4	  20,1	  21,0	  19,9	  14,2	 -26,0
s	   239,4209	 8	111,41	 91,56	   0,6	  13,3	  18,9	  19,9	  20,8	  19,6	  15,1	 -24,3
s	   239,5019	 8	111,40	 88,49	   2,8	  14,5	  18,7	  19,1	  20,1	  19,9	  14,1	 -26,1
s	   239,6917	 5	283,24	 89,56	   4,0	  15,5	  19,8	  20,5	  21,5	  20,5	  15,5	 -24,0
s	   239,7936	 6	283,24	 91,23	   3,8	  15,4	  19,7	  20,4	  21,4	  20,4	  15,3	 -24,2
s	   239,8289	 6	283,24	 87,76	   4,2	  15,3	  19,3	  19,7	  20,8	  20,8	  15,3	 -24,2
s	   240,1855	 7	283,25	 86,09	   2,5	  14,4	  18,7	  19,1	  20,1	  19,9	  15,2	 -24,3
s	   240,7097	 8	283,23	 94,69	   2,3	  14,4	  18,7	  19,0	  20,0	  19,9	  15,1	 -24,5
s	   240,8152	 8	283,25	 84,30	   2,7	  14,3	  18,3	  18,3	  19,4	  20,3	  15,0	 -24,5
s	   242,0473	 6	289,24	 89,57	   3,7	  15,2	  19,6	  20,3	  21,3	  20,1	  15,2	 -24,5
s	   242,1484	 7	289,23	 91,23	   3,5	  15,2	  19,5	  20,2	  21,2	  20,0	  15,1	 -24,6
s	   242,5367	 8	289,25	 86,13	   2,2	  14,2	  18,6	  19,0	  19,9	  19,6	  14,9	 -24,8
s	   242,7901	 8	271,31	 87,77	   2,9	  14,6	  18,8	  19,2	  20,2	  20,0	  14,9	 -24,9
s	   243,0078	 7	272,00	 89,55	   2,7	  14,7	  19,2	  20,0	  20,9	  19,6	  15,0	 -24,8
s	   243,1085	 8	272,00	 91,20	   2,5	  14,7	  19,2	  19,9	  20,8	  19,5	  14,9	 -24,9
s	   243,1434	 8	272,00	 87,77	   2,2	  14,2	  18,5	  18,9	  19,9	  19,5	  14,9	 -24,9
s	   244,4241	 8	 73,53	 90,31	   3,9	  15,3	  19,7	  20,3	  21,2	  20,1	  14,8	 -25,1
s	   245,3603	 8	 74,37	 90,31	   3,1	  14,9	  19,3	  20,0	  20,9	  19,6	  14,7	 -25,3
s	   246,3535	 8	 75,21	 90,31	   2,4	  14,4	  19,0	  19,8	  20,6	  19,2	  14,7	 -25,4
s	   247,0665	 7	294,95	 89,59	   2,6	  14,6	  19,1	  19,8	  20,7	  19,4	  14,7	 -25,4
s	   247,1657	 8	294,94	 91,21	   2,3	  14,5	  19,1	  19,7	  20,6	  19,4	  14,6	 -25,5
s	   247,2000	 8	294,95	 87,84	   2,8	  14,4	  18,7	  19,0	  20,0	  19,8	  14,6	 -25,5
s	   250,8557	 8	 81,82	 90,32	   2,2	  14,3	  18,9	  19,6	  20,5	  19,0	  14,4	 -26,1
s	   252,7263	 7	105,11	 90,31	   1,6	  14,1	  18,7	  19,4	  20,3	  19,0	  14,3	 -26,3
s	   252,8233	 8	105,11	 91,90	   1,4	  14,1	  18,6	  19,3	  20,2	  18,9	  14,2	 -26,4
s	   252,8570	 8	105,11	 88,60	   1,1	  13,6	  18,0	  18,4	  19,3	  18,9	  14,2	 -26,4
s	   253,3589	 8	301,29	 89,61	   2,9	  14,6	  19,1	  19,8	  20,6	  19,3	  14,2	 -26,5
#END
