#HEADER
CATT-Acoustic v8.0b    Copyright © CATT 1988-2003

 Project                : Aula Optica 

 GEOMETRICAL INFORMATION
 Src id and loc     [m] :   E0           9,400        4,600        1,300
 Rec id and loc     [m] :   01           1,000        1,600        1,200

 01       25,9818

 VARIABLE SOURCE DATA
 Directivity
   Type (library)       :  OMNI.SD0
   Dir. Index (DI) [dB] :       0,0      0,0      0,0      0,0      0,0      0,0      0,0      0,0
 Level
   On axis 1m      [dB] :      48,1     57,1     60,8     61,7     63,4     64,6     64,6     48,2
   Total power     [dB] :      59,0     68,0     71,7     72,6     74,3     75,5     75,5     59,1
   Auxiliary delay [ms] :       0,0

 VARIABLE AIR DATA
 Temperature       [°C] :      20
 Relative humidity  [%] :      50
 Density        [kg/m³] :       1,2
 Sound speed      [m/s] :     343
 Impedance      [Ns/m³] :     412
 Diss. coeff. [0.001/m] :      0,10     0,30     0,63     1,07     2,28     6,83    24,23    83,90      (estimated)

#DATAFIELDS
 TYPE DELAY ORDER AZIMUTH ELEVATION SPL125 SPL250 SPL500 SPL1K SPL2K SPL4K SPL8K SPL16K
#DATA
d	     0,0000	 0	 19,66	 90,02	  29,1	  38,1	  41,8	  42,7	  44,3	  45,3	  44,7	  25,9
s	     0,9995	 1	 19,12	106,31	  28,1	  37,3	  40,9	  41,8	  43,4	  44,5	  43,7	  24,9
*	    45,4232	 1	 22,29	 94,88	 -19,5	 -10,4	  -6,7	  -5,9	  -4,3	  -3,6	  -5,5	 -28,2
*	    40,2430	 1	 12,67	 94,81	 -17,3	  -8,1	  -4,5	  -3,7	  -2,1	  -1,3	  -3,1	 -25,4
*	    39,7384	 1	  2,15	 94,58	 -17,4	  -8,3	  -4,6	  -3,8	  -2,2	  -1,4	  -3,2	 -25,4
*	    31,1794	 1	 27,07	 95,77	 -12,7	  -3,6	   0,1	   0,9	   2,5	   3,4	   1,8	 -19,7
*	    24,2044	 1	 15,86	 95,85	  -8,3	   0,9	   4,6	   5,4	   7,0	   7,9	   6,5	 -14,3
*	    23,9102	 1	  3,07	 95,66	  -9,1	   0,1	   3,8	   4,6	   6,2	   7,1	   5,8	 -15,1
*	    19,6335	 1	 33,93	 96,98	  -6,0	   3,2	   6,9	   7,7	   9,3	  10,2	   9,0	 -11,5
*	     9,4090	 1	 20,75	 97,40	   5,6	  14,7	  18,4	  19,2	  20,9	  21,9	  20,9	   1,3
*	     9,9444	 1	  4,55	 97,36	   1,3	  10,5	  14,1	  15,0	  16,6	  17,6	  16,6	  -3,0
*	    13,9824	 1	 44,15	 98,60	  -4,0	   5,1	   8,8	   9,6	  11,3	  12,2	  11,1	  -8,8
*	     3,2574	 1	 29,04	 99,86	   6,5	  15,7	  19,4	  20,2	  21,9	  22,9	  22,1	   3,1
*	     2,6456	 1	  7,29	100,48	   4,5	  13,6	  17,3	  18,2	  19,8	  20,9	  20,1	   1,1
*	    14,2924	 1	 59,64	100,48	  -6,2	   3,0	   6,7	   7,5	   9,1	  10,1	   9,0	 -11,0
*	     4,2706	 1	 44,89	103,89	   1,1	  10,3	  14,0	  14,8	  16,5	  17,5	  16,6	  -2,4
*	     1,0798	 1	 14,07	107,81	   4,2	  13,4	  17,1	  17,9	  19,5	  20,6	  19,8	   1,0
s	     1,3370	 1	 20,25	 72,66	  26,4	  35,5	  39,2	  39,7	  41,4	  43,2	  42,8	  23,2
*	    55,8128	 1	  1,55	 85,28	 -20,6	 -10,7	  -6,9	  -6,1	  -4,6	  -3,1	  -4,9	 -26,9
*	    55,6986	 1	 10,47	 85,66	 -20,3	 -10,5	  -6,6	  -5,9	  -4,3	  -2,9	  -4,7	 -26,6
*	    59,1832	 1	 18,91	 86,12	 -21,5	 -11,6	  -7,8	  -7,0	  -5,5	  -4,1	  -5,9	 -28,2
*	    39,8134	 1	  1,84	 84,40	 -14,3	  -4,5	  -0,6	   0,2	   1,7	   3,3	   1,9	 -18,6
*	    39,4856	 1	 12,37	 84,89	 -13,8	  -3,9	  -0,1	   0,7	   2,3	   3,8	   2,5	 -18,0
*	    43,8489	 1	 22,12	 85,49	 -15,7	  -5,8	  -1,9	  -1,2	   0,4	   1,9	   0,4	 -20,5
*	    24,3988	 1	  2,28	 83,13	  -6,3	   3,6	   7,4	   8,2	   9,8	  11,4	  10,5	  -8,7
*	    23,5284	 1	 15,11	 83,80	  -4,7	   5,2	   9,1	   9,8	  11,4	  13,1	  12,1	  -7,0
*	    29,4325	 1	 26,58	 84,65	  -8,5	   1,3	   5,2	   6,0	   7,6	   9,2	   8,1	 -11,5
*	    11,0579	 1	  2,96	 81,10	   2,9	  12,8	  16,6	  17,4	  19,1	  20,8	  20,2	   2,2
*	     8,7586	 1	 19,34	 82,14	   9,4	  19,3	  23,2	  23,9	  25,6	  27,3	  26,8	   9,0
*	    17,5853	 1	 33,02	 83,49	  -1,1	   8,7	  12,6	  13,4	  15,0	  16,7	  15,9	  -2,7
*	     3,8144	 1	  4,21	 77,43	   6,2	  16,1	  19,9	  20,7	  22,3	  24,1	  23,7	   6,4
*	     2,6224	 1	 26,60	 79,42	  10,2	  20,0	  23,9	  24,7	  26,3	  28,1	  27,7	  10,5
*	    11,8566	 1	 42,85	 81,90	   0,8	  10,7	  14,5	  15,3	  16,9	  18,7	  18,0	  -0,0
*	     1,8546	 1	  7,34	 68,83	   6,7	  16,5	  20,4	  21,2	  22,8	  24,6	  24,3	   7,1
*	     3,2983	 1	 41,18	 74,64	   5,1	  15,0	  18,9	  19,6	  21,3	  23,1	  22,7	   5,4
*	    12,1196	 1	 58,32	 79,90	  -1,6	   8,3	  12,2	  12,9	  14,6	  16,3	  15,7	  -2,4
*	     2,6335	 1	 26,93	 36,09	  12,2	  22,1	  25,9	  26,7	  28,3	  30,1	  29,8	  12,5
*	     6,9355	 1	 73,82	 68,18	   3,6	  13,5	  17,4	  18,2	  19,8	  21,6	  21,1	   3,4
*	    16,3992	 1	 81,10	 78,33	  -4,3	   5,5	   9,4	  10,2	  11,8	  13,5	  12,7	  -5,7
s	     4,2387	 2	 18,53	121,36	  25,3	  34,6	  38,2	  38,7	  40,4	  42,2	  41,7	  21,9
s	     4,4290	 1	323,60	 88,28	  26,5	  36,0	  39,9	  40,7	  42,3	  43,2	  42,8	  23,7
*	     5,4618	 1	301,74	 65,47	  12,3	  21,8	  25,6	  26,5	  28,1	  29,0	  28,5	   9,3
s	     4,5404	 2	 20,78	 59,02	  25,8	  35,2	  38,9	  39,4	  41,1	  42,9	  42,4	  23,3
s	     5,2873	 2	323,21	102,29	  25,8	  35,5	  39,3	  40,2	  41,8	  42,7	  42,2	  23,0
*	     8,7417	 1	258,09	 38,67	  -2,5	   6,5	  10,3	  11,2	  12,8	  13,6	  13,8	  -4,0
*	     6,9781	 1	289,53	 39,71	  -1,8	   7,2	  11,0	  11,9	  13,5	  14,3	  14,6	  -3,1
*	     5,9315	 1	312,61	 46,78	  -2,4	   6,6	  10,4	  11,3	  12,9	  13,7	  14,0	  -3,5
*	     5,4259	 1	326,05	 54,50	  -3,6	   5,4	   9,2	  10,1	  11,7	  12,5	  12,8	  -4,7
*	     5,2884	 1	334,00	 60,76	  -4,9	   4,2	   7,9	   8,8	  10,4	  11,3	  11,6	  -5,9
*	     5,4138	 1	339,08	 65,48	  -6,0	   3,0	   6,8	   7,7	   9,3	  10,2	  10,5	  -7,0
*	     5,7536	 1	342,55	 69,04	  -6,9	   2,1	   5,9	   6,8	   8,4	   9,2	   9,5	  -8,0
*	     9,3160	 1	349,59	 77,00	  -9,4	  -0,4	   3,4	   4,3	   5,9	   6,7	   6,9	 -10,9
*	    10,8979	 1	350,55	 78,15	 -10,2	  -1,1	   2,6	   3,5	   5,1	   5,9	   6,1	 -11,9
*	    12,8174	 1	351,34	 79,12	 -11,1	  -2,1	   1,7	   2,5	   4,1	   4,9	   5,1	 -13,1
*	    15,0813	 1	352,02	 79,95	 -12,3	  -3,3	   0,5	   1,3	   2,9	   3,7	   3,8	 -14,6
*	    17,6733	 1	352,59	 80,66	 -13,8	  -4,7	  -1,0	  -0,1	   1,5	   2,2	   2,2	 -16,4
*	    20,5584	 1	353,10	 81,28	 -15,4	  -6,4	  -2,6	  -1,7	  -0,2	   0,6	   0,5	 -18,3
s	     5,5467	 1	163,90	 90,02	  26,2	  35,7	  39,5	  40,4	  42,0	  42,9	  42,4	  23,2
*	    27,2744	 1	 97,40	 93,82	  -7,1	   2,4	   6,2	   7,1	   8,6	   9,4	   8,3	 -12,8
*	    13,5901	 1	104,09	 95,41	   2,5	  12,0	  15,8	  16,7	  18,3	  19,1	  18,4	  -1,5
*	     5,6513	 1	164,20	104,14	  19,6	  29,1	  33,0	  33,8	  35,4	  36,3	  35,8	  16,6
*	    22,0000	 1	 98,97	 82,57	 -15,7	  -6,5	  -2,8	  -2,0	  -0,4	   0,5	   3,2	 -15,8
*	    21,6711	 1	 99,00	 88,16	 -15,5	  -6,3	  -2,6	  -1,8	  -0,2	   0,7	   3,4	 -15,5
*	    19,6562	 1	 99,95	 81,56	 -14,1	  -5,0	  -1,3	  -0,5	   1,2	   2,1	   4,8	 -13,9
*	    19,3025	 1	 99,98	 87,75	 -13,9	  -4,7	  -1,1	  -0,2	   1,4	   2,3	   5,1	 -13,7
*	    17,4346	 1	101,16	 80,33	 -12,5	  -3,3	   0,4	   1,2	   2,8	   3,8	   6,5	 -12,0
*	    17,0513	 1	101,21	 87,24	 -12,2	  -3,0	   0,6	   1,5	   3,1	   4,0	   6,8	 -11,7
*	    15,3453	 1	102,69	 78,78	 -10,7	  -1,6	   2,1	   2,9	   4,6	   5,5	   8,4	 -10,0
*	    14,9258	 1	102,76	 86,59	 -10,4	  -1,2	   2,5	   3,3	   4,9	   5,9	   8,7	  -9,6
*	    13,4002	 1	104,72	 76,78	  -8,8	   0,3	   4,0	   4,8	   6,5	   7,4	  10,3	  -7,9
*	    12,9349	 1	104,81	 85,73	  -8,4	   0,8	   4,4	   5,3	   6,9	   7,9	  10,8	  -7,4
*	    11,6150	 1	107,49	 74,13	  -6,8	   2,4	   6,1	   6,9	   8,5	   9,5	  12,5	  -5,6
*	    11,0897	 1	107,60	 84,58	  -6,2	   3,0	   6,7	   7,5	   9,1	  10,1	  13,1	  -4,9
*	    10,0139	 1	111,48	 70,50	  -4,5	   4,7	   8,4	   9,2	  10,8	  11,8	  14,8	  -3,1
*	     9,4067	 1	111,65	 82,95	  -3,7	   5,5	   9,2	  10,0	  11,7	  12,7	  15,7	  -2,2
*	     8,6398	 1	117,63	 65,36	  -2,0	   7,2	  10,9	  11,7	  13,4	  14,4	  17,4	  -0,4
*	     7,9172	 1	117,91	 80,51	  -0,7	   8,5	  12,1	  13,0	  14,6	  15,6	  18,7	   0,9
*	     7,5775	 1	128,05	 58,07	   0,7	   9,9	  13,6	  14,4	  16,1	  17,1	  20,1	   2,4
*	     6,6919	 1	128,53	 76,73	   2,7	  11,9	  15,6	  16,4	  18,0	  19,1	  22,1	   4,5
*	     6,9942	 1	147,15	 49,06	   3,1	  12,2	  15,9	  16,7	  18,4	  19,4	  22,5	   4,8
*	     5,9100	 1	148,04	 71,24	   6,2	  15,4	  19,0	  19,9	  21,5	  22,5	  25,6	   8,1
s	     5,5789	 2	324,03	 73,31	  24,2	  33,8	  37,6	  38,1	  39,7	  41,4	  41,3	  21,3
*	     5,7568	 1	 96,70	116,08	  -1,7	   7,9	  12,7	  13,8	  15,5	  16,5	  15,7	  -3,5
*	    11,4265	 1	 93,25	104,35	 -10,1	  -0,5	   4,3	   5,4	   7,1	   8,0	   7,1	 -12,6
*	    18,6530	 1	 92,14	100,24	 -16,0	  -6,4	  -1,6	  -0,5	   1,2	   2,1	   1,0	 -19,4
*	     5,9896	 1	348,54	101,43	  -5,8	   3,7	   7,5	   8,4	  10,0	  10,9	  10,4	  -8,9
s	     6,3753	 2	164,36	103,55	  25,5	  35,2	  39,0	  39,9	  41,5	  42,4	  41,8	  22,6
s	     6,6573	 2	163,41	 75,56	  24,7	  33,9	  37,6	  38,1	  39,7	  41,5	  41,0	  20,9
s	     8,1216	 3	322,79	115,73	  23,3	  33,1	  36,9	  37,4	  39,0	  40,7	  40,4	  20,2
s	     8,3430	 3	164,74	113,83	  21,3	  31,5	  36,4	  37,2	  38,8	  40,5	  40,4	  20,1
s	     8,6646	 3	324,46	 60,21	  24,7	  34,4	  38,4	  39,2	  40,7	  41,5	  41,1	  21,6
s	     8,7233	 3	 17,98	132,17	  24,4	  34,0	  37,7	  38,2	  39,9	  41,7	  41,0	  21,5
s	     9,2858	 2	210,77	 88,52	  24,3	  34,3	  38,3	  39,1	  40,7	  41,4	  41,2	  21,7
s	     9,3819	 3	162,96	 63,63	  24,3	  33,9	  37,6	  38,1	  39,7	  41,6	  40,8	  21,3
s	     9,5065	 3	 21,35	 47,75	  22,7	  32,3	  35,9	  36,1	  37,7	  40,3	  40,0	  19,7
s	    10,0286	 3	211,14	100,65	  23,6	  33,8	  37,8	  38,6	  40,2	  41,0	  40,7	  21,1
s	    10,2821	 3	210,38	 75,53	  22,0	  32,2	  36,1	  36,6	  38,2	  39,7	  39,8	  19,4
*	    10,9362	 1	245,60	 45,69	  -3,0	   6,5	  10,3	  11,2	  12,8	  13,7	  13,0	  -6,6
s	    11,9803	 4	165,20	124,38	  20,7	  31,3	  36,2	  37,0	  38,6	  40,3	  40,0	  20,3
s	    12,1522	 4	322,40	125,93	  22,6	  32,8	  36,6	  37,1	  38,7	  40,4	  40,0	  20,2
s	    12,5154	 4	211,52	112,62	  21,3	  31,6	  35,5	  36,0	  37,5	  39,1	  39,1	  18,5
s	    12,9972	 4	209,98	 63,79	  22,7	  33,0	  37,0	  37,8	  39,3	  40,0	  39,8	  19,9
s	    13,1789	 4	 17,52	139,07	  19,6	  29,8	  34,6	  35,0	  36,7	  39,3	  38,9	  18,3
s	    13,2315	 4	324,90	 49,69	  21,9	  31,7	  35,6	  36,1	  37,6	  39,1	  38,9	  18,3
s	    13,7474	 4	162,47	 53,09	  21,5	  31,2	  34,8	  35,0	  36,6	  39,2	  38,8	  18,1
s	    15,0417	 4	 21,88	 39,99	  21,7	  31,6	  35,3	  35,5	  37,2	  39,7	  39,2	  19,2
s	    16,1275	 5	211,88	122,10	  20,8	  31,5	  35,4	  35,9	  37,4	  39,1	  38,9	  18,7
s	    17,0594	 5	165,70	133,42	  17,8	  28,6	  33,4	  33,9	  35,5	  37,9	  37,9	  16,9
s	    17,1074	 5	209,58	 53,94	  20,1	  30,4	  34,4	  34,9	  36,4	  37,8	  37,8	  16,9
s	    17,5617	 5	321,99	134,51	  19,7	  30,0	  33,7	  33,9	  35,5	  38,0	  37,7	  16,7
s	    17,6435	 1	 55,88	 91,25	  23,4	  32,4	  36,2	  37,1	  38,6	  39,4	  38,2	  17,1
*	    19,1047	 1	 68,98	 95,17	   1,4	  10,4	  14,2	  15,1	  16,6	  17,4	  17,4	  -1,3
*	    17,9461	 1	 60,23	 94,81	   2,4	  11,5	  15,2	  16,1	  17,7	  18,5	  18,4	  -0,2
*	    17,8786	 1	 52,77	 94,40	   3,2	  12,2	  16,0	  16,8	  18,4	  19,2	  19,2	   0,6
*	    18,0923	 1	 52,95	 85,89	   3,0	  12,1	  15,8	  16,7	  18,3	  19,0	  19,0	   0,4
*	    19,0799	 1	 46,55	 94,02	   3,3	  12,3	  16,1	  17,0	  18,5	  19,3	  19,2	   0,5
*	    19,2961	 1	 46,73	 86,25	   3,1	  12,2	  15,9	  16,8	  18,4	  19,1	  19,1	   0,4
*	    21,7423	 1	 41,38	 93,67	   2,4	  11,4	  15,2	  16,1	  17,6	  18,4	  18,3	  -0,7
*	    21,9531	 1	 41,56	 86,58	   2,3	  11,3	  15,0	  15,9	  17,5	  18,2	  18,1	  -0,9
*	    25,8758	 1	 37,09	 93,35	   0,4	   9,4	  13,2	  14,1	  15,6	  16,3	  16,1	  -3,2
*	    26,0716	 1	 37,26	 86,87	   0,3	   9,3	  13,1	  13,9	  15,5	  16,2	  16,0	  -3,4
*	    31,2280	 1	 33,50	 93,06	  -2,4	   6,7	  10,4	  11,3	  12,8	  13,5	  13,2	  -6,6
*	    31,4037	 1	 33,67	 87,14	  -2,5	   6,6	  10,3	  11,2	  12,7	  13,4	  13,1	  -6,7
*	    37,4475	 1	 30,49	 92,81	  -5,4	   3,6	   7,4	   8,3	   9,8	  10,4	   9,9	 -10,4
*	    37,6032	 1	 30,65	 87,36	  -5,5	   3,6	   7,3	   8,2	   9,7	  10,3	   9,8	 -10,5
*	    44,2448	 1	 27,93	 92,60	  -8,4	   0,6	   4,4	   5,2	   6,8	   7,4	   6,7	 -14,3
*	    44,3830	 1	 28,08	 87,57	  -8,5	   0,6	   4,3	   5,2	   6,7	   7,3	   6,6	 -14,4
*	    51,4260	 1	 25,74	 92,41	 -11,2	  -2,2	   1,5	   2,4	   3,9	   4,4	   3,6	 -18,0
*	    51,5496	 1	 25,89	 87,74	 -11,3	  -2,3	   1,5	   2,3	   3,9	   4,4	   3,5	 -18,1
*	    58,8692	 1	 23,86	 92,24	 -13,9	  -4,9	  -1,1	  -0,3	   1,2	   1,7	   0,7	 -21,6
*	    58,9806	 1	 23,99	 87,90	 -13,9	  -4,9	  -1,1	  -0,3	   1,2	   1,7	   0,6	 -21,6
s	    17,9806	 5	325,28	 42,62	  20,1	  30,6	  34,4	  34,6	  36,2	  38,7	  38,4	  18,1
s	    18,2461	 2	 55,68	101,11	  23,1	  32,3	  36,0	  36,9	  38,4	  39,2	  37,9	  16,8
s	    18,4528	 2	 56,08	 80,68	  22,0	  31,3	  35,1	  35,7	  37,2	  38,8	  37,9	  16,7
s	    18,7610	 5	162,03	 45,38	  20,7	  30,8	  34,5	  34,7	  36,3	  38,9	  38,2	  17,9
s	    19,1260	 5	 16,96	145,45	  18,7	  29,2	  34,0	  34,5	  36,1	  38,7	  38,2	  17,8
s	    20,2934	 3	 55,47	111,12	  21,4	  30,7	  34,4	  34,9	  36,5	  38,1	  37,3	  16,1
s	    20,4909	 3	 56,27	 71,47	  21,9	  31,4	  35,1	  35,7	  37,3	  38,8	  38,1	  17,5
s	    21,0823	 6	212,26	130,43	  18,1	  28,8	  32,7	  32,9	  34,4	  36,8	  36,8	  15,5
s	    21,1580	 2	130,00	 91,16	  21,8	  31,3	  35,2	  36,1	  37,6	  38,2	  37,2	  15,9
s	    21,4701	 6	209,23	 47,02	  18,5	  29,4	  33,4	  33,6	  35,1	  37,5	  37,5	  16,9
s	    21,6343	 5	 22,45	 33,78	  18,7	  28,7	  32,3	  32,2	  33,8	  37,1	  36,8	  15,4
s	    21,7162	 3	130,20	100,29	  21,4	  31,1	  35,1	  35,9	  37,4	  38,1	  37,0	  15,6
*	    21,7260	 1	 71,29	 87,97	   0,6	   9,8	  13,4	  14,3	  15,9	  16,8	  15,5	  -5,2
*	    25,0924	 1	 84,66	 87,88	  -1,2	   8,0	  11,6	  12,5	  14,1	  15,0	  13,6	  -7,4
*	    22,5441	 1	351,96	 85,84	  -3,8	   5,7	   9,5	  10,4	  11,9	  12,7	  11,8	  -8,9
*	    22,9895	 1	351,62	 95,80	  -8,4	   1,1	   4,9	   5,8	   7,4	   8,1	   7,2	 -13,6
s	    23,3391	 4	 55,28	119,44	  21,1	  30,8	  34,6	  35,1	  36,6	  38,3	  37,3	  16,6
s	    23,7264	 6	321,58	141,08	  19,9	  30,2	  34,2	  34,6	  36,1	  37,7	  37,0	  16,2
s	    23,8048	 4	129,58	 72,75	  21,1	  30,7	  34,5	  35,0	  36,6	  38,2	  37,2	  16,4
s	    23,8933	 4	 56,47	 62,65	  19,5	  29,1	  32,8	  33,0	  34,6	  36,9	  36,4	  14,8
s	    24,1884	 6	325,73	 36,17	  17,2	  27,8	  31,5	  31,4	  33,0	  36,2	  36,2	  14,5
s	    24,2319	 3	127,54	 81,88	  21,2	  30,8	  34,5	  35,0	  36,6	  38,4	  37,3	  16,4
*	    24,7768	 1	354,48	 95,58	 -16,0	  -6,5	  -2,6	  -1,8	  -0,2	   0,5	  -0,4	 -21,3
s	    24,8737	 6	161,55	 38,90	  17,9	  28,1	  31,7	  31,5	  33,1	  36,5	  36,0	  14,3
s	    25,1493	 8	316,75	138,94	  17,4	  28,6	  32,6	  32,8	  34,3	  36,5	  36,5	  15,6
s	    25,3436	 4	128,08	106,89	  17,5	  28,0	  32,9	  33,6	  35,2	  36,8	  36,1	  14,4
s	    25,6255	 2	298,32	 87,94	  21,0	  30,5	  34,4	  35,3	  36,8	  37,4	  36,3	  14,5
s	    26,0056	 6	 16,36	150,63	  15,7	  26,4	  31,1	  31,2	  32,8	  36,2	  35,8	  14,0
s	    26,1359	 3	298,18	 96,29	  20,7	  30,4	  34,3	  35,1	  36,6	  37,3	  36,1	  14,3
s	    26,2302	 3	234,51	 88,07	  19,9	  29,9	  34,0	  34,9	  36,3	  36,8	  36,1	  14,3
s	    26,3114	 3	298,47	 78,97	  19,6	  29,4	  33,3	  33,9	  35,4	  36,8	  36,0	  14,2
s	    26,4127	 4	339,38	 97,30	  18,2	  29,0	  34,1	  35,1	  36,7	  37,4	  36,7	  15,6
*	    26,4401	 1	 95,36	 92,42	 -10,6	  -1,6	   2,2	   3,0	   4,6	   5,3	   5,1	 -14,3
*	    26,5803	 1	 95,37	 96,53	 -10,7	  -1,7	   2,1	   3,0	   4,5	   5,2	   5,0	 -14,4
s	    26,5698	 5	 55,11	125,52	  16,8	  27,1	  31,9	  32,3	  34,0	  36,3	  35,8	  13,9
s	    26,7347	 4	234,68	 96,33	  19,6	  29,8	  33,9	  34,7	  36,2	  36,7	  35,9	  14,0
s	    26,8376	 7	212,64	137,07	  18,4	  29,3	  33,3	  33,8	  35,2	  36,7	  36,3	  15,2
s	    26,9083	 4	234,33	 79,20	  18,5	  28,9	  32,9	  33,5	  35,0	  36,3	  35,8	  14,0
s	    26,9948	 5	129,36	 64,37	  18,8	  28,5	  32,2	  32,4	  34,0	  36,3	  35,7	  13,8
*	    27,1457	 1	 93,94	 90,53	 -19,7	 -10,7	  -6,9	  -6,0	  -4,5	  -3,8	  -4,0	 -23,4
*	    27,1892	 1	 93,95	 94,50	 -19,7	 -10,7	  -6,9	  -6,1	  -4,5	  -3,8	  -4,0	 -23,5
*	    27,4313	 1	 93,96	 98,44	 -19,8	 -10,8	  -7,0	  -6,2	  -4,6	  -3,9	  -4,2	 -23,6
s	    27,2727	 7	208,83	 40,49	  15,7	  26,8	  30,7	  30,6	  32,1	  35,2	  35,4	  13,5
s	    27,6790	 3	237,84	 88,02	  19,7	  29,7	  33,8	  34,6	  36,1	  36,6	  35,8	  13,8
s	    27,8440	 6	128,27	114,69	  15,7	  26,4	  31,4	  31,8	  33,4	  35,6	  35,4	  13,5
s	    27,8841	 4	298,04	104,91	  19,1	  29,0	  32,8	  33,3	  34,8	  36,2	  35,6	  13,7
s	    27,9648	 5	234,82	102,96	  16,1	  27,0	  32,1	  32,8	  34,3	  35,7	  35,5	  13,5
*	    28,3013	 1	 96,05	 84,53	 -18,2	  -9,2	  -5,4	  -4,5	  -3,0	  -2,3	  -2,6	 -22,1
*	    28,0449	 1	 96,06	 88,46	 -18,1	  -9,0	  -5,3	  -4,4	  -2,8	  -2,2	  -2,4	 -21,9
s	    28,0540	 4	298,61	 71,02	  19,6	  29,6	  33,5	  34,0	  35,6	  37,0	  36,4	  15,2
s	    28,1387	 6	 22,97	 29,41	  17,8	  28,2	  31,9	  31,8	  33,4	  36,7	  36,1	  14,9
s	    28,1700	 4	237,99	 96,05	  19,4	  29,6	  33,6	  34,5	  35,9	  36,5	  35,6	  13,6
s	    28,3390	 4	237,68	 79,38	  18,3	  28,6	  32,7	  33,3	  34,7	  36,0	  35,5	  13,5
s	    28,6318	 5	234,17	 71,34	  18,5	  29,1	  33,1	  33,6	  35,1	  36,4	  36,2	  14,9
s	    29,4663	 7	161,21	 35,24	  14,7	  26,0	  30,9	  31,1	  32,7	  35,9	  35,8	  14,4
s	    29,5219	 6	130,81	123,37	  15,4	  26,2	  31,1	  31,5	  33,1	  35,3	  35,1	  13,0
s	    30,0185	 5	237,53	 71,71	  18,3	  28,8	  32,9	  33,4	  34,9	  36,2	  35,9	  14,5
s	    30,3990	 7	326,15	 31,50	  16,5	  27,4	  31,2	  31,1	  32,6	  35,9	  35,6	  14,2
s	    30,3990	 7	321,18	146,15	  17,0	  27,5	  31,3	  31,5	  33,0	  35,3	  34,8	  12,6
s	    30,5222	 5	297,90	112,29	  19,0	  29,2	  33,1	  33,6	  35,1	  36,5	  35,8	  14,4
s	    31,0066	 5	298,76	 63,16	  17,4	  27,5	  31,3	  31,5	  33,0	  35,3	  34,9	  12,7
s	    31,1394	 6	 54,91	131,83	  16,4	  27,0	  31,9	  32,3	  33,9	  36,3	  35,6	  14,1
s	    31,5083	 6	340,53	 63,82	  15,4	  26,4	  31,5	  32,2	  33,7	  35,0	  34,7	  12,4
s	    31,5548	 6	233,98	 63,55	  16,3	  27,0	  30,9	  31,1	  32,6	  34,7	  34,7	  12,4
s	    32,4037	 6	238,29	111,53	  17,7	  28,4	  32,5	  33,0	  34,4	  35,8	  35,3	  13,7
s	    32,6874	 7	 15,79	154,32	  14,9	  25,9	  30,7	  30,8	  32,5	  35,8	  35,2	  13,6
s	    32,8726	 6	237,37	 64,08	  16,1	  26,8	  30,7	  30,9	  32,4	  34,5	  34,5	  12,1
s	    33,1397	 6	126,97	 58,42	  19,1	  29,1	  32,9	  33,3	  34,9	  36,5	  35,2	  13,5
s	    33,1401	 6	 56,86	 49,19	  16,6	  26,6	  30,3	  30,2	  31,7	  34,9	  34,4	  12,0
s	    33,1602	 8	213,02	142,35	  15,6	  26,6	  30,6	  30,7	  32,2	  34,4	  34,2	  11,8
s	    33,1602	 8	208,45	 35,63	  15,1	  26,5	  30,5	  30,4	  31,9	  35,0	  35,0	  13,3
s	    34,3053	 6	297,76	119,38	  16,7	  27,0	  30,8	  31,0	  32,5	  34,7	  34,2	  11,7
s	    34,8238	 7	235,19	119,22	  15,6	  26,4	  30,4	  30,6	  32,0	  34,2	  34,0	  11,4
s	    35,1244	 7	233,81	 57,10	  16,1	  27,1	  31,1	  31,3	  32,8	  34,9	  34,7	  12,9
s	    35,4180	 7	 23,52	 25,76	  15,0	  25,5	  29,1	  28,6	  30,2	  34,3	  33,9	  11,3
s	    35,7790	 7	128,95	 51,28	  16,0	  26,2	  29,9	  29,7	  31,3	  34,4	  33,8	  11,2
s	    35,8428	 3	343,03	 89,15	  18,4	  28,9	  33,0	  33,9	  35,3	  35,8	  35,3	  13,4
s	    36,0722	 7	238,45	118,47	  15,4	  26,2	  30,2	  30,4	  31,8	  34,0	  33,8	  11,1
s	    36,1470	 8	167,19	150,00	  13,4	  25,0	  29,9	  30,0	  31,6	  34,8	  34,4	  12,5
s	    36,3479	 8	160,74	 30,99	  12,6	  23,8	  28,5	  28,3	  29,9	  34,0	  33,6	  10,9
s	    36,4165	 4	343,28	 81,65	  17,1	  27,9	  32,0	  32,6	  34,0	  35,3	  35,1	  13,1
s	    36,7143	 7	 54,69	137,53	  13,8	  24,6	  29,4	  29,5	  31,0	  34,2	  33,7	  10,9
s	    36,9088	 8	320,81	149,87	  16,4	  27,2	  31,1	  31,2	  32,7	  35,0	  34,3	  12,3
s	    37,2340	 8	126,81	 53,11	  16,0	  26,6	  30,4	  30,2	  31,8	  35,0	  34,2	  12,2
s	    37,4193	 8	326,60	 27,53	  13,7	  24,7	  28,5	  28,0	  29,6	  33,5	  33,4	  10,6
s	    37,7403	 5	342,56	103,44	  15,9	  26,8	  30,8	  31,3	  32,7	  34,0	  33,7	  10,9
s	    38,0326	 5	343,53	 74,40	  17,4	  28,2	  32,4	  33,2	  34,6	  35,0	  34,4	  12,3
s	    38,4941	 7	 57,04	 44,22	  16,1	  26,5	  30,3	  30,1	  31,7	  34,8	  34,1	  12,0
s	    38,8981	 7	297,62	125,56	  17,3	  27,7	  31,7	  32,2	  33,6	  34,9	  34,1	  11,9
s	    39,0313	 8	235,35	124,96	  15,3	  26,5	  30,5	  30,7	  32,1	  34,3	  33,9	  11,8
s	    39,4346	 8	242,54	108,84	  13,6	  25,4	  30,7	  31,4	  32,9	  34,1	  33,9	  11,7
s	    39,6108	 7	299,07	 50,15	  15,7	  26,0	  30,0	  30,1	  31,6	  33,6	  33,2	  10,2
s	    39,6124	 8	128,81	 47,47	  13,0	  24,4	  29,4	  29,5	  31,1	  34,1	  33,8	  11,6
s	    39,7322	 8	233,63	 51,01	  13,7	  24,8	  28,8	  28,6	  30,1	  33,0	  33,0	  10,0
s	    39,9854	 6	342,33	109,83	  15,9	  27,1	  31,2	  31,7	  33,1	  34,5	  34,0	  11,7
s	    40,2743	 6	343,76	 68,36	  13,4	  24,7	  29,9	  30,7	  32,1	  33,3	  33,2	  10,1
s	    40,5431	 8	238,60	124,55	  16,2	  27,1	  31,2	  31,6	  33,0	  34,3	  33,7	  11,4
s	    41,2384	 8	237,04	 51,30	  14,5	  25,4	  29,4	  29,6	  31,0	  32,9	  32,8	   9,6
s	    41,4356	 4	195,52	 89,22	  16,7	  27,7	  32,0	  32,8	  34,2	  34,6	  34,2	  11,8
s	    41,5230	 2	 68,74	 91,59	  19,4	  28,9	  32,8	  33,7	  35,2	  35,7	  34,4	  12,0
s	    41,9140	 3	 68,66	 98,00	  19,1	  28,8	  32,7	  33,5	  35,0	  35,6	  34,2	  11,8
s	    41,9621	 5	195,29	 82,33	  15,9	  26,9	  31,0	  31,5	  32,9	  34,2	  33,0	   9,8
s	    42,3549	 8	 24,03	 23,08	  14,3	  25,2	  28,8	  28,4	  30,0	  34,0	  33,4	  10,9
s	    42,3570	 8	 54,49	141,95	  13,4	  24,4	  29,3	  29,4	  31,0	  34,1	  33,4	  10,9
s	    42,4345	 7	342,14	114,77	  11,9	  23,6	  28,7	  29,2	  30,7	  32,8	  32,7	   9,4
s	    43,1798	 6	195,96	102,36	  15,0	  26,0	  30,0	  30,5	  31,9	  33,2	  32,7	   9,4
s	    43,2650	 4	 68,57	104,72	  17,7	  27,7	  31,6	  32,1	  33,6	  34,9	  33,9	  11,4
s	    43,4491	 6	195,06	 75,64	  15,8	  27,0	  31,3	  32,1	  33,5	  33,7	  33,4	  10,9
s	    43,5175	 7	344,00	 62,26	  14,2	  25,7	  29,8	  30,0	  31,4	  33,5	  33,3	  10,7
s	    43,7485	 8	297,49	130,52	  13,9	  24,7	  28,5	  28,3	  29,8	  32,8	  32,4	   9,0
s	    43,8457	 3	115,72	 91,54	  18,1	  28,2	  32,2	  33,1	  34,5	  34,9	  33,9	  11,3
s	    44,2238	 4	115,81	 97,73	  17,8	  28,1	  32,1	  32,9	  34,4	  34,8	  33,8	  11,1
s	    44,5373	 8	299,21	 45,31	  15,4	  26,0	  30,0	  30,2	  31,6	  33,7	  33,0	  10,4
s	    44,7151	 8	 57,23	 39,75	  13,5	  24,0	  27,7	  27,3	  28,8	  32,7	  32,2	   8,8
s	    44,8595	 3	 69,72	 85,00	  17,7	  27,7	  31,5	  32,0	  33,5	  35,0	  33,8	  11,1
s	    45,1521	 5	115,89	102,78	  14,5	  25,5	  30,6	  31,4	  32,9	  34,1	  33,5	  10,8
s	    45,2537	 7	196,18	108,31	  15,0	  26,4	  30,5	  30,9	  32,3	  33,7	  33,0	  10,3
s	    45,7208	 5	 68,99	 72,14	  15,4	  25,5	  29,3	  29,5	  31,0	  33,1	  32,4	   8,8
s	    46,1554	 4	 69,79	 79,02	  17,3	  27,5	  31,3	  31,7	  33,3	  34,8	  33,5	  10,6
s	    46,7914	 8	341,86	121,24	  12,6	  24,5	  29,8	  30,5	  31,9	  33,1	  32,7	   9,8
s	    47,0763	 4	114,59	 85,16	  17,2	  27,3	  31,1	  31,6	  33,2	  34,6	  33,3	  10,4
s	    47,5274	 8	196,35	112,95	  10,3	  22,5	  27,8	  28,2	  29,6	  31,6	  31,8	   8,1
s	    47,5380	 8	345,61	 70,59	   9,3	  21,8	  28,3	  29,2	  30,7	  31,7	  31,8	   8,1
s	    47,6016	 8	344,25	 56,60	  12,0	  23,5	  27,5	  27,4	  28,8	  31,7	  31,8	   8,1
s	    47,9117	 6	115,43	 72,68	  14,9	  25,2	  29,0	  29,2	  30,6	  32,8	  31,9	   8,2
s	    48,0224	 5	 69,41	109,97	  16,6	  27,0	  30,8	  31,2	  32,7	  34,2	  32,8	   9,8
s	    48,2056	 6	 69,86	 73,31	  15,4	  25,8	  29,7	  29,9	  31,4	  33,5	  32,7	   9,7
s	    48,3336	 5	114,50	 79,35	  16,8	  27,2	  31,0	  31,4	  32,9	  34,4	  33,0	  10,0
s	    48,5365	 8	194,63	 64,27	  13,4	  25,0	  29,1	  29,3	  30,7	  32,8	  32,4	   9,4
s	    48,6156	 6	 69,07	 66,65	  15,3	  25,8	  29,7	  29,9	  31,4	  33,5	  32,6	   9,6
s	    48,7712	 3	 57,30	 91,44	  17,5	  27,6	  31,6	  32,5	  33,9	  34,2	  33,2	  10,1
s	    49,1245	 4	 57,19	 97,22	  17,3	  27,5	  31,5	  32,3	  33,8	  34,2	  33,0	   9,9
s	    49,2464	 4	 57,42	 85,22	  16,2	  26,5	  30,6	  31,1	  32,6	  33,7	  33,0	   9,9
s	    49,6045	 6	114,93	108,04	  13,5	  24,8	  29,8	  30,6	  32,1	  33,5	  32,5	   9,3
s	    50,2136	 6	 69,34	114,47	  12,6	  23,5	  28,4	  28,8	  30,3	  32,6	  31,6	   7,6
s	    50,2846	 3	288,72	 87,91	  17,3	  27,4	  31,4	  32,3	  33,7	  34,1	  32,9	   9,7
s	    50,3252	 7	114,42	 73,79	  14,9	  25,5	  29,4	  29,6	  31,1	  33,2	  32,3	   9,1
s	    50,3480	 5	 57,08	103,33	  15,9	  26,4	  30,4	  30,9	  32,4	  33,5	  32,7	   9,5
s	    50,4679	 5	 57,52	 79,57	  15,9	  26,4	  30,4	  30,9	  32,3	  33,5	  32,7	   9,5
s	    50,6309	 4	288,66	 93,58	  17,1	  27,3	  31,3	  32,1	  33,6	  34,0	  32,8	   9,6
s	    50,7239	 7	115,34	 67,33	  14,9	  25,5	  29,4	  29,5	  31,0	  33,2	  32,2	   9,0
s	    51,6889	 4	248,42	 87,95	  16,2	  26,8	  31,0	  31,8	  33,2	  33,4	  32,6	   9,3
s	    51,8307	 5	288,59	 99,57	  15,7	  26,2	  30,2	  30,8	  32,2	  33,4	  32,5	   9,2
s	    52,0289	 5	248,49	 93,52	  16,0	  26,7	  30,9	  31,7	  33,0	  33,3	  32,5	   9,1
s	    52,2320	 6	 56,97	108,77	  15,2	  25,9	  29,9	  30,4	  31,8	  33,0	  32,1	   8,7
s	    52,2788	 7	115,02	113,78	  11,4	  22,9	  27,8	  28,2	  29,7	  31,9	  31,2	   7,0
s	    52,4346	 7	 69,15	 61,25	  13,1	  23,7	  27,5	  27,4	  28,9	  31,8	  31,1	   7,0
s	    52,5827	 6	 57,64	 73,74	  13,6	  24,2	  28,2	  28,4	  29,8	  31,8	  31,2	   7,1
s	    53,4341	 8	 69,27	119,52	  10,8	  22,0	  27,0	  27,1	  28,6	  31,5	  30,9	   6,7
s	    53,6086	 4	288,08	 82,03	  15,7	  26,2	  30,1	  30,7	  32,1	  33,4	  32,3	   8,8
s	    54,2020	 6	288,93	 70,15	  14,5	  25,0	  29,1	  29,7	  31,0	  32,1	  31,0	   6,7
s	    54,4428	 8	115,24	 62,04	  12,7	  23,4	  27,3	  27,1	  28,5	  31,5	  30,7	   6,4
s	    54,7642	 5	288,14	 76,68	  15,4	  26,0	  30,0	  30,4	  31,9	  33,2	  32,1	   8,5
s	    54,8247	 1	  6,21	 90,01	  18,0	  27,5	  31,3	  32,2	  33,7	  34,2	  32,5	   8,9
*	    62,2533	 1	 23,24	 88,28	  -5,9	   3,6	   7,4	   8,2	   9,7	  10,2	   8,3	 -15,9
*	    55,5848	 1	 11,38	 87,73	  -3,7	   5,8	   9,6	  10,5	  12,0	  12,5	  10,8	 -12,9
*	    56,3172	 1	358,48	 87,23	  -4,2	   5,3	   9,1	   9,9	  11,4	  12,0	  10,2	 -13,5
s	    54,9552	 5	249,15	 82,16	  14,6	  25,6	  29,7	  30,2	  31,6	  32,8	  32,0	   8,4
s	    55,1516	 2	  6,03	 95,36	  17,8	  27,4	  31,2	  32,0	  33,6	  34,2	  32,3	   8,7
s	    55,1633	 8	 68,25	125,54	  10,6	  21,9	  26,8	  26,9	  28,4	  31,3	  30,6	   6,3
s	    55,2333	 7	 57,75	 68,65	  13,6	  24,6	  28,6	  28,8	  30,2	  32,2	  31,5	   7,9
s	    55,2644	 2	  6,41	 84,25	  16,7	  26,5	  30,3	  30,9	  32,4	  33,7	  32,3	   8,7
s	    55,5388	 7	248,19	 70,48	  13,4	  24,4	  28,7	  29,2	  30,5	  31,5	  30,7	   6,3
s	    55,6496	 6	249,34	 97,72	  12,3	  24,0	  29,1	  29,9	  31,3	  32,6	  31,8	   8,2
s	    56,0919	 6	249,08	 76,90	  14,3	  25,4	  29,5	  30,0	  31,4	  32,6	  31,8	   8,1
s	    56,2855	 3	  5,83	101,02	  15,7	  25,4	  29,2	  29,6	  31,2	  32,5	  31,0	   6,6
s	    56,3968	 3	  6,59	 79,01	  16,2	  26,1	  29,9	  30,4	  31,9	  33,3	  31,8	   8,1
s	    56,4364	 6	287,84	104,33	  14,7	  25,6	  29,5	  29,9	  31,4	  32,8	  31,5	   7,7
s	    56,6284	 7	288,99	 65,53	  13,5	  24,4	  28,5	  28,7	  30,1	  32,1	  31,3	   7,6
s	    56,7689	 4	299,22	 88,07	  15,7	  26,2	  30,4	  31,2	  32,6	  32,8	  31,9	   8,1
s	    57,0882	 5	299,13	 93,30	  15,4	  26,1	  30,3	  31,1	  32,5	  32,7	  31,7	   7,9
s	    57,1984	 5	299,31	 82,45	  14,4	  25,2	  29,4	  29,9	  31,3	  32,3	  31,7	   7,9
s	    57,9265	 8	248,13	 65,93	  12,4	  23,8	  28,0	  28,2	  29,6	  31,5	  31,0	   7,2
s	    58,0365	 4	  5,64	106,10	  15,8	  25,9	  29,7	  30,2	  31,7	  33,1	  31,5	   7,6
s	    58,1960	 6	299,04	 98,84	  14,0	  25,1	  29,2	  29,8	  31,1	  32,2	  31,5	   7,6
s	    58,2122	 8	 56,74	119,05	  13,1	  24,2	  28,3	  28,4	  29,8	  31,8	  31,0	   7,1
s	    58,3048	 6	299,40	 77,32	  14,0	  25,0	  29,2	  29,7	  31,1	  32,1	  31,4	   7,5
s	    58,3630	 4	  6,79	 73,57	  14,2	  24,3	  28,0	  28,2	  29,7	  31,8	  30,6	   6,0
s	    58,7546	 8	 57,86	 63,57	  11,5	  22,6	  26,5	  26,4	  27,8	  30,6	  30,1	   5,4
s	    58,8330	 5	238,38	 88,12	  14,5	  25,5	  29,9	  30,7	  32,0	  32,1	  31,5	   7,5
s	    59,0746	 7	287,78	109,62	  12,7	  23,6	  27,5	  27,6	  29,1	  31,2	  30,2	   5,5
s	    59,1445	 6	238,47	 93,22	  14,2	  25,5	  29,8	  30,6	  31,9	  32,1	  31,3	   7,4
s	    59,2521	 6	238,28	 82,63	  13,2	  24,5	  28,9	  29,4	  30,7	  31,6	  31,3	   7,3
s	    59,5587	 8	288,41	115,06	  12,9	  24,1	  28,1	  28,3	  29,7	  31,7	  30,8	   6,8
s	    59,9081	 7	298,95	103,81	  13,4	  24,6	  28,8	  29,3	  30,6	  31,7	  30,9	   6,8
s	    60,2260	 7	238,57	 98,63	  12,9	  24,4	  28,7	  29,2	  30,5	  31,5	  31,1	   7,0
s	    60,3322	 7	238,18	 77,62	  12,9	  24,4	  28,7	  29,2	  30,5	  31,5	  31,1	   7,0
s	    60,3927	 7	299,51	 71,62	  12,9	  23,9	  28,2	  28,7	  30,0	  30,9	  30,0	   5,2
s	    60,6182	 2	174,21	 90,01	  16,5	  26,5	  30,4	  31,2	  32,7	  33,1	  31,6	   7,5
s	    60,6260	 5	  5,45	111,29	  13,7	  24,0	  27,7	  27,9	  29,4	  31,5	  30,2	   5,3
s	    60,8373	 5	  6,97	 68,78	  14,2	  24,6	  28,4	  28,6	  30,1	  32,3	  31,0	   6,8
s	    60,9233	 3	174,38	 95,00	  16,2	  26,4	  30,3	  31,1	  32,6	  33,0	  31,4	   7,3
s	    61,0286	 3	174,02	 84,63	  15,2	  25,4	  29,4	  30,0	  31,4	  32,6	  31,4	   7,3
s	    61,9828	 4	174,56	100,30	  14,1	  24,4	  28,3	  28,7	  30,2	  31,4	  30,1	   5,1
s	    62,0869	 4	173,85	 79,72	  14,6	  25,1	  29,0	  29,5	  31,0	  32,2	  30,9	   6,7
s	    62,0966	 2	 24,20	 90,62	  17,1	  26,6	  30,5	  31,3	  32,8	  33,1	  31,4	   7,1
s	    62,3722	 8	238,07	 72,05	  11,7	  23,3	  27,7	  28,2	  29,4	  30,2	  29,6	   4,6
s	    62,3966	 3	 24,05	 95,53	  16,8	  26,5	  30,4	  31,2	  32,7	  33,1	  31,2	   7,0
s	    62,4428	 8	298,86	108,91	  11,4	  22,7	  26,8	  27,0	  28,3	  30,2	  29,6	   4,6
s	    62,5002	 3	 24,37	 85,33	  15,8	  25,6	  29,5	  30,0	  31,5	  32,6	  31,2	   6,9
s	    62,6498	 8	299,59	 67,29	  11,9	  23,4	  27,5	  27,7	  29,1	  30,9	  30,4	   6,1
s	    62,6501	 8	288,33	 61,37	  11,1	  22,3	  26,2	  26,0	  27,4	  30,4	  29,6	   4,6
s	    63,4387	 4	 23,88	100,75	  14,7	  24,5	  28,4	  28,8	  30,3	  31,5	  29,9	   4,8
s	    63,5411	 4	 24,52	 80,51	  15,2	  25,2	  29,1	  29,6	  31,1	  32,3	  30,7	   6,4
s	    63,6226	 5	174,73	105,07	  14,2	  24,9	  28,8	  29,3	  30,7	  32,0	  30,6	   6,2
s	    63,6301	 6	  5,26	115,81	  13,7	  24,3	  28,1	  28,3	  29,8	  32,0	  30,5	   6,1
s	    63,9288	 5	173,66	 74,61	  12,7	  23,2	  27,1	  27,3	  28,7	  30,8	  29,8	   4,6
s	    64,1399	 6	  7,17	 63,95	  12,1	  22,7	  26,4	  26,3	  27,7	  30,7	  29,6	   4,4
s	    65,0522	 5	 23,72	105,44	  14,8	  25,0	  28,9	  29,4	  30,8	  32,0	  30,4	   5,9
s	    65,3536	 5	 24,69	 75,47	  13,3	  23,4	  27,2	  27,4	  28,8	  30,8	  29,6	   4,3
s	    65,4406	 6	174,88	108,88	  10,3	  21,5	  26,5	  26,9	  28,4	  30,5	  29,5	   4,2
s	    66,2539	 6	173,49	 70,08	  12,7	  23,6	  27,6	  27,8	  29,2	  31,3	  30,1	   5,5
s	    66,3109	 3	330,53	 88,85	  14,9	  25,0	  29,0	  29,8	  31,2	  31,5	  29,7	   4,3
s	    66,5973	 4	330,39	 93,54	  14,7	  24,9	  28,9	  29,7	  31,1	  31,4	  29,5	   4,1
s	    66,6962	 4	330,68	 83,80	  13,7	  24,0	  28,0	  28,6	  30,0	  31,0	  29,5	   4,1
s	    67,4402	 3	157,26	 90,58	  15,6	  25,6	  29,6	  30,5	  31,9	  32,1	  30,5	   5,8
s	    67,4456	 7	  5,06	120,32	  11,6	  22,3	  26,0	  25,9	  27,3	  30,3	  29,1	   3,6
s	    67,4474	 6	 23,56	110,29	  12,9	  23,1	  27,0	  27,1	  28,5	  30,5	  29,2	   3,7
s	    67,5683	 3	 74,83	 91,73	  15,6	  25,1	  29,1	  30,0	  31,4	  31,5	  29,5	   4,0
s	    67,5926	 5	330,23	 98,52	  13,3	  23,7	  27,7	  28,1	  29,5	  30,6	  29,3	   3,8
s	    67,6905	 5	330,82	 79,19	  13,8	  24,3	  28,4	  28,9	  30,3	  31,4	  30,1	   5,3
s	    67,7231	 4	157,41	 95,22	  15,3	  25,5	  29,6	  30,4	  31,8	  32,0	  30,4	   5,7
s	    67,7394	 7	  7,35	 59,80	  12,1	  23,0	  26,8	  26,6	  28,1	  31,1	  29,8	   5,1
s	    67,8208	 4	157,10	 85,60	  15,0	  25,0	  28,9	  29,4	  30,9	  32,0	  30,4	   5,6
s	    67,8508	 4	 74,79	 96,36	  15,3	  25,1	  29,0	  29,8	  31,2	  31,5	  29,4	   3,9
s	    68,7066	 5	157,57	100,14	  13,2	  23,6	  27,5	  28,0	  29,4	  30,5	  29,1	   3,6
s	    68,8033	 5	156,96	 81,04	  14,5	  24,7	  28,5	  29,0	  30,5	  31,7	  29,9	   5,1
s	    68,8330	 5	 74,74	101,28	  14,0	  24,0	  28,0	  28,5	  29,9	  30,9	  29,1	   3,5
s	    69,1357	 6	330,09	103,02	  13,5	  24,2	  28,2	  28,7	  30,1	  31,2	  29,8	   4,9
s	    69,3691	 7	173,31	 65,48	  10,7	  21,7	  25,6	  25,4	  26,9	  29,7	  28,8	   3,2
s	    69,4242	 6	330,97	 74,36	  11,9	  22,5	  26,5	  26,7	  28,1	  29,9	  28,9	   3,3
s	    70,2318	 6	157,72	104,59	  13,4	  24,1	  28,1	  28,6	  30,0	  31,1	  29,6	   4,7
s	    70,2388	 7	 23,40	114,54	  12,9	  23,5	  27,4	  27,5	  29,0	  31,0	  29,5	   4,6
s	    70,3562	 6	 74,70	105,72	  13,6	  23,8	  27,8	  28,3	  29,7	  30,7	  28,8	   3,1
s	    70,5171	 6	156,80	 76,26	  12,6	  22,9	  26,7	  26,8	  28,2	  30,2	  28,8	   3,1
s	    70,7138	 7	 25,01	 66,45	  11,3	  21,9	  25,7	  25,5	  27,0	  29,8	  28,7	   2,9
s	    70,8639	 4	 75,34	 86,91	  14,0	  24,0	  27,9	  28,4	  29,8	  31,0	  29,0	   3,2
s	    71,4236	 4	207,79	 88,91	  13,5	  24,1	  28,2	  29,1	  30,4	  30,5	  28,9	   3,1
s	    71,4306	 7	329,94	107,68	  11,5	  22,3	  26,3	  26,4	  27,8	  29,7	  28,6	   2,8
s	    71,4671	 8	  4,88	124,17	  11,5	  22,6	  26,4	  26,2	  27,7	  30,7	  29,3	   4,2
s	    71,6950	 5	207,92	 93,35	  13,3	  24,0	  28,2	  28,9	  30,3	  30,4	  28,8	   2,9
s	    71,7887	 5	207,64	 84,12	  12,2	  23,0	  27,2	  27,8	  29,1	  30,0	  28,8	   2,9
s	    71,9272	 7	157,84	108,17	   9,5	  20,8	  25,8	  26,2	  27,7	  29,5	  28,5	   2,6
s	    72,1231	 8	  7,55	 55,69	   9,9	  20,9	  24,6	  24,2	  25,6	  29,4	  28,4	   2,5
s	    72,1346	 4	107,99	 91,71	  14,2	  24,4	  28,4	  29,2	  30,6	  30,9	  28,8	   2,9
s	    72,4040	 5	108,04	 96,12	  13,9	  24,3	  28,4	  29,1	  30,5	  30,8	  28,7	   2,8
s	    72,4971	 5	107,94	 86,96	  13,6	  23,8	  27,7	  28,2	  29,6	  30,8	  28,7	   2,7
s	    72,6389	 6	208,07	 98,08	  11,9	  22,8	  26,9	  27,3	  28,7	  29,6	  28,5	   2,6
s	    72,7317	 6	207,50	 79,74	  12,4	  23,4	  27,6	  28,1	  29,4	  30,4	  29,3	   4,1
s	    72,7781	 8	173,14	 61,48	  10,7	  22,0	  26,0	  25,8	  27,3	  30,1	  29,1	   3,9
s	    73,0685	 6	108,08	 99,75	  10,6	  21,8	  26,9	  27,7	  29,1	  30,2	  28,5	   2,5
s	    73,4777	 6	 75,43	 77,84	  12,3	  22,8	  26,6	  26,8	  28,3	  30,2	  28,4	   2,4
s	    73,7672	 4	284,21	 87,92	  14,0	  24,1	  28,2	  29,1	  30,4	  30,5	  28,6	   2,6
s	    73,8020	 8	 23,23	118,83	  10,8	  21,6	  25,4	  25,2	  26,6	  29,4	  28,2	   2,1
s	    74,0322	 5	284,17	 92,26	  13,8	  24,1	  28,2	  29,0	  30,3	  30,4	  28,5	   2,4
s	    74,0770	 8	 25,16	 62,50	  11,3	  22,2	  26,1	  25,9	  27,4	  30,2	  28,9	   3,6
s	    74,0894	 8	349,35	 75,30	  10,3	  21,6	  25,7	  25,9	  27,2	  29,0	  28,1	   2,1
s	    74,1042	 7	208,20	102,36	  12,1	  23,3	  27,4	  27,9	  29,2	  30,2	  29,0	   3,7
s	    74,3379	 8	329,79	112,09	  12,6	  23,5	  27,6	  28,0	  29,4	  30,3	  28,9	   3,6
s	    74,3784	 7	207,36	 75,15	  10,5	  21,6	  25,8	  25,9	  27,3	  29,0	  28,2	   2,1
s	    74,3870	 7	108,13	104,04	  10,3	  21,6	  26,8	  27,5	  28,9	  30,0	  28,2	   2,1
s	    74,4539	 8	157,99	112,29	   9,6	  21,2	  26,3	  26,7	  28,1	  30,0	  28,9	   3,5
s	    74,8002	 8	331,28	 65,35	  11,0	  21,8	  25,9	  26,0	  27,4	  29,1	  28,0	   1,9
s	    74,8465	 7	 75,15	108,80	  10,0	  20,9	  25,8	  26,2	  27,7	  29,7	  28,2	   2,0
s	    74,9543	 6	284,13	 96,88	  12,5	  23,0	  27,1	  27,6	  29,0	  29,9	  28,2	   2,1
s	    75,0686	 7	107,84	 78,04	  12,0	  22,6	  26,5	  26,6	  28,0	  30,0	  28,1	   2,0
s	    75,5845	 8	 75,46	 73,70	  10,7	  21,3	  25,2	  25,0	  26,4	  29,0	  28,0	   1,8
s	    75,6051	 8	156,50	 67,65	  10,7	  21,4	  25,2	  25,0	  26,4	  29,2	  27,9	   1,8
s	    75,7230	 8	 75,05	 68,81	  10,6	  21,3	  25,2	  25,0	  26,4	  29,0	  27,9	   1,7
s	    76,2876	 8	208,35	106,81	  10,1	  21,4	  25,5	  25,7	  27,0	  28,8	  27,9	   1,6
s	    76,3865	 7	284,10	101,07	  12,1	  22,8	  27,0	  27,4	  28,8	  29,7	  28,0	   1,7
s	    76,4161	 8	108,18	108,51	   8,9	  20,3	  25,4	  25,8	  27,2	  29,0	  27,9	   1,6
s	    77,0530	 5	283,83	 83,38	  12,5	  23,0	  27,0	  27,5	  28,9	  29,9	  28,1	   1,8
s	    77,1429	 8	107,80	 73,95	  12,1	  22,9	  26,7	  26,8	  28,3	  30,3	  28,6	   3,0
s	    77,4726	 8	107,17	 82,65	  12,6	  23,1	  27,1	  27,5	  28,8	  29,9	  27,7	   1,4
s	    77,5112	 8	 75,10	113,13	  11,1	  22,1	  27,2	  27,8	  29,3	  30,3	  28,5	   2,9
s	    77,9482	 6	283,87	 79,22	  12,2	  22,9	  26,9	  27,4	  28,7	  29,8	  27,9	   1,5
s	    78,6974	 8	284,36	 70,43	  11,2	  22,2	  26,3	  26,5	  27,8	  29,5	  28,4	   2,7
s	    79,3816	 8	283,90	 75,14	  10,6	  21,6	  25,7	  25,9	  27,2	  28,9	  27,5	   1,0
s	    81,3709	 6	253,50	 83,59	  11,9	  22,6	  26,6	  27,1	  28,5	  29,5	  27,5	   0,8
s	    82,0515	 4	318,06	 88,53	  13,4	  23,4	  27,3	  26,8	  27,1	  27,5	  25,5	  -0,5
s	    82,2305	 7	253,46	 79,59	  11,6	  22,5	  26,5	  26,9	  28,3	  29,4	  27,3	   0,5
s	    82,2963	 5	317,96	 92,53	  13,2	  23,3	  27,3	  26,7	  27,0	  27,4	  25,4	  -0,6
s	    82,3809	 5	318,17	 84,21	  12,1	  22,4	  26,3	  25,5	  25,9	  27,0	  25,4	  -0,7
s	    83,1072	 8	253,66	 99,28	   8,6	  20,5	  25,7	  26,4	  27,8	  28,7	  27,1	   0,2
s	    83,1485	 6	317,85	 96,81	  11,8	  22,8	  27,0	  27,5	  28,8	  29,7	  28,3	   2,2
s	    83,2324	 6	318,27	 80,25	  11,8	  22,3	  26,2	  25,4	  25,7	  26,9	  25,2	  -0,9
s	    84,4745	 7	317,74	100,70	  12,1	  22,8	  26,8	  27,3	  28,5	  29,5	  27,7	   1,5
s	    84,8517	 7	318,39	 75,78	  10,7	  21,7	  26,0	  26,5	  27,8	  28,5	  27,0	  -0,0
s	    86,4507	 5	219,96	 88,58	  12,1	  22,6	  26,6	  26,1	  26,4	  26,6	  24,9	  -1,5
s	    86,4567	 8	317,63	104,77	   9,3	  20,6	  24,7	  24,8	  26,1	  27,8	  26,7	  -0,5
s	    86,6196	 8	318,49	 72,31	  10,7	  21,7	  25,7	  25,8	  27,1	  28,9	  27,4	   1,0
s	    86,6859	 6	220,06	 92,44	  11,9	  22,5	  26,6	  26,0	  26,3	  26,6	  24,8	  -1,7
s	    86,7672	 6	219,85	 84,44	  10,8	  21,6	  25,7	  24,9	  25,1	  26,1	  24,8	  -1,7
s	    87,5052	 7	220,17	 96,55	  10,5	  22,0	  26,3	  26,8	  28,1	  28,8	  27,7	   1,2
s	    87,5859	 7	219,74	 80,62	  10,5	  21,5	  25,5	  24,7	  25,0	  26,0	  24,6	  -1,9
s	    88,7808	 8	220,27	100,29	  10,8	  22,0	  26,1	  26,6	  27,8	  28,7	  27,1	   0,5
s	    89,1439	 8	219,62	 76,32	   9,4	  20,9	  25,3	  25,8	  27,1	  27,7	  26,4	  -1,0
s	    92,7142	 4	 47,39	 91,31	  12,5	  22,6	  26,7	  27,5	  28,8	  28,8	  26,4	  -1,3
s	    92,9370	 5	 47,31	 94,96	  12,3	  22,5	  26,7	  27,4	  28,7	  28,7	  26,3	  -1,5
s	    93,0140	 5	 47,48	 87,38	  11,3	  21,6	  25,7	  26,3	  27,6	  28,3	  26,3	  -1,5
s	    93,6378	 4	 78,19	 91,79	  13,2	  23,3	  27,4	  28,2	  29,5	  29,4	  27,3	   0,3
s	    93,7135	 6	 47,22	 98,86	  11,0	  21,5	  25,6	  26,1	  27,4	  28,2	  26,1	  -1,7
s	    93,7900	 6	 47,57	 83,77	  11,0	  21,5	  25,6	  26,1	  27,4	  28,2	  26,1	  -1,7
s	    93,8589	 5	 78,17	 95,42	  13,0	  23,2	  27,3	  28,1	  29,4	  29,4	  27,2	   0,1
s	    94,6294	 6	 78,14	 99,29	  11,7	  22,2	  26,3	  26,8	  28,1	  28,9	  27,0	  -0,1
s	    94,9237	 7	 47,13	102,42	  10,7	  21,4	  25,5	  25,9	  27,2	  28,0	  25,8	  -2,1
s	    95,1508	 7	 47,66	 79,94	   9,6	  20,4	  24,6	  24,8	  26,1	  27,6	  25,8	  -2,1
s	    95,8305	 7	 78,11	102,82	  11,4	  22,1	  26,2	  26,6	  27,9	  28,7	  26,8	  -0,5
s	    96,7373	 8	 47,04	106,16	   9,3	  20,1	  24,2	  24,3	  25,6	  27,2	  25,5	  -2,5
s	    96,8865	 8	 47,74	 76,48	   9,8	  20,8	  24,9	  25,1	  26,4	  27,9	  26,3	  -1,0
s	    96,8948	 5	 78,51	 87,99	  11,7	  22,2	  26,2	  26,7	  28,1	  28,9	  26,9	  -0,4
s	    97,1740	 8	 78,09	105,70	   8,0	  19,5	  24,7	  25,1	  26,5	  28,0	  26,5	  -0,8
s	    97,6465	 6	 78,53	 84,49	  11,4	  22,1	  26,1	  26,6	  27,9	  28,8	  26,7	  -0,7
s	    97,6634	 5	338,46	 89,14	  11,2	  22,3	  26,6	  27,4	  28,6	  28,5	  26,8	  -0,6
s	    97,8773	 6	338,34	 92,64	  11,0	  22,2	  26,5	  27,3	  28,5	  28,4	  26,7	  -0,8
s	    97,8987	 5	104,16	 91,78	  11,9	  22,7	  26,8	  27,6	  28,9	  28,9	  26,8	  -0,6
s	    97,9512	 6	338,58	 85,37	  10,7	  21,7	  25,8	  26,3	  27,6	  28,4	  26,7	  -0,8
s	    98,1122	 6	104,19	 95,28	  11,7	  22,6	  26,8	  27,5	  28,8	  28,8	  26,6	  -0,8
s	    98,1860	 6	104,13	 88,01	  11,4	  22,1	  26,1	  26,5	  27,9	  28,8	  26,6	  -0,8
s	    98,6965	 7	338,69	 81,90	   9,4	  20,9	  25,2	  25,7	  27,0	  27,6	  26,2	  -1,3
s	    98,9299	 7	104,10	 84,55	  11,1	  22,0	  26,0	  26,4	  27,7	  28,7	  26,4	  -1,1
s	    98,9652	 7	 78,56	 80,78	  10,1	  21,1	  25,1	  25,2	  26,6	  28,3	  26,4	  -1,1
s	    99,7859	 8	338,11	 99,81	   9,1	  20,8	  25,1	  25,6	  26,8	  27,5	  26,0	  -1,6
s	   100,0043	 8	338,81	 78,22	   8,3	  19,6	  23,7	  23,8	  25,1	  26,7	  25,2	  -3,2
s	   100,2353	 8	104,07	 80,87	   9,8	  20,9	  24,9	  25,1	  26,4	  28,1	  26,2	  -1,4
s	   100,6487	 8	 78,58	 77,42	   9,8	  20,9	  24,9	  25,0	  26,4	  28,1	  26,2	  -1,5
s	   101,0310	 5	  3,65	100,57	   9,9	  20,7	  25,6	  26,3	  27,8	  28,9	  26,2	  -1,5
s	   101,3741	 6	227,41	 88,41	  10,0	  21,1	  25,5	  26,3	  27,5	  27,2	  25,3	  -3,2
s	   101,5818	 7	227,49	 91,82	   9,7	  21,0	  25,4	  26,2	  27,4	  27,1	  25,1	  -3,4
s	   101,6536	 7	227,32	 84,75	   8,7	  20,1	  24,5	  25,0	  26,2	  26,7	  25,1	  -3,4
s	   101,9882	 5	308,90	 88,33	  10,9	  21,5	  25,7	  26,5	  27,8	  27,6	  25,3	  -3,2
s	   102,1948	 6	308,83	 91,72	  10,7	  21,4	  25,7	  26,4	  27,7	  27,5	  25,2	  -3,4
s	   102,2663	 6	308,98	 84,69	   9,6	  20,5	  24,7	  25,3	  26,5	  27,1	  25,2	  -3,4
s	   102,3060	 8	227,57	 95,46	   8,4	  20,0	  24,4	  24,9	  26,1	  26,6	  25,0	  -3,6
s	   102,3774	 8	227,24	 81,38	   8,4	  20,0	  24,4	  24,9	  26,1	  26,6	  25,0	  -3,6
s	   102,7754	 5	280,96	 87,93	  11,6	  22,2	  26,4	  27,2	  28,5	  28,2	  26,3	  -1,6
s	   102,9156	 7	308,75	 95,34	   9,4	  20,4	  24,7	  25,1	  26,4	  27,0	  25,0	  -3,6
s	   102,9809	 6	280,94	 91,30	  11,4	  22,1	  26,4	  27,1	  28,4	  28,2	  26,1	  -1,7
s	   102,9866	 7	309,06	 81,33	   9,4	  20,4	  24,7	  25,1	  26,4	  27,0	  25,0	  -3,6
s	   103,6972	 7	280,92	 94,90	  10,1	  21,1	  25,4	  25,8	  27,1	  27,7	  26,0	  -2,0
s	   104,0401	 8	308,68	 98,65	   9,1	  20,3	  24,5	  25,0	  26,2	  26,9	  24,8	  -3,9
s	   104,2514	 8	309,14	 77,77	   8,0	  19,4	  23,6	  23,8	  25,0	  26,4	  24,8	  -4,0
s	   104,8150	 8	280,89	 98,19	   9,8	  21,0	  25,2	  25,7	  26,9	  27,5	  25,7	  -2,3
s	   105,7769	 6	 15,82	100,60	   9,4	  20,2	  25,2	  25,9	  27,3	  28,3	  25,6	  -2,5
s	   106,0209	 6	280,73	 84,39	  10,1	  21,1	  25,3	  25,8	  27,0	  27,8	  25,8	  -2,3
s	   106,7508	 6	176,52	100,11	   8,6	  19,9	  24,9	  25,6	  27,0	  28,0	  25,5	  -2,7
s	   106,9559	 6	256,82	 87,95	  10,3	  21,6	  25,9	  26,6	  27,9	  27,7	  25,7	  -2,5
s	   107,1549	 7	256,85	 91,21	  10,1	  21,5	  25,8	  26,5	  27,8	  27,6	  25,6	  -2,6
s	   107,2237	 7	256,79	 84,44	   9,8	  21,0	  25,2	  25,6	  26,9	  27,6	  25,6	  -2,7
s	   107,6467	 8	256,87	 93,91	   6,8	  19,0	  24,4	  25,1	  26,4	  27,0	  25,4	  -2,9
s	   107,9503	 8	280,78	 77,66	   8,5	  20,0	  24,1	  24,3	  25,6	  27,1	  25,4	  -2,9
s	   109,3916	 2	  3,70	 90,00	  13,1	  22,7	  26,5	  27,3	  28,7	  28,9	  24,9	  -4,3
s	   109,5870	 3	  3,59	 93,20	  12,3	  22,5	  26,4	  27,2	  28,5	  28,7	  25,8	  -2,7
s	   109,6545	 3	  3,82	 86,56	  11,8	  21,7	  25,5	  26,0	  27,4	  28,4	  24,8	  -4,5
s	   110,1294	 4	  3,90	 84,16	   8,8	  19,8	  24,8	  25,5	  26,9	  27,8	  25,4	  -3,1
s	   110,2686	 4	  3,47	 96,63	  11,6	  21,7	  25,4	  25,9	  27,3	  28,4	  24,6	  -4,7
s	   111,2991	 7	164,85	100,17	   8,1	  19,4	  24,5	  25,2	  26,6	  27,4	  24,9	  -3,7
s	   111,5330	 5	  4,05	 80,01	   9,7	  19,9	  23,7	  23,8	  25,2	  27,0	  24,4	  -5,0
s	   112,9325	 6	  3,24	103,08	   9,4	  19,8	  23,5	  23,6	  25,0	  26,9	  24,1	  -5,4
s	   113,0643	 6	  4,16	 76,94	   9,2	  20,1	  24,0	  24,1	  25,5	  27,2	  24,9	  -3,9
s	   113,8540	 3	 14,96	 90,39	  12,6	  22,3	  26,1	  26,9	  28,3	  28,3	  24,3	  -5,3
s	   114,0403	 8	199,51	 98,80	   6,9	  18,8	  24,0	  24,7	  26,0	  26,7	  24,6	  -4,3
s	   114,0432	 4	 14,86	 93,49	  11,8	  22,0	  26,0	  26,8	  28,1	  28,1	  25,2	  -3,6
s	   114,1086	 4	 15,07	 87,06	  11,3	  21,3	  25,2	  25,6	  27,0	  27,8	  24,2	  -5,4
s	   114,5684	 5	 15,15	 84,73	   8,3	  19,3	  24,4	  25,2	  26,5	  27,2	  24,8	  -4,1
s	   114,7033	 5	 14,75	 96,81	  11,1	  21,2	  25,1	  25,5	  26,9	  27,8	  24,0	  -5,6
s	   114,8250	 7	  3,13	106,09	   9,6	  20,3	  24,1	  24,2	  25,6	  27,5	  24,6	  -4,3
s	   115,1500	 7	  4,28	 73,71	   8,0	  18,7	  22,4	  22,2	  23,6	  26,2	  23,8	  -5,9
s	   115,2053	 3	176,45	 90,00	  11,8	  21,9	  25,8	  26,6	  27,9	  28,0	  24,2	  -5,5
s	   115,3927	 4	176,56	 93,07	  11,0	  21,7	  25,7	  26,5	  27,8	  27,8	  25,1	  -3,9
s	   115,4575	 4	176,34	 86,70	  10,5	  20,9	  24,8	  25,3	  26,7	  27,6	  24,1	  -5,7
s	   115,9129	 5	176,26	 84,40	   7,7	  19,2	  24,3	  25,1	  26,4	  27,2	  24,9	  -4,1
s	   115,9281	 6	 15,29	 80,71	   9,2	  19,5	  23,3	  23,4	  24,7	  26,4	  23,8	  -6,0
s	   116,0465	 5	176,67	 96,36	  10,2	  20,8	  24,8	  25,2	  26,5	  27,5	  23,9	  -5,9
s	   117,2598	 6	176,12	 80,41	   8,4	  19,1	  23,0	  23,1	  24,4	  26,1	  23,7	  -6,2
s	   117,2847	 7	 14,53	103,07	   8,9	  19,4	  23,2	  23,2	  24,6	  26,3	  23,6	  -6,3
s	   117,3975	 7	126,96	 88,20	   9,2	  20,4	  24,5	  24,9	  26,2	  26,9	  24,6	  -4,6
s	   117,4753	 8	  4,39	 70,81	   8,2	  19,2	  23,0	  22,7	  24,1	  26,8	  24,2	  -4,9
s	   118,0422	 8	126,89	 85,19	   8,9	  20,3	  24,4	  24,8	  26,1	  26,8	  24,4	  -4,8
s	   118,6039	 7	176,89	102,56	   8,1	  19,0	  22,9	  22,9	  24,3	  26,0	  23,4	  -6,6
s	   118,7306	 7	176,01	 77,46	   7,8	  19,3	  23,3	  23,5	  24,8	  26,4	  24,2	  -5,1
s	   119,0002	 8	293,82	 84,85	   8,1	  19,8	  24,1	  24,5	  25,7	  26,3	  24,3	  -5,0
s	   119,1205	 8	 14,43	105,99	   9,1	  19,9	  23,7	  23,8	  25,2	  26,9	  24,1	  -5,2
s	   119,4359	 8	 15,50	 74,59	   7,5	  18,3	  22,1	  21,8	  23,2	  25,7	  23,3	  -6,8
s	   119,4895	 4	165,63	 90,38	  11,3	  21,5	  25,5	  26,2	  27,5	  27,5	  23,7	  -6,4
s	   119,6714	 5	165,73	 93,35	  10,5	  21,2	  25,4	  26,1	  27,4	  27,2	  24,6	  -4,8
s	   119,7343	 5	165,52	 87,17	  10,0	  20,5	  24,5	  25,0	  26,3	  27,0	  23,6	  -6,6
s	   119,8609	 7	233,77	 88,29	   8,6	  20,2	  24,7	  25,5	  26,6	  26,1	  24,3	  -5,0
s	   120,0423	 8	233,83	 91,26	   8,3	  20,1	  24,6	  25,4	  26,5	  26,0	  24,2	  -5,2
s	   120,1050	 8	233,71	 85,09	   7,3	  19,2	  23,7	  24,2	  25,4	  25,6	  24,2	  -5,2
s	   120,1764	 6	165,45	 84,94	   8,0	  19,1	  24,2	  25,0	  26,3	  27,0	  24,4	  -5,0
s	   120,3061	 6	165,84	 96,54	   9,7	  20,4	  24,4	  24,8	  26,1	  26,9	  23,4	  -6,8
s	   120,4232	 8	176,99	105,46	   8,3	  19,5	  23,4	  23,5	  24,8	  26,6	  23,9	  -5,5
s	   120,7358	 8	175,90	 74,35	   6,7	  17,9	  21,8	  21,5	  22,9	  25,4	  23,1	  -7,1
s	   121,4586	 4	 25,25	 90,73	  10,6	  21,2	  25,3	  26,1	  27,4	  27,1	  24,5	  -5,0
s	   121,4844	 7	165,32	 81,06	   8,7	  19,1	  22,9	  23,0	  24,3	  26,0	  23,2	  -7,1
s	   121,6380	 5	 25,16	 93,67	  10,4	  21,1	  25,3	  26,0	  27,3	  27,1	  24,4	  -5,1
s	   121,7001	 5	 25,35	 87,57	   9,4	  20,2	  24,3	  24,9	  26,1	  26,7	  24,4	  -5,1
s	   121,7438	 6	101,84	 91,82	   9,4	  20,2	  24,4	  25,2	  26,4	  26,1	  23,3	  -7,1
s	   121,8349	 4	 23,94	 90,69	  10,6	  21,2	  25,3	  26,1	  27,3	  27,1	  24,5	  -5,1
s	   121,9229	 7	101,86	 94,75	   9,2	  20,1	  24,4	  25,1	  26,3	  26,0	  23,1	  -7,2
s	   122,0139	 5	 23,85	 93,62	  10,4	  21,1	  25,2	  26,0	  27,2	  27,1	  24,4	  -5,2
s	   122,0758	 5	 24,04	 87,53	   9,4	  20,2	  24,3	  24,8	  26,1	  26,6	  24,4	  -5,2
s	   122,0792	 5	197,86	 89,28	  10,1	  20,9	  25,0	  25,8	  27,0	  26,8	  23,3	  -7,0
s	   122,2579	 6	197,95	 92,21	   9,4	  20,6	  24,9	  25,7	  26,9	  26,6	  24,2	  -5,4
s	   122,2643	 6	 25,06	 96,82	   9,1	  20,1	  24,3	  24,7	  26,0	  26,6	  24,2	  -5,4
s	   122,3261	 6	 25,44	 84,64	   9,1	  20,1	  24,3	  24,7	  26,0	  26,6	  24,2	  -5,4
s	   122,6096	 8	101,80	 85,74	   8,7	  19,5	  23,6	  24,0	  25,3	  25,9	  22,9	  -7,4
s	   122,6385	 6	 23,75	 96,76	   9,1	  20,1	  24,2	  24,7	  26,0	  26,6	  24,2	  -5,4
s	   122,7002	 6	 24,13	 84,62	   9,1	  20,1	  24,2	  24,7	  26,0	  26,6	  24,2	  -5,4
s	   122,7541	 7	197,68	 83,94	   6,1	  18,1	  23,5	  24,3	  25,5	  26,0	  24,1	  -5,6
s	   122,7903	 8	166,04	102,58	   7,6	  18,6	  22,5	  22,6	  23,9	  25,4	  22,9	  -7,5
s	   123,2431	 7	 24,97	 99,71	   8,6	  19,8	  23,9	  24,4	  25,6	  26,2	  23,8	  -5,9
s	   123,4272	 7	 25,54	 81,54	   7,1	  18,2	  22,3	  22,4	  23,6	  25,0	  23,0	  -7,5
s	   123,5328	 5	 80,58	 91,84	  10,3	  20,5	  24,6	  25,4	  26,6	  26,4	  23,2	  -7,3
s	   123,6149	 7	 23,65	 99,65	   8,6	  19,8	  23,9	  24,3	  25,6	  26,2	  23,8	  -6,0
s	   123,7097	 6	 80,56	 94,74	  10,1	  20,5	  24,6	  25,3	  26,5	  26,3	  23,1	  -7,4
s	   123,7985	 7	 24,23	 81,52	   7,0	  18,1	  22,2	  22,4	  23,6	  25,0	  22,9	  -7,5
s	   124,3883	 7	 80,61	 85,83	   8,8	  19,5	  23,6	  24,0	  25,2	  25,8	  22,9	  -7,6
s	   124,8378	 8	 25,63	 78,70	   7,3	  18,7	  22,9	  23,0	  24,3	  25,7	  23,5	  -6,3
s	   124,9462	 7	101,58	 88,73	   8,7	  19,6	  23,6	  24,0	  25,3	  26,0	  22,8	  -7,7
s	   125,2057	 8	 24,32	 78,69	   7,2	  18,7	  22,8	  23,0	  24,2	  25,7	  23,5	  -6,4
s	   125,4744	 8	 80,63	 82,76	   7,5	  18,4	  22,5	  22,7	  23,9	  25,3	  22,7	  -8,0
s	   125,6703	 5	331,57	 88,95	   9,4	  20,5	  24,8	  25,6	  26,8	  26,4	  24,0	  -5,9
s	   125,8447	 6	331,49	 91,81	   9,2	  20,4	  24,7	  25,5	  26,7	  26,3	  23,9	  -6,0
s	   125,9051	 6	331,67	 85,87	   8,2	  19,5	  23,8	  24,3	  25,5	  25,9	  23,9	  -6,0
s	   126,4537	 7	331,39	 94,87	   7,9	  19,4	  23,7	  24,2	  25,4	  25,8	  23,7	  -6,2
s	   126,5138	 7	331,75	 83,03	   7,9	  19,4	  23,7	  24,2	  25,4	  25,8	  23,7	  -6,2
s	   126,7473	 5	155,68	 90,70	   9,4	  20,4	  24,7	  25,5	  26,7	  26,3	  23,9	  -6,1
s	   126,7554	 6	 80,78	 88,78	   8,9	  19,5	  23,5	  24,0	  25,2	  26,0	  22,8	  -8,0
s	   126,9205	 6	155,77	 93,54	   9,1	  20,4	  24,6	  25,4	  26,6	  26,3	  23,8	  -6,2
s	   126,9804	 6	155,59	 87,65	   8,1	  19,4	  23,7	  24,2	  25,4	  25,9	  23,8	  -6,2
s	   127,1289	 7	319,43	 88,61	   7,4	  19,0	  23,5	  24,3	  25,4	  24,8	  22,6	  -8,1
s	   127,1770	 5	156,94	 90,66	   9,3	  20,4	  24,7	  25,5	  26,7	  26,3	  23,9	  -6,1
s	   127,3017	 8	319,36	 91,44	   7,2	  19,0	  23,5	  24,2	  25,3	  24,8	  22,5	  -8,3
s	   127,3498	 6	157,03	 93,49	   9,1	  20,3	  24,6	  25,4	  26,6	  26,2	  23,8	  -6,3
s	   127,3614	 8	319,51	 85,56	   6,1	  18,0	  22,5	  23,1	  24,2	  24,4	  22,5	  -8,3
s	   127,4057	 8	331,31	 97,68	   7,4	  19,1	  23,4	  23,8	  25,0	  25,5	  23,3	  -6,8
s	   127,4095	 6	156,85	 87,62	   8,1	  19,4	  23,7	  24,2	  25,4	  25,8	  23,7	  -6,3
s	   127,5252	 7	155,87	 96,58	   7,8	  19,4	  23,6	  24,1	  25,3	  25,8	  23,6	  -6,4
s	   127,5848	 7	155,50	 84,83	   8,6	  19,8	  23,9	  24,3	  25,6	  26,2	  23,6	  -6,4
s	   127,6776	 8	331,85	 79,79	   6,9	  18,4	  22,8	  23,3	  24,4	  24,8	  22,5	  -8,4
s	   127,9528	 7	157,13	 96,53	   7,8	  19,3	  23,6	  24,1	  25,3	  25,7	  23,6	  -6,5
s	   128,0123	 7	156,76	 84,81	   8,6	  19,7	  23,9	  24,3	  25,5	  26,2	  23,6	  -6,5
s	   128,2479	 8	 80,71	100,53	   8,3	  19,3	  23,3	  23,7	  25,0	  25,8	  22,4	  -8,5
s	   128,4706	 8	155,96	 99,38	   7,3	  19,0	  23,3	  23,7	  24,9	  25,4	  23,2	  -6,9
s	   128,6485	 8	155,40	 81,82	   6,5	  17,8	  21,9	  22,0	  23,2	  24,6	  22,4	  -8,5
s	   128,8956	 8	157,22	 99,31	   7,3	  19,0	  23,3	  23,7	  24,9	  25,4	  23,2	  -7,0
s	   129,0730	 8	156,66	 81,81	   6,5	  17,8	  21,9	  22,0	  23,2	  24,6	  22,3	  -8,6
s	   129,7428	 6	279,05	 87,94	   9,0	  19,6	  23,9	  24,7	  25,9	  25,3	  22,5	  -8,5
s	   129,9127	 7	279,03	 90,73	   8,7	  19,5	  23,9	  24,6	  25,8	  25,3	  22,4	  -8,6
s	   130,8169	 6	207,41	 88,98	   8,2	  19,7	  24,1	  24,9	  26,1	  25,6	  23,4	  -6,9
s	   130,9856	 7	207,50	 91,75	   7,9	  19,7	  24,1	  24,8	  26,0	  25,5	  23,3	  -7,1
s	   131,0440	 7	207,32	 86,01	   6,9	  18,7	  23,2	  23,7	  24,8	  25,1	  23,3	  -7,1
s	   131,5747	 8	207,59	 94,71	   6,7	  18,7	  23,1	  23,6	  24,7	  25,1	  23,1	  -7,3
s	   131,6329	 8	207,24	 83,26	   6,6	  18,7	  23,1	  23,6	  24,7	  25,0	  23,1	  -7,3
s	   131,8743	 5	186,56	 89,67	   8,3	  19,8	  24,2	  25,0	  26,2	  25,8	  23,4	  -7,0
s	   132,0999	 6	186,46	 86,71	   7,1	  18,9	  23,2	  23,7	  24,9	  25,3	  23,3	  -7,2
s	   132,6271	 7	186,76	 95,36	   6,8	  18,8	  23,1	  23,6	  24,8	  25,3	  23,2	  -7,4
s	   132,7447	 7	186,36	 83,77	   7,8	  19,6	  24,0	  24,7	  25,9	  25,4	  23,1	  -7,4
s	   133,1914	 7	114,83	 91,69	   7,8	  18,9	  23,4	  24,2	  25,3	  24,6	  22,1	  -9,2
s	   133,3576	 8	114,87	 94,41	   7,6	  18,9	  23,4	  24,1	  25,2	  24,6	  22,0	  -9,4
s	   133,3705	 8	353,14	 98,07	   5,1	  17,4	  22,7	  23,3	  24,6	  25,2	  22,7	  -7,8
s	   133,5412	 8	278,90	 82,29	   7,3	  18,5	  22,7	  23,2	  24,3	  24,8	  21,9	  -9,4
s	   133,5423	 8	186,85	 98,06	   6,3	  18,5	  22,8	  23,2	  24,4	  24,9	  22,7	  -7,9
s	   136,1657	 8	114,34	 88,81	   7,1	  18,4	  22,6	  23,0	  24,2	  24,6	  21,7	  -9,9
s	   136,5715	 5	 33,78	 91,00	   9,3	  20,0	  24,2	  24,9	  26,2	  25,9	  22,8	  -8,1
s	   136,7343	 6	 33,70	 93,66	   9,1	  20,0	  24,1	  24,8	  26,1	  25,8	  22,7	  -8,2
s	   136,7906	 6	 33,86	 88,12	   8,1	  19,1	  23,2	  23,7	  24,9	  25,4	  22,7	  -8,2
s	   136,9309	 8	259,24	 85,09	   7,1	  18,5	  22,6	  23,0	  24,2	  24,8	  21,6	 -10,0
s	   137,3026	 7	 33,62	 96,52	   7,8	  19,0	  23,1	  23,5	  24,8	  25,3	  22,5	  -8,4
s	   138,1918	 8	 33,54	 99,15	   7,5	  18,9	  23,0	  23,4	  24,6	  25,2	  22,3	  -8,7
s	   138,4458	 8	 34,03	 82,44	   7,5	  18,8	  23,0	  23,4	  24,6	  25,0	  22,3	  -8,7
s	   139,3204	 6	 60,91	 91,63	   8,5	  19,1	  23,4	  24,2	  25,3	  24,7	  21,6	 -10,2
s	   139,4804	 7	 60,87	 94,25	   8,2	  19,0	  23,3	  24,1	  25,2	  24,6	  21,5	 -10,4
s	   140,0394	 8	 60,82	 97,06	   6,9	  18,0	  22,3	  22,8	  23,9	  24,1	  21,4	 -10,6
s	   141,8651	 6	323,61	 88,73	   8,3	  19,1	  23,3	  24,0	  25,2	  24,8	  21,4	 -10,7
s	   142,0227	 7	323,54	 91,31	   7,3	  18,6	  23,0	  23,7	  24,8	  24,3	  21,3	 -10,8
s	   142,1217	 5	353,84	 89,69	   8,3	  19,5	  23,7	  24,4	  25,6	  25,3	  21,5	 -10,6
s	   142,1863	 7	 61,46	 88,86	   7,1	  18,1	  22,3	  22,8	  23,9	  24,3	  21,3	 -10,8
s	   142,2284	 7	120,82	 91,60	   7,3	  18,5	  22,9	  23,7	  24,8	  24,1	  21,3	 -10,9
s	   142,2790	 6	353,75	 92,27	   7,5	  19,2	  23,6	  24,3	  25,5	  25,1	  22,4	  -9,0
s	   142,3335	 6	353,94	 86,91	   7,0	  18,5	  22,7	  23,1	  24,3	  24,9	  21,4	 -10,8
s	   142,3857	 8	120,87	 94,17	   7,1	  18,4	  22,9	  23,6	  24,7	  24,0	  21,1	 -11,0
s	   142,4607	 8	323,75	 84,01	   4,1	  16,1	  21,6	  22,3	  23,5	  23,7	  21,1	 -11,0
s	   142,7363	 8	 61,50	 86,29	   6,8	  18,0	  22,2	  22,7	  23,8	  24,2	  21,1	 -11,1
s	   142,7663	 7	354,01	 84,78	   5,3	  17,5	  23,0	  24,1	  25,2	  24,7	  22,3	  -9,2
s	   142,8288	 7	353,66	 95,03	   6,8	  18,4	  22,6	  23,0	  24,2	  24,8	  21,2	 -11,0
s	   143,4462	 8	353,59	 96,95	   3,8	  16,4	  21,8	  22,5	  23,7	  24,2	  21,8	  -9,6
s	   143,8903	 7	322,87	 85,96	   7,5	  18,6	  22,8	  23,2	  24,4	  24,9	  21,9	  -9,6
s	   143,9348	 8	354,13	 81,41	   6,0	  18,0	  22,4	  22,9	  24,0	  24,3	  22,0	  -9,5
s	   144,3810	 8	322,65	 94,00	   7,2	  18,6	  22,7	  23,1	  24,3	  24,8	  21,8	  -9,8
s	   145,0456	 8	120,26	 88,87	   6,7	  17,9	  22,1	  22,5	  23,7	  24,1	  20,9	 -11,5
s	   146,0402	 7	 57,11	 91,56	   7,1	  18,3	  22,7	  23,5	  24,6	  23,8	  20,9	 -11,5
s	   146,1940	 8	 57,06	 94,08	   6,9	  18,2	  22,7	  23,4	  24,5	  23,8	  20,8	 -11,7
s	   146,2472	 8	 57,16	 88,85	   5,9	  17,3	  21,7	  22,2	  23,3	  23,3	  20,8	 -11,7
s	   146,5883	 7	215,24	 88,76	   7,1	  18,4	  22,7	  23,5	  24,6	  24,0	  20,9	 -11,6
s	   146,7416	 8	215,31	 91,28	   6,1	  17,9	  22,4	  23,2	  24,2	  23,5	  20,8	 -11,8
s	   147,1390	 6	 81,87	 91,86	   8,8	  19,5	  23,8	  24,5	  25,7	  25,2	  22,0	  -9,8
s	   147,2919	 7	 81,86	 94,36	   8,6	  19,5	  23,7	  24,4	  25,6	  25,1	  21,9	 -10,0
s	   147,5255	 7	297,60	 88,15	   7,1	  18,2	  22,6	  23,4	  24,5	  23,7	  20,8	 -11,8
s	   147,6780	 8	297,56	 90,65	   6,8	  18,1	  22,6	  23,3	  24,4	  23,7	  20,7	 -11,9
s	   147,7307	 8	297,64	 85,46	   5,8	  17,2	  21,7	  22,2	  23,2	  23,3	  20,7	 -11,9
s	   147,8257	 8	 81,85	 97,05	   7,3	  18,5	  22,7	  23,1	  24,3	  24,6	  21,7	 -10,2
s	   147,9145	 6	185,95	 89,70	   7,0	  18,7	  23,0	  23,8	  24,9	  24,5	  20,9	 -11,7
s	   147,9432	 7	100,04	 91,85	   7,8	  18,9	  23,4	  24,2	  25,2	  24,4	  21,8	 -10,1
s	   148,0666	 7	186,04	 92,19	   6,3	  18,5	  23,0	  23,7	  24,8	  24,3	  21,8	 -10,1
s	   148,0953	 8	100,05	 94,34	   7,6	  18,9	  23,3	  24,1	  25,1	  24,4	  21,7	 -10,2
s	   148,1192	 7	185,86	 87,02	   5,8	  17,7	  22,1	  22,5	  23,7	  24,1	  20,8	 -11,9
s	   148,5587	 8	215,98	 86,06	   5,5	  17,5	  22,0	  22,4	  23,5	  23,8	  21,4	 -10,5
s	   148,5981	 8	186,13	 94,86	   5,5	  17,7	  22,0	  22,4	  23,6	  24,0	  20,6	 -12,1
s	   149,4507	 8	241,22	 88,17	   6,0	  17,6	  22,2	  23,0	  24,0	  23,2	  20,5	 -12,2
s	   149,7464	 6	345,03	 89,39	   7,7	  18,9	  23,2	  23,9	  25,1	  24,6	  20,7	 -12,1
s	   149,8969	 7	344,94	 91,86	   6,9	  18,7	  23,1	  23,8	  24,9	  24,4	  21,6	 -10,4
s	   149,9490	 7	345,11	 86,74	   6,4	  17,9	  22,2	  22,7	  23,8	  24,1	  20,6	 -12,2
s	   150,3405	 7	 82,02	 89,21	   7,4	  18,6	  22,7	  23,1	  24,3	  24,8	  21,6	 -10,5
s	   150,8652	 8	 82,03	 86,76	   7,1	  18,5	  22,6	  23,0	  24,2	  24,7	  21,4	 -10,7
s	   152,7911	 6	 40,90	 91,20	   8,5	  19,3	  23,5	  24,2	  25,4	  24,8	  21,5	 -10,8
s	   152,9391	 7	 40,84	 93,63	   7,5	  18,8	  23,2	  23,9	  25,0	  24,4	  21,4	 -10,9
s	   152,9903	 7	 40,97	 88,59	   7,3	  18,3	  22,5	  23,0	  24,1	  24,4	  21,4	 -11,0
s	   153,3504	 8	 41,02	 86,77	   4,3	  16,3	  21,8	  22,5	  23,6	  23,8	  21,2	 -11,1
s	   153,4561	 8	 40,77	 96,23	   7,0	  18,2	  22,4	  22,9	  24,0	  24,3	  21,2	 -11,1
s	   154,1100	 8	 99,68	 89,26	   7,0	  18,3	  22,5	  22,8	  24,0	  24,5	  21,2	 -11,3
s	   154,8468	 4	  2,69	 92,40	   7,6	  18,4	  23,4	  24,4	  25,7	  25,6	  21,5	 -10,9
s	   155,3799	 7	194,50	 89,41	   6,4	  18,2	  22,6	  23,3	  24,4	  23,8	  20,1	 -13,1
s	   155,5258	 8	194,58	 91,80	   5,7	  17,9	  22,5	  23,2	  24,3	  23,6	  21,0	 -11,5
s	   155,5762	 8	194,41	 86,84	   5,2	  17,2	  21,6	  22,1	  23,2	  23,3	  20,0	 -13,3
s	   156,0311	 7	326,84	 88,83	   5,9	  17,5	  22,0	  22,8	  23,8	  23,0	  20,1	 -13,3
s	   156,1765	 8	326,77	 91,21	   5,7	  17,4	  21,9	  22,7	  23,7	  23,0	  20,0	 -13,4
s	   156,2268	 8	326,91	 86,26	   4,6	  16,5	  21,0	  21,5	  22,6	  22,6	  20,0	 -13,4
s	   157,2328	 7	140,29	 91,17	   7,3	  18,6	  23,0	  23,7	  24,8	  24,1	  21,0	 -11,7
s	   157,3772	 8	140,35	 93,54	   6,4	  18,1	  22,6	  23,4	  24,4	  23,7	  20,9	 -11,8
s	   157,4272	 8	140,22	 88,62	   6,1	  17,6	  22,0	  22,4	  23,5	  23,7	  20,9	 -11,8
s	   159,5652	 8	277,60	 85,43	   6,0	  17,6	  21,9	  22,3	  23,5	  23,8	  20,7	 -12,2
s	   160,1166	 8	260,63	 87,96	   6,2	  18,0	  22,5	  23,2	  24,3	  23,5	  20,7	 -12,3
s	   160,6611	 5	177,39	 92,33	   6,4	  17,7	  22,8	  23,8	  25,1	  24,8	  20,9	 -12,1
s	   160,9338	 8	212,19	 88,86	   4,7	  16,8	  21,4	  22,2	  23,2	  22,3	  19,6	 -14,2
s	   161,0706	 6	184,72	 92,07	   5,4	  17,2	  22,5	  23,5	  24,7	  24,3	  20,8	 -12,2
s	   161,3929	 8	221,21	 88,61	   6,2	  17,9	  22,4	  23,2	  24,2	  23,4	  20,6	 -12,5
s	   163,1888	 7	 64,86	 91,70	   7,1	  18,2	  22,6	  23,4	  24,4	  23,6	  20,5	 -12,7
s	   163,3287	 8	 64,83	 93,99	   6,8	  18,1	  22,6	  23,3	  24,3	  23,5	  20,4	 -12,8
s	   164,3412	 6	 18,31	 92,81	   6,0	  17,3	  22,6	  23,5	  24,7	  24,3	  20,5	 -12,8
s	   165,1745	 3	  2,62	 90,00	   8,6	  19,1	  23,1	  23,9	  25,1	  24,7	  20,8	 -12,6
s	   165,3608	 4	  2,71	 87,56	   8,1	  18,5	  22,4	  22,9	  24,1	  24,7	  20,7	 -12,8
s	   165,7352	 8	116,72	 91,68	   6,0	  17,6	  22,2	  23,0	  24,0	  23,0	  20,2	 -13,3
s	   165,7966	 5	  2,46	 94,70	   7,8	  18,4	  22,3	  22,7	  24,0	  24,6	  20,5	 -12,9
s	   165,8444	 5	  2,78	 85,30	   7,1	  18,0	  22,1	  22,5	  23,7	  24,2	  20,5	 -12,9
s	   166,1212	 8	 65,28	 89,27	   5,7	  17,2	  21,6	  22,0	  23,1	  23,2	  20,2	 -13,3
s	   166,5542	 6	  2,38	 96,95	   7,6	  18,4	  22,3	  22,6	  23,9	  24,5	  20,4	 -13,2
s	   167,7928	 7	  2,95	 80,67	   6,0	  17,1	  21,0	  21,1	  22,3	  23,7	  19,9	 -13,7
s	   168,3603	 4	 10,71	 90,28	   8,2	  18,8	  22,9	  23,6	  24,8	  24,3	  20,4	 -13,3
s	   168,4964	 5	 10,63	 92,51	   8,0	  18,7	  22,8	  23,6	  24,7	  24,2	  20,3	 -13,4
s	   169,0192	 6	 10,86	 85,66	   6,7	  17,7	  21,8	  22,3	  23,4	  23,7	  20,2	 -13,6
s	   169,0601	 8	  2,22	101,54	   5,0	  16,6	  20,6	  20,7	  21,9	  23,2	  19,7	 -14,1
s	   169,1287	 5	 11,66	 87,92	   6,9	  17,9	  21,9	  22,4	  23,6	  24,0	  20,3	 -13,5
s	   169,2948	 8	  3,03	 78,31	   4,2	  15,4	  19,2	  19,0	  20,2	  22,4	  18,9	 -15,6
s	   169,5561	 6	 11,43	 94,92	   6,7	  17,8	  21,9	  22,3	  23,5	  23,9	  20,1	 -13,7
s	   169,8579	 7	 10,95	 83,28	   5,4	  16,7	  20,8	  21,0	  22,2	  23,2	  20,0	 -13,8
s	   169,8737	 7	162,23	 92,73	   4,8	  16,6	  22,0	  23,0	  24,1	  23,5	  20,0	 -13,8
s	   170,2992	 7	 11,35	 97,13	   6,5	  17,7	  21,8	  22,1	  23,3	  23,8	  19,9	 -13,9
s	   170,5848	 8	 60,60	 91,64	   5,7	  17,4	  22,0	  22,7	  23,7	  22,7	  19,8	 -14,1
s	   170,8432	 8	 10,39	 99,47	   4,4	  15,7	  19,8	  19,8	  21,0	  22,1	  18,8	 -15,9
s	   170,9940	 4	177,46	 90,00	   7,4	  18,4	  22,5	  23,3	  24,5	  23,9	  20,2	 -13,7
s	   171,1748	 5	177,37	 87,63	   6,9	  17,8	  21,8	  22,3	  23,5	  23,9	  20,1	 -13,8
s	   171,5977	 6	177,61	 94,57	   6,6	  17,7	  21,8	  22,2	  23,4	  23,8	  19,9	 -14,0
s	   171,6088	 8	 11,90	 80,98	   5,9	  17,3	  21,4	  21,8	  22,9	  23,3	  19,5	 -14,5
s	   171,6441	 6	177,30	 85,44	   5,9	  17,3	  21,5	  21,9	  23,1	  23,4	  19,9	 -14,0
s	   171,6669	 8	294,00	 88,11	   5,7	  17,3	  21,9	  22,7	  23,7	  22,6	  19,7	 -14,3
s	   171,8087	 7	 46,91	 91,36	   6,7	  17,5	  21,8	  22,5	  23,6	  22,8	  18,8	 -16,0
s	   171,9425	 8	 46,85	 93,55	   5,7	  17,0	  21,4	  22,2	  23,2	  22,3	  18,7	 -16,1
s	   172,3332	 7	177,69	 96,75	   6,4	  17,7	  21,7	  22,0	  23,2	  23,7	  19,8	 -14,3
s	   172,4718	 7	177,22	 83,09	   4,6	  16,3	  20,5	  20,6	  21,8	  22,9	  19,8	 -14,3
s	   173,5359	 8	177,14	 80,94	   4,8	  16,4	  20,4	  20,5	  21,7	  23,0	  19,3	 -14,8
s	   173,9774	 6	168,62	 87,97	   6,5	  17,5	  21,6	  22,1	  23,2	  23,5	  19,8	 -14,4
s	   174,0871	 5	169,60	 90,27	   7,0	  18,0	  22,3	  23,1	  24,2	  23,5	  19,9	 -14,3
s	   174,2194	 6	169,68	 92,44	   6,8	  18,0	  22,3	  23,0	  24,1	  23,5	  19,7	 -14,5
s	   174,3945	 7	168,86	 94,80	   6,3	  17,4	  21,5	  21,9	  23,1	  23,4	  19,6	 -14,6
s	   174,7272	 7	169,45	 85,78	   6,3	  17,4	  21,5	  21,9	  23,1	  23,4	  19,6	 -14,7
s	   174,9606	 8	 98,68	 91,87	   5,6	  16,7	  21,3	  22,0	  23,0	  21,9	  18,4	 -16,6
s	   175,1197	 8	168,93	 96,95	   6,0	  17,4	  21,5	  21,8	  23,0	  23,3	  19,4	 -14,8
s	   175,5357	 8	167,80	 92,49	   4,3	  16,2	  21,7	  22,6	  23,7	  23,0	  19,4	 -14,9
s	   175,5422	 8	169,37	 83,47	   5,0	  16,4	  20,5	  20,6	  21,8	  22,9	  19,4	 -14,9
s	   177,1721	 7	 83,08	 91,88	   6,4	  17,2	  21,5	  22,2	  23,3	  22,5	  18,4	 -16,9
s	   177,3023	 8	 83,07	 94,01	   6,2	  17,2	  21,5	  22,1	  23,2	  22,4	  18,3	 -17,0
s	   178,7157	 8	311,32	 88,43	   5,4	  16,7	  21,1	  21,9	  22,9	  21,9	  18,1	 -17,2
s	   180,3523	 8	 83,19	 89,61	   5,0	  16,2	  20,5	  20,8	  21,9	  22,1	  18,0	 -17,5
s	   181,2926	 8	 34,38	 91,04	   6,2	  17,5	  21,8	  22,5	  23,5	  22,6	  18,9	 -15,9
s	   186,1285	 8	145,52	 91,04	   6,0	  17,3	  21,6	  22,3	  23,2	  22,4	  18,5	 -16,8
s	   186,4278	 8	276,62	 87,96	   5,1	  16,4	  20,8	  21,5	  22,5	  21,5	  17,5	 -18,5
s	   187,1657	 8	323,64	 88,75	   4,3	  16,4	  21,0	  21,8	  22,7	  21,6	  18,5	 -16,9
s	   187,6983	 8	 32,25	 93,01	   3,8	  15,7	  21,1	  22,1	  23,2	  22,3	  18,5	 -16,9
s	   188,2925	 8	 67,97	 91,75	   5,9	  16,6	  20,9	  21,7	  22,6	  21,5	  17,3	 -18,9
s	   189,3955	 7	332,47	 89,01	   4,4	  16,0	  20,5	  21,3	  22,2	  21,2	  17,4	 -18,9
s	   189,5608	 8	332,53	 86,84	   3,2	  15,0	  19,5	  20,0	  21,0	  20,8	  17,3	 -19,0
s	   190,5269	 7	155,36	 90,75	   5,1	  16,7	  21,2	  22,0	  22,9	  21,9	  18,4	 -17,3
s	   190,6914	 8	155,29	 88,59	   3,9	  15,7	  20,2	  20,7	  21,7	  21,5	  18,2	 -17,4
s	   192,2422	 8	 51,74	 91,47	   5,8	  17,0	  21,3	  22,0	  23,0	  22,1	  18,1	 -17,8
s	   193,0190	 8	207,04	 89,03	   3,3	  15,4	  20,0	  20,8	  21,7	  20,6	  17,0	 -19,6
s	   196,5062	 7	 30,86	 90,94	   4,9	  16,5	  21,0	  21,7	  22,7	  21,6	  17,9	 -18,3
s	   196,6663	 8	 30,93	 88,84	   4,4	  15,9	  20,3	  20,7	  21,7	  21,6	  17,8	 -18,4
s	   198,9056	 8	355,40	 89,77	   2,3	  15,4	  20,1	  20,8	  21,8	  20,7	  17,6	 -18,8
s	   199,5085	 8	 16,14	 92,40	   2,6	  14,9	  20,4	  21,4	  22,4	  21,6	  17,6	 -18,9
s	   203,7965	 8	 83,88	 91,89	   5,1	  16,4	  20,9	  21,6	  22,5	  21,4	  17,3	 -19,6
s	   209,4782	 7	 15,49	 90,46	   4,6	  16,1	  20,5	  21,2	  22,1	  21,1	  16,9	 -20,5
s	   209,5222	 5	  2,07	 91,84	   4,3	  15,7	  20,8	  21,7	  22,9	  22,3	  17,2	 -20,2
s	   209,5403	 8	 15,44	 91,84	   2,4	  14,6	  20,0	  21,0	  21,9	  20,9	  16,8	 -20,6
s	   209,6294	 8	 15,56	 88,47	   3,3	  15,1	  19,5	  19,9	  20,9	  20,6	  16,8	 -20,6
s	   209,8792	 8	191,10	 89,55	   2,7	  15,2	  19,9	  20,6	  21,5	  20,3	  16,8	 -20,6
s	   211,2991	 8	  2,38	 82,84	  -0,7	  11,9	  18,1	  18,7	  19,9	  20,9	  16,5	 -21,0
s	   211,5410	 8	  2,39	 82,40	   1,3	  13,4	  18,5	  18,8	  20,0	  21,0	  16,5	 -21,1
s	   211,9206	 8	 29,47	 90,90	   3,3	  15,4	  20,0	  20,8	  21,7	  20,4	  16,7	 -20,9
s	   212,1154	 6	  8,66	 92,05	   4,0	  15,4	  20,6	  21,5	  22,6	  21,9	  16,9	 -20,7
s	   213,7064	 7	349,01	 91,37	   3,0	  14,9	  20,2	  21,1	  22,2	  21,3	  16,6	 -21,1
s	   215,3410	 6	177,98	 91,80	   3,2	  15,0	  20,2	  21,2	  22,3	  21,5	  16,6	 -21,2
s	   217,0330	 8	 21,80	 90,67	   3,2	  15,2	  19,9	  20,6	  21,5	  20,2	  16,3	 -21,7
s	   217,8723	 7	171,54	 92,00	   2,8	  14,7	  20,0	  21,0	  22,0	  21,1	  16,3	 -21,8
s	   219,8886	 4	  2,04	 90,00	   5,9	  16,6	  20,6	  21,3	  22,4	  21,7	  15,5	 -23,5
s	   220,0335	 5	  2,10	 88,10	   5,4	  16,0	  19,9	  20,3	  21,4	  21,6	  15,4	 -23,7
s	   220,3726	 6	  1,91	 93,66	   4,5	  15,6	  19,6	  19,9	  21,0	  21,2	  15,2	 -23,8
s	   220,4098	 6	  2,16	 86,34	   4,7	  15,8	  19,8	  20,2	  21,3	  21,4	  16,3	 -22,1
s	   221,0741	 7	  2,23	 84,46	   3,2	  14,6	  18,6	  18,7	  19,8	  20,7	  15,1	 -24,1
s	   221,8558	 8	  1,79	 97,29	   3,7	  14,9	  18,8	  18,8	  19,9	  21,0	  14,9	 -24,3
s	   222,3736	 5	  8,36	 90,22	   5,6	  16,3	  20,4	  21,1	  22,2	  21,3	  15,2	 -24,0
s	   222,5170	 6	  8,42	 88,34	   5,1	  15,8	  19,7	  20,1	  21,2	  21,3	  15,1	 -24,2
s	   222,8527	 7	  8,24	 93,84	   4,1	  15,3	  19,4	  19,8	  20,8	  20,8	  15,0	 -24,3
s	   222,8895	 7	  8,48	 86,60	   4,4	  15,5	  19,6	  20,0	  21,1	  21,0	  16,0	 -22,6
s	   223,5472	 8	  8,55	 84,73	   2,9	  14,3	  18,4	  18,5	  19,5	  20,3	  14,8	 -24,6
s	   225,7104	 5	178,01	 90,00	   4,8	  15,9	  20,1	  20,8	  21,8	  21,0	  15,0	 -24,6
s	   225,8519	 6	177,95	 88,15	   4,3	  15,4	  19,4	  19,7	  20,8	  20,9	  14,9	 -24,7
s	   226,1832	 7	178,13	 93,58	   3,3	  14,9	  19,0	  19,4	  20,5	  20,5	  14,7	 -24,9
s	   226,2195	 7	177,89	 86,43	   3,5	  15,1	  19,3	  19,6	  20,7	  20,7	  15,7	 -23,1
s	   228,1384	 6	171,83	 90,22	   4,5	  15,7	  19,9	  20,6	  21,6	  20,6	  14,7	 -25,1
s	   228,2786	 7	171,77	 88,38	   4,0	  15,1	  19,2	  19,6	  20,6	  20,5	  14,6	 -25,2
s	   228,6067	 8	171,95	 93,75	   3,0	  14,6	  18,9	  19,2	  20,2	  20,1	  14,4	 -25,4
s	   228,6427	 8	171,71	 86,68	   3,2	  14,9	  19,1	  19,5	  20,5	  20,3	  15,5	 -23,6
s	   233,3072	 7	165,96	 90,41	   3,3	  15,0	  19,4	  20,1	  21,0	  19,9	  14,2	 -26,0
s	   233,4446	 8	165,90	 88,61	   2,8	  14,5	  18,7	  19,1	  20,1	  19,9	  14,1	 -26,1
s	   235,7983	 7	 20,17	 90,62	   3,5	  15,0	  19,5	  20,2	  21,1	  19,8	  15,1	 -24,6
s	   239,3634	 8	349,54	 87,82	   2,9	  14,5	  18,7	  19,1	  20,1	  19,8	  14,7	 -25,3
s	   241,2737	 8	160,26	 90,60	   2,3	  14,4	  19,0	  19,7	  20,6	  19,1	  14,6	 -25,6
s	   244,6291	 8	 25,63	 90,79	   2,2	  14,3	  18,9	  19,6	  20,5	  19,0	  14,4	 -26,1
#END
