#HEADER
CATT-Acoustic v8.0b    Copyright © CATT 1988-2003

 Project                : Aula Optica 

 GEOMETRICAL INFORMATION
 Src id and loc     [m] :   E0           9,400        4,600        1,300
 Rec id and loc     [m] :   20          13,000        7,600        1,200

 20       13,6524

 VARIABLE SOURCE DATA
 Directivity
   Type (library)       :  OMNI.SD0
   Dir. Index (DI) [dB] :       0,0      0,0      0,0      0,0      0,0      0,0      0,0      0,0
 Level
   On axis 1m      [dB] :      48,1     57,1     60,8     61,7     63,4     64,6     64,6     48,2
   Total power     [dB] :      59,0     68,0     71,7     72,6     74,3     75,5     75,5     59,1
   Auxiliary delay [ms] :       0,0

 VARIABLE AIR DATA
 Temperature       [°C] :      20
 Relative humidity  [%] :      50
 Density        [kg/m³] :       1,2
 Sound speed      [m/s] :     343
 Impedance      [Ns/m³] :     412
 Diss. coeff. [0.001/m] :      0,10     0,30     0,63     1,07     2,28     6,83    24,23    83,90      (estimated)

#DATAFIELDS
 TYPE DELAY ORDER AZIMUTH ELEVATION SPL125 SPL250 SPL500 SPL1K SPL2K SPL4K SPL8K SPL16K
#DATA
d	     0,0000	 0	115,32	 89,20	  34,7	  43,7	  47,4	  48,3	  49,9	  51,0	  50,7	  33,1
s	     1,8178	 1	115,43	118,50	  32,9	  42,1	  45,8	  46,6	  48,3	  49,4	  49,0	  31,2
*	    19,6594	 1	261,42	109,04	   0,5	   9,7	  13,3	  14,2	  15,8	  16,8	  15,9	  -3,5
*	    19,3354	 1	218,09	105,88	  -0,4	   8,7	  12,4	  13,3	  14,9	  15,9	  15,0	  -4,3
*	    26,2151	 1	196,23	100,71	  -6,1	   3,1	   6,8	   7,6	   9,2	  10,2	   9,1	 -10,8
*	     6,3953	 1	296,15	150,48	  17,6	  26,8	  30,5	  31,3	  33,0	  34,1	  33,5	  15,3
*	     6,7300	 1	175,40	116,00	  12,0	  21,2	  24,8	  25,7	  27,3	  28,5	  27,9	   9,6
*	    15,9615	 1	169,10	102,83	   1,7	  10,8	  14,5	  15,4	  17,0	  18,1	  17,2	  -1,8
*	     5,7494	 1	 62,79	116,77	  13,1	  22,3	  26,0	  26,8	  28,5	  29,6	  29,0	  10,9
*	     2,2240	 1	119,21	109,90	  19,3	  28,4	  32,1	  33,0	  34,6	  35,8	  35,3	  17,5
*	    11,6462	 1	139,54	102,00	   7,6	  16,7	  20,4	  21,3	  22,9	  24,0	  23,3	   4,6
*	    14,2451	 1	 68,72	103,27	   3,4	  12,6	  16,2	  17,1	  18,7	  19,8	  19,0	   0,1
*	    10,1808	 1	 98,43	102,19	  10,1	  19,3	  23,0	  23,8	  25,5	  26,5	  25,9	   7,3
*	    17,2633	 1	118,94	 99,55	   3,0	  12,2	  15,9	  16,7	  18,4	  19,4	  18,5	  -0,6
*	    27,6739	 1	 70,47	 98,82	  -6,7	   2,4	   6,1	   6,9	   8,6	   9,5	   8,4	 -11,7
*	    25,3570	 1	 90,28	 98,52	  -4,5	   4,6	   8,3	   9,2	  10,8	  11,8	  10,7	  -9,2
*	    30,0878	 1	106,78	 97,50	  -7,3	   1,8	   5,5	   6,3	   8,0	   8,9	   7,7	 -12,6
*	    42,9870	 1	 71,32	 96,66	 -15,0	  -5,9	  -2,2	  -1,4	   0,2	   1,1	  -0,5	 -21,9
*	    41,4947	 1	 86,10	 96,55	 -14,1	  -4,9	  -1,3	  -0,4	   1,2	   2,0	   0,5	 -20,8
*	    45,0176	 1	 99,39	 96,07	 -15,6	  -6,4	  -2,7	  -1,9	  -0,3	   0,5	  -1,1	 -22,7
s	     2,3991	 1	115,20	 58,67	  31,1	  40,2	  43,8	  44,4	  46,0	  47,9	  47,8	  29,3
*	    39,7502	 1	212,56	 79,35	 -10,5	  -0,6	   3,3	   4,0	   5,6	   7,3	   6,2	 -13,2
*	    34,2455	 1	231,00	 76,80	  -7,3	   2,6	   6,4	   7,2	   8,8	  10,5	   9,6	  -9,4
*	    33,9865	 1	256,58	 75,49	  -6,8	   3,1	   6,9	   7,7	   9,3	  11,0	  10,1	  -8,8
*	    26,8996	 1	194,95	 76,67	  -3,4	   6,5	  10,4	  11,2	  12,8	  14,5	  13,8	  -4,5
*	    19,3468	 1	214,55	 69,92	   2,6	  12,5	  16,4	  17,1	  18,8	  20,5	  20,0	   2,4
*	    18,5604	 1	257,53	 64,11	   4,5	  14,4	  18,2	  19,0	  20,7	  22,4	  22,0	   4,4
*	    17,3730	 1	168,63	 75,01	   3,7	  13,6	  17,4	  18,2	  19,8	  21,6	  21,2	   3,7
*	     7,5873	 1	171,85	 61,37	  13,7	  23,6	  27,5	  28,3	  29,9	  31,8	  31,6	  15,0
*	     5,9541	 1	275,60	 12,12	  20,1	  30,0	  33,9	  34,6	  36,3	  38,2	  38,0	  21,6
*	    13,7255	 1	141,02	 76,48	   8,4	  18,3	  22,2	  23,0	  24,6	  26,4	  26,0	   8,9
*	     3,2180	 1	122,60	 68,39	  21,5	  31,4	  35,3	  36,1	  37,7	  39,6	  39,5	  23,3
*	     5,3303	 1	 73,01	 59,73	  16,5	  26,4	  30,3	  31,1	  32,7	  34,6	  34,4	  18,1
*	    19,1935	 1	121,51	 79,39	   4,3	  14,2	  18,1	  18,8	  20,5	  22,2	  21,7	   4,1
*	    10,9972	 1	102,42	 76,44	  12,7	  22,6	  26,5	  27,3	  28,9	  30,8	  30,5	  13,6
*	    13,7518	 1	 74,32	 74,80	   7,3	  17,1	  21,0	  21,8	  23,4	  25,2	  24,9	   7,7
*	    31,3927	 1	109,64	 81,82	  -4,9	   4,9	   8,8	   9,6	  11,2	  12,9	  12,0	  -6,7
*	    25,9074	 1	 93,88	 80,61	  -1,6	   8,3	  12,1	  12,9	  14,5	  16,3	  15,6	  -2,6
*	    27,3044	 1	 74,74	 80,08	  -3,2	   6,7	  10,5	  11,3	  12,9	  14,7	  13,9	  -4,4
*	    45,8712	 1	102,24	 83,53	 -12,8	  -2,9	   1,0	   1,7	   3,3	   4,9	   3,7	 -16,3
*	    41,7940	 1	 89,37	 82,93	 -11,0	  -1,1	   2,7	   3,5	   5,1	   6,7	   5,6	 -14,0
*	    42,6185	 1	 74,94	 82,70	 -11,6	  -1,8	   2,1	   2,9	   4,5	   6,1	   5,0	 -14,7
s	     6,9537	 2	115,55	138,94	  28,7	  37,9	  41,6	  42,1	  43,7	  45,6	  45,4	  26,4
s	     7,3937	 2	115,09	 40,85	  29,0	  38,4	  42,1	  42,7	  44,4	  46,2	  46,0	  27,7
s	     7,7375	 1	 14,88	 89,34	  29,6	  38,6	  42,4	  43,3	  44,9	  45,8	  45,1	  26,1
*	    34,2299	 1	 64,86	 93,40	  -6,6	   2,4	   6,2	   7,1	   8,6	   9,4	   9,3	  -9,7
*	    27,1681	 1	 62,90	 93,93	  -2,5	   6,6	  10,4	  11,2	  12,8	  13,6	  13,7	  -4,7
*	    20,7231	 1	 60,09	 94,69	   2,0	  11,0	  14,8	  15,6	  17,2	  18,1	  18,3	   0,5
*	    20,9895	 1	 60,14	 81,85	   1,8	  10,8	  14,6	  15,4	  17,0	  17,9	  18,1	   0,3
*	    15,2222	 1	 55,70	 95,83	   6,4	  15,4	  19,2	  20,1	  21,7	  22,6	  22,9	   5,7
*	    15,5422	 1	 55,77	 79,54	   6,1	  15,2	  18,9	  19,8	  21,4	  22,3	  22,6	   5,4
*	    11,0362	 1	 48,11	 97,72	  10,7	  19,7	  23,5	  24,4	  26,0	  26,9	  27,4	  10,5
*	    11,4280	 1	 48,23	 75,77	  10,2	  19,3	  23,1	  23,9	  25,5	  26,4	  26,9	  10,0
*	     8,4968	 1	 32,77	101,07	  14,8	  23,8	  27,6	  28,5	  30,1	  31,0	  31,6	  14,9
*	     8,9993	 1	 32,99	 69,28	  14,0	  23,1	  26,9	  27,7	  29,3	  30,3	  30,8	  14,1
*	     8,2663	 1	358,74	105,33	  17,7	  26,7	  30,5	  31,4	  33,0	  33,9	  34,5	  17,8
*	     8,9007	 1	359,12	 61,16	  16,3	  25,4	  29,1	  30,0	  31,6	  32,6	  33,1	  16,4
*	    11,6190	 1	314,04	103,20	  14,1	  23,2	  26,9	  27,8	  29,4	  30,3	  30,8	  13,9
*	    12,1827	 1	314,27	 63,90	  13,1	  22,1	  25,9	  26,8	  28,4	  29,3	  29,7	  12,7
*	    17,6543	 1	289,94	 98,63	   7,0	  16,0	  19,8	  20,7	  22,3	  23,1	  23,5	   6,0
*	    18,0571	 1	290,01	 71,82	   6,5	  15,5	  19,3	  20,2	  21,8	  22,6	  22,9	   5,4
*	    24,7506	 1	278,95	 95,94	   0,6	   9,7	  13,5	  14,3	  15,9	  16,7	  16,8	  -1,3
*	    25,0501	 1	278,98	 76,86	   0,4	   9,4	  13,2	  14,1	  15,6	  16,4	  16,6	  -1,6
*	    32,3037	 1	273,10	 94,41	  -4,6	   4,4	   8,2	   9,1	  10,6	  11,4	  11,3	  -7,5
*	    32,5402	 1	273,11	 79,83	  -4,8	   4,3	   8,0	   8,9	  10,5	  11,2	  11,1	  -7,7
s	     8,9411	 2	 14,72	108,92	  29,4	  38,6	  42,4	  43,2	  44,9	  45,8	  45,3	  26,9
s	     9,3431	 2	 15,05	 68,57	  27,7	  36,9	  40,6	  41,1	  42,7	  44,4	  44,4	  25,1
s	    12,7248	 3	 14,55	125,94	  26,3	  35,6	  39,3	  39,8	  41,5	  43,2	  42,9	  23,4
s	    13,1016	 3	115,66	149,74	  26,7	  36,3	  40,0	  40,5	  42,2	  44,1	  43,6	  24,8
s	    14,1100	 3	114,98	 29,87	  24,8	  34,4	  38,0	  38,2	  39,9	  42,5	  42,4	  22,8
s	    14,2380	 5	 13,74	 53,58	  25,9	  35,5	  39,4	  40,0	  41,5	  42,9	  43,0	  24,1
s	    17,7628	 4	 14,39	137,21	  25,1	  34,7	  38,5	  39,0	  40,6	  42,4	  41,9	  22,7
s	    18,6260	 4	 15,38	 41,62	  23,3	  32,9	  36,6	  36,8	  38,4	  40,9	  40,9	  20,8
s	    20,3713	 4	115,78	156,77	  22,8	  32,6	  36,2	  36,4	  38,0	  40,7	  40,3	  20,1
s	    20,9057	 4	114,87	 23,68	  23,2	  33,1	  36,8	  37,0	  38,7	  41,3	  41,0	  21,5
*	    23,3332	 1	164,14	 99,71	  -1,3	   8,2	  12,0	  12,9	  14,5	  15,4	  14,7	  -4,9
s	    23,3984	 1	149,07	 89,79	  24,8	  34,3	  38,1	  39,0	  40,6	  41,5	  40,8	  21,1
*	    26,5908	 1	133,24	 85,48	   7,4	  16,9	  20,7	  21,6	  23,1	  24,0	  23,3	   3,3
s	    24,1060	 2	149,15	101,36	  24,4	  34,1	  37,9	  38,8	  40,3	  41,2	  40,5	  20,8
s	    24,1465	 5	 14,22	145,66	  21,7	  31,5	  35,2	  35,4	  37,0	  39,4	  39,2	  18,7
s	    24,3479	 2	148,99	 77,39	  23,3	  33,1	  36,9	  37,5	  39,1	  40,8	  40,5	  20,7
s	    24,6282	 5	 15,53	 34,09	  22,1	  32,0	  35,8	  36,0	  37,6	  40,1	  39,8	  20,0
s	    26,4847	 3	149,24	112,86	  21,9	  31,7	  35,5	  35,9	  37,5	  39,2	  38,8	  18,1
s	    26,7123	 3	148,90	 66,86	  22,4	  32,3	  36,1	  36,7	  38,3	  39,9	  39,5	  19,5
*	    27,4210	 1	170,31	 99,02	  -6,5	   2,7	   6,6	  10,1	  12,6	  13,3	  12,3	  -7,8
*	    28,3764	 1	173,40	 98,93	  -7,1	   2,1	   5,9	   9,4	  11,9	  12,7	  11,6	  -8,6
*	    29,4346	 1	176,46	 98,84	  -7,8	   1,4	   5,2	   8,7	  11,2	  12,0	  10,9	  -9,4
*	    30,5892	 1	179,45	 98,71	  -8,5	   0,7	   4,5	   8,0	  10,5	  11,3	  10,1	 -10,2
*	    27,0561	 1	170,28	 95,95	  -6,2	   3,0	   6,8	  10,3	  12,8	  13,6	  12,5	  -7,5
*	    28,0214	 1	173,38	 95,89	  -6,9	   2,3	   6,1	   9,6	  12,1	  12,9	  11,8	  -8,3
*	    29,0895	 1	176,44	 95,80	  -7,6	   1,6	   5,4	   8,9	  11,4	  12,2	  11,1	  -9,1
*	    30,2540	 1	179,43	 95,71	  -8,3	   0,9	   4,7	   8,2	  10,7	  11,5	  10,3	 -10,0
*	    26,8346	 1	170,26	 92,83	  -6,1	   3,1	   6,9	  10,4	  12,9	  13,7	  12,7	  -7,3
*	    27,8061	 1	173,35	 92,79	  -6,7	   2,5	   6,3	   9,8	  12,3	  13,0	  12,0	  -8,1
*	    28,8804	 1	176,41	 92,75	  -7,4	   1,8	   5,6	   9,1	  11,6	  12,3	  11,2	  -9,0
*	    30,0511	 1	179,40	 92,69	  -8,2	   1,0	   4,8	   8,3	  10,8	  11,6	  10,5	  -9,8
*	    26,7590	 1	170,23	 89,71	  -6,0	   3,2	   7,0	  10,5	  13,0	  13,8	  12,7	  -7,3
*	    27,7329	 1	173,33	 89,69	  -6,7	   2,5	   6,3	   9,8	  12,3	  13,1	  12,0	  -8,1
*	    28,8095	 1	176,39	 89,66	  -7,4	   1,8	   5,6	   9,1	  11,6	  12,4	  11,3	  -8,9
*	    29,9825	 1	179,38	 89,64	  -8,1	   1,1	   4,9	   8,4	  10,9	  11,6	  10,5	  -9,8
*	    26,8302	 1	170,21	 86,58	  -6,1	   3,1	   6,9	  10,4	  13,0	  13,7	  12,7	  -7,3
*	    27,8025	 1	173,30	 86,58	  -6,7	   2,5	   6,3	   9,8	  12,3	  13,0	  12,0	  -8,1
*	    28,8775	 1	176,36	 86,58	  -7,4	   1,8	   5,6	   9,1	  11,6	  12,3	  11,2	  -9,0
*	    30,0488	 1	179,35	 86,60	  -8,2	   1,0	   4,8	   8,3	  10,8	  11,6	  10,5	  -9,8
*	    27,0474	 1	170,18	 83,48	  -6,2	   3,0	   6,8	  10,3	  12,8	  13,6	  12,5	  -7,5
*	    28,0142	 1	173,28	 83,50	  -6,9	   2,3	   6,1	   9,6	  12,2	  12,9	  11,8	  -8,3
*	    29,0837	 1	176,34	 83,53	  -7,6	   1,6	   5,4	   9,0	  11,5	  12,2	  11,1	  -9,1
*	    30,2494	 1	179,33	 83,58	  -8,3	   0,9	   4,7	   8,2	  10,7	  11,5	  10,3	 -10,0
s	    27,4207	 5	115,89	161,01	  21,5	  31,6	  35,2	  35,4	  37,1	  39,7	  39,1	  19,1
s	    28,5213	 5	114,76	 19,30	  19,7	  29,7	  33,4	  33,2	  34,9	  38,2	  38,1	  17,2
*	    29,2511	 1	123,64	 97,55	  -4,2	   5,3	   9,1	  10,0	  11,6	  12,4	  11,6	  -8,6
s	    29,9612	 4	149,32	122,08	  21,5	  31,6	  35,4	  35,9	  37,5	  39,2	  38,6	  18,3
s	    30,5870	 4	148,82	 57,11	  19,8	  29,9	  33,6	  33,8	  35,4	  37,9	  37,7	  16,6
s	    31,6219	 6	 15,70	 28,31	  18,9	  28,9	  32,7	  32,5	  34,1	  37,3	  37,2	  16,0
*	    31,8437	 1	125,50	 81,21	  -9,4	   0,1	   3,9	   4,8	   6,4	   7,2	   6,3	 -14,1
s	    32,5619	 1	244,61	 89,22	  22,9	  32,4	  36,2	  37,1	  38,6	  39,4	  38,6	  18,1
*	    35,8362	 1	271,35	 81,75	   4,2	  13,7	  17,5	  18,3	  19,9	  20,7	  19,7	  -1,1
*	    33,3809	 1	233,61	 82,11	   5,1	  14,6	  18,4	  19,3	  20,8	  21,6	  20,7	   0,2
*	    42,0437	 1	208,10	 84,28	   0,2	   9,7	  13,5	  14,4	  16,0	  16,7	  15,6	  -5,8
s	    32,9807	 2	358,51	 89,63	  22,6	  32,1	  36,0	  36,9	  38,4	  39,1	  38,4	  17,8
*	    33,0340	 1	184,94	 98,43	 -11,4	  -1,9	   1,9	   2,8	   4,4	   5,2	   4,3	 -16,3
s	    33,1311	 2	244,65	 98,54	  22,3	  32,0	  35,8	  36,6	  38,2	  39,0	  38,1	  17,6
*	    33,1750	 1	190,63	 98,61	  -7,9	   1,6	   5,4	   6,3	   7,8	   8,6	   7,7	 -12,8
s	    33,3266	 2	244,58	 79,22	  20,8	  30,4	  34,1	  34,7	  36,2	  37,8	  37,3	  15,9
s	    33,5449	 3	358,44	 98,86	  22,3	  32,0	  35,9	  36,7	  38,2	  38,9	  38,1	  17,6
s	    33,7386	 3	358,59	 79,72	  21,2	  31,0	  34,9	  35,5	  37,0	  38,5	  38,1	  17,5
s	    34,7623	 5	149,41	130,31	  18,8	  29,0	  32,8	  33,0	  34,5	  37,0	  36,6	  15,2
s	    35,0712	 3	244,68	108,05	  20,2	  30,0	  33,8	  34,3	  35,8	  37,4	  36,8	  15,3
s	    35,1880	 6	116,02	164,19	  18,2	  28,4	  32,0	  31,9	  33,5	  36,9	  36,4	  14,9
s	    35,2589	 3	244,55	 70,46	  20,7	  30,6	  34,5	  35,0	  36,6	  38,2	  37,5	  16,8
s	    35,4078	 2	277,85	 89,20	  22,1	  31,7	  35,6	  36,5	  38,0	  38,6	  37,9	  17,1
s	    35,5204	 5	148,73	 49,13	  20,2	  30,4	  34,3	  34,8	  36,3	  37,8	  37,3	  16,5
s	    35,6548	 4	358,67	 71,03	  20,4	  30,4	  34,3	  34,9	  36,4	  37,8	  37,3	  16,6
s	    35,7476	 6	114,65	 16,46	  18,6	  29,0	  32,7	  32,6	  34,2	  37,5	  37,1	  16,3
s	    35,9444	 3	277,84	 97,98	  21,6	  31,3	  35,2	  36,0	  37,6	  38,2	  37,4	  16,6
s	    36,1288	 3	277,86	 79,77	  20,0	  29,7	  33,5	  34,1	  35,6	  37,0	  36,6	  15,0
s	    37,7784	 4	277,83	107,01	  19,5	  29,4	  33,2	  33,7	  35,2	  36,7	  36,1	  14,4
s	    37,9727	 4	244,71	116,05	  20,0	  30,1	  34,0	  34,4	  36,0	  37,6	  36,9	  15,9
s	    38,3479	 5	358,28	116,25	  19,7	  29,9	  33,8	  34,3	  35,8	  37,3	  36,7	  15,7
s	    38,4197	 7	 15,86	 24,37	  17,9	  28,4	  32,1	  32,0	  33,6	  36,8	  36,4	  15,4
s	    38,4197	 7	 13,88	155,86	  18,5	  28,5	  32,3	  32,4	  33,9	  36,2	  35,7	  13,9
s	    38,5024	 4	244,51	 61,97	  18,4	  28,4	  32,2	  32,4	  34,0	  36,3	  36,0	  14,2
s	    38,5707	 6	279,12	 71,01	  19,5	  29,5	  33,6	  34,2	  35,6	  36,8	  36,5	  15,5
s	    38,8739	 5	358,75	 62,59	  18,1	  28,2	  32,1	  32,3	  33,8	  36,0	  35,8	  14,0
s	    39,0110	 3	 15,88	 89,81	  20,6	  30,6	  34,7	  35,5	  37,0	  37,5	  37,0	  15,9
s	    39,5112	 4	 15,82	 98,00	  20,3	  30,5	  34,5	  35,4	  36,8	  37,4	  36,8	  15,7
s	    39,6833	 4	 15,95	 81,01	  19,2	  29,5	  33,6	  34,2	  35,6	  36,9	  36,8	  15,6
s	    39,9514	 6	149,49	136,51	  18,2	  28,8	  32,6	  32,8	  34,3	  36,8	  36,2	  15,1
*	    40,4547	 1	197,24	 97,51	  -4,8	   4,7	   8,6	   9,4	  11,0	  11,7	  10,7	 -10,6
*	    40,6578	 1	197,10	 80,11	  -4,8	   4,6	   8,5	   9,3	  10,9	  11,6	  10,6	 -10,7
s	    40,5352	 5	277,82	114,67	  19,4	  29,5	  33,4	  33,9	  35,4	  36,9	  36,2	  15,0
s	    40,7994	 6	148,65	 43,11	  16,5	  27,1	  30,8	  30,7	  32,2	  35,4	  35,3	  13,3
s	    41,0401	 5	277,88	 63,31	  17,7	  27,9	  31,7	  31,9	  33,4	  35,6	  35,4	  13,3
s	    41,3928	 5	 16,02	 73,21	  18,5	  29,0	  33,0	  33,6	  35,0	  36,4	  36,1	  14,8
s	    42,0879	 5	244,75	123,58	  17,6	  27,8	  31,6	  31,7	  33,3	  35,7	  35,1	  13,0
s	    42,2751	 2	 84,58	 97,94	  19,5	  29,4	  34,1	  35,2	  36,8	  37,7	  36,2	  14,9
s	    42,4157	 5	244,48	 55,09	  18,0	  28,4	  32,3	  32,5	  34,0	  36,4	  35,9	  14,5
s	    42,4357	 6	358,20	123,74	  17,3	  27,6	  31,4	  31,6	  33,1	  35,4	  35,0	  12,8
s	    42,4992	 7	116,13	166,35	  17,3	  27,8	  31,5	  31,4	  33,0	  36,3	  35,6	  14,2
s	    42,7614	 6	358,82	 55,74	  17,8	  28,2	  32,1	  32,3	  33,8	  36,1	  35,7	  14,3
s	    43,6300	 7	114,54	 14,20	  15,6	  26,1	  29,7	  29,2	  30,8	  34,9	  34,6	  12,4
s	    43,8177	 6	 15,69	113,73	  17,9	  28,6	  32,6	  33,1	  34,6	  35,9	  35,5	  14,0
s	    44,2941	 6	 16,08	 65,47	  16,3	  26,9	  30,9	  31,1	  32,5	  34,6	  34,6	  12,3
s	    44,4693	 6	277,81	121,97	  17,0	  27,3	  31,1	  31,3	  32,8	  35,0	  34,6	  12,3
s	    44,6488	 3	 56,68	 97,56	  18,9	  28,8	  33,7	  34,7	  36,3	  37,1	  35,7	  14,1
s	    44,7837	 6	277,89	 56,63	  17,4	  27,9	  31,8	  32,0	  33,5	  35,8	  35,3	  13,7
s	    44,8638	 8	 13,73	158,68	  16,7	  27,3	  31,1	  30,9	  32,5	  35,7	  35,1	  13,5
s	    45,9497	 8	 16,03	 21,15	  15,0	  25,5	  29,2	  28,8	  30,3	  34,3	  34,1	  11,6
s	    46,5700	 7	148,57	 38,21	  15,9	  26,8	  30,6	  30,5	  32,1	  35,3	  34,9	  13,1
s	    46,6499	 6	244,78	129,55	  17,2	  27,8	  31,6	  31,7	  33,3	  35,7	  35,0	  13,2
*	    46,7014	 1	 64,34	 87,46	 -11,1	  -2,0	   1,7	   2,5	   4,1	   4,9	   3,3	 -18,5
s	    47,3454	 7	358,12	130,12	  17,9	  28,3	  32,3	  32,7	  34,2	  35,5	  34,7	  12,9
s	    47,4049	 6	244,44	 48,77	  15,5	  26,1	  29,8	  29,7	  31,2	  34,4	  34,1	  11,5
s	    47,5412	 7	 15,62	120,74	  15,6	  26,4	  30,4	  30,5	  32,0	  34,1	  33,9	  11,3
s	    47,8399	 7	 16,15	 59,04	  16,0	  27,0	  31,1	  31,3	  32,7	  34,8	  34,7	  12,8
*	    47,8637	 1	104,09	 95,82	  -7,3	   2,3	   7,1	   8,2	   9,8	  10,6	   9,1	 -12,8
s	    49,5864	 7	277,90	 50,42	  15,0	  25,6	  29,4	  29,3	  30,8	  33,8	  33,6	  10,8
s	    49,9571	 5	 84,56	119,80	  15,2	  25,6	  30,3	  30,7	  32,3	  34,8	  33,7	  10,9
s	    50,1303	 2	156,05	 89,93	  19,1	  28,7	  32,6	  33,4	  34,9	  35,4	  34,0	  11,2
s	    50,4408	 8	116,26	168,12	  14,4	  25,0	  28,6	  28,1	  29,7	  33,8	  33,3	  10,4
s	    50,5439	 3	156,10	 96,70	  18,8	  28,6	  32,5	  33,3	  34,8	  35,3	  33,8	  11,0
s	    50,5661	 3	300,55	 89,34	  18,9	  28,4	  32,2	  31,7	  32,2	  32,9	  31,7	   9,6
s	    50,6865	 3	156,00	 82,64	  17,8	  27,6	  31,5	  32,1	  33,6	  34,9	  33,8	  10,9
*	    50,9498	 1	110,08	 87,05	  -5,5	   4,0	   7,8	   8,6	  10,2	  10,8	   9,5	 -12,7
s	    50,9770	 4	300,53	 96,07	  18,6	  28,3	  32,1	  31,6	  32,0	  32,8	  31,6	   9,4
s	    51,0101	 8	114,44	 12,61	  14,8	  25,6	  29,3	  28,9	  30,4	  34,6	  34,0	  11,8
s	    51,1186	 4	300,58	 82,11	  17,5	  27,8	  31,9	  32,5	  33,9	  35,1	  34,7	  12,5
s	    51,9712	 4	156,16	103,79	  17,4	  27,4	  31,3	  31,8	  33,3	  34,7	  33,5	  10,5
s	    52,0539	 6	 56,58	118,70	  14,7	  25,1	  29,9	  30,3	  31,9	  34,2	  33,3	  10,2
s	    52,0706	 8	 15,55	126,87	  16,3	  27,2	  31,3	  31,8	  33,1	  34,4	  33,8	  11,6
s	    52,1106	 4	155,95	 76,09	  17,4	  27,4	  31,3	  31,8	  33,3	  34,7	  33,5	  10,5
s	    52,1751	 1	 83,14	 90,21	  19,8	  29,3	  33,1	  34,0	  35,5	  36,2	  34,8	  12,5
*	    55,1702	 1	 68,05	 91,53	  -2,8	   6,7	  10,5	  11,4	  12,9	  13,5	  12,1	 -10,4
*	    52,2186	 1	 84,27	 91,55	  -1,5	   8,0	  11,8	  12,7	  14,2	  14,9	  13,5	  -8,7
*	    56,2199	 1	 99,21	 91,46	  -2,9	   6,6	  10,4	  11,2	  12,8	  13,4	  11,9	 -10,7
*	    53,4971	 1	 74,20	 85,80	 -13,7	  -4,5	  -0,9	  -0,1	   1,5	   2,3	   4,5	 -16,2
*	    53,2752	 1	 74,19	 88,58	 -13,6	  -4,4	  -0,8	   0,0	   1,6	   2,4	   4,6	 -16,1
*	    52,9450	 1	 76,98	 85,81	 -13,4	  -4,3	  -0,6	   0,2	   1,8	   2,6	   4,8	 -15,9
*	    52,7209	 1	 76,97	 88,58	 -13,4	  -4,2	  -0,5	   0,3	   1,9	   2,7	   4,9	 -15,7
*	    52,5919	 1	 79,76	 85,83	 -13,3	  -4,1	  -0,4	   0,4	   2,0	   2,7	   4,9	 -15,7
*	    52,3661	 1	 79,76	 88,60	 -13,2	  -4,0	  -0,3	   0,5	   2,0	   2,8	   5,0	 -15,5
*	    52,4422	 1	 82,52	 85,85	 -13,2	  -4,0	  -0,3	   0,5	   2,0	   2,8	   5,0	 -15,5
*	    52,2155	 1	 82,52	 88,61	 -13,1	  -3,9	  -0,3	   0,6	   2,1	   2,9	   5,1	 -15,4
*	    52,4990	 1	 85,25	 85,89	 -13,2	  -4,0	  -0,3	   0,5	   2,1	   2,8	   5,0	 -15,5
*	    52,2720	 1	 85,25	 88,63	 -13,1	  -3,9	  -0,2	   0,6	   2,1	   2,9	   5,1	 -15,4
*	    52,7631	 1	 87,93	 85,92	 -13,2	  -4,1	  -0,4	   0,4	   2,0	   2,8	   5,0	 -15,6
*	    52,5367	 1	 87,93	 88,64	 -13,2	  -4,0	  -0,3	   0,5	   2,1	   2,9	   5,1	 -15,5
*	    53,2335	 1	 90,55	 85,98	 -13,4	  -4,2	  -0,6	   0,2	   1,8	   2,6	   4,8	 -15,9
*	    53,0083	 1	 90,55	 88,66	 -13,3	  -4,2	  -0,5	   0,3	   1,9	   2,7	   4,9	 -15,7
*	    53,9068	 1	 93,12	 86,04	 -13,7	  -4,5	  -0,8	  -0,0	   1,6	   2,4	   4,5	 -16,2
*	    53,6837	 1	 93,12	 88,69	 -13,6	  -4,4	  -0,7	   0,1	   1,7	   2,4	   4,6	 -16,1
*	    54,7781	 1	 95,61	 86,11	 -14,0	  -4,8	  -1,1	  -0,3	   1,2	   2,0	   4,2	 -16,6
*	    54,5576	 1	 95,61	 88,71	 -13,9	  -4,7	  -1,1	  -0,2	   1,3	   2,1	   4,3	 -16,5
*	    55,8403	 1	 98,03	 86,17	 -14,4	  -5,2	  -1,5	  -0,7	   0,8	   1,6	   3,7	 -17,2
*	    55,6232	 1	 98,03	 88,74	 -14,3	  -5,1	  -1,5	  -0,6	   0,9	   1,7	   3,8	 -17,0
s	    52,1865	 7	244,81	135,00	  14,7	  25,4	  29,1	  28,9	  30,5	  33,6	  33,1	  10,1
s	    52,2215	 8	149,66	146,01	  14,9	  26,0	  29,8	  29,6	  31,2	  34,4	  33,8	  11,5
s	    52,4811	 8	358,05	135,15	  14,4	  25,1	  29,0	  28,8	  30,3	  33,3	  33,0	   9,9
s	    52,5335	 5	300,61	 75,59	  17,8	  27,8	  31,6	  32,2	  33,6	  34,9	  34,0	  11,7
s	    52,6027	 7	244,41	 43,81	  15,1	  26,0	  29,8	  29,7	  31,2	  34,4	  33,8	  11,5
s	    52,7142	 2	 83,15	 83,15	  19,0	  28,4	  32,1	  32,6	  34,2	  35,8	  33,6	  10,5
s	    52,8955	 8	358,98	 44,48	  14,8	  25,8	  29,7	  29,5	  31,0	  34,1	  33,7	  11,4
*	    53,1872	 1	 66,56	 89,52	 -12,1	  -3,1	   0,6	   1,5	   3,0	   3,6	   3,0	 -17,6
*	    53,2250	 1	 66,55	 92,02	 -12,2	  -3,1	   0,6	   1,5	   3,0	   3,6	   3,0	 -17,6
*	    53,4202	 1	 66,54	 94,52	 -12,2	  -3,2	   0,5	   1,4	   2,9	   3,5	   2,9	 -17,7
s	    53,6737	 8	148,48	 33,63	  14,2	  25,0	  28,8	  28,7	  30,1	  33,2	  32,8	   9,6
s	    53,9604	 3	 83,13	103,66	  18,1	  27,6	  31,2	  31,6	  33,2	  34,8	  33,3	  10,1
s	    54,0958	 3	 83,16	 76,78	  17,9	  27,8	  31,6	  32,1	  33,7	  35,2	  34,0	  11,6
s	    54,1533	 5	156,21	110,02	  17,4	  27,6	  31,5	  32,0	  33,5	  34,8	  33,8	  11,4
s	    54,2034	 2	 59,57	 90,15	  19,3	  28,9	  32,8	  33,6	  35,1	  35,6	  34,4	  11,9
s	    54,5575	 5	155,89	 69,43	  15,8	  25,9	  29,8	  30,0	  31,4	  33,6	  32,9	   9,7
s	    54,5635	 6	300,47	109,32	  17,3	  27,5	  31,3	  31,8	  33,2	  34,6	  33,6	  11,1
s	    54,6182	 8	277,91	 45,48	  14,6	  25,5	  29,4	  29,3	  30,8	  33,8	  33,4	  10,9
s	    54,6182	 8	277,79	133,60	  15,1	  25,7	  29,6	  29,7	  31,1	  33,2	  32,6	   9,4
s	    54,7265	 3	 59,60	 83,30	  18,5	  28,0	  31,8	  32,3	  33,8	  35,3	  33,1	   9,9
*	    55,4073	 1	 66,78	 83,40	 -12,8	  -3,7	   0,0	   0,9	   2,4	   3,0	   2,3	 -18,5
*	    55,0572	 1	 66,77	 85,82	 -12,6	  -3,6	   0,2	   1,0	   2,5	   3,1	   2,5	 -18,3
*	    54,8595	 1	 66,77	 88,26	 -12,5	  -3,5	   0,2	   1,1	   2,6	   3,2	   2,6	 -18,2
s	    54,9653	 6	300,64	 68,97	  15,7	  25,8	  29,6	  29,8	  31,2	  33,3	  32,7	   9,4
s	    55,8528	 4	 83,16	 71,74	  13,9	  24,4	  29,3	  29,7	  31,3	  33,6	  32,8	   9,5
s	    55,9366	 4	 59,52	103,22	  17,6	  27,1	  30,8	  31,3	  32,8	  34,3	  32,8	   9,5
s	    56,0803	 4	 83,12	109,73	  18,1	  27,9	  31,6	  32,0	  33,6	  35,3	  33,6	  11,0
s	    56,5242	 6	 58,69	 76,71	  16,9	  27,0	  31,0	  31,6	  33,0	  34,0	  33,3	  10,7
s	    57,5944	 6	156,26	116,65	  16,2	  26,3	  30,2	  30,7	  32,1	  33,3	  32,3	   8,9
s	    57,5944	 6	155,84	 63,73	  15,7	  26,2	  30,1	  30,3	  31,8	  33,9	  33,1	  10,4
s	    57,7286	 7	300,44	115,49	  15,2	  25,4	  29,2	  29,4	  30,8	  32,9	  32,1	   8,6
s	    57,7767	 5	 59,65	 72,20	  13,4	  24,0	  29,0	  29,4	  30,9	  33,0	  32,4	   8,9
s	    57,7785	 8	244,85	139,27	  14,2	  25,3	  29,1	  28,9	  30,4	  33,6	  32,9	  10,1
s	    57,8748	 4	 35,79	 96,11	  16,4	  26,8	  31,8	  32,8	  34,4	  34,9	  33,5	  10,8
s	    57,9849	 7	300,67	 63,30	  15,6	  26,1	  29,9	  30,1	  31,5	  33,7	  32,9	  10,1
s	    57,9981	 5	 59,49	109,13	  17,7	  27,5	  31,3	  31,7	  33,2	  34,7	  33,2	  10,4
s	    58,4015	 5	 83,12	114,45	  13,3	  24,1	  28,9	  29,3	  30,9	  33,2	  32,3	   8,8
s	    58,6708	 8	244,37	 39,30	  12,6	  23,6	  27,3	  26,9	  28,4	  32,3	  32,0	   8,4
s	    59,1119	 2	104,75	 90,22	  18,0	  28,0	  31,9	  32,8	  34,3	  34,8	  33,6	  10,7
s	    59,3470	 7	 84,62	 49,89	  13,0	  24,0	  28,8	  28,9	  30,5	  33,8	  32,8	   9,9
s	    59,4307	 5	 83,17	 64,71	  16,5	  26,5	  30,2	  30,4	  31,9	  34,4	  33,0	  10,1
s	    59,4748	 3	104,76	 96,16	  17,7	  27,9	  31,8	  32,6	  34,1	  34,7	  33,4	  10,5
s	    59,6000	 3	104,73	 83,83	  16,7	  26,9	  30,9	  31,5	  32,9	  34,2	  33,4	  10,5
*	    59,7267	 1	106,40	 84,27	 -14,3	  -4,9	  -1,1	  -0,2	   1,3	   1,9	   0,4	 -22,6
s	    59,9166	 3	353,71	 89,72	  17,7	  27,2	  31,2	  32,1	  33,5	  33,8	  32,3	   8,6
s	    60,2591	 6	 59,47	113,75	  12,9	  23,7	  28,6	  29,0	  30,6	  32,7	  31,9	   8,2
s	    60,2755	 4	353,66	 95,60	  17,4	  27,2	  31,1	  31,9	  33,4	  33,7	  32,1	   8,4
s	    60,3994	 4	353,76	 83,40	  16,4	  26,2	  30,2	  30,8	  32,2	  33,3	  32,1	   8,4
s	    60,7309	 4	104,77	102,43	  15,6	  25,9	  29,8	  30,2	  31,7	  33,0	  32,1	   8,3
s	    60,8030	 8	156,76	115,42	  13,6	  24,5	  28,6	  28,7	  30,1	  32,0	  31,6	   7,8
s	    60,8539	 4	104,72	 78,03	  16,1	  26,5	  30,5	  31,0	  32,5	  33,8	  32,9	   9,8
s	    60,9723	 7	156,31	121,46	  15,1	  25,7	  29,6	  29,8	  31,3	  33,4	  32,5	   9,5
s	    61,1812	 8	 56,92	 51,01	  12,6	  23,6	  28,5	  28,6	  30,2	  33,3	  32,4	   9,3
s	    61,2627	 6	 59,68	 65,32	  16,0	  26,2	  29,9	  30,1	  31,6	  33,9	  32,6	   9,5
s	    61,5182	 5	353,61	101,80	  16,0	  26,0	  30,0	  30,5	  32,0	  33,1	  31,8	   8,0
s	    61,5837	 7	155,79	 58,16	  13,5	  24,1	  27,9	  27,8	  29,2	  32,2	  31,6	   7,8
s	    61,6400	 5	353,81	 77,67	  16,0	  26,0	  30,0	  30,5	  32,0	  33,1	  31,8	   8,0
s	    61,6477	 8	300,41	121,08	  15,1	  26,0	  30,1	  30,6	  31,9	  33,1	  32,3	   9,2
s	    62,6630	 5	104,79	108,00	  15,6	  26,3	  30,2	  30,7	  32,2	  33,5	  32,5	   9,3
s	    63,0223	 5	104,71	 72,07	  14,1	  24,6	  28,5	  28,7	  30,2	  32,3	  31,6	   7,6
s	    63,3249	 6	 83,18	 59,23	  14,3	  24,5	  28,1	  27,9	  29,4	  32,6	  31,5	   7,5
s	    63,4306	 6	353,57	107,32	  16,1	  26,3	  30,3	  30,8	  32,2	  33,4	  32,2	   9,0
s	    63,7864	 6	353,86	 71,76	  14,5	  24,6	  28,6	  28,8	  30,2	  32,1	  31,4	   7,4
s	    63,9208	 3	201,32	 89,62	  16,4	  26,5	  30,5	  31,4	  32,8	  33,1	  31,7	   7,7
s	    64,0292	 7	 35,66	113,92	  12,2	  23,2	  28,1	  28,5	  30,0	  32,2	  31,3	   7,2
s	    64,2613	 4	201,36	 95,19	  16,2	  26,4	  30,4	  31,3	  32,7	  33,1	  31,5	   7,5
s	    64,3788	 4	201,27	 83,62	  15,1	  25,5	  29,5	  30,1	  31,5	  32,6	  31,5	   7,4
s	    65,0664	 7	 59,71	 59,94	  13,8	  24,1	  27,8	  27,6	  29,1	  32,1	  31,1	   6,9
s	    65,4414	 5	201,40	101,09	  14,8	  25,3	  29,3	  29,9	  31,3	  32,5	  31,3	   7,1
s	    65,5048	 6	104,80	113,63	  13,6	  24,3	  28,2	  28,3	  29,8	  31,9	  31,1	   6,9
s	    65,5134	 8	156,37	126,51	  12,8	  23,6	  27,4	  27,2	  28,7	  31,6	  30,9	   6,7
s	    65,5572	 5	201,23	 78,16	  14,8	  25,3	  29,3	  29,9	  31,3	  32,4	  31,2	   7,0
s	    65,8556	 3	 40,66	 90,09	  17,0	  27,0	  31,1	  31,9	  33,3	  33,7	  32,5	   9,0
s	    65,8599	 8	155,74	 53,53	  13,3	  24,2	  28,1	  28,0	  29,4	  32,4	  31,7	   8,2
s	    65,9708	 6	104,70	 66,49	  15,0	  25,7	  29,8	  30,2	  31,7	  32,9	  31,9	   8,4
s	    66,2452	 7	353,52	112,91	  14,0	  24,3	  28,3	  28,4	  29,8	  31,8	  30,9	   6,7
s	    66,3025	 4	 40,70	 84,24	  16,4	  26,4	  30,3	  30,8	  32,3	  33,6	  32,3	   8,8
s	    66,4332	 7	 83,18	 55,74	  11,5	  22,8	  27,7	  27,9	  29,4	  32,5	  31,7	   8,2
s	    66,4742	 7	353,91	 66,61	  14,5	  25,0	  29,0	  29,2	  30,6	  32,5	  31,7	   8,2
s	    66,5877	 5	110,80	 95,64	  13,7	  25,1	  30,3	  31,3	  32,8	  33,2	  32,1	   8,6
s	    67,1700	 7	 83,10	125,92	  12,9	  23,6	  27,3	  27,1	  28,6	  31,7	  30,8	   6,4
s	    67,2611	 6	201,45	106,35	  14,9	  25,6	  29,6	  30,1	  31,5	  32,7	  31,7	   8,1
s	    67,4529	 5	 40,73	 78,91	  15,1	  25,6	  29,6	  30,2	  31,6	  32,7	  31,8	   8,2
s	    67,6001	 6	201,18	 72,52	  13,3	  23,9	  27,9	  28,1	  29,5	  31,5	  30,8	   6,5
s	    67,9056	 4	123,15	 95,51	  14,5	  24,9	  29,9	  30,9	  32,5	  32,9	  31,0	   6,6
s	    68,1085	 8	 59,73	 56,49	  11,1	  22,5	  27,4	  27,6	  29,1	  32,0	  31,3	   7,7
s	    68,7810	 7	104,81	118,48	  13,5	  24,6	  28,5	  28,7	  30,1	  32,3	  31,4	   7,6
s	    68,9262	 6	 40,76	 74,63	  11,2	  22,3	  27,4	  27,8	  29,3	  31,2	  30,7	   6,2
s	    69,1178	 6	 40,56	106,44	  15,4	  25,8	  29,7	  30,1	  31,6	  32,9	  31,4	   7,7
s	    69,1629	 8	 59,40	125,38	  13,5	  24,0	  27,9	  28,0	  29,4	  31,4	  30,4	   5,9
s	    69,3348	 7	104,68	 61,71	  11,9	  22,9	  26,8	  26,7	  28,1	  31,0	  30,5	   5,9
s	    69,4921	 8	353,47	117,72	  13,9	  24,6	  28,6	  28,7	  30,2	  32,1	  31,1	   7,4
s	    70,0413	 8	353,96	 61,47	  12,3	  23,0	  26,9	  26,7	  28,1	  30,9	  30,3	   5,7
s	    70,1657	 7	201,49	112,09	  13,9	  24,4	  28,5	  28,9	  30,3	  31,3	  30,4	   5,8
s	    70,1657	 7	201,14	 67,57	  13,3	  24,3	  28,3	  28,5	  29,9	  31,9	  31,2	   7,3
s	    70,6108	 8	 83,10	129,09	  11,5	  22,7	  27,5	  27,6	  29,2	  32,4	  31,0	   7,1
s	    71,3430	 8	 83,19	 51,22	   9,9	  21,1	  25,8	  25,5	  27,1	  31,1	  30,1	   5,4
s	    71,9595	 7	 40,80	 68,53	  13,9	  24,5	  28,4	  28,6	  30,0	  32,1	  30,9	   6,9
s	    72,1484	 4	313,59	 89,47	  15,4	  25,4	  29,6	  30,4	  31,8	  31,9	  30,4	   5,6
s	    72,4563	 5	313,56	 94,52	  15,1	  25,4	  29,5	  30,3	  31,6	  31,8	  30,3	   5,5
s	    72,5627	 5	313,62	 84,04	  14,1	  24,4	  28,5	  29,1	  30,5	  31,4	  30,3	   5,4
s	    73,0552	 8	201,53	116,37	  12,8	  24,0	  28,0	  28,1	  29,6	  31,6	  30,7	   6,5
s	    73,2304	 8	104,67	 57,32	  11,8	  23,2	  27,1	  27,0	  28,4	  31,3	  30,6	   6,5
s	    73,5256	 6	313,53	 99,86	  13,7	  24,3	  28,4	  28,9	  30,3	  31,3	  30,0	   5,1
s	    73,5820	 8	201,10	 62,61	  11,2	  22,3	  26,3	  26,1	  27,5	  30,3	  29,8	   4,9
s	    73,6306	 6	313,64	 79,09	  13,7	  24,3	  28,4	  28,9	  30,3	  31,3	  30,0	   5,1
s	    73,7774	 3	158,63	 89,98	  16,2	  26,2	  30,2	  31,1	  32,5	  32,8	  31,3	   7,2
s	    74,0797	 4	158,66	 94,93	  15,9	  26,1	  30,2	  31,0	  32,4	  32,7	  31,2	   7,0
s	    74,1840	 4	158,59	 84,65	  14,9	  25,2	  29,2	  29,8	  31,2	  32,3	  31,2	   7,0
s	    75,1294	 5	158,70	100,18	  14,6	  25,1	  29,1	  29,6	  31,0	  32,1	  30,9	   6,6
s	    75,1798	 7	313,50	104,68	  13,9	  24,6	  28,7	  29,2	  30,5	  31,6	  30,5	   6,2
s	    75,2325	 5	158,55	 79,79	  14,5	  25,0	  29,1	  29,6	  31,0	  32,1	  30,9	   6,6
s	    75,4887	 7	313,67	 73,93	  12,3	  23,0	  27,0	  27,2	  28,6	  30,3	  29,6	   4,6
s	    76,7543	 6	158,74	104,91	  14,2	  24,8	  28,9	  29,4	  30,8	  31,9	  30,6	   6,2
s	    76,9848	 3	119,47	 90,22	  15,1	  25,1	  29,2	  30,0	  31,4	  31,7	  29,9	   4,7
s	    77,6329	 8	313,47	109,63	  11,9	  22,7	  26,8	  26,9	  28,3	  30,0	  29,3	   4,0
s	    77,7473	 5	 22,42	 94,75	  13,3	  23,8	  28,8	  29,9	  31,3	  31,6	  29,6	   4,3
s	    77,8334	 8	313,70	 69,36	  12,4	  23,4	  27,5	  27,7	  29,0	  30,8	  30,0	   5,5
s	    77,8386	 4	249,92	 79,48	  13,0	  23,6	  28,5	  29,3	  30,8	  32,2	  30,5	   5,9
s	    78,3892	 5	119,43	 80,38	  13,5	  24,0	  28,0	  28,5	  29,9	  31,0	  29,5	   4,1
s	    79,1657	 7	158,78	109,79	  11,9	  22,7	  26,7	  26,8	  28,2	  30,2	  29,2	   3,7
s	    79,3629	 7	158,47	 70,21	  12,4	  23,4	  27,4	  27,6	  29,0	  30,9	  29,9	   5,3
s	    79,6511	 7	267,97	 79,29	  12,2	  22,9	  28,1	  28,8	  30,2	  31,2	  29,9	   5,2
s	    79,8596	 6	119,53	104,65	  14,4	  24,7	  28,6	  29,0	  30,5	  31,7	  30,0	   5,3
s	    80,6708	 8	158,78	 74,95	  11,6	  22,9	  27,2	  27,4	  28,7	  30,3	  29,9	   5,1
s	    81,3879	 7	121,41	100,10	  14,0	  24,5	  28,4	  28,8	  30,3	  31,5	  29,7	   4,8
s	    81,9749	 8	158,82	114,07	  12,0	  23,1	  27,1	  27,3	  28,7	  30,6	  29,5	   4,6
s	    82,3839	 7	119,39	 71,10	  12,9	  23,5	  27,4	  27,6	  29,0	  31,0	  29,5	   4,6
s	    82,4528	 8	158,43	 65,64	  10,4	  21,5	  25,4	  25,3	  26,7	  29,4	  28,6	   2,9
s	    82,6398	 8	 22,31	109,06	  10,2	  21,1	  26,2	  26,5	  28,0	  29,8	  28,6	   2,9
s	    83,8937	 6	 97,18	 81,01	  11,3	  22,6	  27,6	  28,3	  29,8	  31,0	  29,5	   4,4
s	    84,1191	 4	 27,38	 90,04	  14,2	  24,3	  28,4	  29,3	  30,6	  30,7	  28,9	   3,0
s	    85,3796	 8	119,37	 66,64	  10,9	  21,6	  25,4	  25,2	  26,7	  29,5	  28,3	   2,3
s	    85,4224	 6	 27,44	 80,91	  12,6	  23,2	  27,3	  27,8	  29,1	  30,0	  28,5	   2,5
s	    86,5125	 4	351,53	 89,77	  14,7	  24,8	  28,9	  29,8	  31,1	  31,2	  29,6	   4,3
s	    86,7511	 5	 26,25	 85,38	  14,0	  24,2	  28,0	  28,5	  29,9	  31,1	  29,2	   3,9
s	    86,7765	 5	351,49	 94,09	  14,5	  24,8	  28,9	  29,7	  31,0	  31,1	  29,4	   4,1
s	    86,7899	 7	 27,28	103,46	  13,5	  23,9	  27,9	  28,3	  29,7	  30,8	  29,0	   3,7
s	    86,8670	 2	250,53	 89,40	  15,7	  25,3	  29,1	  29,9	  31,4	  31,9	  28,7	   2,6
s	    86,8676	 5	351,56	 85,11	  13,5	  23,8	  27,9	  28,5	  29,8	  30,7	  29,4	   4,1
s	    86,8835	 4	192,35	 89,74	  14,0	  24,5	  28,7	  29,5	  30,9	  31,0	  29,5	   4,2
s	    87,1299	 3	250,54	 93,71	  14,9	  25,1	  29,0	  29,8	  31,2	  31,6	  29,6	   4,3
s	    87,1464	 5	192,38	 94,04	  13,7	  24,5	  28,6	  29,4	  30,7	  30,9	  29,4	   4,0
s	    87,2208	 3	250,51	 84,76	  14,4	  24,3	  28,1	  28,6	  30,1	  31,4	  28,6	   2,5
s	    87,2373	 5	192,31	 85,10	  12,7	  23,5	  27,7	  28,2	  29,6	  30,5	  29,4	   4,0
s	    87,5792	 6	 26,15	 98,98	  13,7	  24,0	  27,9	  28,3	  29,8	  31,0	  29,0	   3,6
s	    87,6947	 6	351,45	 98,69	  13,2	  23,7	  27,8	  28,3	  29,7	  30,6	  29,2	   3,8
s	    87,7851	 6	351,60	 80,85	  13,2	  23,7	  27,8	  28,3	  29,7	  30,6	  29,2	   3,8
s	    87,9008	 8	250,03	117,07	   8,7	  20,0	  24,9	  24,9	  26,4	  29,4	  28,0	   1,8
s	    88,0450	 4	250,55	 98,30	  12,8	  23,1	  27,0	  27,5	  28,9	  30,0	  28,4	   2,2
s	    88,0614	 6	192,42	 98,63	  12,4	  23,4	  27,6	  28,1	  29,4	  30,3	  29,2	   3,7
s	    88,1514	 6	192,28	 80,85	  12,4	  23,4	  27,6	  28,1	  29,4	  30,3	  29,2	   3,7
s	    88,2067	 3	266,06	 89,37	  15,3	  25,0	  28,9	  29,7	  31,1	  31,5	  28,5	   2,2
s	    88,4663	 4	266,06	 93,63	  14,6	  24,8	  28,8	  29,6	  31,0	  31,2	  29,4	   3,9
s	    88,5559	 4	266,06	 84,80	  14,1	  24,0	  27,9	  28,4	  29,9	  31,0	  28,3	   2,1
s	    89,1211	 7	351,42	102,87	  12,8	  23,6	  27,7	  28,1	  29,5	  30,4	  28,9	   3,4
s	    89,1442	 8	 27,51	 72,22	  12,1	  22,8	  26,7	  26,9	  28,3	  30,1	  28,6	   3,0
s	    89,3695	 5	266,07	 98,16	  12,5	  22,8	  26,8	  27,3	  28,6	  29,6	  28,1	   1,8
s	    89,3883	 7	351,63	 76,36	  11,8	  22,6	  26,7	  26,9	  28,3	  29,9	  28,9	   3,3
s	    89,4666	 5	250,56	102,46	  13,0	  23,6	  27,6	  28,0	  29,5	  30,7	  28,9	   3,3
s	    89,4827	 7	192,45	102,79	  12,1	  23,2	  27,4	  27,9	  29,2	  30,2	  28,9	   3,3
s	    89,7328	 5	250,49	 76,04	  12,2	  22,4	  26,2	  26,3	  27,8	  29,8	  28,1	   1,7
s	    90,5978	 8	 26,10	106,53	   8,7	  20,2	  25,2	  25,6	  27,0	  28,9	  27,6	   1,2
s	    90,7730	 6	266,07	102,27	  12,7	  23,4	  27,4	  27,8	  29,2	  30,3	  28,6	   2,9
s	    91,0359	 6	266,05	 76,19	  11,9	  22,1	  26,0	  26,1	  27,5	  29,4	  27,8	   1,3
s	    91,4232	 8	351,38	107,52	  12,4	  23,2	  27,4	  27,8	  29,1	  29,9	  28,6	   2,8
s	    91,4232	 8	351,67	 72,35	  11,2	  22,2	  26,3	  26,4	  27,8	  29,5	  28,3	   2,6
s	    91,5872	 6	250,58	106,79	  11,1	  21,8	  25,7	  25,8	  27,2	  29,2	  27,7	   1,2
s	    91,7611	 6	250,48	 72,04	  12,3	  22,9	  26,7	  26,8	  28,3	  30,4	  28,5	   2,7
s	    91,7769	 8	192,20	 72,38	  10,4	  21,8	  26,0	  26,2	  27,5	  29,3	  28,3	   2,5
s	    92,6044	 3	235,98	 89,46	  13,7	  24,2	  28,3	  29,1	  30,5	  30,7	  29,0	   3,1
s	    92,8532	 4	235,99	 93,54	  13,5	  24,2	  28,2	  29,0	  30,4	  30,6	  28,8	   3,0
s	    92,8676	 7	266,07	106,55	  10,7	  21,5	  25,5	  25,6	  27,0	  28,8	  27,5	   0,8
s	    92,9392	 4	235,96	 85,07	  12,4	  23,2	  27,3	  27,8	  29,2	  30,2	  28,8	   2,9
s	    93,0395	 7	266,05	 72,23	  12,0	  22,6	  26,5	  26,6	  28,0	  30,0	  28,2	   2,3
s	    93,7196	 5	236,01	 97,88	  11,4	  22,2	  26,2	  26,7	  28,0	  29,1	  27,6	   0,9
s	    93,8236	 7	250,47	 68,84	   7,6	  19,2	  24,1	  24,2	  25,7	  28,4	  27,4	   0,6
s	    94,0730	 7	250,59	110,64	  11,9	  22,7	  26,5	  26,5	  28,0	  30,1	  28,1	   2,1
s	    94,7240	 4	280,30	 89,39	  13,3	  23,9	  28,0	  28,9	  30,2	  30,2	  28,6	   2,6
s	    94,9333	 4	128,58	 90,21	  13,3	  23,8	  28,0	  28,8	  30,2	  30,2	  28,6	   2,5
s	    94,9680	 5	280,30	 93,39	  13,1	  23,8	  28,0	  28,7	  30,1	  30,2	  28,5	   2,4
s	    95,0523	 5	280,31	 85,09	  12,0	  22,9	  27,0	  27,6	  28,9	  29,7	  28,5	   2,4
s	    95,0670	 6	236,03	101,84	  11,6	  22,7	  26,8	  27,3	  28,6	  29,7	  28,1	   2,0
s	    95,0777	 8	266,05	 69,06	   7,3	  18,9	  23,9	  24,1	  25,5	  28,0	  27,1	   0,3
s	    95,1419	 4	278,52	 89,39	  13,3	  23,8	  28,0	  28,8	  30,1	  30,2	  28,6	   2,5
s	    95,3195	 6	235,92	 76,80	  10,0	  21,1	  25,1	  25,3	  26,6	  28,4	  27,3	   0,4
s	    95,3849	 5	278,52	 93,37	  13,0	  23,8	  27,9	  28,7	  30,0	  30,1	  28,4	   2,3
s	    95,4689	 5	278,53	 85,10	  12,0	  22,8	  27,0	  27,5	  28,9	  29,7	  28,4	   2,3
s	    95,5071	 6	297,36	 89,44	  11,3	  22,4	  26,8	  27,6	  28,9	  28,7	  27,3	   0,4
s	    95,7493	 7	297,34	 93,41	  11,1	  22,4	  26,8	  27,5	  28,8	  28,6	  27,1	   0,2
s	    95,8117	 5	321,03	 89,56	  13,0	  23,6	  27,9	  28,7	  30,0	  29,9	  28,4	   2,2
s	    95,8330	 7	297,37	 85,16	  10,0	  21,4	  25,8	  26,4	  27,6	  28,2	  27,1	   0,2
s	    95,9012	 6	280,32	 81,14	  11,5	  22,5	  26,7	  27,2	  28,5	  29,4	  28,0	   1,9
s	    96,0532	 6	321,00	 93,51	  12,8	  23,5	  27,8	  28,6	  29,8	  29,8	  28,2	   2,1
s	    96,1367	 6	321,05	 85,30	  11,7	  22,6	  26,9	  27,4	  28,7	  29,4	  28,2	   2,1
s	    96,2313	 6	278,52	 97,62	  11,0	  21,8	  25,9	  26,4	  27,7	  28,6	  27,2	   0,3
s	    96,3146	 6	278,53	 81,17	  11,5	  22,5	  26,7	  27,2	  28,5	  29,3	  28,0	   1,8
s	    96,4920	 8	250,60	113,70	   7,2	  18,9	  23,9	  23,9	  25,4	  28,1	  26,9	  -0,0
s	    96,5928	 8	297,33	 97,64	   9,8	  21,3	  25,7	  26,2	  27,4	  28,1	  26,9	  -0,0
s	    96,6759	 8	297,39	 81,24	   9,8	  21,3	  25,7	  26,2	  27,4	  28,1	  26,9	  -0,1
s	    96,8945	 7	320,97	 97,74	  11,5	  22,5	  26,8	  27,3	  28,5	  29,3	  28,0	   1,8
s	    96,9773	 7	321,08	 81,38	  11,4	  22,5	  26,7	  27,3	  28,5	  29,2	  28,0	   1,8
s	    97,0803	 7	236,05	105,96	   9,7	  20,9	  24,9	  25,1	  26,4	  28,2	  27,0	  -0,0
s	    97,1395	 7	280,29	101,53	  11,2	  22,4	  26,5	  27,0	  28,3	  29,2	  27,8	   1,5
s	    97,1803	 5	129,87	 85,98	  12,6	  23,1	  27,1	  27,6	  29,0	  30,0	  28,2	   2,0
s	    97,2014	 7	128,53	 78,75	   8,4	  20,2	  25,4	  25,9	  27,3	  28,9	  28,0	   1,7
s	    97,3873	 7	280,32	 76,97	   9,6	  20,8	  24,9	  25,0	  26,3	  28,0	  26,9	  -0,1
s	    97,4139	 7	235,90	 72,69	  11,2	  22,4	  26,5	  27,0	  28,3	  29,2	  27,7	   1,5
s	    97,5146	 8	250,45	 64,28	  10,4	  21,4	  25,2	  25,0	  26,5	  29,4	  27,6	   1,3
s	    97,5482	 7	278,51	101,49	  11,2	  22,3	  26,5	  27,0	  28,3	  29,2	  27,7	   1,4
s	    97,7951	 7	278,54	 77,01	   9,6	  20,7	  24,8	  25,0	  26,3	  28,0	  26,9	  -0,2
s	    97,9310	 6	129,93	 98,31	  12,3	  23,0	  27,0	  27,5	  28,9	  29,8	  28,0	   1,7
s	    98,2037	 8	320,95	101,58	  11,1	  22,4	  26,6	  27,1	  28,3	  29,1	  27,8	   1,4
s	    98,4491	 8	321,10	 77,26	  10,1	  21,4	  25,7	  25,9	  27,2	  28,7	  27,7	   1,4
s	    99,1158	 8	280,28	105,59	   9,3	  20,6	  24,7	  24,8	  26,1	  27,8	  26,6	  -0,6
s	    99,2281	 7	129,95	102,12	  12,0	  22,9	  26,9	  27,3	  28,7	  29,7	  27,8	   1,3
s	    99,2782	 8	280,33	 73,22	   9,8	  21,2	  25,4	  25,6	  26,9	  28,6	  27,4	   1,0
s	    99,4455	 8	236,07	109,65	   9,8	  21,4	  25,4	  25,6	  26,9	  28,8	  27,4	   0,9
s	    99,5175	 8	278,51	105,53	   9,3	  20,5	  24,7	  24,8	  26,1	  27,8	  26,6	  -0,6
s	    99,6793	 8	278,54	 73,27	   9,7	  21,2	  25,4	  25,6	  26,9	  28,5	  27,4	   0,9
s	    99,8498	 8	235,88	 69,03	   8,2	  19,7	  23,7	  23,6	  24,9	  27,5	  26,6	  -0,7
s	   101,0060	 4	160,27	 90,01	  12,8	  22,9	  27,0	  27,8	  29,2	  29,1	  26,9	  -0,5
s	   101,2367	 5	160,30	 93,79	  12,6	  22,8	  27,0	  27,7	  29,0	  29,0	  26,7	  -0,6
s	   101,3164	 5	160,24	 85,94	  11,6	  21,9	  26,0	  26,6	  27,9	  28,6	  26,7	  -0,7
s	   101,3280	 8	129,81	 74,33	  10,4	  21,5	  25,5	  25,7	  27,0	  28,8	  27,2	   0,6
s	   102,0402	 6	160,33	 97,82	  11,3	  21,8	  25,9	  26,4	  27,7	  28,5	  26,5	  -0,9
s	   102,1194	 6	160,21	 82,20	  11,3	  21,8	  25,9	  26,4	  27,7	  28,5	  26,5	  -0,9
s	   102,9521	 7	294,63	 81,68	   9,0	  20,2	  25,4	  26,1	  27,5	  28,3	  26,3	  -1,2
s	   103,2918	 7	160,36	101,50	  11,0	  21,7	  25,8	  26,2	  27,5	  28,4	  26,3	  -1,3
s	   103,4258	 6	313,82	 89,52	  11,5	  22,6	  26,9	  27,8	  29,0	  28,7	  27,4	   0,6
s	   103,6516	 7	313,80	 93,23	  11,2	  22,5	  26,9	  27,7	  28,9	  28,7	  27,3	   0,4
s	   103,7297	 7	313,84	 85,54	  10,2	  21,6	  26,0	  26,5	  27,7	  28,3	  27,3	   0,4
s	   104,2729	 7	 80,06	 70,68	   7,6	  18,8	  23,6	  23,7	  25,1	  27,9	  26,2	  -1,5
s	   104,4388	 8	313,78	 97,18	   9,9	  21,5	  25,9	  26,4	  27,6	  28,1	  27,1	   0,2
s	   104,5163	 8	313,86	 81,88	   9,9	  21,5	  25,9	  26,4	  27,6	  28,1	  27,1	   0,2
s	   105,1659	 8	160,39	105,36	   9,6	  20,6	  24,7	  24,8	  26,2	  27,8	  26,0	  -1,8
s	   107,7726	 2	 79,64	 90,32	  13,5	  23,5	  27,4	  28,3	  29,6	  29,8	  27,4	   0,2
s	   108,0657	 3	 79,65	 86,48	  13,0	  22,9	  26,7	  27,2	  28,6	  29,8	  27,2	  -0,0
s	   108,8125	 4	 65,31	 86,46	  12,7	  22,7	  26,6	  27,1	  28,5	  29,4	  27,0	  -0,3
s	   108,8245	 4	 79,65	 82,94	  12,7	  22,8	  26,6	  27,1	  28,5	  29,7	  27,0	  -0,3
s	   109,2131	 5	187,19	 89,81	  12,2	  22,3	  26,3	  27,1	  28,3	  28,2	  25,8	  -2,3
s	   109,4284	 6	187,22	 93,33	  11,9	  22,2	  26,3	  27,0	  28,2	  28,2	  25,7	  -2,4
s	   109,5028	 6	187,16	 86,01	  10,0	  20,9	  25,1	  25,6	  26,9	  27,5	  25,7	  -2,4
s	   109,6438	 5	 65,32	 82,68	  13,2	  23,2	  27,1	  27,8	  29,2	  29,3	  26,6	  -0,8
s	   109,9333	 5	 79,63	101,19	  11,4	  22,1	  26,0	  26,4	  27,8	  28,9	  26,6	  -0,8
s	   110,1555	 5	 79,66	 79,19	  10,6	  20,9	  24,6	  24,7	  26,1	  28,1	  25,8	  -2,4
s	   110,1626	 5	291,54	 89,44	  11,9	  22,2	  26,3	  27,1	  28,4	  28,3	  25,8	  -2,4
s	   110,1788	 7	187,25	 97,10	   9,7	  20,8	  25,0	  25,5	  26,8	  27,4	  25,5	  -2,6
s	   110,2527	 7	187,13	 82,51	  10,6	  21,2	  25,2	  25,7	  26,9	  27,7	  25,5	  -2,7
s	   110,3762	 6	291,53	 92,94	  11,0	  21,7	  26,0	  26,7	  28,0	  27,8	  25,6	  -2,6
s	   110,8898	 6	 65,34	 79,23	  10,4	  20,6	  24,4	  24,6	  25,9	  27,7	  25,6	  -2,7
s	   111,3489	 8	187,28	100,55	  10,3	  21,1	  25,1	  25,6	  26,8	  27,5	  25,2	  -3,0
s	   111,7081	 6	 79,62	104,85	  10,3	  20,7	  24,4	  24,5	  25,9	  27,9	  25,5	  -2,8
s	   111,8542	 6	 79,66	 75,80	  10,1	  21,0	  24,9	  25,0	  26,4	  28,3	  26,3	  -1,3
s	   112,2513	 6	292,67	 85,73	  10,3	  21,3	  25,5	  26,0	  27,2	  28,0	  26,2	  -1,4
s	   112,2823	 8	291,51	100,10	   9,9	  21,1	  25,3	  25,8	  27,0	  27,7	  26,0	  -1,6
s	   112,7264	 8	 65,35	 75,60	   9,8	  20,1	  24,1	  24,2	  25,5	  27,1	  25,2	  -3,2
s	   112,9127	 7	292,63	 96,58	  10,0	  21,2	  25,4	  25,8	  27,1	  27,9	  26,0	  -1,6
s	   113,5914	 7	 79,67	 73,06	   6,2	  17,7	  22,6	  22,8	  24,2	  26,8	  25,2	  -3,3
s	   113,8021	 7	 79,62	108,15	  10,4	  21,2	  25,0	  25,1	  26,5	  28,5	  25,9	  -1,8
s	   114,1846	 7	210,45	 82,57	   8,2	  19,9	  25,1	  25,8	  27,2	  27,9	  26,1	  -1,6
s	   114,2728	 8	292,69	 78,68	   8,2	  19,5	  23,6	  23,7	  25,0	  26,6	  25,0	  -3,5
s	   114,6927	 8	 65,24	108,26	  11,2	  21,7	  25,7	  26,1	  27,4	  28,3	  25,7	  -2,1
s	   115,8145	 6	140,47	 93,52	   9,3	  20,3	  25,4	  26,4	  27,8	  27,7	  25,1	  -3,6
s	   116,5130	 8	 79,61	111,57	   8,5	  19,4	  23,1	  22,8	  24,2	  27,0	  24,8	  -4,0
s	   118,7203	 7	 91,34	100,47	   7,7	  19,5	  24,6	  25,3	  26,7	  27,6	  25,4	  -2,7
s	   120,3888	 5	136,39	 90,19	  10,5	  21,1	  25,3	  26,1	  27,4	  27,1	  24,7	  -4,4
s	   121,2059	 6	325,85	 89,62	  11,1	  21,3	  25,4	  26,2	  27,4	  27,0	  24,4	  -4,7
s	   121,2745	 7	136,43	 96,89	   9,7	  20,4	  24,5	  25,0	  26,2	  26,9	  24,4	  -4,8
s	   121,3188	 8	303,56	 82,80	   7,5	  19,2	  24,5	  25,3	  26,5	  27,1	  25,3	  -3,1
s	   121,4020	 7	325,83	 92,83	  10,9	  21,2	  25,4	  26,1	  27,3	  27,0	  24,3	  -4,9
s	   121,4698	 7	325,88	 86,16	   9,0	  19,9	  24,2	  24,7	  25,9	  26,3	  24,4	  -4,8
s	   122,0862	 8	325,81	 96,27	   8,7	  19,8	  24,1	  24,6	  25,8	  26,2	  24,2	  -5,0
s	   122,1537	 8	325,90	 82,97	   9,6	  20,2	  24,3	  24,8	  26,0	  26,5	  24,1	  -5,1
s	   122,3288	 7	118,61	 86,84	  10,4	  21,2	  25,2	  25,6	  27,0	  27,8	  25,3	  -3,2
s	   122,8242	 4	102,97	 90,33	  10,6	  21,1	  25,3	  26,1	  27,3	  27,2	  24,6	  -4,7
s	   122,9413	 8	118,65	 96,89	   8,6	  20,3	  24,6	  25,1	  26,3	  26,9	  25,1	  -3,4
s	   123,0181	 5	102,97	 93,50	  10,3	  21,0	  25,2	  26,0	  27,2	  27,1	  24,4	  -4,9
s	   123,0851	 5	102,96	 86,91	   9,3	  20,1	  24,3	  24,8	  26,1	  26,7	  24,4	  -4,9
s	   123,3033	 6	136,99	 86,78	   9,8	  20,5	  24,5	  24,9	  26,2	  27,1	  24,3	  -5,0
s	   123,7609	 6	102,95	 83,76	   9,0	  20,0	  24,2	  24,7	  25,9	  26,6	  24,3	  -5,1
s	   123,9781	 7	136,97	 83,63	   8,8	  20,0	  24,1	  24,6	  25,8	  26,6	  24,1	  -5,3
s	   124,4812	 6	287,33	 89,44	   9,3	  20,4	  24,7	  25,6	  26,7	  26,3	  24,2	  -5,3
s	   124,6727	 7	287,32	 92,58	   9,0	  20,3	  24,7	  25,5	  26,6	  26,3	  24,1	  -5,4
s	   124,7389	 7	287,34	 86,06	   8,0	  19,4	  23,8	  24,3	  25,5	  25,9	  24,0	  -5,4
s	   124,7501	 7	102,98	100,02	   9,3	  20,4	  24,6	  25,0	  26,3	  27,0	  24,8	  -3,9
s	   124,8354	 7	  8,82	 93,08	   8,5	  19,5	  24,8	  25,8	  27,0	  26,8	  24,0	  -5,4
s	   124,9486	 7	102,95	 80,41	   7,7	  18,8	  22,9	  23,1	  24,3	  25,8	  24,0	  -5,5
s	   124,9658	 8	137,06	 99,87	   9,3	  20,3	  24,3	  24,6	  26,0	  26,9	  23,9	  -5,6
s	   125,3408	 8	287,31	 95,94	   7,7	  19,3	  23,7	  24,2	  25,3	  25,8	  23,9	  -5,6
s	   125,4067	 8	287,35	 82,94	   7,7	  19,3	  23,7	  24,2	  25,3	  25,8	  23,9	  -5,7
s	   126,4681	 8	102,99	103,55	   8,4	  19,5	  23,7	  24,0	  25,3	  25,8	  23,8	  -5,9
s	   126,4681	 8	102,94	 77,35	   7,9	  19,4	  23,5	  23,7	  24,9	  26,4	  24,6	  -4,3
s	   127,5948	 6	300,37	 89,48	  11,5	  21,7	  25,8	  26,6	  27,7	  27,6	  24,8	  -4,1
s	   127,7117	 5	161,26	 90,03	  10,8	  21,4	  25,6	  26,4	  27,6	  27,3	  25,0	  -4,0
s	   127,7821	 7	300,35	 92,55	  10,5	  21,3	  25,5	  26,2	  27,4	  27,1	  24,7	  -4,3
s	   127,8989	 6	161,28	 93,10	  10,5	  21,3	  25,5	  26,3	  27,5	  27,2	  24,9	  -4,1
s	   128,5518	 7	161,31	 96,38	   9,3	  20,3	  24,5	  25,0	  26,2	  26,7	  24,7	  -4,4
s	   128,6163	 7	161,21	 83,68	   9,3	  20,3	  24,5	  25,0	  26,2	  26,7	  24,7	  -4,4
s	   129,1210	 6	 12,71	 89,98	   9,7	  20,4	  24,7	  25,5	  26,7	  26,2	  23,7	  -6,1
s	   129,5719	 8	161,33	 99,39	   9,0	  20,2	  24,4	  24,9	  26,1	  26,6	  24,5	  -4,7
s	   129,7637	 8	161,19	 80,44	   7,9	  19,3	  23,5	  23,7	  24,9	  26,2	  24,5	  -4,7
s	   129,9529	 8	 12,66	 96,27	   9,0	  19,7	  23,9	  24,3	  25,5	  26,0	  23,4	  -6,5
s	   129,9955	 7	301,24	 86,23	   9,2	  20,3	  24,5	  24,9	  26,2	  26,9	  24,6	  -4,6
s	   130,5755	 8	301,20	 95,75	   9,1	  20,3	  24,4	  24,8	  26,0	  26,7	  24,3	  -4,9
s	   132,0667	 7	 12,19	 86,77	   9,0	  19,8	  23,8	  24,3	  25,5	  26,2	  23,3	  -6,8
s	   132,3097	 4	252,09	 92,42	   9,5	  20,3	  25,3	  26,3	  27,7	  27,8	  24,7	  -4,7
s	   132,7011	 8	 12,21	 83,81	   8,0	  19,3	  23,5	  23,9	  25,1	  25,7	  23,2	  -7,0
s	   133,2355	 5	262,82	 92,38	   9,2	  20,1	  25,2	  26,2	  27,5	  27,4	  24,5	  -5,0
s	   134,6864	 8	202,91	 83,62	   5,9	  17,6	  23,0	  23,7	  24,9	  25,4	  23,0	  -7,4
s	   136,3186	 5	241,80	 92,38	   8,3	  19,6	  24,8	  25,7	  27,1	  27,0	  24,2	  -5,6
s	   137,2214	 6	183,02	 89,87	   9,2	  20,3	  24,7	  25,5	  26,7	  26,2	  24,0	  -5,8
s	   137,3968	 7	183,04	 92,74	   9,0	  20,3	  24,7	  25,4	  26,6	  26,1	  23,9	  -6,0
s	   137,4574	 7	182,99	 86,77	   8,0	  19,4	  23,7	  24,2	  25,4	  25,7	  23,8	  -6,0
s	   137,5894	 6	349,49	 89,81	  10,0	  20,6	  24,9	  25,7	  26,9	  26,4	  23,9	  -5,9
s	   137,7643	 7	349,47	 92,67	   9,7	  20,5	  24,9	  25,6	  26,8	  26,3	  23,8	  -6,1
s	   137,8248	 7	349,52	 86,72	   8,7	  19,6	  23,9	  24,5	  25,6	  25,9	  23,8	  -6,1
s	   138,0089	 8	183,07	 95,82	   7,7	  19,3	  23,7	  24,1	  25,3	  25,6	  23,7	  -6,2
s	   138,0692	 8	182,97	 83,91	   7,7	  19,3	  23,7	  24,1	  25,3	  25,6	  23,7	  -6,2
s	   138,3749	 8	349,44	 95,74	   8,5	  19,5	  23,9	  24,3	  25,5	  25,8	  23,7	  -6,3
s	   138,4352	 8	349,54	 83,87	   8,5	  19,5	  23,9	  24,3	  25,5	  25,8	  23,6	  -6,3
s	   140,4188	 6	206,05	 89,69	   9,1	  19,8	  24,1	  24,8	  26,0	  25,6	  22,7	  -8,2
s	   140,4743	 7	144,70	 92,98	   7,6	  19,0	  24,3	  25,3	  26,6	  26,2	  23,6	  -6,5
s	   140,5905	 7	206,07	 92,50	   8,1	  19,4	  23,7	  24,5	  25,6	  25,2	  22,5	  -8,4
s	   141,8160	 6	 35,67	 90,16	   9,1	  19,6	  23,7	  23,2	  23,3	  23,1	  20,4	  -9,8
s	   141,9861	 7	 35,65	 92,95	   8,8	  19,5	  23,7	  23,1	  23,2	  23,0	  20,3	  -9,9
s	   142,0450	 7	 35,69	 87,16	   7,8	  18,6	  22,7	  21,9	  22,1	  22,6	  20,3	 -10,0
s	   142,1747	 6	 67,52	 87,32	   9,4	  20,0	  24,0	  24,5	  25,8	  26,3	  23,5	  -6,7
s	   142,5963	 3	252,31	 89,45	  10,4	  20,8	  24,9	  25,7	  27,0	  26,8	  23,8	  -6,5
s	   142,6389	 8	 35,71	 84,39	   7,5	  18,5	  22,6	  21,8	  21,9	  22,5	  20,1	 -10,2
s	   142,6899	 4	252,31	 91,55	   8,1	  19,3	  24,4	  25,5	  26,8	  26,7	  23,7	  -6,6
s	   142,8242	 4	252,30	 86,47	   9,8	  20,3	  24,2	  24,7	  26,0	  26,8	  23,7	  -6,6
s	   142,8288	 7	 67,53	 84,34	  10,2	  20,7	  24,8	  25,6	  26,7	  26,4	  23,4	  -7,0
s	   142,9610	 7	205,31	 86,71	   8,2	  19,4	  23,5	  23,9	  25,2	  25,8	  23,1	  -7,2
s	   143,3568	 5	252,32	 95,20	   9,6	  20,2	  24,1	  24,5	  25,9	  26,7	  23,5	  -6,8
s	   143,4151	 5	252,29	 83,71	   9,6	  20,2	  24,1	  24,5	  25,9	  26,7	  23,5	  -6,9
s	   143,4616	 4	262,33	 89,44	  10,1	  20,6	  24,8	  25,6	  26,8	  26,5	  23,6	  -6,8
s	   143,4931	 8	205,37	 95,44	   7,2	  18,9	  23,2	  23,6	  24,8	  25,3	  22,9	  -7,4
s	   143,5547	 5	262,33	 91,52	   7,9	  19,1	  24,3	  25,3	  26,6	  26,3	  23,5	  -6,9
s	   143,6882	 5	262,33	 86,46	   8,8	  19,6	  23,8	  24,3	  25,5	  26,0	  23,5	  -6,9
s	   144,2179	 6	262,34	 95,15	   8,6	  19,6	  23,7	  24,2	  25,4	  25,9	  23,3	  -7,1
s	   144,2813	 6	252,33	 97,94	   9,1	  19,9	  23,8	  24,2	  25,5	  26,3	  23,1	  -7,4
s	   144,3362	 6	141,12	 90,18	   8,8	  19,9	  24,3	  25,1	  26,2	  25,7	  23,3	  -7,1
s	   144,4778	 8	262,74	 83,51	   8,1	  19,2	  23,5	  24,0	  25,1	  25,4	  23,1	  -7,4
s	   145,1374	 7	262,34	 97,87	   8,1	  19,2	  23,4	  23,8	  25,0	  25,6	  22,9	  -7,6
s	   145,6740	 7	252,34	100,84	   7,2	  18,1	  22,0	  22,0	  23,4	  25,0	  22,1	  -9,3
s	   145,7889	 7	252,28	 78,07	   7,0	  18,4	  22,5	  22,6	  23,9	  25,4	  22,8	  -7,7
s	   146,5226	 8	262,34	100,76	   6,2	  17,5	  21,6	  21,7	  22,9	  24,3	  21,9	  -9,5
s	   146,6369	 8	262,32	 78,12	   6,7	  18,2	  22,3	  22,5	  23,7	  25,1	  22,7	  -8,0
s	   146,8883	 8	252,34	102,84	   4,7	  16,8	  21,9	  22,3	  23,6	  25,2	  22,6	  -8,0
s	   147,2727	 8	293,80	 92,17	   6,2	  18,2	  23,6	  24,6	  25,8	  25,3	  22,8	  -7,9
s	   147,6110	 8	252,27	 75,23	   5,9	  17,1	  20,9	  20,7	  22,0	  24,4	  21,8	  -9,7
s	   147,8392	 8	141,61	 95,77	   7,9	  19,3	  23,4	  23,8	  25,0	  25,6	  22,8	  -8,0
s	   147,8959	 8	141,53	 84,60	   7,2	  18,9	  23,1	  23,6	  24,7	  25,2	  22,8	  -8,0
s	   149,3390	 7	222,12	 89,59	   7,8	  19,3	  23,7	  24,5	  25,5	  25,0	  22,7	  -8,2
s	   149,3450	 6	220,84	 89,60	   9,5	  20,2	  24,3	  25,0	  26,2	  25,9	  22,8	  -8,1
s	   149,5013	 8	222,13	 92,25	   7,6	  19,3	  23,7	  24,4	  25,4	  25,0	  22,6	  -8,3
s	   149,5073	 7	220,85	 92,26	   9,3	  20,2	  24,2	  25,0	  26,1	  25,8	  22,7	  -8,2
s	   149,5575	 8	222,10	 86,72	   6,5	  18,4	  22,7	  23,2	  24,3	  24,6	  22,6	  -8,4
s	   149,7581	 8	  5,09	 92,60	   6,9	  18,3	  23,7	  24,7	  25,9	  25,4	  22,6	  -8,3
s	   149,8413	 6	 59,38	 90,30	   7,8	  19,4	  23,8	  24,6	  25,7	  25,2	  22,8	  -8,1
s	   150,0031	 7	 59,37	 92,95	   7,6	  19,3	  23,7	  24,5	  25,6	  25,1	  22,7	  -8,3
s	   150,0591	 7	 59,39	 87,44	   7,3	  18,8	  23,1	  23,5	  24,7	  25,1	  22,7	  -8,3
s	   150,1301	 8	220,80	 84,08	   7,1	  18,7	  23,0	  23,4	  24,6	  25,1	  22,6	  -8,4
s	   150,6240	 8	 59,40	 84,80	   7,0	  18,7	  23,0	  23,4	  24,6	  25,0	  22,5	  -8,5
s	   150,7147	 6	243,03	 92,13	   6,5	  18,3	  23,6	  24,6	  25,9	  25,6	  22,7	  -8,3
s	   151,0017	 7	221,16	 86,76	   8,2	  19,2	  23,2	  23,7	  24,8	  25,3	  22,5	  -8,5
s	   151,5079	 8	221,22	 95,06	   7,9	  19,1	  23,2	  23,6	  24,7	  25,3	  22,4	  -8,7
s	   151,5400	 7	136,09	 90,22	   7,5	  19,1	  23,6	  24,4	  25,5	  24,8	  22,6	  -8,5
s	   151,6286	 8	136,11	 92,20	   5,3	  17,5	  23,1	  24,2	  25,3	  24,6	  22,4	  -8,7
s	   152,6790	 5	 78,53	 95,78	   7,6	  18,4	  23,2	  23,9	  25,3	  26,2	  21,7	 -10,3
s	   153,3056	 6	 78,53	 97,73	   4,6	  16,4	  22,5	  23,4	  24,8	  25,6	  22,3	  -9,0
s	   153,4927	 5	234,48	 89,52	   8,6	  19,6	  23,9	  24,7	  25,9	  25,4	  22,6	  -8,7
s	   153,5520	 6	 78,53	 98,36	   6,6	  17,9	  22,9	  23,5	  24,9	  25,6	  22,3	  -9,0
s	   153,5802	 6	234,49	 91,48	   6,4	  18,1	  23,4	  24,5	  25,7	  25,2	  22,5	  -8,8
s	   153,7057	 6	234,46	 86,73	   8,1	  19,1	  23,2	  23,7	  24,9	  25,3	  22,5	  -8,8
s	   154,2038	 7	234,50	 94,90	   7,8	  19,0	  23,1	  23,5	  24,8	  25,3	  22,3	  -9,0
s	   154,2584	 7	234,45	 84,15	   7,8	  19,0	  23,1	  23,5	  24,7	  25,3	  22,3	  -9,0
s	   154,3442	 6	 97,51	 90,36	   7,6	  19,1	  23,5	  24,3	  25,4	  24,9	  22,4	  -8,9
s	   154,3973	 8	136,59	 87,44	   6,8	  18,5	  22,8	  23,2	  24,4	  24,8	  22,2	  -9,1
s	   154,4313	 7	 97,51	 92,31	   5,3	  17,6	  23,1	  24,1	  25,3	  24,7	  22,3	  -9,0
s	   154,5562	 7	 97,51	 87,58	   7,8	  19,0	  23,1	  23,5	  24,7	  25,2	  22,3	  -9,1
s	   154,8048	 6	119,55	 90,30	   8,5	  19,0	  23,2	  24,0	  25,1	  24,6	  21,3	 -10,9
s	   154,9767	 7	 78,56	 79,60	   6,0	  17,2	  22,1	  22,4	  23,8	  25,5	  22,0	  -9,4
s	   155,0278	 6	161,95	 90,04	   8,3	  18,9	  23,2	  24,0	  25,1	  24,5	  21,3	 -10,8
s	   155,0689	 8	234,51	 97,46	   7,3	  18,7	  22,8	  23,2	  24,4	  24,9	  21,9	  -9,5
s	   155,1060	 8	 97,50	 85,01	   7,5	  18,9	  23,0	  23,4	  24,6	  25,2	  22,1	  -9,3
s	   155,1847	 7	161,97	 92,62	   8,0	  18,8	  23,2	  23,9	  25,0	  24,4	  21,2	 -11,0
s	   155,2389	 7	161,93	 87,28	   7,0	  17,9	  22,2	  22,7	  23,9	  24,0	  21,2	 -11,0
s	   155,4630	 7	291,60	 89,47	   7,3	  18,9	  23,4	  24,2	  25,3	  24,6	  22,2	  -9,2
s	   155,7325	 8	161,99	 95,37	   6,8	  17,8	  22,2	  22,6	  23,7	  23,9	  21,1	 -11,2
s	   156,9021	 7	201,47	 89,73	   7,2	  18,8	  23,3	  24,1	  25,2	  24,5	  22,1	  -9,5
s	   157,0572	 8	201,49	 92,28	   7,0	  18,8	  23,3	  24,0	  25,1	  24,4	  22,0	  -9,6
s	   157,1109	 8	201,45	 87,00	   5,9	  17,8	  22,3	  22,8	  23,9	  24,0	  22,0	  -9,6
s	   157,1329	 7	120,27	 87,56	   6,9	  18,1	  22,2	  22,6	  23,8	  24,3	  21,0	 -11,3
s	   157,4732	 8	292,43	 86,74	   5,9	  17,9	  22,4	  22,8	  23,9	  24,2	  21,9	  -9,7
s	   157,6745	 8	120,26	 85,03	   7,6	  18,4	  22,4	  22,7	  23,9	  24,5	  20,8	 -11,6
s	   157,8066	 7	 61,07	 95,57	   6,1	  17,5	  22,6	  23,2	  24,5	  25,1	  21,0	 -11,4
s	   158,4145	 8	 61,07	 97,46	   3,1	  15,5	  21,8	  22,7	  24,0	  24,5	  21,6	 -10,1
s	   158,5094	 6	280,54	 89,45	   8,1	  19,2	  23,5	  24,3	  25,4	  24,8	  22,1	  -9,7
s	   158,6630	 7	280,53	 91,97	   7,9	  19,1	  23,5	  24,2	  25,4	  24,8	  21,9	  -9,8
s	   158,7162	 7	280,54	 86,74	   6,8	  18,2	  22,6	  23,1	  24,2	  24,4	  21,9	  -9,8
s	   159,1998	 8	280,53	 94,67	   6,6	  18,1	  22,5	  23,0	  24,1	  24,3	  21,8	 -10,0
s	   159,2529	 8	280,55	 84,23	   6,6	  18,1	  22,5	  23,0	  24,1	  24,3	  21,8	 -10,0
s	   160,2634	 7	199,62	 89,75	   7,8	  19,0	  23,4	  24,2	  25,3	  24,7	  21,8	 -10,1
s	   160,4155	 8	199,64	 92,24	   7,6	  19,0	  23,4	  24,1	  25,2	  24,6	  21,7	 -10,2
s	   160,8056	 5	243,76	 89,49	   8,0	  19,1	  23,3	  24,1	  25,3	  24,9	  20,9	 -11,7
s	   161,0097	 6	243,75	 86,81	   7,5	  18,6	  22,6	  23,0	  24,3	  24,9	  20,8	 -11,9
s	   161,4870	 7	243,78	 94,64	   6,5	  18,1	  22,3	  22,7	  23,9	  24,4	  20,7	 -12,1
s	   162,0822	 8	243,79	 96,50	   4,2	  16,5	  21,8	  22,4	  23,7	  24,2	  21,3	 -10,7
s	   162,4333	 3	 78,36	 90,36	   9,8	  20,0	  23,9	  24,6	  25,9	  25,8	  21,0	 -11,8
s	   162,4724	 8	243,73	 81,70	   4,7	  16,9	  21,2	  21,4	  22,6	  23,7	  21,5	 -10,6
s	   162,5835	 4	 78,36	 92,82	   9,1	  19,7	  23,8	  24,5	  25,8	  25,5	  21,9	 -10,1
s	   162,6355	 4	 78,36	 87,71	   9,3	  19,4	  23,2	  23,6	  24,9	  25,7	  20,9	 -11,9
s	   162,9554	 5	 78,35	 94,86	   6,3	  17,4	  22,4	  23,1	  24,5	  25,1	  20,8	 -12,1
s	   163,2015	 4	 69,46	 90,34	   9,6	  19,8	  23,7	  24,5	  25,7	  25,4	  20,9	 -12,0
s	   163,3511	 5	 69,46	 92,79	   8,8	  19,5	  23,7	  24,4	  25,6	  25,2	  21,8	 -10,4
s	   163,5243	 7	180,35	 89,90	   7,8	  18,4	  22,7	  23,5	  24,5	  23,8	  20,4	 -12,5
s	   163,6737	 8	180,37	 92,35	   7,6	  18,4	  22,6	  23,4	  24,4	  23,7	  20,3	 -12,6
s	   163,7253	 8	180,33	 87,27	   6,5	  17,4	  21,7	  22,2	  23,2	  23,3	  20,3	 -12,6
s	   163,7768	 8	 95,46	 97,91	   4,9	  16,7	  21,9	  22,6	  23,8	  24,3	  21,2	 -11,0
s	   163,8737	 6	 69,45	 95,42	   8,1	  18,7	  22,7	  23,1	  24,4	  24,9	  20,6	 -12,4
s	   164,0848	 6	 78,37	 82,64	   7,3	  18,1	  22,0	  22,2	  23,5	  24,9	  21,6	 -10,6
s	   164,4610	 7	 69,44	 97,25	   5,1	  16,7	  21,9	  22,6	  23,9	  24,3	  21,2	 -11,0
s	   164,5520	 8	 96,35	 97,27	   2,8	  15,2	  21,5	  22,4	  23,7	  24,1	  21,1	 -11,2
s	   164,8346	 7	270,26	 89,44	   7,0	  18,5	  22,9	  23,7	  24,7	  24,1	  21,3	 -10,9
s	   164,8728	 6	226,42	 89,57	   7,0	  18,6	  23,0	  23,8	  24,9	  24,3	  21,5	 -10,8
s	   164,9129	 7	348,88	 89,82	   7,6	  18,2	  22,6	  23,4	  24,5	  23,6	  20,4	 -12,7
s	   164,9548	 7	226,43	 91,40	   4,8	  17,0	  22,5	  23,6	  24,7	  24,1	  21,4	 -10,9
s	   165,0341	 8	270,26	 86,83	   5,6	  17,6	  22,0	  22,4	  23,5	  23,7	  21,3	 -11,0
s	   165,0605	 7	 97,26	 95,41	   5,3	  17,1	  22,2	  22,8	  24,1	  24,7	  21,4	 -10,9
s	   165,0610	 8	348,86	 92,25	   7,3	  18,2	  22,6	  23,3	  24,4	  23,6	  20,3	 -12,8
s	   165,1123	 8	348,90	 87,20	   6,3	  17,2	  21,6	  22,1	  23,2	  23,1	  20,3	 -12,8
s	   165,1698	 7	 78,34	100,49	   6,2	  17,1	  21,0	  21,0	  22,3	  23,8	  20,4	 -12,7
s	   165,2163	 4	 86,02	 90,37	   8,7	  19,4	  23,4	  24,2	  25,4	  25,1	  20,7	 -12,4
s	   165,3642	 5	 86,02	 92,79	   8,0	  19,2	  23,3	  24,1	  25,3	  24,9	  21,6	 -10,7
s	   165,4154	 5	 86,03	 87,76	   8,2	  18,8	  22,7	  23,1	  24,4	  25,1	  20,6	 -12,5
s	   165,5899	 8	226,39	 84,54	   6,3	  17,9	  22,2	  22,6	  23,8	  24,1	  21,2	 -11,1
s	   165,7303	 6	 86,02	 94,80	   5,2	  16,8	  22,0	  22,7	  23,9	  24,5	  20,4	 -12,7
s	   166,6440	 8	 78,34	102,86	   6,5	  17,7	  21,6	  21,6	  22,9	  24,5	  20,9	 -11,5
s	   166,8424	 7	 86,03	 82,76	   6,2	  17,6	  21,6	  21,7	  23,0	  24,3	  21,2	 -11,2
s	   166,8979	 8	 78,38	 77,68	   4,9	  16,1	  19,9	  19,7	  21,0	  23,2	  20,1	 -13,1
s	   167,0255	 8	225,61	 94,57	   6,2	  18,0	  22,2	  22,6	  23,8	  24,3	  21,1	 -11,4
s	   167,9109	 8	 86,02	100,35	   5,1	  16,5	  20,5	  20,6	  21,8	  23,2	  20,0	 -13,3
s	   170,2903	 8	331,23	 89,69	   6,3	  17,5	  22,0	  22,8	  23,8	  22,8	  19,8	 -13,7
s	   171,4560	 8	217,41	 91,97	   4,3	  16,2	  21,7	  22,6	  23,8	  23,1	  19,7	 -13,9
s	   172,6461	 8	144,98	 87,67	   5,2	  16,7	  21,1	  21,5	  22,6	  22,7	  19,6	 -14,1
s	   173,0379	 7	 86,52	 95,20	   4,1	  16,3	  21,5	  22,2	  23,4	  23,9	  20,7	 -12,3
s	   173,1309	 5	 95,20	 90,37	   7,6	  18,6	  22,9	  23,7	  24,8	  24,2	  20,9	 -12,1
s	   173,2726	 6	 95,20	 92,69	   7,4	  18,6	  22,9	  23,6	  24,7	  24,2	  20,8	 -12,2
s	   173,8161	 8	 86,52	 97,51	   3,9	  16,2	  21,5	  22,1	  23,3	  23,8	  20,6	 -12,5
s	   173,8164	 7	 95,20	 85,56	   6,9	  18,0	  22,1	  22,5	  23,7	  24,1	  20,7	 -12,4
s	   176,9268	 7	 53,00	 87,83	   6,7	  17,9	  22,0	  22,4	  23,6	  23,9	  20,4	 -12,9
s	   177,2227	 8	 52,97	 94,45	   3,7	  15,9	  21,3	  21,9	  23,1	  23,3	  20,3	 -13,1
s	   178,8604	 8	 94,66	 95,06	   4,4	  16,2	  21,4	  22,1	  23,3	  23,7	  20,1	 -13,4
s	   179,8204	 8	 24,27	 90,10	   5,9	  17,5	  22,1	  22,9	  23,9	  22,9	  20,1	 -13,6
s	   181,7603	 8	  5,02	 89,96	   5,8	  17,1	  21,5	  22,3	  23,3	  22,4	  18,9	 -15,7
s	   181,7799	 7	162,44	 90,05	   6,8	  17,9	  22,3	  23,1	  24,1	  23,2	  20,0	 -13,8
s	   181,9152	 8	162,46	 92,27	   6,5	  17,8	  22,3	  23,0	  24,0	  23,2	  19,9	 -13,9
s	   182,2206	 6	102,77	 90,37	   6,2	  17,8	  22,2	  22,9	  24,0	  23,3	  20,1	 -13,7
s	   182,3557	 7	102,78	 92,58	   6,0	  17,7	  22,1	  22,9	  23,9	  23,2	  20,0	 -13,9
s	   182,4024	 7	102,77	 87,98	   5,0	  16,8	  21,2	  21,7	  22,8	  22,8	  20,0	 -13,9
s	   182,6901	 8	102,78	 94,41	   2,7	  15,2	  20,7	  21,5	  22,6	  22,6	  19,8	 -14,0
s	   182,8744	 8	102,77	 85,78	   4,7	  16,7	  21,1	  21,6	  22,6	  22,7	  19,8	 -14,1
s	   184,7411	 8	195,83	 89,79	   5,7	  17,0	  21,4	  22,1	  23,2	  22,3	  18,6	 -16,2
s	   185,2328	 8	285,57	 89,47	   4,9	  17,0	  21,6	  22,4	  23,4	  22,4	  19,6	 -14,5
s	   187,5059	 8	294,66	 89,50	   4,8	  16,4	  21,0	  21,8	  22,8	  21,7	  18,4	 -16,6
s	   188,9494	 8	 53,53	 90,29	   7,2	  17,9	  22,2	  22,9	  23,9	  23,1	  19,3	 -15,2
s	   189,0302	 8	253,00	 81,08	   0,7	  13,2	  19,5	  20,1	  21,4	  22,6	  19,1	 -15,3
s	   189,5432	 8	178,42	 89,93	   7,3	  17,9	  22,1	  22,9	  23,8	  22,9	  19,1	 -15,3
s	   191,6695	 8	348,44	 89,83	   6,1	  17,3	  21,8	  22,6	  23,5	  22,4	  19,1	 -15,6
s	   196,4789	 7	 69,60	 88,13	   6,4	  17,1	  21,1	  21,5	  22,7	  22,8	  17,8	 -18,0
s	   196,9645	 8	 69,60	 85,91	   6,6	  17,6	  21,9	  22,6	  23,6	  22,8	  18,7	 -16,4
s	   197,2914	 4	253,14	 89,48	   7,3	  17,9	  22,0	  22,7	  23,9	  23,4	  18,1	 -17,8
s	   197,4603	 5	253,14	 87,26	   6,8	  17,4	  21,3	  21,6	  22,9	  23,3	  18,0	 -18,0
s	   197,6939	 7	109,20	 90,36	   5,1	  16,8	  21,2	  21,9	  23,0	  22,2	  18,5	 -16,7
s	   197,7597	 8	147,54	 90,17	   5,1	  16,9	  21,4	  22,1	  23,1	  22,1	  18,6	 -16,6
s	   197,8191	 8	109,20	 92,41	   4,9	  16,8	  21,2	  21,8	  22,9	  22,1	  18,4	 -16,8
s	   197,8553	 6	253,15	 93,74	   5,8	  16,9	  20,9	  21,3	  22,5	  22,9	  17,8	 -18,1
s	   197,8624	 8	109,19	 88,15	   3,8	  15,8	  20,2	  20,7	  21,7	  21,7	  18,4	 -16,8
s	   197,8986	 6	253,13	 85,21	   6,0	  17,1	  21,2	  21,5	  22,7	  23,1	  18,9	 -16,4
s	   197,9331	 5	260,57	 89,47	   7,0	  17,7	  21,8	  22,6	  23,7	  23,1	  17,9	 -18,0
s	   198,0582	 6	260,57	 91,52	   6,3	  17,5	  21,8	  22,5	  23,6	  22,9	  18,8	 -16,4
s	   198,3485	 7	253,15	 95,28	   3,8	  15,6	  20,7	  21,3	  22,5	  22,9	  18,7	 -16,6
s	   198,4953	 7	260,57	 93,72	   5,5	  16,7	  20,8	  21,2	  22,3	  22,5	  17,7	 -18,4
s	   198,6720	 7	253,13	 83,02	   5,3	  16,3	  20,2	  20,3	  21,5	  22,8	  17,7	 -18,4
s	   198,9615	 8	118,11	 90,33	   5,1	  16,8	  21,3	  22,0	  23,0	  22,1	  18,5	 -16,8
s	   198,9870	 8	260,58	 95,25	   2,8	  14,9	  20,3	  21,0	  22,1	  22,2	  18,5	 -16,8
s	   199,5811	 8	253,16	 97,96	   4,5	  16,0	  20,1	  20,1	  21,3	  22,5	  18,5	 -16,9
s	   203,2742	 8	 39,68	 90,22	   4,9	  16,2	  20,6	  21,3	  22,3	  21,3	  17,2	 -19,3
s	   204,6262	 6	238,76	 89,53	   5,8	  17,0	  21,3	  22,0	  23,0	  22,3	  17,3	 -19,3
s	   204,7474	 7	238,77	 91,52	   5,1	  16,8	  21,2	  21,9	  22,9	  22,1	  18,2	 -17,6
s	   204,7893	 7	238,75	 87,39	   4,5	  16,0	  20,3	  20,7	  21,8	  21,8	  17,2	 -19,4
s	   205,1712	 8	238,78	 93,65	   4,3	  16,0	  20,2	  20,6	  21,7	  21,8	  17,0	 -19,6
s	   205,2130	 8	238,74	 85,41	   3,8	  15,8	  20,2	  20,6	  21,6	  21,6	  18,1	 -17,8
s	   205,4848	 6	239,62	 89,53	   5,8	  17,0	  21,2	  21,9	  23,0	  22,2	  17,2	 -19,4
s	   205,6056	 7	239,63	 91,50	   5,0	  16,7	  21,1	  21,8	  22,9	  22,0	  18,2	 -17,8
s	   205,6474	 7	239,61	 87,39	   4,5	  16,0	  20,2	  20,7	  21,7	  21,8	  17,1	 -19,5
s	   206,0277	 8	239,64	 93,63	   4,3	  15,9	  20,2	  20,6	  21,6	  21,7	  17,0	 -19,7
s	   206,0694	 8	239,61	 85,42	   3,8	  15,7	  20,1	  20,6	  21,6	  21,5	  18,0	 -17,9
s	   208,9608	 7	 77,77	 96,38	   4,1	  15,5	  20,5	  21,1	  22,3	  22,8	  17,9	 -18,3
s	   209,1246	 8	162,82	 90,06	   4,7	  15,8	  20,3	  21,1	  22,0	  20,8	  16,8	 -20,2
s	   209,6987	 8	 77,76	 97,99	   0,1	  12,6	  18,8	  19,4	  20,7	  21,8	  17,7	 -18,5
s	   209,8934	 8	 84,71	 96,37	   2,4	  14,6	  19,9	  20,5	  21,7	  21,9	  17,7	 -18,6
s	   213,5773	 8	114,80	 90,35	   4,5	  16,2	  20,7	  21,4	  22,4	  21,4	  17,4	 -19,2
s	   215,4369	 7	246,59	 89,50	   3,7	  15,8	  20,3	  21,0	  22,0	  21,1	  16,4	 -21,1
s	   215,5524	 8	246,60	 91,40	   2,9	  15,6	  20,2	  20,9	  21,9	  20,9	  17,3	 -19,5
s	   215,5924	 8	246,58	 87,46	   3,1	  15,3	  19,6	  20,0	  21,0	  21,1	  16,3	 -21,3
s	   217,8866	 8	281,00	 89,47	   3,6	  15,7	  20,3	  21,0	  21,9	  20,7	  17,1	 -19,9
s	   218,2464	 4	 77,67	 90,38	   5,9	  16,9	  21,1	  21,8	  22,9	  22,2	  17,5	 -19,5
s	   218,3606	 5	 77,67	 92,25	   5,7	  16,9	  21,0	  21,7	  22,8	  22,1	  17,4	 -19,6
s	   218,4000	 5	 77,68	 88,37	   6,2	  16,8	  20,6	  21,0	  22,2	  22,5	  17,4	 -19,6
s	   218,7989	 6	 77,68	 86,50	   5,2	  16,3	  20,3	  20,7	  21,8	  22,1	  17,3	 -19,8
s	   218,8303	 5	 70,92	 90,37	   5,7	  16,7	  21,0	  21,7	  22,8	  21,9	  17,4	 -19,7
s	   218,8370	 7	266,79	 89,47	   3,8	  15,8	  20,3	  21,1	  22,0	  21,0	  17,2	 -19,9
s	   218,9442	 6	 70,91	 92,23	   5,5	  16,7	  20,9	  21,6	  22,7	  21,8	  17,3	 -19,8
s	   218,9508	 8	266,79	 91,33	   3,5	  15,8	  20,3	  21,0	  21,9	  20,9	  17,0	 -20,0
s	   218,9835	 6	 70,92	 88,36	   5,2	  16,2	  20,3	  20,7	  21,8	  21,8	  17,3	 -19,8
s	   218,9902	 8	266,78	 87,46	   3,3	  15,2	  19,6	  20,1	  21,1	  20,9	  17,0	 -20,1
s	   219,0632	 5	 84,30	 90,39	   4,9	  16,4	  20,7	  21,5	  22,5	  21,7	  17,4	 -19,7
s	   219,1769	 6	 84,30	 92,25	   4,7	  16,4	  20,7	  21,4	  22,4	  21,6	  17,3	 -19,9
s	   219,2162	 6	 84,30	 88,38	   4,4	  15,9	  20,0	  20,5	  21,5	  21,6	  17,2	 -19,9
s	   219,3421	 7	 70,91	 94,24	   5,0	  16,1	  20,2	  20,6	  21,7	  21,8	  17,1	 -20,0
s	   219,5030	 7	 77,68	 84,50	   3,9	  15,3	  19,3	  19,4	  20,6	  21,6	  17,1	 -20,0
s	   219,6137	 7	 84,30	 86,52	   4,2	  15,8	  20,0	  20,3	  21,4	  21,6	  17,1	 -20,0
s	   219,9661	 8	 70,90	 96,09	   4,7	  16,0	  20,1	  20,5	  21,6	  21,7	  17,0	 -20,2
s	   220,0837	 8	 70,93	 84,50	   2,9	  14,7	  18,9	  19,1	  20,1	  20,9	  17,0	 -20,2
s	   220,3153	 8	 84,30	 84,53	   2,9	  14,8	  19,0	  19,1	  20,2	  21,1	  16,9	 -20,3
s	   220,4095	 8	 77,69	 82,66	   3,4	  15,0	  19,0	  19,1	  20,2	  21,2	  16,7	 -20,5
s	   221,9514	 6	 65,12	 90,35	   4,6	  16,1	  20,5	  21,3	  22,3	  21,3	  17,0	 -20,3
s	   222,0637	 7	 65,11	 92,19	   4,4	  16,1	  20,5	  21,2	  22,2	  21,2	  16,9	 -20,4
s	   222,4564	 8	 65,10	 94,17	   3,1	  15,1	  19,5	  19,9	  20,9	  20,7	  16,8	 -20,6
s	   225,2205	 8	226,13	 89,60	   3,3	  15,1	  19,5	  20,2	  21,2	  20,1	  15,6	 -22,8
s	   226,8362	 8	 64,61	 92,15	   2,0	  14,4	  19,9	  20,8	  21,8	  20,8	  16,5	 -21,3
s	   228,3959	 7	 58,73	 90,33	   4,2	  15,7	  20,2	  20,9	  21,9	  20,7	  16,5	 -21,5
s	   228,5052	 8	 58,72	 92,12	   3,9	  15,7	  20,2	  20,9	  21,8	  20,6	  16,4	 -21,6
s	   228,5431	 8	 58,74	 88,40	   4,4	  15,6	  19,8	  20,1	  21,2	  21,1	  16,3	 -21,6
s	   236,8822	 8	 64,36	 88,48	   3,9	  15,2	  19,3	  19,6	  20,7	  20,7	  14,7	 -24,7
s	   237,4490	 8	 52,86	 90,30	   2,9	  15,0	  19,6	  20,3	  21,2	  19,8	  15,7	 -23,0
s	   239,7071	 8	241,14	 89,53	   2,6	  14,8	  19,3	  20,0	  20,9	  19,7	  14,5	 -25,2
s	   242,5296	 8	 89,73	 90,40	   2,9	  14,9	  19,4	  20,1	  20,9	  19,7	  15,3	 -23,9
s	   243,1034	 7	253,57	 93,00	   2,1	  13,9	  19,0	  19,6	  20,7	  20,8	  15,4	 -23,8
s	   244,4250	 8	102,50	 90,39	   1,9	  14,0	  18,6	  19,3	  20,2	  18,8	  14,2	 -25,9
s	   253,1190	 5	253,64	 89,49	   3,8	  15,2	  19,5	  20,2	  21,2	  20,1	  15,0	 -25,2
s	   253,2182	 6	253,64	 91,12	   3,5	  15,2	  19,5	  20,1	  21,1	  20,1	  14,8	 -25,3
s	   253,2525	 6	253,63	 87,74	   4,0	  15,1	  19,1	  19,4	  20,5	  20,5	  14,8	 -25,3
s	   254,1093	 8	253,65	 94,49	   2,0	  14,1	  18,4	  18,8	  19,8	  19,5	  14,6	 -25,7
s	   254,2120	 8	253,63	 84,38	   2,5	  14,0	  18,0	  18,1	  19,1	  20,0	  14,5	 -25,7
s	   255,0972	 7	265,25	 89,48	   2,5	  14,5	  19,0	  19,8	  20,7	  19,3	  14,6	 -25,7
s	   255,1024	 7	 83,11	 90,40	   1,8	  14,3	  18,8	  19,5	  20,4	  19,1	  14,6	 -25,7
s	   255,1957	 8	265,25	 91,09	   2,3	  14,5	  19,0	  19,7	  20,6	  19,3	  14,5	 -25,8
s	   255,2008	 8	 83,11	 92,01	   1,5	  14,2	  18,8	  19,4	  20,3	  19,1	  14,5	 -25,8
s	   255,2297	 8	265,25	 87,74	   2,0	  14,0	  18,3	  18,7	  19,7	  19,3	  14,5	 -25,8
s	   255,2349	 8	 83,11	 88,66	   1,2	  13,7	  18,1	  18,5	  19,4	  19,1	  14,5	 -25,8
s	   259,6438	 7	242,83	 89,53	   2,4	  14,4	  18,9	  19,6	  20,5	  19,1	  14,3	 -26,4
s	   259,7406	 8	242,84	 91,11	   2,1	  14,3	  18,8	  19,5	  20,4	  19,1	  14,2	 -26,6
s	   259,7741	 8	242,83	 87,82	   2,6	  14,2	  18,5	  18,8	  19,8	  19,5	  14,2	 -26,6
#END
