#HEADER
CATT-Acoustic v8.0b    Copyright © CATT 1988-2003

 Project                : Aula Optica 

 GEOMETRICAL INFORMATION
 Src id and loc     [m] :   E0           9,400        4,600        1,300
 Rec id and loc     [m] :   10           5,750        4,600        1,200

 10       10,6353

 VARIABLE SOURCE DATA
 Directivity
   Type (library)       :  OMNI.SD0
   Dir. Index (DI) [dB] :       0,0      0,0      0,0      0,0      0,0      0,0      0,0      0,0
 Level
   On axis 1m      [dB] :      48,1     57,1     60,8     61,7     63,4     64,6     64,6     48,2
   Total power     [dB] :      59,0     68,0     71,7     72,6     74,3     75,5     75,5     59,1
   Auxiliary delay [ms] :       0,0

 VARIABLE AIR DATA
 Temperature       [°C] :      20
 Relative humidity  [%] :      50
 Density        [kg/m³] :       1,2
 Sound speed      [m/s] :     343
 Impedance      [Ns/m³] :     412
 Diss. coeff. [0.001/m] :      0,10     0,30     0,63     1,07     2,28     6,83    24,23    83,90      (estimated)

#DATAFIELDS
 TYPE DELAY ORDER AZIMUTH ELEVATION SPL125 SPL250 SPL500 SPL1K SPL2K SPL4K SPL8K SPL16K
#DATA
d	     0,0000	 0	268,79	 87,23	  36,8	  45,8	  49,5	  50,4	  52,1	  53,2	  53,0	  35,6
s	     2,2507	 1	268,81	123,20	  34,5	  43,7	  47,4	  48,2	  49,9	  51,1	  50,7	  33,1
*	    44,8291	 1	286,25	 94,98	 -14,3	  -5,2	  -1,5	  -0,7	   0,9	   1,8	   0,3	 -21,0
*	    40,7107	 1	271,40	 95,28	 -12,2	  -3,0	   0,7	   1,5	   3,1	   4,0	   2,6	 -18,4
*	    42,0550	 1	255,94	 95,21	 -12,9	  -3,8	  -0,1	   0,7	   2,3	   3,2	   1,8	 -19,3
*	    30,3642	 1	292,64	 96,93	  -6,2	   2,9	   6,6	   7,4	   9,1	  10,0	   8,9	 -11,1
*	    24,4202	 1	273,05	 97,67	  -1,6	   7,6	  11,2	  12,1	  13,7	  14,7	  13,7	  -5,8
*	    26,4480	 1	251,98	 97,47	  -3,4	   5,8	   9,5	  10,3	  12,0	  13,0	  11,9	  -7,8
*	    18,7975	 1	304,49	100,26	   2,4	  11,6	  15,3	  16,1	  17,7	  18,8	  18,0	  -1,1
*	     9,2995	 1	276,61	102,71	  15,0	  24,2	  27,9	  28,7	  30,4	  31,5	  30,9	  12,7
*	    12,9668	 1	243,81	101,91	   8,9	  18,1	  21,8	  22,6	  24,3	  25,3	  24,7	   6,2
*	    14,0983	 1	329,32	105,53	   6,3	  15,5	  19,2	  20,0	  21,7	  22,7	  22,0	   3,4
*	     2,9884	 1	289,85	118,95	  21,9	  31,0	  34,7	  35,6	  37,2	  38,4	  38,0	  20,4
*	     7,1942	 1	220,19	112,40	  14,8	  24,0	  27,7	  28,5	  30,2	  31,3	  30,8	  12,8
*	    18,3817	 1	 11,26	107,74	   2,7	  11,8	  15,5	  16,4	  18,0	  19,1	  18,2	  -0,7
*	     8,5357	 1	 46,03	134,46	  16,2	  25,4	  29,1	  29,9	  31,6	  32,7	  32,1	  14,0
*	    12,1646	 1	152,45	118,42	  10,1	  19,2	  22,9	  23,8	  25,4	  26,5	  25,9	   7,4
*	    29,6612	 1	 42,92	103,54	  -5,8	   3,4	   7,0	   7,9	   9,5	  10,5	   9,4	 -10,6
*	    23,5027	 1	 74,91	108,19	  -0,9	   8,3	  12,0	  12,8	  14,5	  15,5	  14,5	  -4,9
*	    25,5022	 1	115,34	106,51	  -2,6	   6,6	  10,3	  11,1	  12,8	  13,8	  12,7	  -6,9
s	     2,9431	 1	268,77	 50,33	  32,5	  41,6	  45,3	  45,8	  47,5	  49,4	  49,4	  31,0
*	    58,0839	 1	257,81	 82,47	 -16,8	  -7,0	  -3,1	  -2,4	  -0,8	   0,7	  -0,7	 -21,5
*	    56,4241	 1	269,99	 82,33	 -16,2	  -6,3	  -2,5	  -1,7	  -0,1	   1,4	   0,0	 -20,6
*	    58,8713	 1	282,05	 82,52	 -17,2	  -7,3	  -3,4	  -2,7	  -1,1	   0,4	  -1,1	 -21,9
*	    42,2997	 1	254,90	 80,86	  -9,9	   0,0	   3,9	   4,6	   6,2	   7,9	   6,8	 -12,6
*	    40,0900	 1	270,31	 80,59	  -8,7	   1,2	   5,1	   5,8	   7,4	   9,1	   8,1	 -11,1
*	    43,3314	 1	285,50	 80,97	 -10,4	  -0,5	   3,3	   4,1	   5,7	   7,3	   6,3	 -13,2
*	    27,2576	 1	250,00	 78,22	  -0,8	   9,1	  12,9	  13,7	  15,4	  17,1	  16,5	  -1,6
*	    23,9790	 1	270,88	 77,58	   1,9	  11,8	  15,7	  16,5	  18,1	  19,9	  19,3	   1,5
*	    28,7197	 1	291,25	 78,48	  -1,9	   8,0	  11,8	  12,6	  14,2	  16,0	  15,3	  -2,9
*	    14,6854	 1	240,17	 73,36	  10,0	  19,9	  23,7	  24,5	  26,2	  28,0	  27,7	  10,7
*	     9,0408	 1	272,14	 71,22	  18,7	  28,6	  32,5	  33,3	  34,9	  36,8	  36,6	  20,2
*	    16,8494	 1	302,34	 74,13	   7,5	  17,4	  21,3	  22,1	  23,7	  25,5	  25,1	   8,0
*	     9,5416	 1	214,74	 64,06	  14,8	  24,7	  28,6	  29,3	  31,0	  32,9	  32,7	  16,2
*	     3,0383	 1	277,23	 50,66	  25,0	  34,8	  38,7	  39,5	  41,2	  43,1	  43,1	  27,2
*	    12,0267	 1	327,96	 66,97	  11,8	  21,7	  25,5	  26,3	  28,0	  29,8	  29,6	  12,9
*	    14,3028	 1	157,87	 61,66	  10,3	  20,2	  24,0	  24,8	  26,5	  28,3	  28,0	  11,1
*	     8,6174	 1	 73,06	 34,50	  19,1	  28,9	  32,8	  33,6	  35,3	  37,1	  37,0	  20,6
*	    16,4841	 1	 16,25	 65,58	   7,8	  17,7	  21,5	  22,3	  24,0	  25,8	  25,4	   8,3
*	    26,6415	 1	122,67	 72,84	  -0,4	   9,5	  13,4	  14,1	  15,8	  17,5	  16,9	  -1,1
*	    23,3039	 1	 84,65	 69,63	   2,5	  12,3	  16,2	  17,0	  18,6	  20,4	  19,9	   2,1
*	    28,1260	 1	 49,58	 73,90	  -1,5	   8,4	  12,2	  13,0	  14,6	  16,4	  15,7	  -2,4
s	     8,1086	 2	268,83	144,24	  29,5	  38,8	  42,4	  42,9	  44,6	  46,5	  46,3	  27,5
s	     8,5912	 2	268,75	 32,36	  29,8	  39,2	  42,9	  43,5	  45,1	  47,1	  46,8	  28,7
s	    14,7122	 3	268,85	154,00	  27,2	  36,8	  40,5	  41,0	  42,6	  44,5	  44,1	  25,4
s	    15,7744	 3	268,73	 22,53	  25,3	  34,8	  38,5	  38,7	  40,3	  43,0	  42,9	  23,4
*	    16,9702	 1	191,24	105,73	   3,7	  13,2	  17,1	  18,0	  19,6	  20,5	  20,1	   1,2
s	    18,1948	 1	200,42	 89,00	  27,0	  36,5	  40,3	  41,2	  42,8	  43,7	  43,3	  24,3
*	    28,0807	 1	232,92	 83,49	   5,4	  14,9	  18,7	  19,6	  21,2	  22,0	  21,4	   1,5
*	    18,6905	 1	206,72	 81,14	  12,2	  21,7	  25,5	  26,4	  28,0	  28,9	  28,5	   9,5
*	    37,8438	 1	129,48	 77,37	 -17,8	  -8,8	  -5,0	  -4,2	  -2,6	  -1,9	  -2,0	 -21,0
*	    34,4838	 1	133,91	 76,18	 -15,9	  -6,9	  -3,1	  -2,3	  -0,7	   0,1	   0,0	 -18,7
*	    31,2984	 1	139,17	 74,89	 -14,0	  -5,0	  -1,2	  -0,3	   1,3	   2,0	   2,1	 -16,4
*	    28,3320	 1	145,35	 73,54	 -12,1	  -3,1	   0,7	   1,6	   3,2	   4,0	   4,1	 -14,1
*	    25,6383	 1	152,56	 72,22	 -10,3	  -1,2	   2,6	   3,4	   5,0	   5,8	   6,0	 -11,9
*	    23,2782	 1	160,77	 71,04	  -8,6	   0,5	   4,3	   5,1	   6,7	   7,6	   7,8	  -9,9
*	    21,3148	 1	169,84	 70,19	  -7,1	   1,9	   5,7	   6,6	   8,2	   9,0	   9,3	  -8,2
*	    18,3069	 1	197,85	 70,47	  -4,8	   4,2	   8,0	   8,9	  10,5	  11,4	  11,7	  -5,5
*	    18,3568	 1	205,95	 71,38	  -4,8	   4,2	   8,0	   8,9	  10,5	  11,3	  11,7	  -5,6
*	    18,9429	 1	213,03	 72,46	  -5,3	   3,8	   7,5	   8,4	  10,0	  10,9	  11,2	  -6,1
*	    20,0516	 1	219,09	 73,61	  -6,1	   2,9	   6,7	   7,6	   9,2	  10,0	  10,4	  -7,1
*	    21,6531	 1	224,24	 74,72	  -7,3	   1,7	   5,5	   6,4	   8,0	   8,8	   9,1	  -8,5
*	    23,7004	 1	228,60	 75,77	  -8,8	   0,2	   4,0	   4,8	   6,4	   7,3	   7,5	 -10,2
*	    26,1336	 1	232,28	 76,73	 -10,6	  -1,5	   2,2	   3,1	   4,7	   5,5	   5,7	 -12,3
*	    35,1324	 1	240,45	 79,06	 -16,3	  -7,3	  -3,5	  -2,6	  -1,1	  -0,3	  -0,4	 -19,1
*	    38,5255	 1	242,47	 79,68	 -18,2	  -9,2	  -5,4	  -4,5	  -3,0	  -2,2	  -2,4	 -21,4
*	    42,0515	 1	244,23	 80,24	 -20,0	 -11,0	  -7,2	  -6,4	  -4,8	  -4,1	  -4,3	 -23,7
s	    18,7371	 1	337,59	 88,97	  26,8	  35,9	  39,6	  40,5	  42,1	  43,0	  42,1	  22,3
*	    25,1171	 1	 19,62	 95,84	   5,7	  14,7	  18,5	  19,3	  20,9	  21,8	  22,0	   4,1
*	    21,2357	 1	  3,03	 95,86	   8,5	  17,5	  21,3	  22,2	  23,8	  24,6	  24,9	   7,4
*	    19,1721	 1	345,70	 95,38	  10,0	  19,1	  22,8	  23,7	  25,3	  26,2	  26,5	   9,2
*	    19,4885	 1	346,05	 78,43	   9,7	  18,8	  22,6	  23,4	  25,0	  25,9	  26,2	   8,9
*	    19,1437	 1	330,47	 94,54	  10,0	  19,1	  22,9	  23,7	  25,3	  26,2	  26,6	   9,2
*	    19,4523	 1	330,75	 79,19	   9,8	  18,8	  22,6	  23,5	  25,1	  25,9	  26,3	   8,9
*	    21,1523	 1	318,58	 93,66	   8,5	  17,6	  21,3	  22,2	  23,8	  24,7	  25,0	   7,4
*	    21,4395	 1	318,79	 80,31	   8,3	  17,3	  21,1	  22,0	  23,6	  24,4	  24,7	   7,2
*	    24,9855	 1	309,75	 92,90	   5,7	  14,8	  18,6	  19,4	  21,0	  21,8	  22,0	   4,2
*	    25,2425	 1	309,91	 81,42	   5,6	  14,6	  18,4	  19,2	  20,8	  21,6	  21,8	   4,0
*	    30,2342	 1	303,23	 92,29	   2,2	  11,3	  15,0	  15,9	  17,5	  18,3	  18,3	  -0,0
*	    30,4586	 1	303,35	 82,38	   2,1	  11,1	  14,9	  15,7	  17,3	  18,1	  18,2	  -0,2
*	    36,4549	 1	298,32	 91,82	  -1,5	   7,5	  11,3	  12,2	  13,7	  14,5	  14,4	  -4,5
*	    36,6497	 1	298,41	 83,18	  -1,6	   7,4	  11,2	  12,1	  13,6	  14,4	  14,3	  -4,6
*	    43,3072	 1	294,56	 91,44	  -5,1	   3,9	   7,7	   8,6	  10,1	  10,8	  10,5	  -9,0
*	    43,4772	 1	294,63	 83,82	  -5,2	   3,8	   7,6	   8,5	  10,0	  10,7	  10,5	  -9,1
*	    50,5696	 1	291,60	 91,14	  -8,5	   0,6	   4,3	   5,2	   6,7	   7,4	   6,9	 -13,2
*	    50,7193	 1	291,65	 84,34	  -8,5	   0,5	   4,3	   5,1	   6,7	   7,3	   6,9	 -13,3
*	    58,1051	 1	289,22	 90,90	 -11,5	  -2,5	   1,3	   2,1	   3,6	   4,2	   3,6	 -17,2
*	    58,2384	 1	289,26	 84,77	 -11,6	  -2,6	   1,2	   2,1	   3,6	   4,2	   3,5	 -17,3
s	    19,0988	 2	200,71	103,75	  26,5	  36,2	  40,0	  40,8	  42,4	  43,4	  42,9	  23,9
s	    19,5743	 2	200,08	 72,19	  25,6	  35,2	  39,1	  40,0	  41,5	  42,3	  41,7	  21,9
s	    19,6248	 2	337,30	103,46	  26,3	  35,6	  39,3	  40,2	  41,8	  42,7	  41,7	  21,9
s	    22,0664	 3	201,03	117,74	  23,7	  33,5	  37,2	  37,7	  39,3	  41,1	  40,8	  20,8
s	    22,2939	 4	268,86	159,96	  23,1	  32,9	  36,5	  36,7	  38,3	  40,9	  40,7	  20,6
s	    22,3454	 3	199,80	 60,52	  24,1	  34,1	  37,9	  38,5	  40,1	  41,8	  41,5	  22,2
s	    22,5454	 3	336,99	117,26	  24,3	  33,6	  37,3	  37,8	  39,4	  41,1	  40,7	  20,6
s	    22,8196	 4	197,74	 73,97	  23,3	  33,6	  37,7	  38,3	  39,8	  41,2	  41,5	  22,1
s	    22,8204	 3	338,19	 60,94	  24,7	  34,2	  38,0	  38,6	  40,2	  41,8	  41,4	  22,0
s	    22,8458	 4	268,71	 17,31	  23,5	  33,4	  37,1	  37,3	  38,9	  41,6	  41,3	  21,9
s	    26,6167	 4	201,35	128,87	  23,9	  33,8	  37,7	  38,5	  40,0	  40,8	  40,2	  20,5
s	    26,9884	 4	199,48	 49,61	  21,2	  31,3	  35,1	  35,3	  36,9	  39,3	  39,3	  18,8
s	    27,0379	 4	336,69	128,31	  24,5	  33,9	  37,8	  38,6	  40,1	  40,9	  40,1	  20,4
s	    27,4055	 4	338,50	 50,09	  21,9	  31,5	  35,2	  35,4	  37,0	  39,4	  39,2	  18,7
s	    27,8930	 6	337,51	127,31	  22,8	  32,6	  36,6	  37,1	  38,6	  40,0	  39,7	  19,8
*	    28,0620	 1	 19,49	 84,35	   4,3	  13,5	  17,2	  18,0	  19,7	  20,6	  19,6	  -0,3
*	    35,5278	 1	 36,20	 85,57	  -0,2	   9,0	  12,6	  13,5	  15,1	  16,0	  14,7	  -5,8
*	    28,5731	 1	233,10	 97,70	  -6,2	   3,3	   7,1	   8,0	   9,6	  10,4	   9,7	 -10,2
*	    28,6069	 1	127,10	104,39	  -0,0	   9,6	  14,4	  15,5	  17,2	  18,2	  17,2	  -2,7
s	    29,2937	 6	198,90	125,84	  21,0	  31,7	  35,8	  36,3	  37,8	  39,3	  39,3	  19,3
*	    29,4304	 1	238,77	 97,31	  -5,5	   4,0	   7,9	   8,7	  10,3	  11,2	  10,5	  -9,5
s	    29,5358	 5	268,88	163,45	  21,7	  31,8	  35,4	  35,6	  37,3	  39,9	  39,3	  19,4
*	    29,8651	 1	100,73	100,99	 -13,1	  -3,5	   1,3	   2,4	   4,1	   5,0	   4,0	 -16,0
*	    29,8226	 1	 77,34	101,01	 -13,1	  -3,4	   1,3	   2,4	   4,1	   5,1	   4,1	 -15,9
*	    33,3657	 1	 57,14	 99,59	 -15,6	  -5,9	  -1,1	  -0,0	   1,6	   2,6	   1,5	 -18,8
s	    30,6605	 5	268,69	 13,71	  19,9	  29,9	  33,5	  33,4	  35,1	  38,4	  38,3	  17,4
s	    31,8194	 5	201,64	136,80	  19,9	  30,2	  34,0	  34,1	  35,7	  38,2	  38,0	  17,1
s	    32,1895	 5	336,40	136,23	  20,6	  30,4	  34,1	  34,3	  35,9	  38,3	  37,9	  16,9
s	    32,2489	 5	199,18	 41,83	  20,4	  30,8	  34,6	  34,8	  36,4	  38,9	  38,7	  18,5
*	    32,3790	 1	139,28	 83,23	   2,8	  12,3	  16,1	  16,9	  18,5	  19,3	  18,6	  -1,7
s	    32,6153	 5	338,79	 42,32	  21,0	  31,0	  34,8	  35,0	  36,6	  39,0	  38,6	  18,3
s	    33,4930	 1	 88,79	 90,83	  23,3	  32,8	  36,6	  37,5	  39,1	  39,9	  39,1	  18,7
*	    41,6364	 1	 49,49	 92,85	   1,1	  10,6	  14,4	  15,2	  16,8	  17,5	  16,5	  -4,5
*	    33,9295	 1	 78,95	 93,65	   5,6	  15,1	  18,9	  19,8	  21,3	  22,1	  21,3	   1,0
*	    36,4032	 1	114,03	 93,37	   4,0	  13,5	  17,3	  18,2	  19,8	  20,6	  19,7	  -0,9
*	    38,0676	 1	 59,02	 81,99	  -8,6	   0,6	   4,3	   5,1	   6,7	   7,6	  10,3	  -8,8
*	    37,7465	 1	 58,97	 87,39	  -8,4	   0,8	   4,5	   5,3	   6,9	   7,8	  10,5	  -8,5
*	    36,6768	 1	 63,98	 81,64	  -7,8	   1,4	   5,1	   5,9	   7,5	   8,5	  11,1	  -7,8
*	    36,3442	 1	 63,92	 87,27	  -7,5	   1,6	   5,3	   6,1	   7,7	   8,7	  11,4	  -7,5
*	    35,5456	 1	 69,36	 81,32	  -7,1	   2,1	   5,8	   6,6	   8,2	   9,2	  11,9	  -6,9
*	    35,2030	 1	 69,32	 87,16	  -6,8	   2,3	   6,0	   6,8	   8,4	   9,4	  12,1	  -6,7
*	    34,6971	 1	 75,13	 81,06	  -6,5	   2,6	   6,3	   7,1	   8,8	   9,7	  12,4	  -6,3
*	    34,3464	 1	 75,10	 87,09	  -6,3	   2,9	   6,5	   7,4	   9,0	   9,9	  12,7	  -6,0
*	    34,1505	 1	 81,18	 80,89	  -6,2	   3,0	   6,7	   7,5	   9,1	  10,1	  12,8	  -5,9
*	    33,7943	 1	 81,16	 87,03	  -5,9	   3,2	   6,9	   7,7	   9,4	  10,3	  13,1	  -5,6
*	    33,9193	 1	 87,42	 80,81	  -6,0	   3,1	   6,8	   7,6	   9,3	  10,2	  13,0	  -5,7
*	    33,5608	 1	 87,41	 87,01	  -5,8	   3,4	   7,1	   7,9	   9,5	  10,4	  13,2	  -5,4
*	    34,0097	 1	 93,69	 80,84	  -6,1	   3,1	   6,8	   7,6	   9,2	  10,1	  12,9	  -5,8
*	    33,6521	 1	 93,69	 87,02	  -5,8	   3,3	   7,0	   7,8	   9,4	  10,4	  13,2	  -5,5
*	    34,4191	 1	 99,83	 80,99	  -6,4	   2,8	   6,5	   7,3	   8,9	   9,9	  12,6	  -6,1
*	    34,0657	 1	 99,85	 87,06	  -6,1	   3,0	   6,7	   7,6	   9,2	  10,1	  12,9	  -5,8
*	    35,1373	 1	105,73	 81,21	  -6,8	   2,4	   6,0	   6,9	   8,5	   9,4	  12,1	  -6,6
*	    34,7908	 1	105,77	 87,14	  -6,6	   2,6	   6,3	   7,1	   8,7	   9,6	  12,4	  -6,4
*	    36,1471	 1	111,29	 81,51	  -7,4	   1,7	   5,4	   6,2	   7,9	   8,8	  11,5	  -7,4
*	    35,8099	 1	111,33	 87,24	  -7,2	   1,9	   5,6	   6,4	   8,1	   9,0	  11,7	  -7,1
s	    33,8233	 2	 88,79	 98,20	  20,8	  30,9	  35,9	  37,0	  38,6	  39,4	  38,6	  18,3
s	    34,2932	 2	 88,80	 80,37	  21,9	  31,2	  34,8	  35,3	  36,9	  38,6	  37,7	  16,6
*	    36,6231	 1	239,85	 96,17	 -12,0	  -2,8	   1,0	   4,5	   7,0	   7,7	   6,5	 -14,1
*	    38,5447	 1	241,01	 95,89	 -13,0	  -3,9	  -0,0	   3,5	   5,9	   6,7	   5,4	 -15,4
*	    40,5122	 1	242,10	 95,63	 -14,1	  -4,9	  -1,1	   2,4	   4,9	   5,6	   4,3	 -16,7
*	    36,2974	 1	239,82	 93,68	 -11,8	  -2,6	   1,2	   4,7	   7,2	   7,9	   6,7	 -13,9
*	    38,2322	 1	240,99	 93,48	 -12,9	  -3,7	   0,1	   3,6	   6,1	   6,8	   5,6	 -15,2
*	    40,2122	 1	242,08	 93,31	 -13,9	  -4,7	  -0,9	   2,6	   5,1	   5,8	   4,4	 -16,5
*	    36,0993	 1	239,80	 91,17	 -11,7	  -2,5	   1,3	   4,8	   7,3	   8,0	   6,8	 -13,7
*	    38,0423	 1	240,97	 91,08	 -12,7	  -3,6	   0,2	   3,7	   6,2	   6,9	   5,7	 -15,0
*	    40,0301	 1	242,05	 90,99	 -13,8	  -4,6	  -0,8	   2,7	   5,2	   5,9	   4,6	 -16,4
*	    36,0309	 1	239,77	 88,66	 -11,6	  -2,4	   1,4	   4,9	   7,4	   8,1	   6,9	 -13,7
*	    37,9768	 1	240,94	 88,66	 -12,7	  -3,5	   0,3	   3,8	   6,3	   7,0	   5,7	 -15,0
*	    39,9673	 1	242,03	 88,66	 -13,8	  -4,6	  -0,8	   2,7	   5,2	   5,9	   4,6	 -16,3
*	    36,0928	 1	239,74	 86,15	 -11,7	  -2,5	   1,3	   4,8	   7,3	   8,1	   6,8	 -13,7
*	    38,0361	 1	240,92	 86,24	 -12,7	  -3,6	   0,3	   3,8	   6,2	   7,0	   5,7	 -15,0
*	    40,0243	 1	242,01	 86,32	 -13,8	  -4,6	  -0,8	   2,7	   5,2	   5,9	   4,6	 -16,3
*	    36,2844	 1	239,72	 83,64	 -11,8	  -2,6	   1,2	   4,7	   7,2	   7,9	   6,7	 -13,9
*	    38,2200	 1	240,89	 83,82	 -12,8	  -3,7	   0,1	   3,6	   6,1	   6,8	   5,6	 -15,2
*	    40,2007	 1	241,98	 84,00	 -13,9	  -4,7	  -0,9	   2,6	   5,1	   5,8	   4,5	 -16,5
s	    36,3099	 3	 88,80	 71,25	  21,8	  31,4	  35,1	  35,6	  37,2	  39,0	  38,0	  17,4
s	    37,4491	 6	268,90	166,02	  18,4	  28,6	  32,2	  32,0	  33,6	  37,0	  36,6	  15,2
s	    37,6533	 6	201,93	142,91	  19,1	  29,7	  33,5	  33,7	  35,3	  37,8	  37,3	  16,7
s	    37,9790	 6	336,12	142,36	  19,8	  29,9	  33,7	  33,9	  35,4	  37,9	  37,3	  16,6
s	    38,0174	 6	268,67	 11,42	  18,8	  29,1	  32,8	  32,7	  34,3	  37,7	  37,3	  16,5
s	    39,0663	 6	198,83	 35,05	  18,3	  28,6	  32,5	  32,7	  34,2	  36,5	  36,3	  14,7
s	    39,1311	 4	 88,78	118,75	  21,1	  30,9	  34,5	  35,0	  36,6	  38,4	  37,3	  16,4
s	    39,3827	 6	339,13	 35,51	  19,0	  28,9	  32,7	  32,8	  34,3	  36,6	  36,2	  14,6
s	    40,0299	 8	339,88	 36,53	  17,5	  27,6	  31,5	  31,4	  32,8	  35,8	  35,8	  14,2
*	    40,2724	 1	 48,12	 91,39	 -11,9	  -2,8	   0,9	   1,8	   3,4	   4,1	   3,9	 -15,3
*	    40,4177	 1	 48,06	 95,78	 -11,9	  -2,9	   0,9	   1,7	   3,3	   4,0	   3,8	 -15,4
*	    40,3798	 1	 45,60	 89,28	  -8,6	   0,4	   4,2	   5,0	   6,6	   7,3	   7,1	 -12,1
*	    40,4249	 1	 45,53	 93,65	  -8,6	   0,4	   4,2	   5,0	   6,6	   7,3	   7,1	 -12,1
*	    40,6795	 1	 45,47	 97,98	  -8,8	   0,3	   4,0	   4,9	   6,4	   7,2	   7,0	 -12,3
*	    40,6729	 1	128,80	 78,29	  -8,8	   0,7	   4,6	   5,4	   7,0	   7,7	   6,8	 -14,2
s	    40,9919	 2	120,06	 90,72	  21,0	  31,0	  34,9	  35,8	  37,3	  38,0	  37,3	  16,3
s	    41,1030	 8	196,61	 38,15	  15,8	  26,9	  30,9	  30,7	  32,2	  35,2	  35,6	  13,9
s	    41,5021	 3	120,15	 99,07	  20,7	  30,8	  34,8	  35,6	  37,1	  37,8	  37,1	  16,1
s	    41,7197	 2	190,50	 89,46	  20,8	  30,4	  34,3	  35,2	  36,7	  37,3	  36,1	  14,3
s	    41,7748	 3	119,96	 81,12	  19,9	  29,9	  34,0	  34,8	  36,3	  36,8	  36,0	  14,2
*	    42,5846	 1	 47,33	 78,83	  -9,4	  -0,3	   3,4	   4,3	   5,8	   6,5	   6,3	 -13,1
*	    42,1174	 1	 47,27	 82,93	  -9,1	  -0,1	   3,7	   4,5	   6,1	   6,8	   6,6	 -12,8
*	    41,8502	 1	 47,21	 87,13	  -9,0	   0,0	   3,8	   4,7	   6,2	   6,9	   6,7	 -12,7
s	    42,2229	 3	190,67	 97,70	  20,5	  30,3	  34,2	  35,0	  36,5	  37,1	  35,9	  14,1
s	    42,3959	 3	190,32	 80,62	  19,5	  29,3	  33,2	  33,8	  35,3	  36,7	  35,9	  14,0
s	    42,6590	 5	 88,81	 57,10	  16,5	  27,4	  32,3	  32,8	  34,4	  36,8	  36,4	  15,3
s	    43,3881	 5	 88,78	126,44	  18,6	  28,5	  32,1	  32,2	  33,8	  36,4	  35,5	  13,5
s	    43,4195	 4	119,88	 73,81	  18,9	  29,3	  33,3	  33,8	  35,3	  36,8	  36,4	  15,2
s	    43,7101	 3	 54,34	 81,42	  20,3	  30,0	  33,9	  34,7	  36,2	  36,9	  35,6	  13,6
s	    44,1150	 4	190,14	 72,77	  19,5	  29,5	  33,4	  33,9	  35,4	  36,9	  36,2	  15,0
*	    44,3699	 1	243,96	 95,17	  -9,6	  -0,1	   3,7	   4,6	   6,1	   6,9	   5,8	 -15,5
s	    44,4117	 7	202,25	147,98	  16,2	  26,9	  30,7	  30,5	  32,1	  35,3	  35,1	  13,0
s	    44,5748	 2	347,70	 89,44	  21,1	  30,7	  34,6	  35,4	  36,9	  37,5	  36,6	  15,3
s	    44,6976	 7	335,82	147,46	  16,9	  27,2	  30,9	  30,7	  32,2	  35,4	  35,0	  12,9
s	    44,7222	 5	125,37	 98,54	  16,9	  28,3	  33,5	  34,6	  36,1	  36,7	  36,2	  14,9
s	    44,8599	 7	268,91	167,75	  17,4	  27,9	  31,6	  31,5	  33,1	  36,4	  35,8	  14,4
s	    44,9088	 7	198,55	 30,86	  16,6	  27,5	  31,3	  31,2	  32,8	  36,0	  35,8	  14,4
s	    45,0522	 3	347,54	 97,25	  20,8	  30,5	  34,4	  35,3	  36,8	  37,4	  36,4	  15,1
s	    45,1922	 7	339,40	 31,30	  17,3	  27,8	  31,5	  31,4	  33,0	  36,2	  35,7	  14,3
s	    45,2074	 6	190,61	106,45	  18,4	  28,5	  32,5	  33,1	  34,5	  35,6	  35,0	  12,9
s	    45,2165	 3	347,87	 81,05	  19,8	  29,6	  33,5	  34,1	  35,6	  37,0	  36,4	  15,0
s	    46,0039	 7	268,64	  9,61	  15,7	  26,2	  29,8	  29,3	  30,9	  35,0	  34,8	  12,6
s	    46,1266	 5	120,35	115,60	  19,2	  29,6	  33,7	  34,5	  35,9	  36,5	  35,7	  14,3
s	    46,1635	 5	 50,81	 81,79	  18,9	  29,1	  33,0	  33,5	  35,0	  36,5	  35,7	  14,3
s	    46,3026	 8	190,36	106,13	  16,7	  27,1	  31,3	  31,6	  32,9	  34,7	  34,6	  12,4
*	    46,3033	 1	247,63	 94,92	 -15,0	  -5,5	  -1,7	  -0,9	   0,7	   1,4	   0,3	 -21,2
s	    46,3712	 5	119,79	 65,95	  16,6	  27,2	  31,1	  31,3	  32,8	  35,1	  34,9	  12,7
s	    46,5524	 5	191,03	113,50	  18,9	  29,1	  33,0	  33,5	  35,0	  36,4	  35,7	  14,2
s	    46,8513	 4	348,04	 73,57	  19,1	  29,1	  33,0	  33,5	  35,0	  36,4	  35,7	  14,2
s	    46,8709	 6	 88,77	131,09	  16,3	  27,1	  31,9	  32,3	  33,9	  36,4	  35,5	  14,0
s	    47,0311	 5	189,96	 65,00	  17,3	  27,4	  31,2	  31,4	  32,9	  35,1	  34,8	  12,5
s	    47,6248	 6	 88,82	 50,44	  14,7	  25,4	  30,1	  30,2	  31,8	  35,1	  34,6	  12,2
s	    47,9183	 5	 53,90	114,74	  19,7	  29,8	  33,7	  34,4	  35,9	  36,6	  35,4	  13,8
s	    49,1773	 5	347,20	112,36	  18,5	  28,7	  32,6	  33,1	  34,6	  36,0	  35,2	  13,5
s	    49,6351	 5	348,21	 66,10	  16,9	  27,0	  30,9	  31,0	  32,5	  34,7	  34,3	  11,8
s	    49,6689	 6	120,44	122,16	  15,9	  26,7	  30,6	  30,7	  32,2	  34,5	  34,2	  11,7
s	    49,9720	 6	119,70	 59,46	  16,4	  27,3	  31,3	  31,5	  33,0	  35,2	  34,9	  13,1
s	    50,2021	 7	 50,36	113,75	  17,9	  28,4	  32,3	  32,7	  34,2	  35,8	  34,8	  13,0
s	    50,2670	 6	348,05	105,00	  17,6	  28,2	  32,3	  32,8	  34,2	  35,4	  35,1	  13,3
s	    50,2931	 6	191,21	120,54	  16,6	  26,9	  30,7	  30,9	  32,4	  34,6	  34,1	  11,5
s	    50,5931	 6	189,79	 58,55	  17,0	  27,5	  31,4	  31,6	  33,1	  35,3	  34,8	  13,0
s	    51,5064	 8	202,56	151,92	  16,5	  27,3	  31,2	  31,3	  32,8	  35,1	  34,4	  12,5
s	    51,6532	 6	 54,63	 60,34	  16,9	  27,5	  31,3	  31,5	  33,0	  35,4	  34,6	  12,7
s	    51,7598	 8	335,52	151,44	  17,2	  27,5	  31,4	  31,5	  33,0	  35,3	  34,4	  12,4
s	    52,0230	 8	198,22	 26,99	  13,8	  24,8	  28,6	  28,1	  29,7	  33,6	  33,6	  10,8
s	    52,2743	 8	339,72	 27,39	  14,5	  25,1	  28,8	  28,3	  29,9	  33,8	  33,5	  10,8
s	    52,4118	 7	 88,77	136,79	  13,0	  24,2	  29,1	  29,2	  30,8	  33,9	  33,6	  10,8
s	    52,7633	 6	347,03	119,18	  16,2	  26,5	  30,4	  30,5	  32,0	  34,2	  33,6	  10,8
s	    52,8836	 8	268,93	169,16	  14,5	  25,1	  28,7	  28,2	  29,8	  33,9	  33,4	  10,6
s	    53,0517	 6	348,37	 59,85	  16,7	  27,2	  31,1	  31,3	  32,8	  35,0	  34,4	  12,3
s	    53,3839	 8	 88,75	149,50	  13,9	  25,1	  29,9	  30,0	  31,6	  34,9	  34,1	  12,0
s	    53,4580	 8	268,62	  8,34	  14,9	  25,7	  29,4	  28,9	  30,5	  34,6	  34,1	  12,0
s	    53,8393	 7	119,62	 54,25	  13,1	  24,4	  29,5	  29,9	  31,4	  33,5	  33,3	  10,5
s	    53,9091	 7	120,53	127,92	  15,6	  26,7	  30,7	  30,8	  32,3	  34,6	  34,1	  12,0
s	    54,4927	 7	191,38	126,27	  16,3	  26,9	  30,8	  31,0	  32,5	  34,7	  34,0	  11,8
*	    54,6552	 1	247,75	 94,24	 -11,6	  -2,1	   1,7	   2,6	   4,1	   4,8	   3,5	 -18,8
*	    54,8145	 1	247,65	 82,04	 -11,6	  -2,1	   1,7	   2,5	   4,1	   4,7	   3,4	 -18,8
s	    54,9403	 7	333,86	103,61	  16,0	  27,1	  31,3	  31,9	  33,2	  34,2	  34,2	  12,0
s	    55,1924	 7	189,60	 52,48	  14,7	  25,2	  29,1	  28,9	  30,4	  33,4	  33,1	  10,1
s	    55,4221	 7	 54,72	 55,20	  13,7	  24,6	  29,5	  29,9	  31,5	  33,7	  33,1	  10,0
s	    55,8621	 1	268,79	 88,54	  19,7	  29,2	  33,0	  33,9	  35,4	  36,1	  34,7	  12,4
*	    61,5454	 1	288,36	 85,38	  -2,9	   6,6	  10,4	  11,2	  12,8	  13,4	  11,9	 -11,0
*	    56,1199	 1	271,37	 85,12	  -0,8	   8,7	  12,5	  13,4	  14,9	  15,6	  14,2	  -8,2
*	    59,1547	 1	253,93	 85,28	  -2,0	   7,5	  11,3	  12,2	  13,7	  14,3	  12,9	  -9,8
s	    56,2590	 2	268,80	 95,04	  19,5	  29,1	  32,9	  33,7	  35,3	  36,0	  34,5	  12,2
s	    56,3958	 2	268,79	 81,56	  18,4	  28,2	  32,0	  32,6	  34,1	  35,5	  34,5	  12,1
s	    56,8093	 7	346,87	124,79	  16,0	  26,6	  30,5	  30,7	  32,2	  34,4	  33,6	  11,2
s	    57,4852	 7	348,55	 53,89	  14,4	  24,9	  28,8	  28,6	  30,1	  33,1	  32,7	   9,5
s	    57,6299	 3	268,80	101,86	  17,3	  27,1	  30,8	  31,3	  32,8	  34,3	  33,2	   9,9
s	    57,7640	 3	268,79	 75,25	  17,8	  27,7	  31,5	  32,1	  33,6	  35,1	  33,9	  11,4
s	    58,0256	 8	 88,76	141,21	  12,6	  24,1	  29,0	  29,1	  30,7	  33,9	  33,3	  10,8
s	    59,1097	 8	120,63	133,29	  13,2	  24,4	  28,3	  28,1	  29,6	  32,6	  32,4	   9,0
s	    59,2385	 3	139,63	 90,54	  17,4	  27,4	  31,4	  32,3	  33,7	  34,1	  32,9	   9,5
s	    59,3289	 3	 37,89	 90,50	  18,1	  28,3	  32,2	  33,0	  34,5	  35,1	  33,9	  11,3
s	    59,4477	 4	139,71	 95,21	  15,1	  25,8	  31,0	  32,1	  33,5	  34,0	  32,8	   9,4
s	    59,5378	 4	 37,82	 95,17	  15,8	  26,7	  31,7	  32,8	  34,3	  34,9	  33,8	  11,1
s	    59,6502	 8	191,57	131,62	  13,9	  24,6	  28,4	  28,3	  29,8	  32,8	  32,3	   8,9
s	    59,7302	 4	268,80	107,88	  17,3	  27,4	  31,2	  31,7	  33,3	  34,8	  33,5	  10,8
s	    59,8364	 4	 38,01	 83,86	  16,8	  27,2	  31,2	  31,7	  33,2	  34,6	  33,7	  11,0
s	    60,0401	 8	189,43	 47,59	  14,3	  25,2	  29,1	  29,0	  30,5	  33,5	  33,0	  10,3
s	    60,1197	 4	268,78	 68,82	  15,7	  25,8	  29,5	  29,7	  31,3	  33,5	  32,6	   9,2
s	    60,5755	 8	 53,59	132,16	  13,7	  24,6	  28,4	  28,2	  29,7	  32,9	  32,1	   8,6
s	    61,0112	 5	 37,68	103,18	  16,4	  27,1	  31,0	  31,5	  33,0	  34,4	  33,4	  10,6
s	    61,2712	 5	 38,12	 77,39	  17,4	  27,8	  31,9	  32,6	  34,1	  34,5	  33,4	  10,6
s	    61,2781	 2	291,18	 88,64	  18,8	  28,4	  32,3	  33,1	  34,6	  35,1	  33,7	  10,9
s	    61,6452	 3	291,13	 94,66	  18,6	  28,3	  32,2	  33,0	  34,5	  35,0	  33,5	  10,7
s	    62,1041	 4	141,04	 84,09	  17,0	  27,1	  31,0	  31,4	  33,0	  34,4	  33,1	  10,3
s	    62,5616	 8	348,72	 48,71	  15,0	  25,7	  29,7	  29,9	  31,3	  33,4	  32,6	   9,7
s	    62,8027	 5	268,81	113,91	  15,2	  25,4	  29,2	  29,3	  30,8	  33,1	  32,1	   8,4
s	    62,9158	 4	291,08	100,99	  16,4	  26,2	  30,1	  30,5	  32,0	  33,3	  32,2	   8,5
s	    62,9293	 6	139,94	109,01	  16,5	  26,8	  30,7	  31,2	  32,6	  34,0	  32,8	   9,8
s	    63,0151	 6	 37,58	108,94	  15,7	  26,5	  30,5	  30,9	  32,4	  33,8	  32,8	   9,8
s	    63,0402	 4	291,27	 76,32	  16,9	  26,9	  30,8	  31,3	  32,8	  34,1	  33,0	  10,0
s	    63,0518	 5	268,78	 63,27	  15,7	  26,1	  29,9	  30,1	  31,6	  33,9	  32,9	   9,9
s	    63,3667	 5	141,36	103,26	  16,9	  27,3	  31,4	  32,1	  33,6	  34,0	  32,8	   9,8
s	    64,4884	 7	 36,04	 77,94	  15,6	  26,4	  30,5	  30,9	  32,3	  33,6	  32,7	   9,6
s	    64,7374	 7	 32,81	102,47	  14,3	  25,2	  30,2	  31,0	  32,4	  33,7	  32,6	   9,5
s	    65,0487	 5	291,04	107,04	  17,5	  27,4	  31,4	  32,2	  33,6	  34,0	  32,6	   9,4
s	    65,2324	 5	291,32	 70,29	  14,9	  25,0	  28,8	  29,0	  30,5	  32,6	  31,7	   7,8
s	    65,3603	 7	139,25	 67,63	  12,2	  23,7	  28,8	  29,3	  30,7	  32,7	  32,3	   9,1
s	    65,4434	 7	 38,30	 67,61	  12,2	  23,8	  28,8	  29,3	  30,8	  33,0	  32,3	   9,1
s	    65,4780	 7	291,88	106,94	  16,0	  26,2	  30,3	  30,8	  32,2	  33,2	  32,3	   9,1
s	    65,8734	 7	140,05	114,82	  14,4	  24,8	  28,7	  28,8	  30,2	  32,4	  31,4	   7,5
s	    65,9559	 7	 37,46	114,75	  13,6	  24,5	  28,4	  28,5	  30,0	  32,2	  31,4	   7,4
s	    66,3226	 6	268,81	119,02	  15,1	  25,6	  29,4	  29,6	  31,1	  33,4	  32,3	   9,0
s	    66,7762	 7	145,04	102,20	  11,8	  23,5	  28,8	  29,5	  30,9	  32,1	  31,3	   7,2
s	    66,9156	 6	268,78	 57,83	  13,5	  24,0	  27,7	  27,6	  29,1	  32,1	  31,4	   7,3
s	    67,5487	 8	140,77	 68,29	  10,2	  21,8	  26,8	  27,0	  28,4	  31,2	  31,1	   7,0
s	    67,7405	 6	290,99	112,31	  14,4	  24,7	  28,5	  28,7	  30,1	  32,2	  31,3	   7,1
s	    67,9739	 6	291,37	 65,06	  14,9	  25,3	  29,2	  29,4	  30,9	  33,0	  32,0	   8,6
s	    68,1461	 3	186,54	 89,65	  17,1	  27,1	  31,1	  32,0	  33,4	  33,7	  32,6	   9,1
s	    68,4813	 4	186,66	 95,14	  16,8	  27,0	  31,1	  31,9	  33,3	  33,7	  32,4	   9,0
s	    68,5971	 4	186,42	 83,74	  15,8	  26,1	  30,1	  30,7	  32,1	  33,2	  32,4	   8,9
s	    69,6438	 5	186,78	100,95	  15,4	  25,9	  30,0	  30,5	  31,9	  33,1	  32,1	   8,6
s	    69,7578	 5	186,30	 78,37	  15,4	  25,9	  30,0	  30,5	  31,9	  33,1	  32,1	   8,6
s	    69,8296	 8	139,12	 61,05	  11,9	  23,0	  27,0	  26,9	  28,3	  31,1	  30,7	   6,4
s	    69,9080	 8	 38,43	 61,05	  11,9	  23,1	  27,0	  26,8	  28,3	  31,3	  30,7	   6,4
s	    70,4783	 8	141,64	117,79	  12,2	  23,6	  28,5	  28,8	  30,4	  32,7	  31,4	   7,8
s	    70,7337	 7	268,81	123,99	  12,8	  23,5	  27,3	  27,1	  28,6	  31,6	  30,7	   6,3
s	    71,0479	 7	290,94	117,19	  14,3	  24,9	  28,8	  29,0	  30,5	  32,6	  31,5	   7,8
s	    71,0708	 7	268,78	 53,27	  13,3	  24,2	  28,0	  27,8	  29,3	  32,4	  31,5	   7,8
s	    71,4372	 6	186,90	106,14	  14,8	  25,5	  29,5	  30,0	  31,4	  32,6	  31,5	   7,8
s	    71,6107	 3	351,37	 89,62	  16,7	  26,3	  30,2	  31,1	  32,5	  32,8	  31,0	   6,6
s	    71,8911	 7	291,43	 59,50	  13,7	  24,0	  28,0	  28,1	  29,5	  31,5	  30,6	   6,1
s	    71,9319	 4	351,26	 94,88	  16,4	  26,2	  30,2	  31,0	  32,4	  32,7	  30,9	   6,4
s	    71,9442	 6	186,17	 72,42	  15,0	  25,5	  29,6	  30,2	  31,5	  32,5	  31,7	   7,9
s	    73,0464	 5	351,15	100,45	  15,1	  25,1	  29,1	  29,6	  31,0	  32,1	  30,6	   6,0
s	    73,1558	 5	351,60	 78,80	  15,1	  25,1	  29,1	  29,6	  31,0	  32,1	  30,6	   6,0
s	    74,0862	 7	187,02	111,44	  12,7	  23,5	  27,5	  27,6	  29,1	  31,0	  30,2	   5,6
s	    74,2989	 7	109,86	 85,03	  13,0	  24,5	  28,8	  29,4	  30,7	  31,6	  31,2	   7,3
s	    74,3022	 7	186,06	 67,92	  13,2	  24,2	  28,2	  28,4	  29,8	  31,8	  31,0	   7,1
s	    74,9272	 6	351,03	105,82	  16,2	  26,2	  30,2	  31,0	  32,4	  32,6	  31,0	   7,0
s	    75,1374	 3	229,61	 88,89	  15,6	  25,6	  29,7	  30,5	  31,9	  32,2	  30,5	   5,8
s	    75,1374	 3	307,97	 88,85	  16,4	  25,9	  29,7	  29,2	  29,6	  30,2	  28,4	   4,4
s	    75,1472	 7	 64,91	 85,05	  15,1	  25,5	  29,5	  30,0	  31,4	  32,5	  31,1	   7,1
s	    75,2165	 8	290,90	121,98	  12,1	  22,9	  26,7	  26,5	  28,0	  30,9	  30,0	   5,2
s	    75,3212	 8	268,81	128,12	  12,6	  23,7	  27,5	  27,3	  28,8	  31,9	  30,8	   6,7
s	    75,3664	 8	185,85	 73,14	  12,4	  23,7	  28,0	  28,2	  29,5	  31,2	  31,0	   6,9
s	    75,4455	 4	307,91	 93,90	  16,1	  25,8	  29,6	  29,1	  29,5	  30,1	  28,3	   4,2
s	    75,4455	 4	229,68	 93,93	  15,3	  25,5	  29,6	  30,4	  31,8	  32,1	  30,4	   5,6
s	    75,5361	 8	291,47	 55,44	  12,6	  23,5	  27,4	  27,3	  28,7	  31,6	  30,7	   6,7
s	    75,5518	 4	229,54	 83,46	  14,3	  24,6	  28,6	  29,2	  30,6	  31,7	  30,4	   5,5
s	    75,5518	 4	308,04	 83,43	  15,1	  24,9	  28,6	  27,9	  28,3	  29,7	  28,3	   4,2
s	    76,0642	 8	268,77	 48,88	  11,0	  22,0	  25,7	  25,3	  26,8	  30,6	  29,9	   5,0
s	    76,5151	 5	229,76	 99,28	  14,0	  24,5	  28,5	  29,0	  30,4	  31,5	  30,1	   5,2
s	    76,6201	 5	308,11	 78,47	  15,4	  25,4	  29,2	  29,7	  31,1	  32,3	  30,8	   6,7
s	    77,1549	 8	187,14	116,04	  12,7	  23,9	  27,9	  28,0	  29,4	  31,4	  30,5	   6,3
s	    77,3171	 7	350,92	110,57	  13,2	  23,5	  27,4	  27,5	  29,0	  30,9	  29,8	   4,8
s	    77,3335	 7	248,41	 82,99	  11,9	  23,8	  28,3	  28,8	  30,1	  30,9	  30,8	   6,6
s	    77,5252	 7	351,83	 68,72	  13,7	  24,1	  28,1	  28,3	  29,7	  31,6	  30,6	   6,3
s	    77,6752	 8	185,94	 63,01	  11,1	  22,2	  26,2	  26,0	  27,4	  30,2	  29,6	   4,6
s	    78,1698	 6	229,83	104,10	  14,1	  24,8	  28,8	  29,3	  30,7	  31,8	  30,6	   6,3
s	    78,1698	 6	307,77	104,07	  15,0	  25,2	  29,0	  29,5	  30,9	  32,1	  30,5	   6,2
s	    78,3765	 8	351,35	105,19	  13,6	  24,4	  28,6	  29,1	  30,4	  31,3	  30,3	   6,0
s	    78,4788	 6	229,40	 73,34	  12,5	  23,1	  27,1	  27,3	  28,7	  30,6	  29,8	   4,7
s	    78,4788	 6	308,18	 73,31	  13,4	  23,6	  27,3	  27,5	  28,9	  30,9	  29,7	   4,6
s	    80,2768	 8	350,81	115,03	  13,2	  23,8	  27,8	  28,0	  29,4	  31,3	  30,1	   5,6
s	    80,6236	 7	307,70	109,02	  13,0	  23,3	  27,1	  27,2	  28,6	  30,6	  29,3	   4,0
s	    80,6236	 7	229,90	109,05	  12,1	  22,9	  26,9	  27,0	  28,4	  30,3	  29,4	   4,1
s	    80,8242	 7	229,33	 68,77	  12,6	  23,5	  27,6	  27,8	  29,2	  31,1	  30,1	   5,6
s	    80,8242	 7	308,25	 68,74	  13,5	  24,0	  27,8	  28,0	  29,3	  31,4	  30,1	   5,5
s	    80,9502	 7	 50,92	105,49	  11,6	  23,0	  28,1	  28,8	  30,2	  31,4	  30,1	   5,6
s	    81,0351	 8	351,96	 63,62	  12,6	  23,0	  27,0	  27,1	  28,4	  30,2	  29,2	   3,9
s	    81,7822	 5	 88,79	105,62	  12,7	  23,5	  28,4	  29,1	  30,6	  32,0	  30,2	   5,6
s	    82,0933	 4	 27,21	 90,37	  14,7	  24,8	  28,9	  29,7	  31,1	  31,2	  29,5	   4,1
s	    83,4794	 8	229,97	113,39	  12,1	  23,3	  27,3	  27,4	  28,8	  30,8	  29,7	   4,9
s	    83,4794	 8	307,64	113,35	  13,0	  23,7	  27,5	  27,7	  29,0	  31,0	  29,6	   4,8
s	    83,9649	 8	229,25	 64,13	  10,5	  21,6	  25,6	  25,4	  26,8	  29,5	  28,8	   3,2
s	    83,9649	 8	308,32	 64,10	  11,5	  22,0	  25,8	  25,7	  27,0	  29,8	  28,8	   3,2
s	    84,1425	 6	 88,78	110,40	  10,7	  21,6	  26,5	  26,8	  28,4	  30,5	  29,0	   3,4
s	    84,2523	 4	151,08	 90,41	  14,5	  25,2	  29,2	  30,0	  31,4	  31,7	  30,3	   5,4
s	    85,0471	 7	 26,93	104,82	  15,0	  25,1	  29,2	  29,9	  31,3	  31,4	  29,6	   4,7
s	    85,5396	 7	147,50	 99,89	  10,7	  22,3	  27,6	  28,4	  29,7	  30,7	  29,8	   4,8
s	    85,5947	 6	150,91	 81,00	  13,6	  24,4	  28,4	  28,8	  30,2	  31,5	  29,9	   4,9
s	    85,8933	 6	 71,69	105,29	  13,1	  23,7	  28,8	  29,8	  31,2	  31,5	  29,6	   4,6
s	    86,1036	 6	 26,52	 81,00	  13,6	  23,9	  27,8	  28,2	  29,7	  30,9	  28,8	   3,0
s	    86,2302	 8	 71,00	105,24	  11,6	  22,6	  27,7	  28,4	  29,8	  30,8	  29,3	   4,3
s	    87,1409	 7	151,35	104,54	  14,3	  25,0	  29,1	  29,7	  31,1	  31,5	  29,6	   4,5
s	    87,1901	 8	 26,84	109,13	  12,0	  22,5	  26,4	  26,5	  27,9	  29,8	  28,4	   2,6
s	    88,0179	 7	 71,66	109,56	  10,2	  21,1	  26,0	  26,4	  27,9	  29,9	  28,4	   2,5
s	    88,2452	 4	 53,44	 90,80	  14,1	  24,8	  28,9	  29,7	  31,1	  31,3	  29,7	   4,6
s	    88,3968	 7	 25,47	 85,29	  12,4	  23,1	  27,2	  27,7	  29,1	  30,0	  28,4	   2,4
s	    88,5126	 5	 53,39	 95,18	  13,9	  24,7	  28,8	  29,6	  30,9	  31,3	  29,6	   4,4
s	    88,6049	 5	 53,50	 86,09	  12,8	  23,8	  27,9	  28,4	  29,8	  30,8	  29,6	   4,4
s	    89,0231	 8	150,75	 72,79	   9,9	  21,8	  27,0	  27,7	  29,1	  30,1	  29,0	   3,7
s	    89,1264	 5	233,59	 84,17	  12,6	  23,5	  27,6	  28,1	  29,5	  30,6	  29,3	   4,0
s	    89,2390	 8	151,43	108,76	  11,1	  22,2	  26,1	  26,1	  27,5	  29,6	  28,2	   2,1
s	    89,3389	 8	 26,68	 73,15	   9,6	  21,2	  26,3	  26,8	  28,2	  30,1	  28,9	   3,6
s	    89,3579	 2	 88,79	 91,04	  15,2	  25,2	  29,1	  30,0	  31,4	  31,7	  29,8	   4,5
s	    89,6223	 3	 88,79	 95,37	  15,0	  25,1	  29,1	  29,9	  31,3	  31,7	  29,7	   4,4
s	    89,6289	 6	 53,56	 81,44	  13,5	  24,5	  28,6	  29,4	  30,7	  30,9	  29,4	   4,0
s	    89,7136	 3	 88,80	 86,38	  14,7	  24,6	  28,4	  28,9	  30,4	  31,7	  29,7	   4,3
s	    90,0508	 6	233,77	 98,18	  13,3	  24,2	  28,4	  29,1	  30,4	  30,6	  29,1	   3,7
s	    90,2745	 4	 88,79	 98,94	  11,7	  22,6	  27,6	  28,4	  29,9	  31,0	  29,5	   4,1
s	    90,6326	 4	 88,80	 82,10	  14,1	  24,3	  28,1	  28,5	  30,0	  31,3	  29,2	   3,8
s	    91,1572	 7	 53,62	 77,23	  10,4	  21,7	  25,7	  25,8	  27,2	  29,1	  28,0	   1,8
s	    91,5690	 5	 88,79	103,15	  11,1	  22,2	  27,2	  28,0	  29,5	  30,6	  29,0	   3,5
s	    91,6657	 7	233,48	 75,36	  10,4	  21,6	  25,6	  25,8	  27,1	  29,0	  28,0	   1,7
s	    91,8041	 8	231,55	 98,05	  12,4	  23,3	  27,4	  27,8	  29,2	  30,1	  28,6	   3,1
s	    92,0797	 8	 51,63	 81,64	  11,9	  23,2	  27,4	  27,8	  29,2	  30,2	  28,8	   3,3
s	    92,1803	 8	231,84	 80,09	   9,1	  20,8	  26,2	  26,9	  28,3	  29,1	  27,8	   1,5
s	    92,2384	 5	 88,80	 77,61	  11,5	  22,1	  25,9	  26,1	  27,5	  29,5	  28,1	   1,8
s	    92,9969	 8	233,86	105,45	   8,0	  19,9	  25,1	  25,4	  26,8	  28,7	  27,7	   1,3
s	    93,0386	 3	 73,48	 91,00	  14,7	  24,7	  28,7	  29,6	  30,9	  31,1	  29,3	   3,7
s	    93,0401	 8	 53,21	108,46	  10,0	  21,4	  25,5	  25,5	  26,9	  28,8	  27,7	   1,3
s	    93,2167	 8	 53,67	 73,17	  10,5	  22,1	  26,2	  26,3	  27,7	  29,6	  28,5	   2,8
s	    93,2936	 4	 73,45	 95,17	  14,4	  24,6	  28,7	  29,5	  30,8	  31,0	  29,1	   3,5
s	    93,9229	 5	 73,43	 98,61	  11,1	  22,1	  27,2	  28,0	  29,4	  30,4	  28,9	   3,2
s	    94,2686	 5	 73,53	 82,37	  13,6	  23,8	  27,7	  28,1	  29,5	  30,7	  28,7	   2,9
s	    94,2767	 6	 88,80	 73,59	  12,4	  22,9	  26,7	  26,9	  28,3	  30,4	  28,6	   2,8
s	    94,5940	 4	319,61	 89,06	  13,6	  23,7	  27,8	  28,6	  29,9	  30,0	  28,0	   1,4
s	    94,8452	 5	319,54	 93,18	  13,3	  23,6	  27,7	  28,5	  29,8	  29,9	  27,8	   1,3
s	    95,1728	 6	 73,41	102,68	  10,6	  21,7	  26,9	  27,6	  29,0	  30,0	  28,5	   2,6
s	    95,3392	 4	184,55	 89,75	  13,5	  23,6	  27,7	  28,5	  29,9	  29,9	  27,9	   1,3
s	    95,5887	 5	184,63	 93,83	  13,3	  23,5	  27,6	  28,4	  29,8	  29,8	  27,7	   1,1
s	    95,6749	 5	184,45	 85,35	  12,2	  22,6	  26,7	  27,3	  28,6	  29,4	  27,7	   1,1
s	    95,7199	 6	319,47	 97,56	  12,0	  22,6	  26,7	  27,2	  28,5	  29,3	  27,6	   1,0
s	    95,8060	 6	319,75	 80,56	  12,0	  22,5	  26,7	  27,2	  28,5	  29,3	  27,6	   1,0
s	    95,8196	 6	 73,56	 78,03	  11,0	  21,6	  25,6	  25,7	  27,1	  28,9	  27,6	   1,0
s	    96,4573	 6	184,73	 98,19	  11,9	  22,5	  26,6	  27,1	  28,4	  29,3	  27,5	   0,8
s	    96,5428	 6	184,37	 81,31	  11,9	  22,5	  26,6	  27,1	  28,4	  29,3	  27,5	   0,8
s	    96,5993	 7	 88,78	112,38	  11,2	  22,3	  26,2	  26,4	  27,8	  29,8	  28,2	   2,2
s	    97,0257	 7	 88,80	 69,45	  10,4	  21,1	  24,8	  24,6	  26,1	  28,9	  27,3	   0,6
s	    97,2060	 7	319,40	101,85	  13,2	  23,7	  27,9	  28,6	  29,9	  29,9	  28,1	   2,1
s	    97,7905	 7	 73,58	 74,13	  11,9	  22,5	  26,4	  26,5	  27,9	  29,8	  28,0	   2,0
s	    97,8082	 7	184,81	102,15	  11,6	  22,3	  26,4	  26,9	  28,2	  29,1	  27,2	   0,4
s	    98,0614	 7	184,28	 77,06	  10,6	  21,4	  25,5	  25,7	  27,0	  28,7	  27,2	   0,4
s	    98,2376	 4	353,19	 89,70	  14,0	  24,1	  28,2	  29,0	  30,4	  30,4	  28,6	   2,5
s	    98,2405	 6	103,16	 82,71	  10,3	  21,6	  26,6	  27,3	  28,8	  30,0	  28,1	   2,0
s	    98,4805	 5	353,11	 93,68	  13,8	  24,0	  28,2	  28,9	  30,3	  30,3	  28,4	   2,3
s	    98,5644	 5	353,28	 85,42	  12,7	  23,1	  27,2	  27,8	  29,1	  29,9	  28,4	   2,3
s	    99,1118	 8	319,34	105,71	  10,3	  21,1	  25,2	  25,3	  26,6	  28,3	  27,0	   0,1
s	    99,2257	 7	103,26	102,58	   8,3	  20,4	  26,7	  28,0	  29,4	  29,5	  27,9	   1,7
s	    99,2786	 8	319,89	 72,43	  10,8	  21,8	  25,9	  26,1	  27,4	  29,0	  27,8	   1,6
s	    99,3263	 6	353,02	 97,93	  12,5	  23,0	  27,1	  27,6	  28,9	  29,8	  28,2	   2,0
s	    99,4095	 6	353,37	 81,49	  12,5	  23,0	  27,1	  27,6	  28,9	  29,8	  28,2	   2,0
s	    99,8076	 8	 88,78	116,33	   9,9	  20,8	  24,5	  24,3	  25,7	  28,6	  26,9	  -0,1
s	    99,9924	 8	184,19	 73,23	  10,7	  21,7	  25,8	  26,0	  27,3	  29,0	  27,7	   1,4
s	   100,0394	 8	 73,35	111,64	  10,7	  21,8	  25,9	  26,0	  27,4	  29,2	  27,7	   1,4
s	   100,0562	 8	 88,81	 65,81	  10,4	  21,5	  25,2	  25,1	  26,5	  29,4	  27,7	   1,4
s	   100,6423	 7	352,94	101,79	  12,1	  22,9	  27,0	  27,4	  28,7	  29,6	  27,9	   1,6
s	   100,6631	 8	 73,61	 69,82	  10,9	  21,4	  25,3	  25,4	  26,7	  28,5	  26,8	  -0,3
s	   100,8891	 7	353,46	 77,34	  11,1	  21,9	  26,0	  26,2	  27,6	  29,2	  27,9	   1,6
s	   101,2869	 4	268,79	 80,57	  11,3	  21,9	  26,8	  27,5	  29,0	  30,2	  28,0	   1,6
s	   102,4992	 5	268,80	100,53	  11,0	  21,7	  26,6	  27,3	  28,8	  30,0	  27,7	   1,3
s	   102,7719	 8	353,54	 73,60	  10,5	  21,5	  25,6	  25,8	  27,1	  28,7	  27,4	   0,9
s	   103,0911	 4	117,25	 90,93	  12,2	  22,7	  26,9	  27,7	  29,0	  29,0	  27,0	  -0,3
s	   103,0911	 4	 60,34	 90,90	  12,9	  23,4	  27,6	  28,4	  29,7	  29,7	  28,0	   1,5
s	   103,3236	 5	117,28	 94,74	  11,9	  22,6	  26,8	  27,6	  28,9	  28,9	  26,8	  -0,5
s	   103,3236	 5	 60,30	 94,71	  12,7	  23,4	  27,5	  28,3	  29,6	  29,7	  27,9	   1,3
s	   103,4040	 5	117,21	 86,82	  10,9	  21,7	  25,9	  26,4	  27,7	  28,5	  26,8	  -0,5
s	   103,6661	 5	 21,50	 90,30	  12,6	  23,2	  27,5	  28,3	  29,6	  29,4	  27,8	   1,3
s	   103,7940	 6	 21,45	 93,16	  10,4	  21,7	  27,0	  28,1	  29,4	  29,3	  27,7	   1,1
s	   103,8979	 6	 60,27	 97,85	   9,4	  20,9	  26,1	  26,9	  28,3	  29,1	  27,7	   1,1
s	   104,1337	 6	117,32	 98,80	  10,6	  21,6	  25,8	  26,3	  27,6	  28,4	  26,6	  -0,7
s	   104,5871	 5	282,72	 80,83	  10,8	  21,4	  26,4	  27,2	  28,6	  29,6	  27,5	   0,8
s	   104,8738	 5	 59,06	 86,84	  12,3	  22,9	  26,8	  27,3	  28,7	  29,8	  27,7	   1,0
s	   105,0400	 7	117,35	101,60	   8,8	  20,5	  25,8	  26,5	  27,8	  28,7	  27,2	   0,5
s	   105,0400	 7	 60,23	101,58	   8,8	  20,5	  25,8	  26,5	  27,8	  28,7	  27,2	   0,5
s	   105,6319	 7	117,13	 79,07	   9,2	  20,4	  24,5	  24,6	  25,9	  27,5	  26,4	  -1,1
s	   105,7104	 5	 20,15	 90,27	  12,5	  23,1	  27,3	  28,1	  29,4	  29,3	  27,6	   0,8
s	   105,7548	 6	 59,10	 82,83	  12,8	  23,3	  27,4	  28,0	  29,4	  29,6	  27,2	   0,5
s	   105,8362	 6	 20,10	 93,08	  10,2	  21,5	  26,9	  27,9	  29,2	  29,1	  27,5	   0,7
s	   105,8816	 6	282,63	100,51	  11,5	  22,1	  27,2	  28,1	  29,5	  29,7	  27,2	   0,5
s	   106,1609	 8	283,19	100,48	  10,0	  20,9	  26,1	  26,8	  28,1	  28,9	  27,0	   0,2
s	   106,3583	 5	156,64	 90,34	  11,7	  22,3	  26,5	  27,3	  28,6	  28,5	  26,5	  -1,1
s	   106,4833	 6	156,69	 93,13	   9,5	  20,7	  26,1	  27,1	  28,4	  28,3	  26,4	  -1,2
s	   106,6625	 6	156,56	 86,35	  10,4	  21,3	  25,5	  26,1	  27,3	  28,0	  26,4	  -1,2
s	   107,0739	 7	 59,14	 79,18	   9,1	  20,4	  24,4	  24,5	  25,9	  27,6	  26,2	  -1,4
s	   107,2406	 4	101,94	 91,04	  12,4	  23,0	  27,1	  27,9	  29,2	  29,4	  26,5	  -1,1
s	   107,4391	 8	117,09	 75,47	   9,4	  20,9	  25,0	  25,2	  26,5	  28,1	  26,8	  -0,1
s	   107,4497	 7	156,49	 82,68	  10,1	  21,2	  25,4	  25,9	  27,2	  27,9	  26,2	  -1,5
s	   107,4650	 5	101,95	 94,71	  11,6	  22,8	  27,0	  27,8	  29,1	  29,1	  27,4	   0,5
s	   107,5342	 5	202,31	 89,40	  11,6	  22,2	  26,4	  27,3	  28,5	  28,4	  26,4	  -1,3
s	   107,5566	 7	 21,08	 82,64	  10,9	  22,1	  26,2	  26,7	  28,0	  28,8	  27,2	   0,3
s	   107,5856	 5	101,92	 86,80	  12,9	  23,2	  27,3	  28,0	  29,3	  29,5	  26,4	  -1,3
s	   107,7580	 6	202,38	 93,07	  11,4	  22,1	  26,4	  27,2	  28,4	  28,3	  26,2	  -1,5
s	   107,8353	 6	202,23	 85,45	  10,3	  21,2	  25,4	  26,0	  27,2	  27,9	  26,2	  -1,5
s	   108,0191	 6	101,97	 97,75	   8,8	  20,5	  25,6	  26,3	  27,7	  28,7	  26,2	  -1,5
s	   108,0872	 6	101,91	 84,33	   8,8	  20,4	  25,6	  26,3	  27,7	  28,7	  27,0	   0,0
s	   108,2287	 5	158,36	 90,30	  12,3	  22,5	  26,7	  27,4	  28,7	  28,7	  26,3	  -1,4
s	   108,5379	 7	202,45	 96,98	  10,1	  21,1	  25,3	  25,8	  27,1	  27,8	  26,0	  -1,7
s	   108,5993	 8	156,86	101,60	   9,8	  21,1	  25,3	  25,8	  27,0	  27,7	  25,9	  -1,8
s	   108,6148	 7	202,16	 81,82	  10,0	  21,1	  25,3	  25,8	  27,1	  27,8	  26,0	  -1,7
s	   108,7052	 8	 20,71	101,55	  10,6	  21,9	  26,1	  26,5	  27,8	  28,7	  26,9	  -0,1
s	   109,1480	 6	157,50	 86,42	  11,0	  21,5	  25,6	  26,1	  27,4	  28,2	  26,1	  -1,7
s	   109,5743	 6	 20,46	 86,39	  10,9	  22,1	  26,1	  26,6	  27,9	  28,9	  27,1	  -0,0
s	   109,6938	 7	101,89	 79,59	   9,7	  20,6	  24,5	  24,5	  25,9	  27,8	  25,9	  -2,0
s	   109,7533	 8	202,53	100,56	   9,7	  21,0	  25,2	  25,7	  26,9	  27,6	  25,8	  -2,1
s	   109,9189	 7	157,43	 82,83	  10,7	  21,4	  25,5	  26,0	  27,3	  28,1	  25,9	  -2,0
s	   109,9814	 8	202,08	 77,98	   8,7	  20,0	  24,3	  24,5	  25,7	  27,2	  25,8	  -2,1
s	   110,6205	 2	268,79	 88,66	  14,0	  23,7	  27,5	  28,3	  29,7	  30,0	  26,4	  -1,6
s	   110,6619	 8	158,13	 78,95	   9,4	  20,4	  24,5	  24,7	  26,0	  27,5	  25,7	  -2,3
s	   110,7374	 8	 19,40	101,33	  10,4	  21,8	  25,9	  26,3	  27,6	  28,5	  26,7	  -0,5
s	   110,8386	 3	268,80	 92,23	  13,3	  23,5	  27,4	  28,2	  29,5	  29,8	  27,3	   0,0
s	   110,9140	 3	268,79	 84,81	  12,8	  22,7	  26,5	  27,0	  28,4	  29,5	  26,2	  -1,8
s	   111,0453	 8	157,79	101,36	  10,4	  21,3	  25,4	  25,8	  27,1	  27,9	  25,7	  -2,3
s	   111,4409	 8	101,87	 76,11	   9,1	  20,7	  24,8	  24,9	  26,2	  28,0	  26,4	  -0,9
s	   111,4437	 4	268,79	 82,14	   9,8	  20,7	  25,7	  26,5	  27,9	  28,9	  26,8	  -0,4
s	   111,5989	 4	268,80	 96,05	  12,5	  22,6	  26,4	  26,8	  28,3	  29,4	  26,0	  -2,0
s	   111,6643	 6	 19,19	 86,44	  10,8	  21,9	  26,0	  26,4	  27,8	  28,8	  26,8	  -0,4
s	   113,0067	 5	268,79	 77,52	  10,6	  20,9	  24,6	  24,7	  26,1	  28,1	  25,8	  -2,4
s	   113,2355	 6	 27,78	 90,43	  11,0	  22,1	  26,5	  27,3	  28,5	  28,2	  26,7	  -0,8
s	   113,4490	 7	 27,71	 93,93	  10,7	  22,0	  26,4	  27,2	  28,4	  28,1	  26,5	  -0,9
s	   113,6732	 3	281,52	 88,68	  13,6	  23,3	  27,2	  27,9	  29,3	  29,5	  25,9	  -2,3
s	   113,8859	 4	281,51	 92,17	  12,9	  23,1	  27,1	  27,9	  29,2	  29,3	  26,8	  -0,7
s	   114,4762	 5	281,55	 82,32	   9,3	  20,3	  25,4	  26,2	  27,6	  28,4	  26,4	  -1,1
s	   114,5613	 6	268,80	103,21	  10,3	  20,7	  24,4	  24,5	  25,9	  27,9	  25,5	  -2,8
s	   114,6277	 5	281,49	 95,90	  12,1	  22,2	  26,1	  26,5	  27,9	  28,9	  25,6	  -2,7
s	   114,7076	 6	268,79	 74,12	  10,1	  21,0	  24,9	  25,1	  26,4	  28,3	  26,3	  -1,3
s	   116,0018	 6	281,57	 77,81	  10,2	  20,5	  24,3	  24,4	  25,8	  27,6	  25,4	  -3,1
s	   116,1750	 7	 27,18	 86,73	  10,3	  21,4	  25,6	  26,0	  27,3	  28,1	  26,2	  -1,4
s	   116,4950	 5	210,32	 89,26	  11,0	  21,5	  25,8	  26,6	  27,8	  27,6	  25,4	  -3,1
s	   116,6580	 7	268,80	106,51	  10,5	  21,2	  25,0	  25,1	  26,5	  28,5	  26,0	  -1,8
s	   116,6785	 5	128,29	 90,82	  11,0	  21,5	  25,6	  25,0	  25,3	  25,4	  23,3	  -4,4
s	   116,7030	 6	210,39	 92,67	  10,7	  21,5	  25,7	  26,5	  27,7	  27,6	  25,3	  -3,2
s	   116,7750	 6	210,26	 85,59	   9,7	  20,6	  24,8	  25,3	  26,6	  27,1	  25,3	  -3,2
s	   116,8863	 6	128,34	 94,22	  10,8	  21,4	  25,5	  24,9	  25,2	  25,3	  23,2	  -4,6
s	   116,9035	 8	 27,25	 83,34	   9,2	  20,9	  25,2	  25,7	  26,9	  27,6	  26,1	  -1,7
s	   116,9581	 6	128,25	 87,15	   9,7	  20,5	  24,6	  23,8	  24,0	  24,9	  23,2	  -4,6
s	   117,0174	 7	268,79	 70,58	   8,1	  19,2	  23,0	  22,9	  24,2	  26,8	  25,1	  -3,4
s	   117,4285	 7	210,45	 96,31	   9,4	  20,5	  24,7	  25,2	  26,4	  27,1	  25,1	  -3,5
s	   117,5000	 7	210,19	 82,21	   9,4	  20,5	  24,7	  25,2	  26,4	  27,0	  25,1	  -3,5
s	   117,5202	 7	281,46	102,89	   9,9	  20,3	  24,1	  24,2	  25,6	  27,4	  25,1	  -3,5
s	   117,6107	 7	128,39	 97,86	   9,4	  20,9	  25,2	  25,7	  26,9	  27,6	  26,1	  -1,7
s	   117,6631	 7	281,58	 74,49	   9,6	  20,6	  24,6	  24,8	  26,1	  27,8	  25,9	  -2,0
s	   117,6821	 7	128,20	 83,78	   9,5	  20,4	  24,5	  23,6	  23,9	  24,8	  23,0	  -4,8
s	   118,3993	 5	 49,59	 90,79	  10,8	  21,4	  25,7	  26,5	  27,7	  27,5	  25,2	  -3,4
s	   118,5603	 8	210,51	 99,65	   9,1	  20,4	  24,6	  25,0	  26,3	  26,9	  24,9	  -3,8
s	   118,6043	 6	 49,54	 94,15	  10,6	  21,4	  25,6	  26,4	  27,6	  27,4	  25,1	  -3,6
s	   118,7116	 8	268,80	109,17	   5,8	  17,5	  22,5	  22,5	  23,9	  26,6	  24,8	  -3,8
s	   118,7729	 8	210,13	 78,63	   8,1	  19,4	  23,7	  23,9	  25,1	  26,5	  24,8	  -3,8
s	   118,9663	 7	100,94	100,84	   6,9	  18,9	  25,3	  26,5	  27,9	  27,9	  25,7	  -2,2
s	   119,3896	 7	 49,68	 83,84	   9,3	  20,3	  24,6	  25,1	  26,3	  26,9	  24,9	  -3,8
s	   119,5692	 8	281,45	106,13	  10,0	  20,8	  24,7	  24,8	  26,1	  28,0	  25,6	  -2,4
s	   119,5835	 8	268,78	 67,41	   9,0	  20,0	  23,8	  23,6	  25,0	  27,8	  25,6	  -2,4
s	   120,0998	 8	281,60	 70,78	   8,7	  19,6	  23,6	  23,7	  25,0	  26,5	  24,7	  -4,1
s	   120,1202	 8	 49,46	100,22	   7,0	  18,7	  24,1	  24,8	  26,1	  26,7	  24,7	  -4,1
s	   120,5793	 4	293,19	 88,76	  11,7	  22,2	  26,3	  27,2	  28,4	  28,3	  26,1	  -2,0
s	   120,7808	 5	293,16	 92,07	  11,4	  22,1	  26,3	  27,1	  28,3	  28,3	  26,0	  -2,1
s	   120,8505	 5	293,22	 85,21	  10,4	  21,2	  25,4	  25,9	  27,2	  27,8	  26,0	  -2,1
s	   121,0116	 4	291,72	 88,75	  11,6	  22,2	  26,3	  27,1	  28,4	  28,3	  26,1	  -2,0
s	   121,2125	 5	291,69	 92,05	  11,4	  22,1	  26,3	  27,0	  28,3	  28,2	  25,9	  -2,2
s	   121,2820	 5	291,74	 85,21	  10,4	  21,2	  25,3	  25,9	  27,1	  27,8	  25,9	  -2,2
s	   121,5532	 6	293,24	 81,93	  10,1	  21,1	  25,3	  25,8	  27,0	  27,8	  25,8	  -2,4
s	   121,9133	 6	291,66	 95,57	  10,1	  21,1	  25,2	  25,7	  27,0	  27,7	  25,8	  -2,4
s	   122,0280	 5	183,39	 89,80	  11,3	  21,9	  26,2	  27,0	  28,2	  27,9	  25,9	  -2,3
s	   122,2274	 6	183,46	 93,07	  11,1	  21,9	  26,1	  26,9	  28,1	  27,9	  25,7	  -2,5
s	   122,2963	 6	183,31	 86,29	  10,1	  20,9	  25,2	  25,7	  26,9	  27,5	  25,7	  -2,5
s	   122,5813	 7	293,10	 98,84	   9,6	  20,8	  24,9	  25,4	  26,6	  27,4	  25,4	  -2,9
s	   122,7874	 7	293,27	 78,45	   8,0	  19,2	  23,2	  23,4	  24,7	  26,2	  24,5	  -4,5
s	   122,9229	 7	183,53	 96,56	   9,8	  20,8	  25,1	  25,6	  26,8	  27,4	  25,6	  -2,7
s	   122,9914	 7	183,24	 83,04	   9,8	  20,8	  25,1	  25,6	  26,8	  27,4	  25,5	  -2,7
s	   123,0071	 7	291,64	 98,79	   9,6	  20,7	  24,9	  25,3	  26,6	  27,4	  25,3	  -3,0
s	   123,0741	 8	294,54	 95,78	   8,8	  20,4	  24,8	  25,3	  26,4	  26,9	  25,4	  -2,9
s	   123,2127	 7	291,80	 78,47	   8,0	  19,1	  23,2	  23,4	  24,6	  26,1	  24,5	  -4,6
s	   124,0123	 7	231,80	 92,15	   8,0	  19,9	  25,3	  26,3	  27,6	  27,4	  25,4	  -2,9
s	   124,2125	 8	183,17	 79,60	   8,5	  19,8	  24,0	  24,2	  25,5	  26,8	  25,3	  -3,1
s	   124,2294	 8	293,07	102,25	   7,7	  19,0	  23,1	  23,2	  24,5	  26,0	  24,3	  -4,9
s	   124,3652	 8	293,30	 75,29	   8,2	  19,7	  23,8	  24,0	  25,3	  26,8	  25,1	  -3,3
s	   124,6501	 8	291,61	102,20	   7,7	  19,0	  23,1	  23,2	  24,5	  26,0	  24,2	  -4,9
s	   124,7855	 8	291,82	 75,32	   8,2	  19,7	  23,8	  24,0	  25,2	  26,8	  25,0	  -3,4
s	   125,1542	 8	101,75	 87,37	   7,9	  20,0	  24,4	  24,9	  26,1	  26,6	  25,2	  -3,3
s	   125,5123	 5	354,32	 89,76	  11,1	  21,2	  25,4	  26,2	  27,5	  27,1	  24,5	  -4,8
s	   125,7066	 6	354,25	 92,94	  10,9	  21,2	  25,4	  26,1	  27,4	  27,1	  24,4	  -4,9
s	   125,7738	 6	354,39	 86,33	   9,8	  20,2	  24,4	  25,0	  26,2	  26,7	  24,4	  -4,9
s	   126,3844	 7	354,18	 96,35	   9,6	  20,2	  24,3	  24,8	  26,1	  26,6	  24,2	  -5,2
s	   126,4512	 7	354,46	 83,17	   9,6	  20,2	  24,3	  24,8	  26,1	  26,6	  24,2	  -5,2
s	   127,4428	 8	354,11	 99,47	   9,3	  20,0	  24,2	  24,7	  25,9	  26,4	  24,0	  -5,5
s	   127,6417	 8	354,53	 79,81	   8,3	  19,1	  23,3	  23,5	  24,7	  26,0	  23,9	  -5,5
s	   127,6659	 6	347,74	 89,62	  10,0	  20,6	  25,0	  25,8	  26,9	  26,5	  24,2	  -5,3
s	   127,8572	 7	347,67	 92,76	   9,8	  20,6	  24,9	  25,7	  26,8	  26,5	  24,0	  -5,4
s	   127,9233	 7	347,81	 86,25	   8,7	  19,6	  24,0	  24,5	  25,7	  26,0	  24,0	  -5,5
s	   128,5245	 8	347,60	 96,11	   8,5	  19,6	  23,9	  24,4	  25,6	  25,9	  23,9	  -5,7
s	   128,5903	 8	347,87	 83,14	   8,5	  19,6	  23,9	  24,4	  25,5	  25,9	  23,9	  -5,7
s	   130,4322	 4	257,84	 88,70	  10,3	  21,3	  25,5	  26,3	  27,5	  27,4	  25,1	  -3,8
s	   130,6197	 5	257,85	 91,78	  10,0	  21,2	  25,4	  26,2	  27,4	  27,4	  25,0	  -4,0
s	   130,7205	 5	257,82	 85,16	  10,0	  21,1	  25,4	  26,2	  27,4	  27,1	  25,0	  -4,0
s	   131,2740	 6	257,87	 95,07	   8,8	  20,2	  24,4	  24,9	  26,2	  26,8	  24,8	  -4,2
s	   131,3385	 6	257,81	 82,34	   8,7	  20,2	  24,4	  24,9	  26,2	  26,8	  24,8	  -4,2
s	   132,3911	 7	257,88	 98,32	   9,3	  20,7	  25,0	  25,7	  26,9	  26,7	  24,4	  -4,7
s	   132,4884	 7	257,80	 79,10	   6,7	  18,3	  22,4	  22,5	  23,8	  25,3	  23,6	  -6,3
s	   133,2566	 6	246,62	 88,78	  10,4	  21,2	  25,4	  26,2	  27,4	  27,1	  24,6	  -4,6
s	   133,4404	 7	246,65	 91,79	  10,2	  21,1	  25,3	  26,1	  27,3	  27,0	  24,5	  -4,7
s	   133,8336	 8	257,90	101,28	   6,4	  18,1	  22,3	  22,4	  23,6	  25,1	  23,3	  -6,7
s	   133,9604	 8	257,78	 76,14	   6,9	  18,8	  23,0	  23,2	  24,4	  25,9	  24,1	  -5,1
s	   134,0631	 6	233,30	 88,92	   8,9	  20,6	  24,9	  25,7	  26,9	  26,6	  24,6	  -4,7
s	   134,4182	 6	161,08	 90,28	   9,6	  20,8	  25,1	  25,9	  27,1	  26,8	  24,5	  -4,8
s	   134,5088	 6	110,71	 91,01	   8,8	  20,4	  24,8	  25,6	  26,8	  26,4	  24,5	  -4,8
s	   134,5191	 7	161,13	 92,53	   7,4	  19,3	  24,6	  25,6	  26,9	  26,7	  24,4	  -4,9
s	   134,6786	 6	135,32	 90,73	   8,8	  19,9	  24,3	  25,1	  26,3	  25,8	  23,5	  -6,6
s	   134,7540	 7	110,69	 87,80	   9,1	  20,2	  24,4	  24,8	  26,1	  26,7	  24,4	  -4,9
s	   134,8607	 7	135,36	 93,72	   8,6	  19,9	  24,2	  25,0	  26,2	  25,8	  23,4	  -6,7
s	   134,8840	 8	233,38	 95,12	   7,3	  19,5	  23,8	  24,3	  25,5	  26,1	  24,3	  -5,1
s	   134,9236	 7	135,27	 87,52	   7,6	  18,9	  23,3	  23,8	  25,0	  25,3	  23,3	  -6,8
s	   134,9469	 8	233,22	 82,72	   7,3	  19,5	  23,8	  24,3	  25,5	  26,1	  24,3	  -5,1
s	   134,9733	 6	 16,43	 90,23	   9,6	  20,3	  24,6	  25,3	  26,5	  26,2	  23,5	  -6,7
s	   135,1608	 7	 65,68	 87,78	   9,8	  20,6	  24,6	  25,0	  26,3	  27,1	  24,4	  -5,0
s	   135,1720	 6	 88,79	 99,54	   5,8	  17,6	  23,7	  24,6	  26,0	  26,9	  24,2	  -5,1
s	   135,2999	 8	160,96	 84,09	   8,8	  20,2	  24,3	  24,7	  26,0	  26,7	  24,2	  -5,2
s	   135,3014	 6	331,69	 89,31	   9,5	  20,2	  24,5	  25,3	  26,5	  26,0	  23,4	  -6,7
s	   135,3109	 8	135,40	 96,18	   5,3	  17,4	  22,8	  23,6	  24,8	  25,2	  23,2	  -6,9
s	   135,3271	 8	110,76	 97,20	   7,3	  19,3	  23,8	  24,2	  25,4	  25,8	  24,2	  -5,2
s	   135,4827	 7	331,64	 92,28	   9,3	  20,1	  24,4	  25,2	  26,4	  25,9	  23,3	  -6,9
s	   135,5454	 7	331,75	 86,12	   8,3	  19,2	  23,5	  24,0	  25,2	  25,5	  23,3	  -6,9
s	   135,5587	 8	135,22	 84,56	   7,3	  18,9	  23,2	  23,7	  24,9	  25,3	  23,2	  -7,0
s	   135,5607	 5	302,76	 88,87	  10,3	  21,0	  25,1	  25,9	  27,1	  27,0	  24,3	  -5,1
s	   135,7417	 6	302,73	 91,84	  10,0	  20,9	  25,1	  25,8	  27,0	  26,9	  24,2	  -5,3
s	   135,8042	 6	302,80	 85,68	   9,0	  20,0	  24,1	  24,6	  25,9	  26,5	  24,2	  -5,3
s	   135,8597	 8	 65,70	 84,59	  10,5	  21,3	  25,4	  26,1	  27,3	  27,2	  24,2	  -5,3
s	   136,1153	 8	331,58	 95,47	   8,0	  19,1	  23,4	  23,9	  25,1	  25,4	  23,1	  -7,1
s	   136,1777	 8	331,81	 83,16	   8,0	  19,1	  23,4	  23,9	  25,1	  25,4	  23,1	  -7,1
s	   136,3732	 7	302,69	 95,01	   8,7	  19,9	  24,1	  24,5	  25,7	  26,4	  24,0	  -5,5
s	   137,3602	 8	302,66	 97,93	   8,5	  19,8	  24,0	  24,3	  25,6	  26,3	  23,8	  -5,8
s	   137,5474	 7	161,38	 87,12	   8,9	  20,2	  24,3	  24,7	  25,9	  26,8	  24,1	  -5,5
s	   137,6420	 8	302,87	 79,37	   7,9	  19,1	  23,4	  23,8	  25,0	  25,5	  23,0	  -7,4
s	   137,7204	 7	 78,01	 99,37	   5,4	  17,2	  23,4	  24,4	  25,8	  26,5	  23,9	  -5,7
s	   138,7242	 8	 16,20	 84,18	   8,6	  19,6	  23,6	  24,0	  25,3	  26,1	  22,9	  -7,6
s	   138,7411	 8	 88,79	106,24	   6,1	  17,8	  22,8	  23,2	  24,6	  26,3	  23,7	  -6,0
s	   139,0459	 6	 40,71	 90,67	   9,4	  20,0	  24,1	  23,5	  23,7	  23,7	  21,0	  -8,7
s	   139,2227	 7	 40,66	 93,57	   9,2	  20,0	  24,0	  23,4	  23,6	  23,7	  20,8	  -8,9
s	   139,2838	 7	 40,76	 87,56	   8,1	  19,1	  23,1	  22,3	  22,5	  23,2	  20,8	  -8,9
s	   139,6598	 8	 40,62	 95,97	   5,9	  17,5	  22,6	  22,0	  22,3	  23,1	  20,7	  -9,1
s	   139,9005	 8	 40,80	 84,68	   7,9	  19,0	  23,0	  22,1	  22,3	  23,2	  20,7	  -9,1
s	   139,9873	 6	204,99	 89,38	   9,3	  20,4	  24,7	  25,5	  26,7	  26,2	  24,0	  -5,8
s	   140,1629	 7	205,04	 92,26	   9,0	  20,3	  24,7	  25,4	  26,6	  26,1	  23,9	  -5,9
s	   140,2237	 7	204,93	 86,28	   8,0	  19,4	  23,7	  24,3	  25,4	  25,7	  23,9	  -6,0
s	   140,7760	 8	205,10	 95,34	   7,7	  19,3	  23,7	  24,1	  25,3	  25,6	  23,7	  -6,2
s	   140,8365	 8	204,87	 83,42	   7,7	  19,3	  23,7	  24,1	  25,3	  25,6	  23,7	  -6,2
s	   144,1164	 3	 88,79	 91,10	  11,0	  21,1	  25,0	  25,8	  27,1	  27,1	  22,9	  -8,0
s	   144,2874	 4	 88,79	 93,90	  10,2	  20,9	  24,9	  25,7	  27,0	  26,9	  23,8	  -6,4
s	   144,3465	 4	 88,80	 88,08	  10,4	  20,5	  24,3	  24,7	  26,1	  27,0	  22,8	  -8,2
s	   144,7622	 5	 88,80	 85,98	   7,7	  18,8	  23,8	  24,5	  25,9	  26,7	  23,7	  -6,6
s	   144,8842	 5	 88,79	 96,90	   9,4	  20,1	  24,0	  24,4	  25,7	  26,5	  22,6	  -8,4
s	   145,1427	 8	224,33	 83,25	   5,5	  17,2	  22,5	  23,2	  24,5	  24,9	  22,3	  -8,7
s	   145,1427	 8	313,25	 83,22	   6,2	  18,0	  23,3	  24,0	  25,2	  25,7	  23,3	  -7,0
s	   145,3128	 6	 88,79	 98,31	   4,5	  16,6	  22,8	  23,8	  25,1	  25,8	  23,3	  -7,0
s	   145,6448	 8	 54,69	 90,88	   7,5	  19,4	  23,9	  24,6	  25,7	  25,3	  23,0	  -7,3
s	   145,9073	 8	257,56	 85,52	   6,5	  18,5	  22,9	  23,4	  24,5	  24,9	  22,2	  -8,9
s	   145,9931	 6	 88,80	 82,33	   7,6	  18,3	  22,2	  22,3	  23,6	  25,2	  22,4	  -8,7
s	   146,5198	 4	 78,76	 91,08	  10,6	  20,8	  24,8	  25,5	  26,8	  26,7	  22,6	  -8,5
s	   146,6881	 5	 78,75	 93,84	   9,9	  20,6	  24,7	  25,5	  26,7	  26,4	  23,5	  -6,9
s	   146,8658	 7	 88,79	101,93	   5,3	  16,7	  21,7	  22,0	  23,4	  25,0	  22,2	  -8,9
s	   147,1558	 6	 78,78	 86,04	   7,3	  18,5	  23,6	  24,3	  25,6	  26,3	  23,3	  -7,1
s	   147,2759	 6	 78,74	 96,79	   9,1	  19,7	  23,7	  24,2	  25,4	  26,1	  22,3	  -8,9
s	   147,7742	 7	210,23	 89,29	   7,9	  19,5	  24,0	  24,8	  25,9	  25,2	  23,2	  -7,3
s	   147,9413	 8	210,28	 92,02	   7,6	  19,4	  23,9	  24,7	  25,8	  25,2	  23,0	  -7,5
s	   147,9990	 8	210,18	 86,34	   6,6	  18,5	  23,0	  23,5	  24,6	  24,8	  23,0	  -7,5
s	   148,3681	 7	 78,79	 82,44	   7,3	  18,0	  22,0	  22,1	  23,3	  24,8	  22,1	  -9,2
s	   149,1781	 8	 88,80	 76,75	   6,0	  17,2	  21,0	  20,8	  22,1	  24,5	  21,9	  -9,5
s	   149,2279	 8	 78,71	101,74	   5,0	  16,4	  21,5	  21,8	  23,1	  24,6	  21,9	  -9,5
s	   149,3343	 6	182,60	 89,84	   8,7	  19,4	  23,7	  24,5	  25,6	  25,0	  22,1	  -9,3
s	   149,4996	 7	182,66	 92,55	   8,5	  19,3	  23,6	  24,4	  25,5	  25,0	  22,0	  -9,4
s	   149,5569	 7	182,54	 86,92	   7,5	  18,4	  22,7	  23,2	  24,3	  24,6	  22,0	  -9,4
s	   150,0522	 6	227,78	 89,00	   8,7	  19,5	  23,7	  24,4	  25,6	  25,2	  22,1	  -9,4
s	   150,1342	 8	182,48	 84,23	   7,2	  18,3	  22,6	  23,1	  24,2	  24,5	  21,8	  -9,6
s	   150,2168	 7	227,82	 91,70	   7,7	  19,0	  23,4	  24,1	  25,2	  24,7	  21,9	  -9,5
s	   150,6742	 8	227,71	 84,07	   4,4	  16,5	  21,9	  22,7	  23,9	  24,1	  21,8	  -9,7
s	   152,2407	 6	355,05	 89,79	   9,3	  19,9	  24,3	  25,1	  26,2	  25,6	  22,9	  -8,0
s	   152,3863	 5	107,13	 91,05	   9,3	  20,0	  24,2	  24,9	  26,1	  25,8	  22,0	  -9,7
s	   152,4031	 7	355,00	 92,46	   9,1	  19,9	  24,2	  25,0	  26,1	  25,5	  22,8	  -8,1
s	   152,4593	 7	355,11	 86,93	   8,1	  19,0	  23,3	  23,8	  24,9	  25,1	  22,8	  -8,2
s	   152,5486	 6	107,14	 93,71	   8,6	  19,8	  24,1	  24,8	  26,0	  25,6	  22,9	  -8,1
s	   152,9703	 8	354,94	 95,31	   7,8	  18,9	  23,2	  23,7	  24,8	  25,0	  22,6	  -8,4
s	   152,9995	 7	107,09	 86,19	   6,0	  17,7	  22,9	  23,6	  24,9	  25,4	  22,7	  -8,3
s	   153,0263	 8	355,17	 84,28	   7,8	  18,9	  23,2	  23,7	  24,8	  25,0	  22,6	  -8,4
s	   153,3255	 5	 69,50	 91,03	   8,7	  19,8	  24,1	  24,9	  26,0	  25,6	  22,9	  -8,1
s	   153,4869	 6	 69,48	 93,67	   8,5	  19,7	  24,0	  24,8	  25,9	  25,5	  22,8	  -8,2
s	   153,5224	 8	107,17	 97,90	   2,8	  15,5	  21,9	  22,9	  24,2	  24,6	  22,3	  -8,7
s	   153,5427	 6	 69,52	 88,18	   8,2	  19,2	  23,4	  23,8	  25,0	  25,5	  22,8	  -8,2
s	   154,1060	 7	 69,54	 85,55	   8,0	  19,1	  23,3	  23,7	  24,9	  25,5	  22,6	  -8,5
s	   154,4552	 8	 69,45	 97,84	   2,8	  15,4	  21,9	  22,9	  24,1	  24,5	  22,2	  -8,9
s	   154,8945	 7	248,52	 85,95	   7,9	  19,1	  23,2	  23,7	  24,9	  25,4	  22,5	  -8,6
s	   155,0980	 8	 69,56	 82,74	   5,9	  17,2	  21,3	  21,4	  22,6	  23,9	  21,4	 -10,5
s	   155,4532	 8	248,59	 94,41	   8,7	  19,8	  24,0	  24,7	  25,9	  25,5	  22,4	  -8,8
s	   155,4586	 8	141,68	 87,83	   6,9	  18,6	  22,9	  23,3	  24,5	  24,9	  22,4	  -8,8
s	   156,1590	 4	268,79	 91,30	   8,3	  19,1	  24,1	  25,1	  26,5	  26,4	  22,8	  -8,5
s	   157,7445	 6	268,79	 80,54	   5,7	  17,1	  22,1	  22,5	  23,9	  25,4	  22,4	  -9,0
s	   160,4004	 7	 34,57	 90,59	   7,2	  18,4	  22,8	  23,6	  24,7	  24,1	  21,0	 -11,3
s	   160,5551	 8	 34,52	 93,12	   7,0	  18,4	  22,8	  23,5	  24,6	  24,0	  20,9	 -11,5
s	   160,6086	 8	 34,61	 87,86	   6,7	  17,9	  22,1	  22,5	  23,7	  24,0	  20,9	 -11,5
s	   160,7024	 7	163,87	 90,24	   7,2	  18,4	  22,8	  23,5	  24,7	  24,1	  21,0	 -11,4
s	   160,7024	 7	 13,72	 90,19	   7,9	  19,2	  23,5	  24,3	  25,4	  24,8	  22,0	  -9,6
s	   160,7878	 8	163,91	 92,15	   4,9	  16,9	  22,3	  23,3	  24,5	  23,9	  20,9	 -11,5
s	   160,7878	 8	 13,68	 92,10	   5,7	  17,6	  23,1	  24,1	  25,2	  24,7	  21,9	  -9,7
s	   161,7655	 6	 97,74	 91,10	   7,1	  18,8	  23,1	  23,9	  25,0	  24,6	  21,0	 -11,5
s	   161,9189	 7	 97,74	 93,61	   6,4	  18,6	  23,0	  23,8	  24,9	  24,4	  21,9	  -9,8
s	   162,0015	 7	 97,73	 88,20	   7,6	  19,0	  23,3	  24,0	  25,1	  24,7	  20,9	 -11,6
s	   162,4550	 8	 97,75	 96,31	   5,6	  17,7	  22,1	  22,5	  23,6	  24,1	  20,7	 -11,8
s	   162,4741	 6	116,69	 90,98	   7,3	  18,9	  23,3	  24,1	  25,2	  24,6	  22,0	  -9,8
s	   162,6270	 7	116,71	 93,49	   7,1	  18,8	  23,2	  24,0	  25,1	  24,5	  21,9	 -10,0
s	   162,6798	 7	116,66	 88,28	   6,0	  17,9	  22,3	  22,8	  23,9	  24,1	  21,9	 -10,0
s	   163,1608	 8	116,74	 96,17	   5,8	  17,8	  22,2	  22,7	  23,8	  24,0	  21,7	 -10,2
s	   163,2135	 8	116,64	 85,79	   5,8	  17,8	  22,2	  22,7	  23,8	  24,0	  21,7	 -10,2
s	   163,4285	 6	 59,72	 90,95	   8,0	  18,8	  23,0	  23,7	  24,9	  24,4	  20,9	 -11,8
s	   163,5805	 7	 59,69	 93,44	   7,8	  18,7	  22,9	  23,6	  24,8	  24,3	  20,8	 -11,9
s	   163,8355	 8	164,07	 87,56	   6,5	  17,9	  22,0	  22,4	  23,6	  24,1	  20,6	 -12,1
s	   164,7368	 6	250,80	 91,24	   6,7	  18,1	  23,3	  24,3	  25,5	  25,2	  21,8	 -10,2
s	   164,9704	 7	201,04	 89,47	   7,0	  18,1	  22,5	  23,3	  24,4	  23,6	  20,6	 -12,1
s	   164,9705	 7	336,55	 89,43	   7,7	  18,8	  23,3	  24,1	  25,1	  24,3	  21,7	 -10,4
s	   165,1211	 8	201,09	 91,94	   6,7	  18,0	  22,5	  23,2	  24,3	  23,5	  20,5	 -12,3
s	   165,1211	 8	336,50	 91,89	   7,5	  18,8	  23,2	  24,0	  25,0	  24,3	  21,5	 -10,5
s	   165,1732	 8	200,99	 86,81	   5,7	  17,1	  21,6	  22,1	  23,1	  23,1	  20,5	 -12,3
s	   165,1732	 8	336,60	 86,77	   6,4	  17,9	  22,3	  22,8	  23,9	  23,9	  21,5	 -10,5
s	   165,6350	 8	 59,94	 96,07	   6,4	  17,6	  21,9	  22,3	  23,4	  23,7	  20,5	 -12,4
s	   165,6496	 8	 58,91	 85,82	   6,4	  17,8	  21,9	  22,3	  23,5	  24,0	  20,5	 -12,4
s	   166,2455	 8	250,72	 81,01	   4,1	  16,0	  21,3	  21,7	  22,9	  24,2	  21,4	 -10,7
s	   166,4859	 3	268,79	 88,70	   9,3	  19,7	  23,8	  24,6	  25,8	  25,5	  22,0	 -10,2
s	   166,6870	 4	268,79	 86,06	   8,0	  18,8	  22,8	  23,3	  24,6	  25,1	  21,8	 -10,3
s	   166,7737	 4	260,10	 88,72	   8,3	  19,3	  23,5	  24,2	  25,4	  25,0	  21,8	 -10,4
s	   166,9229	 5	260,11	 91,16	   8,1	  19,2	  23,4	  24,1	  25,3	  25,0	  21,7	 -10,5
s	   167,0031	 5	260,09	 85,90	   8,0	  19,1	  23,4	  24,1	  25,3	  24,8	  21,7	 -10,5
s	   167,1571	 5	268,80	 93,78	   8,5	  19,1	  23,0	  23,4	  24,7	  25,4	  21,7	 -10,5
s	   167,2086	 5	268,79	 83,63	   8,5	  19,1	  23,0	  23,4	  24,7	  25,4	  21,7	 -10,5
s	   167,2169	 6	278,70	 83,64	   8,3	  18,9	  22,9	  23,3	  24,6	  25,1	  21,6	 -10,6
s	   167,4439	 6	260,12	 93,79	   6,8	  18,2	  22,4	  22,9	  24,1	  24,5	  21,6	 -10,7
s	   167,4953	 6	260,09	 83,65	   6,8	  18,2	  22,4	  22,9	  24,1	  24,5	  21,6	 -10,7
s	   167,8854	 6	268,79	 81,61	   4,5	  16,2	  21,3	  21,8	  23,1	  24,4	  21,5	 -10,8
s	   167,9741	 6	268,80	 96,20	   8,2	  19,0	  22,9	  23,3	  24,6	  25,3	  21,5	 -10,8
s	   168,3354	 7	260,13	 96,39	   7,5	  18,9	  23,2	  23,9	  25,0	  24,6	  21,4	 -11,0
s	   168,4131	 7	260,08	 81,05	   5,5	  17,2	  21,4	  21,6	  22,8	  24,0	  21,4	 -11,0
s	   168,4436	 5	278,59	 85,92	   9,5	  19,7	  23,8	  24,5	  25,7	  25,3	  21,6	 -10,8
s	   169,2067	 7	268,80	 98,77	   5,4	  16,7	  20,7	  20,7	  22,0	  23,3	  20,3	 -12,9
s	   169,3086	 7	268,79	 78,63	   6,7	  17,8	  21,7	  21,7	  23,0	  24,5	  21,1	 -11,4
s	   169,4902	 8	260,14	 98,78	   4,5	  16,2	  20,3	  20,4	  21,6	  22,9	  20,1	 -13,0
s	   169,5919	 8	260,07	 78,67	   5,0	  16,9	  21,1	  21,2	  22,4	  23,6	  20,9	 -11,5
s	   169,7653	 7	278,56	 96,32	   9,0	  19,6	  23,6	  24,3	  25,5	  25,1	  21,3	 -11,2
s	   170,9250	 8	268,79	 76,10	   4,9	  16,0	  19,9	  19,6	  20,9	  23,2	  20,0	 -13,3
s	   170,9363	 7	220,68	 89,12	   7,4	  18,7	  23,0	  23,8	  24,9	  24,2	  21,2	 -11,4
s	   171,0820	 8	220,72	 91,51	   6,4	  18,2	  22,7	  23,4	  24,5	  23,8	  21,0	 -11,5
s	   171,3703	 7	317,03	 89,09	   7,4	  18,2	  22,5	  23,2	  24,3	  23,6	  20,1	 -13,3
s	   171,5157	 8	316,99	 91,47	   6,4	  17,7	  22,2	  22,9	  24,0	  23,2	  20,0	 -13,4
s	   173,8336	 8	317,69	 86,56	   6,5	  17,7	  22,0	  22,4	  23,5	  23,8	  20,6	 -12,2
s	   176,0803	 7	182,06	 89,87	   7,2	  18,3	  22,7	  23,5	  24,6	  23,7	  20,7	 -12,3
s	   176,2220	 8	182,10	 92,19	   6,9	  18,2	  22,7	  23,4	  24,5	  23,7	  20,6	 -12,4
s	   176,2711	 8	182,00	 87,37	   5,9	  17,3	  21,8	  22,3	  23,3	  23,2	  20,6	 -12,4
s	   176,6619	 7	355,54	 89,82	   7,1	  17,8	  22,2	  23,0	  24,0	  23,1	  19,6	 -14,2
s	   176,8032	 8	355,49	 92,13	   6,9	  17,7	  22,1	  22,9	  23,9	  23,1	  19,5	 -14,3
s	   176,8521	 8	355,60	 87,32	   5,9	  16,8	  21,2	  21,7	  22,8	  22,6	  19,5	 -14,3
s	   178,7902	 8	242,46	 88,84	   7,0	  18,3	  22,6	  23,3	  24,3	  23,6	  20,3	 -12,9
s	   179,5775	 8	252,24	 91,05	   4,0	  16,4	  21,9	  22,9	  24,0	  23,4	  20,3	 -13,0
s	   180,1895	 8	147,20	 90,57	   5,3	  16,9	  21,5	  22,3	  23,2	  22,3	  19,2	 -14,9
s	   181,0195	 8	303,34	 86,47	   4,9	  16,9	  21,4	  21,8	  22,9	  23,0	  20,2	 -13,2
s	   181,4960	 8	 12,07	 90,17	   5,9	  17,1	  21,7	  22,4	  23,4	  22,4	  19,1	 -15,1
s	   183,3034	 8	277,86	 84,07	   6,3	  17,5	  21,8	  22,2	  23,3	  23,5	  20,0	 -13,6
s	   183,8692	 8	 11,11	 90,15	   6,6	  17,4	  21,8	  22,5	  23,6	  22,7	  19,0	 -15,5
s	   184,3601	 6	293,52	 88,81	   7,0	  18,1	  22,4	  23,2	  24,3	  23,5	  20,2	 -13,6
s	   184,9700	 8	293,48	 93,42	   5,5	  17,0	  21,4	  21,8	  22,9	  23,0	  19,9	 -13,9
s	   185,0168	 8	293,56	 84,20	   5,5	  17,0	  21,4	  21,8	  22,9	  23,0	  19,9	 -13,9
s	   186,3729	 7	 72,83	 91,07	   5,7	  17,4	  21,8	  22,6	  23,6	  22,9	  18,9	 -15,8
s	   186,5072	 8	 72,82	 93,27	   5,0	  17,2	  21,8	  22,5	  23,5	  22,7	  19,8	 -14,2
s	   186,5537	 8	 72,84	 88,70	   5,2	  16,9	  21,1	  21,5	  22,7	  22,9	  18,7	 -16,0
s	   186,6914	 8	301,10	 91,08	   4,5	  16,4	  21,8	  22,8	  23,9	  23,2	  19,8	 -14,2
s	   186,7159	 8	165,87	 90,21	   5,7	  17,5	  22,0	  22,7	  23,7	  22,9	  19,7	 -14,2
s	   189,5114	 7	253,09	 88,76	   5,1	  17,1	  21,7	  22,4	  23,5	  22,6	  19,6	 -14,6
s	   189,6893	 8	253,07	 86,43	   4,6	  16,6	  21,0	  21,4	  22,5	  22,5	  19,5	 -14,7
s	   190,0284	 8	198,14	 89,54	   6,5	  17,6	  22,0	  22,8	  23,7	  22,8	  19,4	 -14,8
s	   190,5781	 8	339,50	 89,49	   6,5	  17,1	  21,5	  22,2	  23,2	  22,2	  18,3	 -16,7
s	   191,6297	 8	 88,79	 99,54	   0,2	  12,6	  18,7	  19,3	  20,6	  21,8	  18,3	 -16,8
s	   192,1415	 8	215,51	 89,22	   5,7	  16,8	  21,2	  21,9	  22,9	  21,9	  18,2	 -17,0
s	   192,6439	 8	121,01	 90,95	   4,0	  16,1	  20,7	  21,5	  22,4	  21,4	  18,3	 -17,0
s	   192,7723	 8	277,39	 88,72	   6,9	  17,8	  22,2	  22,9	  23,9	  22,9	  19,3	 -15,2
s	   193,2984	 8	 48,15	 90,82	   5,4	  16,7	  21,2	  21,9	  22,9	  22,0	  18,2	 -17,1
s	   195,4943	 7	238,02	 88,90	   4,8	  16,4	  20,9	  21,7	  22,7	  21,7	  18,1	 -17,4
s	   195,4943	 7	299,57	 88,87	   5,6	  17,1	  21,6	  22,4	  23,4	  22,5	  19,2	 -15,6
s	   195,6671	 8	238,00	 86,63	   3,6	  15,4	  19,9	  20,4	  21,4	  21,2	  18,0	 -17,5
s	   195,6671	 8	299,59	 86,60	   4,3	  16,2	  20,7	  21,1	  22,1	  22,0	  19,0	 -15,7
s	   197,2518	 8	246,73	 88,81	   3,8	  16,3	  21,0	  21,8	  22,7	  21,7	  18,9	 -16,0
s	   199,9819	 4	 88,79	 91,13	   6,8	  17,8	  21,9	  22,7	  23,8	  23,2	  19,1	 -16,0
s	   200,1510	 5	 88,79	 88,91	   7,0	  17,6	  21,5	  21,9	  23,1	  23,6	  19,0	 -16,1
s	   200,5466	 6	 88,79	 95,40	   6,0	  17,1	  21,2	  21,6	  22,7	  23,1	  18,9	 -16,3
s	   200,5900	 6	 88,80	 86,86	   6,0	  17,1	  21,2	  21,6	  22,7	  23,1	  18,9	 -16,3
s	   201,2349	 7	 88,79	 97,44	   5,8	  17,1	  21,1	  21,4	  22,6	  23,0	  18,7	 -16,5
s	   201,3646	 7	 88,80	 84,66	   4,8	  16,1	  20,2	  20,3	  21,5	  22,6	  18,7	 -16,6
s	   201,7540	 5	 81,39	 91,11	   6,5	  17,5	  21,8	  22,5	  23,6	  22,9	  18,9	 -16,4
s	   201,7613	 8	 88,79	 98,63	  -0,2	  12,7	  19,0	  19,7	  20,9	  21,9	  18,6	 -16,7
s	   201,8786	 6	 81,38	 93,16	   6,3	  17,5	  21,7	  22,4	  23,5	  22,8	  18,8	 -16,5
s	   202,3141	 7	 81,37	 95,35	   5,0	  16,5	  20,7	  21,2	  22,3	  22,3	  18,6	 -16,7
s	   202,3571	 7	 81,40	 86,88	   5,7	  16,9	  21,0	  21,4	  22,5	  22,7	  18,6	 -16,7
s	   202,3611	 8	 88,80	 82,63	   5,0	  16,2	  20,1	  20,1	  21,4	  22,7	  18,3	 -17,1
s	   202,7026	 7	277,00	 86,38	   6,0	  17,3	  21,6	  22,3	  23,4	  22,5	  18,6	 -16,8
s	   203,0601	 8	 81,37	 97,53	   5,8	  17,2	  21,5	  22,2	  23,3	  22,4	  18,5	 -16,9
s	   203,1253	 8	 81,41	 84,70	   4,5	  15,9	  20,0	  20,1	  21,2	  22,2	  18,5	 -17,0
s	   203,4209	 8	181,64	 89,89	   5,0	  16,2	  20,7	  21,5	  22,4	  21,2	  17,4	 -18,8
s	   203,4209	 8	355,95	 89,84	   5,8	  16,9	  21,4	  22,2	  23,1	  22,0	  18,4	 -17,0
s	   210,8783	 5	268,79	 90,68	   4,9	  16,2	  21,3	  22,2	  23,5	  22,9	  18,2	 -17,9
s	   210,9243	 8	298,08	 88,86	   4,0	  16,1	  20,7	  21,4	  22,4	  21,2	  17,9	 -18,2
s	   211,1349	 8	102,95	 93,06	   2,7	  15,1	  20,6	  21,5	  22,6	  21,7	  17,9	 -18,3
s	   214,3680	 8	306,88	 88,96	   4,8	  16,0	  20,3	  21,0	  21,9	  21,0	  16,5	 -20,7
s	   217,4071	 7	282,54	 90,65	   3,4	  15,3	  20,6	  21,6	  22,7	  21,9	  17,5	 -19,2
s	   221,1973	 7	102,31	 91,11	   4,3	  16,0	  20,4	  21,1	  22,1	  21,2	  16,2	 -21,6
s	   221,2445	 4	268,79	 88,72	   6,5	  17,1	  21,1	  21,8	  23,0	  22,3	  16,5	 -21,3
s	   221,3510	 8	102,30	 89,09	   4,5	  15,9	  20,0	  20,3	  21,4	  21,5	  16,1	 -21,7
s	   221,3981	 5	268,79	 86,71	   5,9	  16,5	  20,4	  20,8	  22,0	  22,3	  16,4	 -21,4
s	   221,7576	 6	268,80	 92,60	   5,0	  16,1	  20,1	  20,5	  21,6	  21,8	  16,3	 -21,6
s	   221,7970	 6	268,79	 84,84	   5,2	  16,3	  20,3	  20,7	  21,8	  22,1	  17,3	 -19,8
s	   222,2065	 7	268,80	 94,01	   3,0	  14,7	  19,8	  20,5	  21,6	  21,9	  17,1	 -20,0
s	   222,5011	 7	268,79	 82,84	   3,7	  15,1	  19,1	  19,2	  20,3	  21,3	  16,1	 -21,8
s	   222,8553	 5	275,53	 88,73	   6,2	  16,9	  21,0	  21,7	  22,8	  22,0	  16,3	 -21,6
s	   222,9312	 8	268,79	 81,90	  -1,3	  11,6	  17,9	  18,6	  19,8	  20,6	  16,7	 -20,4
s	   222,9687	 6	275,53	 90,59	   5,4	  16,6	  20,9	  21,6	  22,6	  21,8	  17,2	 -20,0
s	   223,3294	 8	268,80	 96,45	   4,2	  15,4	  19,3	  19,3	  20,5	  21,7	  15,9	 -22,1
s	   223,3649	 7	275,52	 92,58	   4,7	  15,8	  19,9	  20,3	  21,4	  21,5	  16,0	 -21,9
s	   223,4041	 7	275,54	 84,87	   4,2	  15,7	  19,9	  20,3	  21,4	  21,3	  17,1	 -20,2
s	   223,8107	 8	275,52	 93,97	   1,9	  14,1	  19,4	  20,1	  21,2	  21,1	  16,9	 -20,3
s	   224,1033	 8	275,54	 82,89	   3,4	  14,8	  18,9	  19,0	  20,1	  21,0	  15,9	 -22,2
s	   225,2140	 8	248,71	 90,65	   2,2	  14,5	  20,0	  21,0	  22,0	  21,1	  16,8	 -20,6
s	   225,4146	 8	289,01	 90,63	   2,9	  14,8	  20,2	  21,2	  22,2	  21,2	  16,8	 -20,6
s	   226,2186	 8	116,02	 91,01	   2,6	  14,7	  19,3	  20,1	  21,0	  19,7	  15,7	 -22,5
s	   234,1825	 8	281,58	 90,52	   1,8	  14,2	  19,7	  20,6	  21,6	  20,6	  16,2	 -22,0
s	   234,9759	 7	249,54	 88,80	   3,3	  15,3	  19,8	  20,6	  21,5	  20,3	  16,2	 -22,0
s	   235,1209	 8	249,53	 86,90	   2,8	  14,8	  19,1	  19,6	  20,5	  20,3	  16,1	 -22,2
s	   241,2943	 7	101,21	 91,12	   3,6	  15,3	  19,7	  20,3	  21,3	  20,2	  14,7	 -24,8
s	   241,4357	 8	101,21	 89,26	   3,8	  15,1	  19,2	  19,5	  20,6	  20,6	  14,6	 -25,0
s	   243,6842	 8	256,49	 88,76	   3,4	  15,2	  19,5	  20,2	  21,0	  20,0	  14,4	 -25,4
s	   243,7287	 8	294,01	 88,83	   2,8	  14,8	  19,4	  20,2	  21,1	  19,7	  15,5	 -23,5
s	   244,3104	 7	281,07	 88,75	   3,0	  15,0	  19,5	  20,2	  21,2	  19,9	  15,6	 -23,5
s	   244,3586	 6	 88,79	 92,84	   2,7	  14,5	  19,7	  20,7	  21,8	  20,9	  15,7	 -23,4
s	   244,4501	 8	281,07	 86,92	   2,5	  14,4	  18,8	  19,2	  20,2	  19,9	  15,4	 -23,7
s	   245,3985	 8	 88,80	 85,79	   1,4	  13,1	  18,1	  18,3	  19,5	  20,5	  14,3	 -25,6
s	   254,7408	 8	263,00	 90,38	   1,6	  14,3	  18,9	  19,6	  20,5	  19,2	  14,7	 -25,3
s	   254,7956	 6	 88,79	 92,38	   1,6	  13,7	  19,1	  20,1	  21,1	  20,0	  14,9	 -25,1
s	   255,2234	 7	 88,80	 87,75	   3,8	  15,1	  19,1	  19,4	  20,5	  20,5	  14,8	 -25,3
s	   255,7360	 8	 88,79	 96,16	   2,1	  14,2	  18,5	  18,8	  19,8	  19,6	  14,6	 -25,4
#END
