#HEADER
CATT-Acoustic v8.0b    Copyright © CATT 1988-2003

 Project                : Aula Optica 

 GEOMETRICAL INFORMATION
 Src id and loc     [m] :   E0           9,400        4,600        1,300
 Rec id and loc     [m] :   03           5,750        1,600        1,200

 03       13,7646

 VARIABLE SOURCE DATA
 Directivity
   Type (library)       :  OMNI.SD0
   Dir. Index (DI) [dB] :       0,0      0,0      0,0      0,0      0,0      0,0      0,0      0,0
 Level
   On axis 1m      [dB] :      48,1     57,1     60,8     61,7     63,4     64,6     64,6     48,2
   Total power     [dB] :      59,0     68,0     71,7     72,6     74,3     75,5     75,5     59,1
   Auxiliary delay [ms] :       0,0

 VARIABLE AIR DATA
 Temperature       [°C] :      20
 Relative humidity  [%] :      50
 Density        [kg/m³] :       1,2
 Sound speed      [m/s] :     343
 Impedance      [Ns/m³] :     412
 Diss. coeff. [0.001/m] :      0,10     0,30     0,63     1,07     2,28     6,83    24,23    83,90      (estimated)

#DATAFIELDS
 TYPE DELAY ORDER AZIMUTH ELEVATION SPL125 SPL250 SPL500 SPL1K SPL2K SPL4K SPL8K SPL16K
#DATA
d	     0,0000	 0	340,85	 88,45	  34,6	  43,6	  47,3	  48,2	  49,9	  51,0	  50,6	  33,0
s	     1,8047	 1	340,31	117,54	  32,9	  42,0	  45,7	  46,6	  48,2	  49,4	  48,9	  31,1
*	    45,2848	 1	332,18	 95,06	 -15,7	  -6,5	  -2,9	  -2,0	  -0,4	   0,4	  -1,2	 -22,9
*	    39,1719	 1	319,61	 95,50	 -12,8	  -3,7	   0,0	   0,8	   2,4	   3,3	   1,9	 -19,2
*	    38,1988	 1	304,70	 95,70	 -12,6	  -3,4	   0,2	   1,0	   2,7	   3,5	   2,1	 -18,9
*	    31,8459	 1	340,99	 96,45	  -8,4	   0,7	   4,4	   5,2	   6,8	   7,8	   6,5	 -13,9
*	    23,5093	 1	326,27	 97,50	  -2,8	   6,3	  10,0	  10,8	  12,5	  13,5	  12,4	  -7,3
*	    22,4333	 1	306,62	 98,14	  -2,8	   6,3	  10,0	  10,8	  12,5	  13,5	  12,5	  -7,2
*	    21,7757	 1	354,44	 98,27	  -1,4	   7,7	  11,4	  12,3	  13,9	  14,9	  13,9	  -5,7
*	     9,5611	 1	338,57	100,87	  12,3	  21,4	  25,1	  26,0	  27,6	  28,7	  28,0	   9,6
*	     8,6358	 1	310,82	103,33	  10,0	  19,1	  22,8	  23,7	  25,3	  26,4	  25,8	   7,4
*	    18,8589	 1	 14,25	100,09	  -0,0	   9,1	  12,8	  13,7	  15,3	  16,3	  15,4	  -3,9
*	     5,6641	 1	  3,89	105,94	  14,0	  23,1	  26,8	  27,7	  29,3	  30,4	  29,9	  11,7
*	     2,0817	 1	326,60	119,88	  18,1	  27,3	  31,0	  31,8	  33,5	  34,7	  34,2	  16,4
*	    23,6373	 1	 38,44	100,70	  -4,4	   4,8	   8,4	   9,3	  10,9	  11,9	  10,9	  -8,9
*	    12,3769	 1	 44,88	107,60	   4,9	  14,1	  17,8	  18,6	  20,3	  21,4	  20,6	   1,9
*	     6,9647	 1	 77,70	131,26	  14,3	  23,5	  27,2	  28,0	  29,7	  30,8	  30,2	  11,9
*	    33,5027	 1	 59,96	 99,69	 -10,6	  -1,4	   2,3	   3,1	   4,7	   5,6	   4,4	 -16,3
*	    24,7579	 1	 75,38	103,36	  -4,9	   4,2	   7,9	   8,7	  10,4	  11,4	  10,3	  -9,5
*	    21,5038	 1	106,17	107,54	  -1,7	   7,5	  11,2	  12,0	  13,6	  14,7	  13,7	  -5,9
s	     2,3825	 1	341,42	 58,13	  31,0	  40,1	  43,7	  44,3	  46,0	  47,9	  47,8	  29,2
*	    54,2651	 1	303,36	 82,68	 -16,6	  -6,8	  -2,9	  -2,1	  -0,6	   1,0	  -0,5	 -21,2
*	    54,4425	 1	315,38	 83,00	 -16,6	  -6,7	  -2,8	  -2,1	  -0,5	   1,0	  -0,4	 -21,2
*	    58,5868	 1	326,28	 83,55	 -18,1	  -8,2	  -4,3	  -3,6	  -2,0	  -0,5	  -2,1	 -23,2
*	    38,3013	 1	303,90	 80,94	  -9,5	   0,4	   4,2	   5,0	   6,6	   8,2	   7,2	 -12,1
*	    38,4031	 1	318,99	 81,49	  -9,3	   0,6	   4,5	   5,2	   6,8	   8,5	   7,5	 -11,9
*	    43,6897	 1	331,96	 82,42	 -11,8	  -1,9	   2,0	   2,7	   4,3	   5,9	   4,8	 -15,0
*	    22,9583	 1	304,84	 77,95	  -0,1	   9,7	  13,6	  14,4	  16,0	  17,8	  17,2	  -0,8
*	    22,7783	 1	324,97	 79,09	   0,9	  10,8	  14,6	  15,4	  17,0	  18,8	  18,2	   0,2
*	    30,0309	 1	340,50	 80,88	  -4,1	   5,8	   9,6	  10,4	  12,0	  13,7	  12,9	  -5,7
*	     9,8000	 1	306,90	 71,63	  11,5	  21,3	  25,2	  26,0	  27,7	  29,5	  29,2	  12,4
*	     8,7566	 1	336,38	 74,96	  16,4	  26,3	  30,1	  30,9	  32,6	  34,4	  34,2	  17,5
*	    19,5935	 1	353,89	 78,90	   3,7	  13,5	  17,4	  18,2	  19,8	  21,6	  21,1	   3,4
*	     3,3063	 1	315,04	 51,56	  19,5	  29,4	  33,3	  34,0	  35,7	  37,6	  37,5	  21,3
*	     4,6870	 1	  1,84	 68,39	  18,2	  28,1	  32,0	  32,8	  34,4	  36,3	  36,2	  19,8
*	    16,5681	 1	 14,46	 77,05	   5,1	  15,0	  18,8	  19,6	  21,3	  23,1	  22,6	   5,2
*	     7,4220	 1	 96,40	 35,87	  17,2	  27,1	  31,0	  31,8	  33,4	  35,3	  35,1	  18,5
*	    11,1102	 1	 47,83	 67,02	   9,6	  19,4	  23,3	  24,1	  25,7	  27,6	  27,3	  10,4
*	    21,4586	 1	 40,39	 77,03	   0,3	  10,2	  14,1	  14,8	  16,5	  18,2	  17,7	  -0,2
*	    21,4298	 1	114,62	 69,44	   1,7	  11,6	  15,5	  16,2	  17,9	  19,6	  19,1	   1,2
*	    23,5100	 1	 80,57	 74,33	  -0,8	   9,1	  13,0	  13,8	  15,4	  17,1	  16,5	  -1,5
*	    31,4621	 1	 63,25	 79,13	  -6,2	   3,7	   7,5	   8,3	   9,9	  11,6	  10,8	  -7,9
s	     4,7425	 1	246,46	 88,15	  30,8	  40,4	  44,2	  45,1	  46,7	  47,7	  47,5	  29,5
*	     6,5266	 1	250,35	129,45	   9,2	  18,7	  22,5	  23,4	  25,0	  26,0	  25,8	   7,6
s	     6,1213	 2	246,63	110,54	  29,8	  39,4	  43,3	  44,1	  45,7	  46,8	  46,5	  28,3
s	     6,5769	 2	246,28	 64,52	  28,0	  37,6	  41,4	  42,0	  43,6	  45,3	  45,5	  26,5
s	     6,9160	 2	339,74	137,94	  28,6	  37,9	  41,6	  42,1	  43,7	  45,6	  45,4	  26,4
s	     7,3544	 2	341,96	 40,34	  29,0	  38,4	  42,1	  42,7	  44,3	  46,2	  46,0	  27,7
*	    30,6632	 1	136,16	 73,60	 -14,9	  -5,8	  -2,1	  -1,2	   0,4	   1,1	   1,1	 -17,5
*	    26,8717	 1	138,52	 71,10	 -12,3	  -3,3	   0,5	   1,4	   3,0	   3,8	   3,8	 -14,5
*	    23,1859	 1	141,73	 67,84	  -9,5	  -0,5	   3,3	   4,2	   5,8	   6,6	   6,8	 -11,2
*	    19,6502	 1	146,33	 63,55	  -6,5	   2,6	   6,4	   7,2	   8,8	   9,7	   9,9	  -7,7
*	    16,3379	 1	153,34	 57,83	  -3,2	   5,8	   9,6	  10,5	  12,1	  12,9	  13,3	  -4,1
*	    13,3717	 1	164,84	 50,53	   0,0	   9,0	  12,8	  13,7	  15,3	  16,2	  16,6	  -0,5
*	    10,9436	 1	184,48	 42,93	   2,8	  11,8	  15,6	  16,5	  18,1	  19,0	  19,5	   2,6
*	     8,5236	 1	260,05	 50,87	   3,4	  12,5	  16,2	  17,1	  18,7	  19,7	  20,2	   3,5
*	     9,1906	 1	270,70	 57,68	   1,9	  10,9	  14,7	  15,6	  17,2	  18,1	  18,6	   1,9
*	    10,3880	 1	277,27	 62,97	   0,1	   9,1	  12,9	  13,8	  15,4	  16,3	  16,8	  -0,0
*	    12,0521	 1	281,62	 66,97	  -1,8	   7,2	  11,0	  11,9	  13,5	  14,4	  14,8	  -2,2
*	    14,1389	 1	284,68	 70,00	  -3,8	   5,2	   9,0	   9,8	  11,5	  12,3	  12,7	  -4,5
*	    16,6036	 1	286,93	 72,35	  -6,0	   3,0	   6,8	   7,7	   9,3	  10,2	  10,5	  -6,9
*	    19,3942	 1	288,66	 74,22	  -8,2	   0,8	   4,6	   5,5	   7,1	   7,9	   8,2	  -9,5
*	    32,7836	 1	292,81	 78,88	 -17,0	  -7,9	  -4,2	  -3,3	  -1,7	  -1,0	  -1,1	 -19,9
*	    36,4839	 1	293,46	 79,62	 -19,0	  -9,9	  -6,2	  -5,3	  -3,7	  -3,0	  -3,2	 -22,3
*	    21,2212	 1	287,36	 82,41	   3,1	  12,6	  16,4	  17,3	  18,9	  19,8	  19,2	  -0,3
*	     9,0326	 1	268,30	 74,38	  14,8	  24,3	  28,2	  29,0	  30,7	  31,6	  31,4	  12,9
s	    10,3339	 3	246,81	128,89	  26,3	  36,1	  39,9	  40,4	  42,0	  43,8	  43,8	  24,5
s	    10,7111	 3	246,11	 48,17	  26,7	  36,7	  40,5	  41,1	  42,7	  44,4	  44,4	  25,9
s	    13,0468	 3	339,22	148,77	  26,7	  36,3	  40,0	  40,5	  42,1	  44,0	  43,6	  24,8
s	    14,0532	 3	342,55	 29,33	  24,8	  34,4	  38,0	  38,2	  39,9	  42,5	  42,4	  22,8
s	    15,7634	 4	246,97	140,25	  24,9	  35,0	  38,8	  39,3	  40,9	  42,7	  42,5	  23,5
s	    16,6800	 4	245,92	 36,49	  23,1	  33,1	  36,9	  37,1	  38,7	  41,2	  41,4	  21,6
s	    20,3043	 4	338,65	155,82	  22,8	  32,6	  36,2	  36,4	  38,0	  40,6	  40,3	  20,1
s	    20,8380	 4	343,10	 23,12	  23,2	  33,1	  36,8	  37,0	  38,7	  41,3	  41,0	  21,5
*	    21,7439	 1	287,27	 99,35	  -4,0	   5,5	   9,4	  10,2	  11,8	  12,7	  12,1	  -7,4
*	    22,4685	 1	123,02	107,75	   2,9	  12,6	  17,3	  18,4	  20,1	  21,1	  20,2	   0,6
s	    22,4809	 5	247,14	148,35	  21,3	  31,6	  35,3	  35,5	  37,1	  39,6	  39,6	  19,2
s	    22,9830	 5	245,74	 29,29	  21,7	  32,1	  35,9	  36,2	  37,8	  40,3	  40,2	  20,6
*	    23,3726	 1	292,50	 98,56	  -9,5	   0,0	   3,9	   4,7	   6,3	   7,2	   6,5	 -13,2
s	    23,8861	 1	 15,01	 89,82	  24,7	  33,7	  37,5	  38,4	  39,9	  40,7	  39,7	  19,1
*	    30,3372	 1	 44,50	 94,18	   1,9	  11,0	  14,7	  15,6	  17,2	  18,0	  17,9	  -0,7
*	    26,8016	 1	 34,01	 94,13	   4,3	  13,3	  17,1	  17,9	  19,5	  20,3	  20,4	   2,1
*	    24,6167	 1	 23,33	 93,93	   6,0	  15,0	  18,8	  19,7	  21,2	  22,1	  22,2	   4,1
*	    24,8555	 1	 23,51	 83,35	   5,8	  14,9	  18,6	  19,5	  21,1	  21,9	  22,0	   3,9
*	    24,0564	 1	 13,19	 93,62	   6,8	  15,8	  19,6	  20,4	  22,0	  22,8	  23,0	   4,9
*	    24,3016	 1	 13,37	 83,46	   6,6	  15,6	  19,4	  20,3	  21,9	  22,7	  22,8	   4,7
*	    25,3237	 1	  4,10	 93,24	   6,2	  15,3	  19,0	  19,9	  21,5	  22,3	  22,4	   4,2
*	    25,5640	 1	  4,27	 83,74	   6,1	  15,1	  18,9	  19,7	  21,3	  22,1	  22,2	   4,0
*	    28,3838	 1	356,28	 92,84	   4,3	  13,4	  17,1	  18,0	  19,6	  20,4	  20,4	   2,0
*	    28,6076	 1	356,43	 84,09	   4,2	  13,2	  17,0	  17,9	  19,4	  20,2	  20,3	   1,8
*	    32,9201	 1	349,72	 92,48	   1,6	  10,6	  14,4	  15,2	  16,8	  17,5	  17,5	  -1,4
*	    33,1211	 1	349,86	 84,48	   1,4	  10,5	  14,2	  15,1	  16,7	  17,4	  17,3	  -1,5
*	    38,5195	 1	344,26	 92,14	  -1,6	   7,4	  11,2	  12,1	  13,6	  14,3	  14,1	  -5,2
*	    38,6976	 1	344,38	 84,86	  -1,7	   7,3	  11,1	  12,0	  13,5	  14,2	  14,0	  -5,4
*	    44,8421	 1	339,72	 91,86	  -4,8	   4,3	   8,0	   8,9	  10,4	  11,1	  10,7	  -9,2
*	    45,0001	 1	339,84	 85,21	  -4,8	   4,2	   8,0	   8,8	  10,4	  11,0	  10,6	  -9,3
*	    51,6561	 1	335,95	 91,60	  -7,8	   1,2	   5,0	   5,9	   7,4	   8,0	   7,4	 -13,1
*	    51,7970	 1	336,05	 85,53	  -7,8	   1,2	   4,9	   5,8	   7,3	   8,0	   7,4	 -13,1
*	    58,8115	 1	332,78	 91,39	 -10,6	  -1,6	   2,2	   3,0	   4,6	   5,1	   4,4	 -16,8
*	    58,9382	 1	332,87	 85,81	 -10,6	  -1,6	   2,1	   3,0	   4,5	   5,1	   4,3	 -16,8
*	    23,9288	 1	144,20	 79,72	   2,9	  12,4	  16,2	  17,1	  18,7	  19,5	  18,9	  -0,9
s	    24,5827	 2	 14,81	101,21	  24,3	  33,5	  37,3	  38,1	  39,7	  40,5	  39,4	  18,8
s	    24,8209	 2	 15,22	 77,62	  23,2	  32,5	  36,3	  36,9	  38,5	  40,1	  39,3	  18,7
s	    26,9270	 3	 14,59	112,56	  22,5	  31,9	  35,6	  36,1	  37,6	  39,3	  38,6	  17,9
s	    27,1515	 3	 15,42	 67,22	  23,0	  32,5	  36,3	  36,8	  38,4	  40,0	  39,4	  19,3
s	    27,3459	 5	338,14	160,08	  21,5	  31,6	  35,2	  35,4	  37,0	  39,7	  39,1	  19,1
*	    27,4815	 1	100,02	100,35	 -13,8	  -4,1	   0,7	   1,8	   3,4	   4,4	   3,4	 -16,7
*	    30,4644	 1	 82,56	 98,86	 -16,0	  -6,4	  -1,6	  -0,5	   1,2	   2,1	   1,0	 -19,3
*	    36,0077	 1	 70,77	 97,38	 -19,3	  -9,7	  -4,9	  -3,8	  -2,1	  -1,3	  -2,5	 -23,3
s	    28,4456	 5	343,69	 18,71	  19,7	  29,7	  33,4	  33,2	  34,9	  38,2	  38,1	  17,1
s	    29,1670	 6	247,30	153,52	  20,1	  30,7	  34,5	  34,7	  36,3	  38,8	  38,6	  18,3
s	    30,0705	 2	225,43	 88,89	  22,4	  31,9	  35,8	  36,7	  38,2	  38,9	  38,0	  16,9
s	    30,2212	 6	245,55	 23,94	  18,4	  28,9	  32,7	  32,6	  34,1	  37,4	  37,5	  16,5
s	    30,3598	 4	 14,39	121,69	  22,1	  31,8	  35,5	  36,1	  37,6	  39,3	  38,5	  18,2
s	    30,6702	 3	225,56	 98,70	  22,0	  31,8	  35,7	  36,5	  38,0	  38,7	  37,7	  16,6
s	    30,8760	 3	225,30	 78,36	  21,0	  30,8	  34,7	  35,3	  36,8	  38,3	  37,7	  16,6
s	    30,9785	 4	 15,64	 57,57	  20,5	  30,1	  33,8	  34,0	  35,6	  37,9	  37,6	  16,4
s	    31,2205	 1	110,21	 90,60	  23,1	  32,6	  36,4	  37,3	  38,9	  39,7	  38,9	  18,5
*	    44,8643	 1	 68,14	 92,46	  -2,3	   7,2	  11,0	  11,9	  13,4	  14,1	  13,0	  -8,7
*	    34,1953	 1	 86,60	 93,08	   3,2	  12,7	  16,5	  17,4	  19,0	  19,7	  18,8	  -1,8
*	    31,5324	 1	118,52	 93,40	   5,3	  14,8	  18,6	  19,5	  21,1	  21,9	  21,0	   0,6
*	    40,4184	 1	 73,81	 83,94	 -11,8	  -2,6	   1,0	   1,9	   3,5	   4,3	   6,8	 -12,7
*	    40,1422	 1	 73,79	 88,16	 -11,7	  -2,5	   1,2	   2,0	   3,6	   4,5	   7,0	 -12,5
*	    38,5472	 1	 76,84	 83,55	 -10,8	  -1,7	   2,0	   2,8	   4,4	   5,3	   7,9	 -11,5
*	    38,2599	 1	 76,82	 88,01	 -10,7	  -1,5	   2,1	   3,0	   4,6	   5,5	   8,0	 -11,3
*	    36,8597	 1	 80,21	 83,15	  -9,9	  -0,8	   2,9	   3,7	   5,3	   6,2	   8,8	 -10,4
*	    36,5611	 1	 80,20	 87,85	  -9,8	  -0,6	   3,1	   3,9	   5,5	   6,4	   9,0	 -10,2
*	    35,3740	 1	 83,97	 82,74	  -9,1	   0,1	   3,7	   4,6	   6,2	   7,1	   9,7	  -9,3
*	    35,0643	 1	 83,96	 87,69	  -8,9	   0,2	   3,9	   4,7	   6,4	   7,3	   9,9	  -9,1
*	    34,1091	 1	 88,14	 82,31	  -8,3	   0,8	   4,5	   5,3	   6,9	   7,9	  10,5	  -8,4
*	    33,7886	 1	 88,14	 87,51	  -8,1	   1,0	   4,7	   5,5	   7,1	   8,1	  10,7	  -8,2
*	    33,0843	 1	 92,76	 81,88	  -7,7	   1,5	   5,2	   6,0	   7,6	   8,5	  11,2	  -7,6
*	    32,7539	 1	 92,77	 87,34	  -7,5	   1,7	   5,4	   6,2	   7,8	   8,7	  11,4	  -7,4
*	    32,3189	 1	 97,82	 81,47	  -7,1	   2,0	   5,7	   6,5	   8,1	   9,1	  11,8	  -7,0
*	    31,9797	 1	 97,84	 87,17	  -6,9	   2,2	   5,9	   6,7	   8,4	   9,3	  12,0	  -6,7
*	    31,8307	 1	103,31	 81,11	  -6,8	   2,4	   6,1	   6,9	   8,5	   9,5	  12,2	  -6,6
*	    31,4843	 1	103,33	 87,00	  -6,5	   2,6	   6,3	   7,1	   8,8	   9,7	  12,4	  -6,3
*	    31,6347	 1	109,16	 80,81	  -6,5	   2,6	   6,3	   7,1	   8,8	   9,7	  12,4	  -6,3
*	    31,2834	 1	109,19	 86,87	  -6,3	   2,9	   6,5	   7,4	   9,0	   9,9	  12,7	  -6,0
*	    31,7417	 1	115,27	 80,59	  -6,5	   2,7	   6,3	   7,2	   8,8	   9,7	  12,5	  -6,3
*	    31,3882	 1	115,32	 86,76	  -6,3	   2,9	   6,6	   7,4	   9,0	  10,0	  12,7	  -6,0
s	    31,5446	 2	110,25	 97,83	  20,6	  30,8	  35,7	  36,8	  38,4	  39,2	  38,4	  18,0
s	    32,0057	 2	110,14	 80,33	  21,7	  31,0	  34,6	  35,1	  36,7	  38,5	  37,6	  16,3
s	    32,7084	 4	225,69	108,67	  20,4	  30,2	  34,1	  34,6	  36,1	  37,6	  37,2	  15,9
s	    32,9051	 4	225,17	 69,19	  20,9	  30,9	  34,8	  35,3	  36,9	  38,3	  37,9	  17,4
*	    33,2748	 1	 44,86	 86,73	   0,9	  10,1	  13,8	  14,6	  16,2	  17,1	  15,9	  -4,7
*	    39,8584	 1	 57,27	 87,16	  -2,5	   6,7	  10,3	  11,1	  12,8	  13,6	  12,2	  -9,0
*	    33,4425	 1	137,55	 74,96	  -6,0	   3,5	   7,4	   8,2	   9,8	  10,6	   9,7	 -10,9
s	    33,9158	 2	143,66	 90,26	  21,7	  31,7	  35,6	  36,5	  38,0	  38,7	  38,2	  17,5
s	    33,9869	 3	110,08	 71,36	  21,6	  31,3	  34,9	  35,4	  37,1	  38,8	  37,8	  17,1
s	    34,4678	 3	143,79	 99,29	  21,1	  31,3	  35,2	  36,1	  37,6	  38,3	  37,7	  17,0
s	    34,6574	 3	143,52	 80,56	  19,5	  29,6	  33,5	  34,1	  35,6	  37,1	  36,9	  15,4
s	    35,1073	 6	337,58	163,28	  18,2	  28,4	  32,0	  31,9	  33,5	  36,9	  36,4	  14,9
s	    35,1108	 5	 14,17	129,88	  19,5	  29,2	  33,0	  33,1	  34,7	  37,1	  36,5	  15,0
s	    35,6665	 6	344,25	 15,86	  18,6	  29,0	  32,7	  32,6	  34,2	  37,5	  37,1	  16,3
s	    35,7420	 5	225,81	116,96	  20,1	  30,3	  34,2	  34,7	  36,2	  37,8	  37,2	  16,4
s	    36,2942	 5	225,04	 60,39	  18,5	  28,6	  32,5	  32,7	  34,2	  36,5	  36,3	  14,7
s	    36,3517	 4	143,94	108,55	  19,0	  29,3	  33,2	  33,7	  35,2	  36,7	  36,4	  14,8
s	    36,6488	 7	247,47	157,52	  17,0	  27,7	  31,4	  31,3	  32,8	  36,1	  36,0	  14,4
s	    36,7228	 4	143,38	 71,41	  20,5	  30,7	  34,8	  35,6	  37,0	  37,6	  37,1	  16,2
s	    36,7631	 4	110,39	118,06	  20,9	  30,7	  34,4	  34,9	  36,5	  38,3	  37,1	  16,2
s	    37,1911	 7	245,37	 20,35	  17,4	  28,3	  32,1	  32,0	  33,5	  36,8	  36,7	  15,7
s	    39,1770	 5	144,07	116,37	  18,8	  29,5	  33,4	  33,9	  35,4	  37,0	  36,5	  15,4
s	    39,9596	 5	143,24	 63,17	  18,2	  28,5	  32,5	  33,0	  34,5	  35,8	  35,5	  13,6
s	    40,0196	 6	225,95	124,68	  17,7	  28,0	  31,8	  32,0	  33,5	  35,7	  35,4	  13,5
s	    40,2414	 5	109,97	 57,37	  16,4	  27,3	  32,2	  32,7	  34,3	  36,7	  36,3	  15,1
s	    40,2557	 6	 13,97	136,07	  18,9	  29,0	  32,8	  32,9	  34,5	  36,9	  36,2	  15,0
s	    40,3592	 6	224,91	 53,35	  18,1	  28,6	  32,5	  32,7	  34,2	  36,5	  36,1	  14,9
s	    40,9609	 5	110,46	125,68	  18,5	  28,4	  32,0	  32,1	  33,7	  36,3	  35,3	  13,3
s	    41,0972	 6	 16,05	 43,61	  17,2	  27,3	  31,0	  30,9	  32,4	  35,6	  35,2	  13,2
*	    41,1176	 1	295,41	 95,51	 -19,9	 -10,4	  -6,6	  -5,7	  -4,2	  -3,5	  -4,5	 -25,8
s	    42,4144	 7	337,07	165,45	  17,3	  27,8	  31,5	  31,3	  32,9	  36,3	  35,6	  14,2
s	    43,1972	 6	144,21	123,78	  16,4	  27,2	  31,1	  31,2	  32,7	  35,0	  34,8	  12,6
s	    43,2597	 2	 82,10	 90,73	  20,1	  29,6	  33,5	  34,4	  35,9	  36,5	  35,2	  13,0
s	    43,5158	 3	 82,09	 96,45	  17,8	  28,0	  33,0	  34,1	  35,7	  36,3	  35,1	  12,8
s	    43,5180	 6	143,12	 56,96	  16,9	  27,8	  31,8	  32,0	  33,5	  35,8	  35,5	  14,0
s	    43,5447	 7	344,85	 13,59	  15,6	  26,1	  29,7	  29,2	  30,8	  34,9	  34,6	  12,4
*	    43,6464	 1	 66,80	 91,32	 -13,2	  -4,2	  -0,4	   0,4	   2,0	   2,7	   2,3	 -17,5
*	    43,7737	 1	 66,77	 94,68	 -13,3	  -4,3	  -0,5	   0,4	   1,9	   2,6	   2,2	 -17,6
*	    43,9673	 1	 65,01	 89,73	 -12,2	  -3,2	   0,6	   1,4	   3,0	   3,7	   3,3	 -16,5
*	    44,0082	 1	 64,98	 93,04	 -12,2	  -3,2	   0,6	   1,4	   3,0	   3,7	   3,3	 -16,6
*	    44,2295	 1	 64,96	 96,35	 -12,3	  -3,3	   0,5	   1,3	   2,9	   3,5	   3,2	 -16,7
s	    44,3123	 8	247,63	160,47	  17,1	  27,9	  31,8	  31,9	  33,4	  35,7	  35,2	  13,6
s	    44,4017	 6	110,50	130,31	  16,2	  27,0	  31,8	  32,2	  33,8	  36,3	  35,4	  13,8
s	    44,7344	 7	226,07	130,73	  17,2	  27,9	  31,8	  31,9	  33,4	  35,7	  35,2	  13,6
s	    44,8647	 8	245,17	 17,46	  14,4	  25,4	  29,2	  28,7	  30,3	  34,3	  34,3	  11,9
s	    45,1472	 6	109,91	 50,75	  14,6	  25,3	  30,0	  30,1	  31,7	  35,0	  34,4	  12,0
*	    45,5059	 1	 66,51	 84,81	 -12,5	  -3,5	   0,3	   1,1	   2,7	   3,4	   2,9	 -17,0
*	    45,2765	 1	 66,49	 88,06	 -12,4	  -3,4	   0,4	   1,2	   2,8	   3,5	   3,1	 -16,9
s	    45,4665	 4	 82,14	 75,33	  19,6	  29,2	  33,0	  33,5	  35,0	  36,6	  35,4	  13,7
s	    45,5123	 7	224,77	 46,96	  15,6	  26,1	  30,0	  29,9	  31,4	  34,4	  34,3	  11,8
s	    45,8259	 3	 79,85	 82,86	  19,7	  29,3	  33,0	  33,5	  35,1	  36,8	  35,4	  13,7
s	    46,3734	 7	 13,76	141,50	  16,2	  26,4	  30,1	  30,0	  31,5	  34,7	  34,1	  11,6
s	    46,8287	 7	 16,25	 38,69	  16,6	  27,0	  30,8	  30,7	  32,2	  35,4	  34,8	  13,0
s	    48,0376	 7	144,36	130,12	  17,0	  27,9	  31,9	  32,4	  33,8	  35,2	  34,6	  12,7
s	    48,4098	 7	142,98	 50,69	  14,4	  25,4	  29,3	  29,2	  30,7	  33,8	  33,7	  11,1
s	    49,5533	 5	 79,75	112,32	  18,7	  28,7	  32,4	  32,8	  34,4	  36,1	  34,6	  12,5
s	    49,5751	 3	167,24	 89,96	  18,2	  28,3	  32,3	  33,2	  34,6	  35,1	  34,0	  11,2
s	    49,8057	 4	167,33	 95,12	  16,0	  26,7	  31,8	  32,9	  34,4	  34,9	  33,8	  11,0
s	    49,8852	 7	110,57	135,99	  12,9	  24,1	  29,0	  29,1	  30,7	  33,8	  33,5	  10,7
s	    50,0422	 2	 21,82	 90,12	  19,9	  29,4	  33,3	  34,2	  35,7	  36,2	  35,0	  13,0
s	    50,3526	 8	336,52	167,23	  14,4	  25,0	  28,6	  28,1	  29,7	  33,8	  33,3	  10,4
s	    50,4266	 8	226,20	136,19	  14,6	  25,4	  29,2	  29,1	  30,6	  33,6	  33,3	  10,4
s	    50,4557	 3	 21,70	 96,89	  19,6	  29,3	  33,2	  34,0	  35,5	  36,1	  34,9	  12,7
s	    50,5982	 3	 21,94	 82,84	  18,5	  28,4	  32,3	  32,8	  34,3	  35,7	  34,8	  12,7
s	    50,8482	 8	107,33	148,44	  13,9	  25,1	  29,8	  29,9	  31,5	  34,9	  34,0	  11,9
s	    50,8534	 8	224,64	 41,99	  15,1	  26,0	  29,9	  29,8	  31,3	  34,3	  34,0	  11,9
s	    50,9217	 8	345,41	 11,98	  14,8	  25,6	  29,3	  28,9	  30,4	  34,5	  34,0	  11,8
s	    51,2200	 6	 82,03	119,68	  16,8	  26,7	  30,4	  30,5	  32,1	  34,4	  33,4	  10,4
s	    51,5689	 5	166,99	 76,04	  17,7	  27,9	  31,8	  32,3	  33,8	  35,2	  34,2	  12,0
s	    51,8824	 4	 21,58	103,98	  18,1	  28,1	  32,0	  32,6	  34,1	  35,4	  34,5	  12,3
s	    52,0219	 4	 22,05	 76,29	  18,1	  28,1	  32,0	  32,6	  34,0	  35,4	  34,5	  12,2
s	    52,3236	 4	168,96	 82,85	  17,9	  28,0	  31,8	  32,3	  33,8	  35,4	  34,2	  11,9
s	    52,4486	 8	 13,55	145,60	  15,6	  26,2	  30,0	  29,8	  31,4	  34,5	  33,7	  11,4
s	    52,6274	 6	 79,92	 63,70	  15,4	  26,2	  31,2	  31,9	  33,5	  34,9	  33,9	  11,6
s	    53,3045	 1	308,90	 88,95	  19,7	  29,1	  33,0	  33,8	  35,3	  36,0	  34,6	  12,2
*	    62,0997	 1	331,63	 86,33	  -4,0	   5,5	   9,3	  10,1	  11,6	  12,2	  10,6	 -12,5
*	    54,3468	 1	316,65	 85,74	  -1,2	   8,3	  12,1	  12,9	  14,5	  15,1	  13,7	  -8,8
*	    54,7275	 1	299,25	 85,42	  -1,6	   7,9	  11,7	  12,6	  14,1	  14,8	  13,3	  -9,2
s	    53,4103	 8	 16,46	 34,37	  14,0	  24,5	  28,2	  27,7	  29,3	  33,2	  32,8	   9,7
s	    53,5213	 8	144,50	135,48	  14,5	  25,5	  29,5	  29,6	  31,0	  33,2	  32,8	   9,6
s	    53,5213	 8	142,85	 45,74	  14,0	  25,4	  29,3	  29,2	  30,7	  33,8	  33,6	  11,2
s	    53,6246	 6	167,61	110,19	  17,2	  27,6	  31,5	  31,9	  33,4	  34,9	  33,8	  11,4
s	    53,6980	 2	308,83	 95,39	  19,4	  29,1	  32,9	  33,7	  35,2	  35,9	  34,4	  12,0
s	    53,8337	 2	308,98	 82,02	  18,3	  28,1	  31,9	  32,5	  34,0	  35,5	  34,4	  12,0
s	    54,0638	 5	 21,47	110,21	  17,4	  27,6	  31,5	  32,0	  33,5	  34,8	  33,8	  11,4
s	    54,4679	 5	 22,17	 69,63	  15,8	  25,9	  29,8	  30,0	  31,4	  33,6	  32,9	   9,7
s	    54,7826	 7	 82,20	 57,31	  13,1	  23,8	  28,6	  28,7	  30,3	  33,3	  32,7	   9,4
s	    55,0576	 3	308,75	102,16	  17,2	  27,0	  30,7	  31,2	  32,7	  34,2	  33,1	   9,8
s	    55,1838	 8	 77,03	 64,78	  13,6	  24,9	  29,9	  30,3	  31,8	  34,0	  33,3	  10,8
s	    55,1906	 3	309,05	 75,77	  17,7	  27,7	  31,5	  32,0	  33,5	  35,0	  33,8	  11,3
s	    55,4501	 8	110,63	140,43	  12,5	  24,0	  28,9	  29,1	  30,6	  33,8	  33,2	  10,7
s	    55,7031	 7	169,45	109,54	  15,2	  25,7	  29,5	  29,6	  31,1	  33,3	  32,5	   9,2
s	    56,1119	 8	 79,94	 58,60	  13,2	  24,2	  29,1	  29,2	  30,8	  33,9	  33,1	  10,5
s	    56,8268	 7	167,74	116,42	  15,1	  25,5	  29,4	  29,5	  31,0	  33,2	  32,3	   8,9
s	    57,1414	 4	308,68	108,13	  17,2	  27,4	  31,2	  31,7	  33,2	  34,7	  33,4	  10,7
s	    57,5038	 6	 22,28	 63,93	  15,7	  26,2	  30,1	  30,3	  31,8	  33,9	  33,1	  10,4
s	    57,5280	 4	309,13	 69,38	  15,7	  25,7	  29,5	  29,7	  31,2	  33,4	  32,6	   9,1
s	    58,2726	 7	168,63	 65,69	  12,7	  24,3	  29,3	  29,7	  31,3	  33,5	  32,9	  10,1
s	    58,5344	 8	 21,51	116,43	  14,6	  25,0	  29,0	  29,2	  30,6	  32,5	  32,0	   8,4
s	    60,1914	 5	308,60	114,12	  15,1	  25,4	  29,1	  29,2	  30,8	  33,0	  32,0	   8,3
s	    60,4211	 8	166,63	 58,86	  12,4	  23,4	  28,4	  28,8	  30,3	  32,3	  31,7	   7,9
s	    60,4388	 5	309,20	 63,87	  15,6	  26,0	  29,8	  30,0	  31,5	  33,8	  32,8	   9,8
s	    60,7169	 3	 67,74	 90,73	  17,5	  27,6	  31,6	  32,5	  33,9	  34,3	  33,2	  10,2
s	    60,8807	 7	 21,23	121,64	  15,1	  25,7	  29,6	  29,8	  31,3	  33,4	  32,5	   9,5
s	    60,9131	 4	 67,71	 95,11	  15,3	  26,0	  31,2	  32,2	  33,7	  34,1	  33,1	  10,0
s	    61,1937	 4	 67,78	 84,48	  16,2	  26,6	  30,6	  31,2	  32,6	  33,8	  33,0	   9,9
s	    61,4919	 7	 22,41	 58,37	  13,5	  24,1	  27,9	  27,8	  29,2	  32,2	  31,6	   7,8
s	    61,7294	 8	169,67	119,94	  13,8	  25,0	  30,0	  30,6	  32,1	  33,6	  32,3	   9,1
s	    61,9083	 2	329,92	 89,26	  17,6	  27,2	  31,1	  31,9	  33,4	  33,8	  32,1	   8,2
s	    62,2572	 3	329,83	 94,98	  17,4	  27,1	  31,0	  31,8	  33,3	  33,8	  31,9	   8,0
s	    62,3777	 3	330,02	 83,12	  16,3	  26,1	  30,0	  30,6	  32,1	  33,3	  31,9	   8,0
s	    62,4196	 5	 67,82	 78,81	  15,9	  26,4	  30,4	  30,9	  32,4	  33,6	  32,7	   9,5
s	    63,1450	 4	 65,91	 84,63	  16,8	  26,8	  30,7	  31,2	  32,7	  33,9	  32,7	   9,5
s	    63,4663	 4	329,74	101,01	  16,0	  25,8	  29,7	  30,1	  31,6	  32,9	  31,7	   7,6
s	    63,5848	 4	330,11	 77,53	  16,5	  26,5	  30,4	  30,9	  32,4	  33,6	  32,4	   9,1
s	    63,6878	 6	308,53	119,21	  15,0	  25,6	  29,4	  29,5	  31,1	  33,4	  32,2	   8,9
s	    64,1897	 6	 67,61	108,12	  15,2	  25,9	  29,9	  30,4	  31,8	  33,1	  32,1	   8,8
s	    64,2771	 6	309,28	 58,45	  13,4	  23,9	  27,7	  27,5	  29,0	  32,1	  31,3	   7,2
s	    64,3403	 5	 65,95	 79,10	  16,4	  26,6	  30,5	  31,0	  32,4	  33,7	  32,4	   9,1
s	    65,3288	 5	329,65	106,40	  16,1	  26,2	  30,1	  30,6	  32,1	  33,4	  32,1	   8,6
s	    65,4207	 8	 21,10	126,69	  12,8	  23,6	  27,4	  27,2	  28,7	  31,6	  30,9	   6,7
s	    65,6756	 5	330,20	 71,77	  14,5	  24,6	  28,4	  28,6	  30,1	  32,1	  31,2	   7,0
s	    65,7670	 8	 22,52	 53,74	  13,3	  24,2	  28,1	  28,0	  29,4	  32,4	  31,7	   8,2
s	    66,0678	 6	 65,73	107,69	  15,8	  26,1	  30,0	  30,4	  31,9	  33,3	  31,8	   8,3
s	    66,7744	 3	267,06	 88,76	  16,1	  26,2	  30,2	  31,0	  32,5	  32,8	  31,3	   7,0
s	    67,1024	 4	267,06	 94,14	  15,9	  26,1	  30,1	  30,9	  32,3	  32,7	  31,1	   6,8
s	    67,2006	 7	 67,90	 67,87	  13,6	  24,6	  28,6	  28,8	  30,3	  32,3	  31,6	   8,0
s	    67,2156	 4	267,05	 82,98	  14,8	  25,2	  29,2	  29,8	  31,2	  32,3	  31,1	   6,7
s	    68,0722	 7	308,45	124,16	  12,8	  23,5	  27,2	  27,0	  28,5	  31,6	  30,7	   6,2
s	    68,0743	 6	329,55	111,87	  14,0	  24,3	  28,1	  28,3	  29,7	  31,8	  30,8	   6,3
s	    68,2400	 5	267,07	 99,82	  14,5	  24,8	  28,8	  29,3	  30,7	  31,8	  30,8	   6,4
s	    68,3516	 5	267,05	 77,72	  15,0	  25,5	  29,5	  30,1	  31,5	  32,6	  31,6	   7,9
s	    68,4074	 7	309,36	 53,91	  13,2	  24,1	  27,9	  27,8	  29,3	  32,3	  31,4	   7,7
s	    69,0104	 7	 65,68	113,49	  14,7	  24,9	  28,9	  29,2	  30,7	  31,9	  30,5	   6,0
s	    69,3447	 8	 67,54	117,29	  11,2	  22,8	  28,0	  28,4	  29,8	  31,8	  31,2	   7,4
s	    69,4950	 8	287,27	 60,38	   9,6	  21,3	  26,3	  26,4	  27,9	  30,9	  30,3	   5,8
s	    69,5109	 3	288,88	 88,83	  15,8	  26,3	  30,4	  31,3	  32,7	  33,0	  31,9	   8,1
s	    69,8681	 8	 67,93	 63,90	   9,6	  21,2	  26,2	  26,4	  27,8	  30,6	  30,3	   5,7
s	    69,9377	 4	288,92	 83,23	  15,1	  25,5	  29,5	  30,0	  31,4	  32,7	  30,7	   6,1
s	    69,9965	 6	267,07	104,92	  14,6	  25,3	  29,3	  29,8	  31,2	  32,4	  31,3	   7,4
s	    70,3240	 6	267,04	 72,26	  13,0	  23,6	  27,6	  27,8	  29,2	  31,1	  30,4	   5,8
s	    70,9291	 5	288,82	 99,53	  14,2	  24,7	  28,6	  29,0	  30,4	  31,8	  30,5	   5,8
s	    71,2471	 7	329,46	116,59	  14,0	  24,6	  28,5	  28,6	  30,1	  32,2	  31,0	   7,0
s	    71,7843	 7	330,39	 61,68	  12,4	  22,9	  26,8	  26,6	  28,1	  30,9	  30,1	   5,4
s	    72,5937	 7	267,08	110,13	  12,6	  23,4	  27,3	  27,5	  28,9	  30,8	  30,0	   5,2
s	    72,6310	 6	288,79	104,47	  14,3	  25,1	  29,1	  29,5	  31,0	  32,3	  30,9	   6,8
s	    72,6349	 8	308,38	128,28	  12,6	  23,6	  27,4	  27,2	  28,7	  31,8	  30,7	   6,6
s	    73,1127	 6	288,98	 72,47	  13,0	  23,9	  28,0	  28,4	  29,8	  30,8	  30,1	   5,2
s	    73,3741	 8	309,44	 49,53	  11,0	  21,9	  25,7	  25,2	  26,7	  30,5	  29,8	   4,9
s	    74,5151	 7	288,77	108,41	   9,6	  21,4	  26,5	  26,9	  28,4	  30,3	  29,8	   4,7
s	    75,2600	 8	329,37	121,27	  11,8	  22,5	  26,4	  26,2	  27,6	  30,5	  29,6	   4,5
s	    75,3571	 7	289,01	 68,16	  12,8	  23,9	  27,8	  28,0	  29,4	  31,6	  30,4	   6,1
s	    75,5682	 8	330,48	 57,38	  12,3	  23,2	  27,1	  27,0	  28,4	  31,3	  30,3	   6,0
s	    75,8603	 8	267,09	115,00	  13,6	  24,5	  28,6	  29,0	  30,4	  31,4	  30,3	   5,9
s	    76,3775	 8	267,03	 62,28	  12,0	  22,8	  26,9	  27,0	  28,4	  30,2	  29,4	   4,2
s	    77,1531	 3	 24,69	 90,25	  15,8	  25,4	  29,4	  30,2	  31,6	  31,8	  29,8	   4,6
s	    77,4438	 4	 24,61	 95,01	  15,6	  25,3	  29,3	  30,1	  31,5	  31,7	  29,7	   4,4
s	    77,5442	 4	 24,77	 85,12	  14,5	  24,4	  28,4	  28,9	  30,3	  31,3	  29,7	   4,4
s	    77,7783	 3	344,82	 89,55	  15,8	  25,3	  29,1	  28,6	  29,0	  29,5	  27,7	   3,1
s	    77,7873	 8	289,04	 64,48	   8,1	  20,1	  25,2	  25,4	  26,8	  29,5	  29,2	   3,9
s	    78,0670	 4	344,74	 94,28	  15,6	  25,2	  29,0	  28,5	  28,9	  29,5	  27,5	   3,0
s	    78,1668	 4	344,91	 84,46	  14,5	  24,3	  28,1	  27,3	  27,7	  29,0	  27,5	   2,9
s	    78,3271	 8	288,73	114,30	  13,3	  24,4	  28,4	  28,8	  30,2	  31,4	  29,9	   5,3
s	    78,4539	 5	 24,53	100,07	  14,2	  24,3	  28,2	  28,7	  30,1	  31,2	  29,5	   4,1
s	    78,5532	 5	 24,85	 80,44	  14,2	  24,2	  28,2	  28,7	  30,1	  31,2	  29,4	   4,1
s	    79,0651	 5	115,95	105,28	  12,7	  23,5	  28,4	  29,1	  30,6	  32,0	  30,2	   5,5
s	    79,0704	 5	344,65	 99,30	  14,2	  24,7	  28,7	  29,2	  30,6	  31,7	  30,4	   5,7
s	    79,1690	 5	345,00	 79,81	  14,2	  24,2	  27,9	  27,1	  27,5	  28,9	  27,3	   2,6
s	    79,6068	 7	183,19	 94,42	  12,0	  23,5	  28,8	  29,8	  31,2	  31,4	  30,1	   5,4
s	    80,0193	 6	 24,45	104,63	  13,9	  24,1	  28,0	  28,5	  29,9	  31,0	  29,1	   3,6
s	    80,3119	 6	 24,93	 75,54	  12,8	  23,1	  27,1	  27,3	  28,7	  30,5	  29,1	   3,6
s	    80,6255	 6	344,57	103,84	  14,5	  24,7	  28,5	  29,0	  30,3	  31,5	  29,8	   5,0
s	    80,9163	 6	345,08	 74,94	  12,0	  22,6	  26,6	  26,8	  28,1	  30,0	  29,0	   3,4
s	    81,4152	 6	115,99	110,04	  10,7	  21,6	  26,4	  26,8	  28,3	  30,5	  29,0	   3,3
s	    82,3461	 7	 24,37	109,35	  12,4	  22,7	  26,6	  26,8	  28,2	  30,0	  28,7	   3,0
s	    82,5365	 7	 25,01	 71,18	  12,9	  23,4	  27,3	  27,5	  28,9	  30,8	  29,5	   4,5
s	    83,1270	 7	345,17	 70,61	  13,0	  23,5	  27,3	  27,5	  28,8	  30,8	  29,4	   4,3
s	    83,3566	 8	 77,01	104,71	  11,6	  22,8	  27,8	  28,4	  29,9	  31,2	  29,3	   4,3
s	    84,4178	 4	254,03	 88,84	  14,2	  24,2	  28,2	  27,7	  28,0	  28,4	  26,7	   1,6
s	    84,6870	 5	254,06	 93,25	  14,0	  24,2	  28,1	  27,6	  27,9	  28,3	  26,6	   1,4
s	    84,7800	 5	254,01	 84,09	  13,0	  23,2	  27,2	  26,4	  26,7	  27,9	  26,6	   1,4
s	    85,0617	 8	 24,29	113,51	  12,4	  23,1	  27,1	  27,2	  28,6	  30,5	  29,1	   3,9
s	    85,4597	 6	 99,47	104,42	  11,9	  22,7	  27,7	  28,4	  29,9	  31,1	  29,3	   4,0
s	    85,5242	 8	 25,10	 66,74	  10,9	  21,5	  25,4	  25,2	  26,6	  29,2	  28,2	   2,2
s	    85,6236	 6	254,08	 97,95	  12,6	  23,6	  27,8	  28,3	  29,6	  30,6	  29,5	   4,2
s	    85,6372	 8	344,40	112,66	  12,6	  23,2	  27,0	  27,2	  28,5	  30,5	  28,9	   3,7
s	    85,7157	 6	253,99	 79,74	  12,7	  23,1	  27,0	  26,2	  26,6	  27,8	  26,3	   1,1
s	    86,0970	 8	345,26	 66,18	  11,0	  21,5	  25,3	  25,2	  26,5	  29,3	  28,1	   2,1
s	    86,6097	 2	116,41	 90,76	  15,2	  25,2	  29,1	  29,9	  31,4	  31,7	  29,8	   4,5
s	    86,8731	 3	116,45	 95,07	  14,9	  25,1	  29,0	  29,8	  31,3	  31,6	  29,6	   4,3
s	    86,9641	 3	116,38	 86,11	  14,6	  24,6	  28,4	  28,9	  30,4	  31,6	  29,6	   4,3
s	    87,0777	 7	254,10	102,20	  12,9	  23,6	  27,6	  28,1	  29,4	  30,4	  28,9	   3,5
s	    87,4908	 7	253,96	 74,86	  11,5	  22,5	  26,8	  27,3	  28,6	  29,4	  28,1	   1,9
s	    87,5229	 4	116,48	 98,62	  11,6	  22,6	  27,6	  28,4	  29,9	  31,0	  29,5	   4,0
s	    87,6617	 7	 99,49	108,91	   9,9	  20,9	  25,8	  26,2	  27,6	  29,6	  28,1	   1,9
s	    87,8463	 3	131,65	 90,61	  14,1	  24,6	  28,7	  29,5	  30,9	  31,1	  29,5	   4,1
s	    87,8797	 4	116,34	 81,85	  14,1	  24,2	  28,0	  28,5	  30,0	  31,2	  29,2	   3,7
s	    88,1064	 4	131,70	 94,87	  13,9	  24,5	  28,6	  29,4	  30,8	  31,0	  29,4	   3,9
s	    88,1963	 4	131,59	 86,02	  12,8	  23,6	  27,7	  28,2	  29,6	  30,6	  29,4	   3,9
s	    88,5248	 4	 83,45	 90,86	  13,8	  24,4	  28,5	  29,4	  30,7	  30,8	  29,3	   3,8
s	    88,7832	 5	 83,44	 95,09	  13,6	  24,3	  28,5	  29,3	  30,6	  30,7	  29,2	   3,7
s	    88,8126	 5	116,51	102,82	  11,1	  22,2	  27,2	  28,0	  29,4	  30,6	  29,0	   3,4
s	    89,0118	 5	131,75	 99,41	  11,8	  22,6	  26,6	  27,1	  28,4	  29,5	  28,1	   1,8
s	    89,1933	 5	131,54	 81,49	  13,3	  24,0	  28,2	  29,0	  30,3	  30,4	  28,9	   3,3
s	    89,2452	 8	254,12	106,62	  10,1	  21,4	  25,5	  25,6	  26,9	  28,7	  27,8	   1,5
s	    89,4210	 6	 83,43	 98,58	  10,3	  21,8	  27,0	  27,8	  29,2	  30,1	  29,0	   3,4
s	    89,4229	 8	253,94	 71,09	  11,5	  22,4	  26,4	  26,6	  27,9	  29,7	  28,5	   2,9
s	    89,4654	 4	 56,71	 90,70	  13,7	  24,0	  28,0	  28,8	  30,1	  30,4	  28,2	   1,8
s	    89,4796	 5	116,30	 77,38	  11,5	  22,0	  25,9	  26,1	  27,5	  29,4	  28,1	   1,7
s	    89,6071	 5	 56,68	 93,86	  11,5	  22,4	  27,5	  28,5	  30,0	  30,2	  28,1	   1,7
s	    89,8100	 5	 56,75	 86,18	  13,2	  23,4	  27,3	  27,7	  29,1	  30,3	  28,0	   1,7
s	    90,4187	 6	131,80	103,53	  12,0	  23,1	  27,2	  27,6	  29,0	  30,1	  28,6	   3,0
s	    90,6129	 6	 56,62	 99,37	  12,2	  22,8	  26,9	  27,3	  28,7	  29,8	  27,8	   1,4
s	    90,8186	 6	131,48	 77,08	  11,4	  22,3	  26,4	  26,8	  28,1	  29,0	  27,8	   1,3
s	    91,3424	 7	 83,48	 77,73	  10,9	  21,7	  25,6	  25,7	  27,1	  28,9	  27,6	   1,1
s	    91,5107	 6	116,27	 73,37	  12,3	  22,9	  26,7	  26,8	  28,3	  30,4	  28,5	   2,8
s	    91,9985	 7	 56,58	103,43	  12,6	  23,1	  27,0	  27,4	  28,8	  30,0	  27,6	   1,0
s	    92,5180	 7	131,86	107,82	  10,0	  21,3	  25,3	  25,4	  26,8	  28,7	  27,5	   0,9
s	    92,5515	 3	101,55	 90,85	  14,5	  24,5	  28,5	  29,3	  30,7	  30,9	  29,0	   3,1
s	    92,6903	 7	131,43	 73,42	  10,5	  21,9	  26,0	  26,2	  27,6	  29,4	  28,3	   2,4
s	    92,8002	 4	101,56	 94,93	  14,2	  24,4	  28,4	  29,2	  30,6	  30,8	  28,8	   2,9
s	    92,8861	 4	101,53	 86,47	  13,9	  23,9	  27,8	  28,3	  29,7	  30,8	  28,8	   2,9
s	    93,3381	 8	 83,48	 73,78	  11,0	  22,1	  26,1	  26,3	  27,7	  29,5	  28,1	   2,2
s	    93,4141	 5	101,57	 98,28	  10,9	  21,9	  27,0	  27,8	  29,2	  30,2	  28,6	   2,7
s	    93,7037	 8	 56,87	 74,72	   9,0	  20,6	  25,7	  26,1	  27,5	  29,4	  28,0	   2,1
s	    93,7513	 5	101,52	 82,44	  13,4	  23,6	  27,4	  27,9	  29,3	  30,4	  28,4	   2,4
s	    93,8254	 7	116,59	112,03	  11,2	  22,3	  26,2	  26,3	  27,7	  29,7	  28,1	   2,2
s	    94,0671	 8	 56,54	107,66	  11,2	  21,8	  25,6	  25,7	  27,1	  29,1	  27,2	   0,5
s	    94,2504	 7	116,23	 69,24	  10,3	  21,0	  24,8	  24,6	  26,0	  28,9	  27,3	   0,5
s	    94,5517	 8	 55,84	 82,03	  12,2	  22,7	  26,7	  27,1	  28,4	  29,5	  27,1	   0,4
s	    94,6337	 6	101,59	102,26	  10,4	  21,5	  26,6	  27,4	  28,8	  29,8	  28,2	   2,1
s	    94,9359	 7	165,32	 85,80	  12,3	  23,2	  27,2	  27,6	  29,0	  30,1	  28,2	   2,2
s	    95,1888	 8	131,91	111,92	  11,1	  22,5	  26,6	  27,1	  28,4	  29,3	  27,9	   1,8
s	    95,2651	 6	101,50	 78,20	  10,8	  21,4	  25,3	  25,5	  26,9	  28,6	  27,3	   0,4
s	    95,4004	 8	131,38	 69,33	   8,5	  20,1	  24,1	  23,9	  25,3	  27,9	  27,1	   0,2
s	    95,4538	 8	165,52	 97,40	   9,3	  21,2	  26,4	  27,1	  28,5	  29,4	  28,1	   2,0
s	    96,0683	 4	145,84	 90,43	  13,2	  23,7	  27,9	  28,7	  30,1	  30,1	  28,4	   2,3
s	    96,3090	 5	145,90	 94,37	  13,0	  23,7	  27,8	  28,6	  29,9	  30,0	  28,3	   2,1
s	    96,3922	 5	145,78	 86,18	  11,9	  22,8	  26,9	  27,5	  28,8	  29,6	  28,3	   2,1
s	    97,0235	 8	116,63	115,96	   9,9	  20,8	  24,5	  24,3	  25,7	  28,6	  26,9	  -0,1
s	    97,2301	 6	145,72	 82,28	  11,4	  22,4	  26,6	  27,1	  28,4	  29,2	  27,9	   1,6
s	    97,2713	 8	116,20	 65,61	  10,4	  21,4	  25,2	  25,0	  26,5	  29,4	  27,6	   1,3
s	    97,9626	 5	188,14	 89,70	  12,1	  22,8	  27,0	  27,8	  29,1	  29,1	  27,1	  -0,0
s	    98,0935	 6	188,19	 92,63	   9,9	  21,3	  26,5	  27,5	  28,9	  29,0	  27,0	  -0,1
s	    98,2811	 6	188,06	 85,53	  11,6	  22,2	  26,2	  26,7	  28,1	  29,1	  26,9	  -0,2
s	    98,3730	 4	355,04	 89,76	  13,0	  23,1	  27,2	  28,0	  29,4	  29,3	  27,2	   0,0
s	    98,4524	 7	146,03	102,41	  11,1	  22,3	  26,4	  26,9	  28,2	  29,1	  27,6	   1,2
s	    98,4982	 4	306,01	 80,96	  11,2	  21,9	  26,7	  27,5	  29,0	  30,2	  27,9	   1,5
s	    98,6088	 5	354,97	 93,63	  12,8	  23,0	  27,1	  27,9	  29,2	  29,3	  27,0	  -0,1
s	    98,6903	 5	355,11	 85,60	  11,7	  22,1	  26,2	  26,8	  28,1	  28,8	  27,0	  -0,2
s	    98,6971	 7	145,66	 78,17	   9,5	  20,6	  24,8	  24,9	  26,2	  27,9	  26,8	  -0,4
s	    99,1049	 7	187,99	 81,70	  11,3	  22,1	  26,1	  26,6	  27,9	  28,9	  26,7	  -0,5
s	    99,3890	 8	101,62	111,03	  10,5	  21,6	  25,7	  25,8	  27,2	  29,0	  27,4	   0,9
s	    99,3949	 8	 54,50	 98,68	   9,0	  20,6	  25,7	  26,3	  27,7	  28,8	  26,6	  -0,6
s	    99,4302	 6	354,89	 97,75	  11,5	  22,0	  26,1	  26,6	  27,9	  28,7	  26,8	  -0,4
s	    99,5111	 6	355,18	 81,78	  11,5	  22,0	  26,1	  26,6	  27,9	  28,7	  26,8	  -0,4
s	    99,7069	 5	305,80	100,87	  10,9	  21,7	  26,6	  27,3	  28,8	  30,0	  27,7	   1,2
s	    99,7931	 8	101,47	 70,44	   9,7	  20,4	  24,2	  24,0	  25,4	  28,1	  26,5	  -0,7
s	   100,3071	 8	188,35	101,49	  11,0	  22,0	  26,0	  26,4	  27,7	  28,8	  26,5	  -0,8
s	   100,4041	 8	146,09	106,42	   9,2	  20,5	  24,6	  24,7	  26,0	  27,7	  26,5	  -0,8
s	   100,7091	 7	354,83	101,51	  11,1	  21,9	  26,0	  26,4	  27,7	  28,6	  26,6	  -0,8
s	   100,9490	 7	355,26	 77,75	  10,1	  20,9	  25,0	  25,2	  26,6	  28,1	  26,5	  -0,8
s	   101,8960	 8	150,80	 98,17	   7,3	  19,5	  24,9	  25,7	  27,0	  27,7	  26,3	  -1,1
s	   102,6229	 8	354,75	105,44	   9,8	  20,6	  24,6	  24,8	  26,1	  27,7	  26,2	  -1,3
s	   102,7803	 8	355,33	 74,11	  10,3	  21,3	  25,4	  25,5	  26,8	  28,5	  27,0	   0,2
s	   102,8494	 4	 90,44	 90,89	  12,7	  23,2	  27,4	  28,2	  29,5	  29,5	  27,7	   0,9
s	   103,0762	 5	 90,44	 94,60	  12,4	  23,2	  27,3	  28,1	  29,4	  29,4	  27,5	   0,7
s	   103,1546	 5	 90,44	 86,89	  12,2	  22,6	  26,7	  27,2	  28,5	  29,4	  27,5	   0,7
s	   103,5942	 5	245,92	 88,92	  11,7	  22,2	  26,5	  27,3	  28,6	  28,4	  26,5	  -1,1
s	   103,6363	 6	 90,44	 97,67	   9,2	  20,6	  25,9	  26,7	  28,0	  28,8	  27,4	   0,5
s	   103,8078	 4	 26,22	 90,31	  13,4	  23,4	  27,5	  28,4	  29,7	  29,6	  27,6	   0,7
s	   103,8195	 6	245,94	 92,61	  11,4	  22,2	  26,4	  27,2	  28,5	  28,4	  26,3	  -1,3
s	   103,8409	 5	319,58	 81,50	  10,6	  21,3	  26,2	  27,0	  28,4	  29,4	  27,2	   0,4
s	   103,8974	 6	245,89	 84,94	  10,4	  21,3	  25,5	  26,0	  27,3	  27,9	  26,3	  -1,3
s	   103,9443	 6	 90,44	 83,21	  11,9	  22,5	  26,6	  27,0	  28,4	  29,3	  27,3	   0,5
s	   104,0327	 5	 26,16	 94,00	  13,1	  23,4	  27,5	  28,3	  29,6	  29,5	  27,4	   0,6
s	   104,1104	 5	 26,28	 86,35	  12,1	  22,4	  26,5	  27,1	  28,4	  29,1	  27,4	   0,5
s	   104,6048	 7	245,97	 96,55	  10,1	  21,2	  25,4	  25,9	  27,2	  27,8	  26,1	  -1,6
s	   104,6822	 7	245,86	 81,29	  10,1	  21,2	  25,4	  25,9	  27,2	  27,8	  26,1	  -1,6
s	   104,7508	 7	 90,44	101,31	   8,6	  20,3	  25,5	  26,3	  27,6	  28,4	  26,9	  -0,0
s	   104,8165	 6	 26,09	 97,93	  11,8	  22,3	  26,5	  26,9	  28,3	  29,0	  27,2	   0,3
s	   104,8938	 6	 26,34	 82,70	  11,8	  22,3	  26,4	  26,9	  28,2	  29,0	  27,2	   0,3
s	   104,9952	 6	319,31	100,50	  10,3	  21,1	  26,1	  26,8	  28,2	  29,3	  27,0	   0,0
s	   105,3286	 7	 90,44	 79,32	   9,0	  20,1	  24,2	  24,4	  25,7	  27,3	  26,0	  -1,7
s	   105,8284	 8	246,00	100,15	   9,8	  21,0	  25,3	  25,7	  27,0	  27,7	  25,9	  -1,9
s	   106,0379	 7	 26,03	101,53	  11,5	  22,2	  26,3	  26,8	  28,1	  28,9	  27,0	  -0,1
s	   106,0580	 8	245,83	 77,42	   8,8	  20,1	  24,3	  24,5	  25,8	  27,3	  25,9	  -2,0
s	   106,2672	 7	 26,40	 78,84	  10,5	  21,3	  25,4	  25,6	  26,9	  28,4	  27,0	  -0,1
s	   107,0294	 6	279,12	 81,36	   9,4	  20,6	  25,7	  26,4	  27,8	  28,7	  26,8	  -0,4
s	   107,0936	 8	 90,44	 75,80	   9,9	  21,1	  25,1	  25,2	  26,6	  28,3	  26,5	  -0,6
s	   107,8057	 2	305,53	 89,02	  14,0	  23,7	  27,5	  28,2	  29,7	  30,0	  26,3	  -1,6
s	   107,8680	 8	 25,97	105,30	  10,1	  21,1	  25,2	  25,4	  26,7	  28,3	  26,7	  -0,5
s	   108,0185	 8	 26,46	 75,35	  10,1	  21,1	  25,2	  25,4	  26,7	  28,3	  26,7	  -0,6
s	   108,0232	 3	305,50	 92,59	  13,3	  23,4	  27,4	  28,1	  29,5	  29,8	  27,2	  -0,0
s	   108,0984	 3	305,57	 85,19	  12,8	  22,7	  26,5	  27,0	  28,4	  29,5	  26,2	  -1,8
s	   108,1535	 7	279,07	 99,86	   9,1	  20,5	  25,6	  26,2	  27,6	  28,6	  26,5	  -0,7
s	   108,6267	 4	305,60	 82,52	   9,7	  20,7	  25,7	  26,5	  27,9	  28,9	  26,8	  -0,5
s	   108,7815	 4	305,46	 96,40	  12,5	  22,6	  26,4	  26,8	  28,3	  29,4	  26,0	  -2,1
s	   110,1858	 5	305,65	 77,92	  10,6	  20,8	  24,6	  24,7	  26,1	  28,0	  25,7	  -2,4
s	   111,3652	 5	 52,05	 90,68	  11,8	  22,4	  26,7	  27,5	  28,7	  28,5	  26,6	  -0,9
s	   111,4820	 6	 52,02	 93,29	   9,6	  20,9	  26,2	  27,3	  28,6	  28,4	  26,5	  -1,0
s	   111,7366	 6	305,38	103,54	  10,3	  20,7	  24,4	  24,5	  25,9	  27,9	  25,5	  -2,9
s	   111,8826	 6	305,69	 74,53	  10,0	  20,9	  24,9	  25,0	  26,4	  28,2	  26,2	  -1,3
s	   112,7559	 3	318,00	 89,18	  13,5	  23,1	  27,0	  27,8	  29,2	  29,3	  25,7	  -2,7
s	   112,9650	 4	317,95	 92,60	  12,7	  22,9	  26,9	  27,7	  29,0	  29,1	  26,6	  -1,1
s	   113,0373	 4	318,05	 85,49	  12,2	  22,2	  26,0	  26,5	  27,9	  28,8	  25,6	  -2,9
s	   113,0930	 5	216,21	 89,26	  11,7	  22,3	  26,6	  27,4	  28,6	  28,4	  26,5	  -1,2
s	   113,3015	 6	216,26	 92,68	  11,5	  22,3	  26,5	  27,3	  28,5	  28,3	  26,3	  -1,4
s	   113,3735	 6	216,15	 85,58	  10,5	  21,3	  25,6	  26,1	  27,3	  27,9	  26,3	  -1,4
s	   113,5450	 5	318,08	 82,93	   9,2	  20,2	  25,3	  26,0	  27,4	  28,2	  26,2	  -1,5
s	   113,6939	 5	317,90	 96,27	  11,9	  22,1	  25,9	  26,4	  27,8	  28,8	  25,4	  -3,1
s	   113,8283	 7	305,34	106,84	  10,4	  21,2	  25,0	  25,0	  26,5	  28,5	  25,9	  -1,8
s	   114,0285	 7	216,31	 96,33	  10,2	  21,2	  25,5	  26,0	  27,2	  27,8	  26,1	  -1,6
s	   114,1002	 7	216,10	 82,20	  10,2	  21,2	  25,5	  26,0	  27,2	  27,8	  26,1	  -1,6
s	   114,1868	 7	305,73	 70,99	   8,1	  19,1	  23,0	  22,8	  24,2	  26,8	  25,1	  -3,4
s	   115,0446	 6	318,14	 78,49	  10,1	  20,3	  24,1	  24,3	  25,6	  27,4	  25,1	  -3,5
s	   115,1626	 8	216,36	 99,67	   9,9	  21,1	  25,4	  25,8	  27,0	  27,7	  25,9	  -2,0
s	   115,2027	 7	 51,65	 83,67	  10,9	  21,7	  25,7	  26,1	  27,4	  28,4	  26,0	  -1,9
s	   115,3757	 8	216,05	 78,60	   8,8	  20,2	  24,4	  24,6	  25,9	  27,3	  25,9	  -2,0
s	   115,4404	 8	 76,11	101,26	   7,9	  19,3	  24,5	  25,1	  26,5	  27,2	  24,9	  -3,8
s	   115,7251	 4	280,86	 88,86	  11,8	  22,3	  26,5	  27,3	  28,6	  28,5	  26,3	  -1,6
s	   115,8771	 8	305,31	109,49	   5,8	  17,5	  22,4	  22,5	  23,9	  26,5	  24,8	  -3,9
s	   115,9294	 5	280,85	 92,21	  11,5	  22,3	  26,4	  27,2	  28,5	  28,4	  26,2	  -1,8
s	   115,9482	 7	293,39	 81,70	   8,1	  20,0	  25,4	  26,4	  27,7	  27,6	  25,7	  -2,2
s	   116,4963	 6	280,89	 82,75	   8,0	  19,5	  24,8	  25,5	  26,8	  27,6	  25,8	  -2,2
s	   116,5376	 7	317,81	103,15	   9,7	  20,2	  24,0	  24,1	  25,4	  27,2	  24,9	  -3,9
s	   116,7471	 8	305,77	 67,83	   9,0	  20,0	  23,8	  23,6	  25,0	  27,8	  25,5	  -2,5
s	   116,9230	 8	293,27	 99,20	   7,7	  19,5	  24,6	  25,3	  26,6	  27,5	  25,4	  -2,6
s	   117,0915	 5	279,63	 85,28	  10,4	  21,4	  25,4	  25,9	  27,3	  28,1	  26,0	  -2,0
s	   117,3239	 6	 51,16	 87,11	  10,9	  21,7	  25,7	  26,1	  27,4	  28,5	  25,9	  -2,1
s	   117,7279	 6	279,60	 95,73	  10,2	  21,3	  25,4	  25,8	  27,1	  28,0	  25,9	  -2,2
s	   118,5534	 8	317,76	106,33	   9,9	  20,7	  24,6	  24,6	  26,0	  27,8	  25,3	  -2,8
s	   118,8304	 8	279,59	 98,98	   7,9	  19,2	  23,3	  23,4	  24,6	  26,2	  24,5	  -4,4
s	   118,8992	 8	318,24	 71,81	   7,6	  18,6	  22,6	  22,4	  23,8	  26,2	  24,5	  -4,5
s	   119,4226	 8	280,82	102,52	   7,8	  19,1	  23,2	  23,3	  24,6	  26,1	  24,5	  -4,6
s	   120,6226	 8	279,66	 75,32	   8,3	  19,9	  23,9	  24,0	  25,4	  27,1	  25,1	  -3,2
s	   121,2925	 4	329,18	 89,35	  11,4	  21,9	  26,1	  26,9	  28,2	  28,0	  25,7	  -2,7
s	   121,4883	 5	329,13	 92,56	  11,2	  21,9	  26,0	  26,8	  28,1	  28,0	  25,6	  -2,8
s	   121,5560	 5	329,23	 85,89	  10,1	  21,0	  25,1	  25,6	  26,9	  27,6	  25,6	  -2,8
s	   122,0951	 5	129,05	 90,68	   9,6	  21,2	  25,5	  26,3	  27,5	  27,3	  25,5	  -2,9
s	   122,1716	 6	329,07	 95,99	   9,9	  20,9	  25,0	  25,5	  26,8	  27,5	  25,4	  -3,1
s	   122,2390	 6	329,28	 82,71	   9,9	  20,9	  25,0	  25,5	  26,8	  27,5	  25,4	  -3,1
s	   122,2898	 6	129,08	 93,87	   9,4	  21,1	  25,4	  26,2	  27,4	  27,3	  25,4	  -3,1
s	   122,3572	 6	129,01	 87,24	   8,4	  20,2	  24,5	  25,0	  26,3	  26,9	  25,4	  -3,1
s	   122,7889	 6	342,80	 89,57	   9,4	  20,5	  24,8	  25,7	  26,8	  26,5	  24,3	  -5,0
s	   122,9691	 7	129,12	 97,28	   8,1	  20,1	  24,4	  24,9	  26,1	  26,8	  25,2	  -3,3
s	   122,9826	 7	342,75	 92,75	   9,1	  20,4	  24,8	  25,6	  26,7	  26,4	  24,2	  -5,1
s	   122,9909	 6	192,58	 89,65	  10,1	  21,3	  25,6	  26,4	  27,6	  27,4	  25,3	  -3,2
s	   123,0496	 7	342,86	 86,16	   8,1	  19,5	  23,9	  24,4	  25,6	  26,0	  24,2	  -5,1
s	   123,1055	 7	128,97	 83,83	   9,1	  20,9	  25,3	  26,1	  27,2	  26,9	  25,2	  -3,4
s	   123,2383	 7	329,02	 99,14	   9,3	  20,5	  24,7	  25,1	  26,4	  27,1	  25,0	  -3,6
s	   123,2721	 6	 78,39	 87,47	   9,8	  20,5	  24,5	  24,9	  26,2	  27,1	  24,3	  -5,1
s	   123,4388	 7	329,33	 79,33	   7,8	  18,9	  23,0	  23,1	  24,4	  25,9	  24,2	  -5,2
s	   123,6584	 8	342,69	 96,14	   7,8	  19,4	  23,8	  24,3	  25,4	  25,9	  24,0	  -5,4
s	   123,7251	 8	342,92	 83,01	   7,8	  19,4	  23,8	  24,3	  25,4	  25,9	  24,0	  -5,4
s	   124,0297	 8	129,16	100,41	   7,6	  19,7	  24,1	  24,5	  25,7	  26,4	  24,8	  -3,9
s	   124,3323	 8	128,93	 80,47	   7,1	  18,9	  23,3	  23,7	  24,9	  25,4	  24,0	  -5,5
s	   124,9736	 8	329,38	 76,25	   8,0	  19,4	  23,6	  23,8	  25,0	  26,5	  24,7	  -4,1
s	   125,1316	 8	 78,42	 80,98	   8,4	  19,3	  23,3	  23,5	  24,7	  26,3	  23,8	  -5,7
s	   126,1164	 7	192,92	 86,31	   9,4	  20,7	  24,8	  25,2	  26,5	  27,4	  24,9	  -3,9
s	   126,7120	 8	193,09	 96,08	   8,4	  20,2	  24,4	  24,8	  26,1	  26,9	  24,8	  -4,1
s	   127,3766	 5	270,62	 88,85	  10,0	  21,1	  25,4	  26,2	  27,4	  27,1	  25,0	  -3,9
s	   127,3794	 6	166,30	 90,13	  10,0	  20,6	  24,8	  25,6	  26,7	  26,4	  23,8	  -5,9
s	   127,5641	 6	270,62	 91,92	   9,8	  21,0	  25,3	  26,1	  27,3	  27,1	  24,9	  -4,1
s	   127,5668	 7	166,35	 93,20	   9,8	  20,5	  24,7	  25,5	  26,6	  26,3	  23,7	  -6,0
s	   127,6289	 6	270,62	 85,55	   8,8	  20,1	  24,4	  24,9	  26,1	  26,7	  24,9	  -4,1
s	   127,9872	 8	332,09	 83,03	   6,3	  18,5	  23,9	  24,6	  25,9	  26,4	  24,6	  -4,4
s	   128,0302	 8	166,39	 95,74	   5,6	  17,6	  23,1	  23,8	  25,1	  25,5	  23,6	  -6,2
s	   128,2180	 7	270,62	 95,21	   8,5	  20,0	  24,3	  24,8	  26,0	  26,6	  24,7	  -4,3
s	   129,2397	 8	270,62	 98,23	   8,0	  19,7	  24,0	  24,4	  25,6	  26,2	  24,3	  -4,8
s	   129,5313	 8	270,62	 79,02	   7,5	  19,0	  23,4	  23,9	  25,1	  25,5	  23,5	  -6,5
s	   130,0391	 7	340,70	 83,26	   7,2	  18,4	  23,6	  24,3	  25,6	  26,2	  23,5	  -6,4
s	   130,9846	 8	340,44	 98,80	   6,9	  18,3	  23,4	  24,1	  25,4	  26,1	  23,3	  -6,7
s	   131,0960	 5	 27,19	 90,36	  10,6	  20,7	  24,9	  25,7	  26,9	  26,5	  23,6	  -6,4
s	   131,2786	 6	 27,15	 93,35	  10,3	  20,6	  24,8	  25,6	  26,8	  26,4	  23,5	  -6,6
s	   131,3418	 6	 27,25	 87,13	   9,3	  19,7	  23,9	  24,4	  25,6	  26,0	  23,5	  -6,6
s	   131,9159	 7	 27,10	 96,55	   9,0	  19,6	  23,8	  24,3	  25,5	  25,9	  23,3	  -6,8
s	   131,9788	 7	 27,29	 84,16	   9,0	  19,6	  23,8	  24,3	  25,5	  25,9	  23,3	  -6,8
s	   132,3043	 6	118,01	 99,23	   5,8	  17,5	  23,6	  24,6	  26,0	  26,9	  24,2	  -5,2
s	   132,9119	 8	 27,05	 99,50	   8,8	  19,5	  23,7	  24,1	  25,3	  25,8	  23,1	  -7,1
s	   133,0991	 8	 27,35	 81,00	   7,7	  18,6	  22,8	  23,0	  24,2	  25,4	  23,1	  -7,1
s	   134,8293	 7	245,19	 88,95	   8,4	  20,0	  24,5	  25,3	  26,4	  25,9	  24,1	  -5,5
s	   135,0073	 8	245,21	 91,87	   8,2	  20,0	  24,5	  25,2	  26,3	  25,8	  24,0	  -5,7
s	   135,0689	 8	245,16	 85,81	   7,1	  19,0	  23,5	  24,1	  25,2	  25,4	  24,0	  -5,7
s	   135,8672	 8	118,07	105,91	   6,1	  17,8	  22,8	  23,2	  24,6	  26,3	  23,6	  -6,1
s	   136,0672	 8	259,42	 82,85	   5,8	  17,5	  22,9	  23,6	  24,8	  25,3	  22,8	  -7,7
s	   136,4494	 7	107,40	 99,08	   5,3	  17,1	  23,3	  24,3	  25,6	  26,4	  23,7	  -6,1
s	   137,4171	 5	338,08	 89,51	  10,2	  20,4	  24,5	  25,3	  26,5	  26,3	  23,0	  -7,6
s	   137,5811	 8	139,21	 99,42	   6,3	  18,1	  23,3	  24,0	  25,3	  25,9	  23,5	  -6,4
s	   137,5921	 6	338,04	 92,37	   9,2	  20,0	  24,2	  25,0	  26,2	  25,8	  22,9	  -7,7
s	   138,0781	 7	338,17	 84,27	   5,9	  17,5	  22,8	  23,6	  24,8	  25,2	  22,8	  -7,9
s	   140,0220	 7	338,89	 95,39	   9,1	  19,9	  23,9	  24,3	  25,6	  26,4	  23,4	  -6,7
s	   140,1939	 6	 48,06	 90,66	   9,1	  19,8	  24,1	  24,8	  26,0	  25,6	  22,7	  -8,2
s	   140,2889	 7	 48,03	 92,78	   6,8	  18,3	  23,6	  24,6	  25,8	  25,5	  22,5	  -8,3
s	   140,3930	 6	215,35	 89,30	   9,1	  19,7	  24,0	  24,8	  26,0	  25,4	  22,6	  -8,2
s	   140,5646	 7	215,39	 92,11	   8,8	  19,6	  24,0	  24,7	  25,9	  25,4	  22,5	  -8,4
s	   140,6240	 7	215,31	 86,27	   7,8	  18,7	  23,0	  23,5	  24,7	  24,9	  22,5	  -8,4
s	   141,2229	 8	215,27	 83,47	   7,5	  18,6	  22,9	  23,4	  24,6	  24,9	  22,4	  -8,6
s	   141,2337	 3	118,18	 90,80	  10,9	  21,1	  25,0	  25,8	  27,1	  27,1	  22,9	  -8,0
s	   141,4043	 4	118,20	 93,60	  10,2	  20,9	  24,9	  25,7	  26,9	  26,9	  23,8	  -6,4
s	   141,4634	 4	118,15	 87,79	  10,4	  20,5	  24,3	  24,7	  26,1	  27,0	  22,8	  -8,2
s	   141,8784	 5	118,13	 85,69	   7,7	  18,8	  23,8	  24,5	  25,9	  26,7	  23,6	  -6,6
s	   142,0002	 5	118,23	 96,59	   9,4	  20,0	  23,9	  24,4	  25,7	  26,5	  22,6	  -8,4
s	   142,4281	 6	118,24	 98,00	   4,4	  16,5	  22,8	  23,8	  25,1	  25,8	  23,3	  -7,0
s	   142,6333	 6	  6,24	 90,01	   9,9	  20,0	  24,1	  24,9	  26,0	  25,5	  22,4	  -8,7
s	   142,8024	 7	  6,19	 92,78	   9,6	  19,9	  24,1	  24,8	  25,9	  25,5	  22,2	  -8,8
s	   142,8609	 7	  6,30	 87,02	   7,7	  18,6	  22,9	  23,4	  24,6	  24,8	  22,3	  -8,8
s	   143,1074	 6	118,10	 82,04	   7,6	  18,3	  22,2	  22,3	  23,6	  25,2	  22,4	  -8,7
s	   143,1620	 6	262,00	 88,87	   8,9	  19,7	  23,9	  24,6	  25,8	  25,5	  22,4	  -8,7
s	   143,3254	 7	 47,78	 87,68	   7,6	  18,8	  23,0	  23,4	  24,6	  25,2	  22,3	  -8,9
s	   143,3306	 7	262,01	 91,64	   7,9	  19,2	  23,6	  24,3	  25,5	  25,0	  22,3	  -8,9
s	   143,3930	 8	  6,14	 95,75	   8,3	  18,9	  23,0	  23,5	  24,6	  25,0	  22,1	  -9,1
s	   143,4339	 7	195,10	 89,63	   7,9	  19,1	  23,5	  24,3	  25,4	  24,8	  22,3	  -8,9
s	   143,4513	 8	  6,35	 84,26	   7,4	  18,5	  22,8	  23,3	  24,4	  24,7	  22,1	  -9,0
s	   143,5269	 8	195,13	 91,71	   5,7	  17,5	  23,1	  24,1	  25,2	  24,6	  22,1	  -9,0
s	   143,7989	 8	261,99	 83,83	   4,7	  16,7	  22,2	  22,9	  24,1	  24,4	  22,1	  -9,1
s	   143,9787	 7	118,27	101,61	   5,3	  16,7	  21,7	  22,0	  23,4	  25,0	  22,2	  -9,0
s	   145,1394	 7	172,41	 90,03	   7,8	  19,4	  23,9	  24,7	  25,8	  25,2	  23,1	  -7,4
s	   145,1460	 4	108,27	 90,87	  10,5	  20,7	  24,7	  25,4	  26,7	  26,6	  22,4	  -8,9
s	   145,3059	 8	172,46	 92,76	   7,6	  19,4	  23,9	  24,6	  25,7	  25,1	  23,0	  -7,5
s	   145,3125	 5	108,29	 93,60	   9,8	  20,5	  24,6	  25,4	  26,6	  26,3	  23,3	  -7,2
s	   145,3263	 7	261,15	 85,94	   8,0	  19,2	  23,4	  23,8	  25,0	  25,6	  22,9	  -7,7
s	   145,3700	 5	108,25	 87,93	  10,0	  20,1	  24,0	  24,4	  25,7	  26,5	  22,3	  -9,0
s	   145,7584	 7	195,99	 89,61	   7,8	  18,9	  23,4	  24,2	  25,3	  24,6	  22,0	  -9,3
s	   145,7750	 6	108,24	 85,89	   7,2	  18,4	  23,5	  24,2	  25,5	  26,1	  23,2	  -7,4
s	   145,8439	 5	137,95	 90,58	   9,5	  20,2	  24,3	  25,1	  26,3	  26,1	  22,3	  -9,1
s	   145,8501	 8	196,03	 91,66	   5,6	  17,4	  22,9	  24,0	  25,1	  24,4	  21,9	  -9,4
s	   145,8501	 8	261,17	 94,53	   7,8	  19,1	  23,3	  23,7	  24,9	  25,5	  22,7	  -7,9
s	   145,8938	 6	108,30	 96,53	   9,0	  19,6	  23,6	  24,1	  25,3	  26,0	  22,1	  -9,2
s	   146,0097	 6	137,98	 93,30	   8,7	  20,0	  24,3	  25,0	  26,2	  25,8	  23,2	  -7,5
s	   146,0670	 6	137,91	 87,66	   8,2	  19,2	  23,4	  23,8	  25,1	  25,6	  22,1	  -9,2
s	   146,1201	 8	347,38	 84,02	   6,0	  17,7	  23,0	  23,8	  25,0	  25,4	  22,9	  -7,7
s	   146,2876	 8	118,05	 76,47	   6,0	  17,1	  21,0	  20,8	  22,1	  24,5	  21,9	  -9,5
s	   146,3113	 7	108,31	 97,90	   4,0	  16,2	  22,5	  23,5	  24,8	  25,3	  22,8	  -7,9
s	   146,4702	 7	137,88	 85,62	   5,5	  17,5	  22,8	  23,6	  24,8	  25,2	  23,0	  -7,6
s	   146,5885	 7	138,02	 96,21	   8,0	  19,1	  23,3	  23,7	  24,9	  25,5	  22,0	  -9,5
s	   146,9741	 7	108,22	 82,33	   7,2	  17,9	  21,9	  22,0	  23,2	  24,7	  21,9	  -9,5
s	   147,6642	 8	137,83	 82,08	   5,4	  17,0	  21,3	  21,4	  22,6	  23,8	  21,8	  -9,8
s	   147,7257	 8	173,03	 87,13	   7,2	  18,9	  23,1	  23,6	  24,7	  25,2	  22,8	  -8,0
s	   147,8246	 8	108,33	101,42	   4,9	  16,3	  21,4	  21,7	  23,0	  24,5	  21,8	  -9,8
s	   149,4760	 8	195,65	 86,76	   6,3	  18,0	  22,3	  22,7	  23,9	  24,4	  21,6	 -10,1
s	   149,6159	 8	 86,52	 88,06	   7,8	  18,7	  22,8	  23,2	  24,4	  24,9	  21,6	 -10,1
s	   150,1684	 8	 75,76	 90,90	   7,4	  18,6	  22,9	  22,3	  22,4	  22,1	  19,4	 -11,5
s	   151,5681	 6	334,51	 89,46	   7,7	  18,8	  23,2	  23,9	  25,1	  24,5	  21,6	 -10,2
s	   151,7281	 7	334,47	 92,08	   7,5	  18,7	  23,1	  23,9	  25,0	  24,4	  21,5	 -10,4
s	   151,7834	 7	334,56	 86,63	   6,4	  17,8	  22,2	  22,7	  23,8	  24,0	  21,5	 -10,4
s	   152,2869	 8	334,42	 94,89	   6,2	  17,7	  22,1	  22,6	  23,7	  24,0	  21,4	 -10,6
s	   152,3421	 8	334,60	 84,02	   6,2	  17,7	  22,1	  22,6	  23,7	  23,9	  21,3	 -10,6
s	   153,2584	 4	304,39	 91,65	   8,3	  19,1	  24,1	  25,1	  26,5	  26,4	  22,7	  -8,5
s	   153,2872	 5	 99,28	 90,92	   8,6	  19,6	  23,9	  24,7	  25,9	  25,4	  22,6	  -8,6
s	   153,4456	 6	 99,29	 93,51	   8,4	  19,6	  23,8	  24,6	  25,8	  25,4	  22,5	  -8,8
s	   153,5004	 6	 99,27	 88,12	   8,1	  19,1	  23,2	  23,7	  24,9	  25,3	  22,5	  -8,8
s	   153,9987	 7	 99,30	 96,30	   7,1	  18,6	  22,9	  23,3	  24,5	  24,9	  22,3	  -9,0
s	   154,0533	 7	 99,27	 85,54	   7,8	  19,0	  23,1	  23,5	  24,8	  25,3	  22,3	  -9,0
s	   154,7973	 6	345,41	 89,64	  10,0	  20,2	  24,2	  25,0	  26,1	  25,7	  22,3	  -9,1
s	   154,8418	 6	304,50	 80,91	   5,7	  17,1	  22,1	  22,5	  23,9	  25,4	  22,4	  -9,0
s	   154,9543	 7	345,36	 92,21	   9,0	  19,7	  23,9	  24,7	  25,7	  25,3	  22,2	  -9,2
s	   155,0272	 8	 99,26	 82,78	   5,8	  17,1	  21,1	  21,2	  22,4	  23,7	  21,1	 -11,1
s	   155,3904	 8	345,49	 84,94	   4,8	  16,8	  22,3	  23,0	  24,2	  24,4	  22,1	  -9,3
s	   155,4339	 6	146,68	 90,47	   7,5	  19,1	  23,5	  24,3	  25,4	  24,8	  22,3	  -9,1
s	   155,5903	 7	146,72	 93,03	   7,3	  19,0	  23,4	  24,2	  25,3	  24,8	  22,2	  -9,3
s	   155,6444	 7	146,64	 87,71	   6,2	  18,1	  22,5	  23,0	  24,1	  24,3	  22,2	  -9,3
s	   155,8045	 6	145,54	 90,48	   7,5	  19,0	  23,5	  24,2	  25,4	  24,8	  22,3	  -9,2
s	   155,9605	 7	145,58	 93,04	   7,3	  19,0	  23,4	  24,1	  25,3	  24,7	  22,2	  -9,3
s	   156,0145	 7	145,50	 87,73	   6,2	  18,1	  22,5	  23,0	  24,1	  24,3	  22,2	  -9,3
s	   156,1364	 8	146,76	 95,78	   6,0	  18,0	  22,4	  22,9	  24,0	  24,3	  22,0	  -9,5
s	   156,1904	 8	146,60	 85,16	   6,0	  18,0	  22,4	  22,9	  24,0	  24,3	  22,0	  -9,5
s	   156,5054	 8	145,62	 95,78	   6,0	  18,0	  22,4	  22,9	  24,0	  24,2	  22,0	  -9,5
s	   156,5592	 8	145,46	 85,19	   6,0	  18,0	  22,4	  22,9	  24,0	  24,2	  22,0	  -9,5
s	   157,1241	 7	346,19	 86,92	   7,7	  18,8	  23,0	  23,4	  24,6	  25,1	  22,1	  -9,5
s	   157,6119	 8	346,05	 94,92	   8,3	  19,2	  23,1	  23,5	  24,7	  25,3	  21,8	  -9,8
s	   157,8318	 6	 27,85	 90,38	   8,9	  19,5	  23,8	  24,6	  25,7	  25,0	  22,1	  -9,6
s	   157,9860	 7	 27,81	 92,91	   8,6	  19,4	  23,8	  24,5	  25,6	  25,0	  22,0	  -9,7
s	   158,0393	 7	 27,89	 87,66	   7,6	  18,5	  22,8	  23,3	  24,4	  24,6	  22,0	  -9,7
s	   158,5245	 8	 27,77	 95,62	   7,4	  18,4	  22,8	  23,2	  24,3	  24,5	  21,8	  -9,9
s	   158,5777	 8	 27,93	 85,15	   7,4	  18,4	  22,8	  23,2	  24,3	  24,5	  21,8	  -9,9
s	   161,7378	 8	 65,85	 88,18	   6,5	  17,5	  21,8	  22,3	  23,4	  23,6	  20,5	 -12,2
s	   162,9759	 7	 64,83	 90,84	   7,6	  18,4	  22,8	  23,5	  24,6	  23,9	  20,5	 -12,3
s	   163,1256	 8	 64,81	 93,29	   7,4	  18,4	  22,7	  23,4	  24,5	  23,9	  20,4	 -12,5
s	   163,2032	 6	 90,68	 90,94	   8,4	  19,1	  23,3	  24,1	  25,2	  24,7	  21,4	 -10,7
s	   163,3528	 7	 90,68	 93,39	   8,1	  19,1	  23,3	  24,0	  25,1	  24,7	  21,3	 -10,9
s	   163,5720	 3	304,23	 89,05	   9,3	  19,7	  23,8	  24,6	  25,8	  25,5	  22,0	 -10,2
s	   163,7728	 4	304,26	 86,42	   8,0	  18,8	  22,8	  23,3	  24,5	  25,0	  21,8	 -10,4
s	   163,7995	 8	254,52	 86,28	   6,4	  18,0	  22,3	  22,7	  23,9	  24,2	  21,4	 -10,8
s	   163,8756	 7	 16,01	 90,19	   7,6	  18,7	  23,2	  24,0	  25,0	  24,2	  21,5	 -10,7
s	   163,9266	 8	 90,68	 85,86	   7,6	  18,5	  22,6	  22,9	  24,1	  24,6	  21,1	 -11,1
s	   164,0245	 8	 15,97	 92,63	   7,4	  18,7	  23,1	  23,9	  24,9	  24,2	  21,4	 -10,9
s	   164,0760	 8	 16,06	 87,56	   6,3	  17,8	  22,2	  22,7	  23,8	  23,8	  21,4	 -10,9
s	   164,2424	 5	304,18	 94,12	   8,5	  19,1	  23,0	  23,4	  24,7	  25,4	  21,7	 -10,6
s	   164,2939	 5	304,29	 83,99	   8,5	  19,1	  23,0	  23,4	  24,7	  25,4	  21,7	 -10,6
s	   164,9698	 6	304,31	 81,98	   4,5	  16,2	  21,3	  21,8	  23,0	  24,4	  21,5	 -10,8
s	   165,0584	 6	304,16	 96,54	   8,2	  19,0	  22,9	  23,3	  24,6	  25,3	  21,5	 -10,8
s	   166,0305	 7	 45,61	 90,64	   7,5	  18,8	  23,1	  23,9	  25,0	  24,3	  21,3	 -11,1
s	   166,2896	 7	304,13	 99,12	   5,4	  16,7	  20,6	  20,7	  22,0	  23,3	  20,3	 -12,9
s	   166,3913	 7	304,34	 79,00	   6,7	  17,8	  21,6	  21,7	  23,0	  24,5	  21,0	 -11,4
s	   167,0015	 4	312,94	 89,15	   8,9	  19,4	  23,5	  24,3	  25,5	  25,0	  21,5	 -10,9
s	   167,1354	 7	214,77	 89,32	   7,4	  18,6	  23,0	  23,8	  24,9	  24,0	  21,2	 -11,3
s	   167,2462	 7	  9,85	 90,08	   7,4	  18,6	  23,0	  23,8	  24,8	  24,0	  21,2	 -11,3
s	   167,2817	 8	214,80	 91,72	   7,2	  18,5	  23,0	  23,7	  24,8	  24,0	  21,1	 -11,4
s	   167,3323	 8	214,73	 86,74	   6,2	  17,6	  22,0	  22,5	  23,6	  23,6	  21,1	 -11,4
s	   167,3924	 8	  9,81	 92,48	   7,2	  18,5	  23,0	  23,7	  24,8	  24,0	  21,1	 -11,4
s	   167,4429	 8	  9,90	 87,50	   6,2	  17,6	  22,0	  22,5	  23,6	  23,6	  21,1	 -11,4
s	   167,7097	 6	313,00	 84,18	   7,4	  18,3	  22,5	  22,9	  24,1	  24,5	  21,3	 -11,3
s	   167,9996	 7	277,96	 91,28	   5,4	  17,3	  22,7	  23,6	  24,8	  24,3	  21,1	 -11,4
s	   168,0059	 8	304,36	 76,47	   4,8	  16,0	  19,9	  19,6	  20,9	  23,2	  20,0	 -13,3
s	   168,3730	 7	313,02	 82,21	   4,1	  15,8	  21,1	  21,5	  22,7	  23,9	  21,1	 -11,5
s	   169,1635	 8	 45,41	 88,09	   6,8	  18,2	  22,3	  22,7	  23,9	  24,3	  20,9	 -11,7
s	   169,4620	 7	295,73	 91,35	   4,6	  16,9	  22,4	  23,3	  24,5	  24,1	  21,0	 -11,7
s	   169,6683	 8	312,81	 99,03	   5,0	  16,3	  20,4	  20,5	  21,7	  22,9	  19,9	 -13,6
s	   170,0614	 8	226,26	 89,17	   6,3	  18,0	  22,6	  23,3	  24,3	  23,4	  20,9	 -11,9
s	   171,4812	 8	164,44	 90,19	   6,3	  18,0	  22,5	  23,3	  24,3	  23,6	  20,7	 -12,1
s	   172,2220	 8	178,88	 89,93	   5,5	  17,3	  21,8	  22,5	  23,5	  22,8	  19,6	 -14,1
s	   173,9064	 8	287,32	 93,74	   4,4	  16,2	  21,4	  22,1	  23,3	  23,7	  19,5	 -14,3
s	   174,5410	 8	339,85	 91,86	   4,9	  16,8	  22,3	  23,2	  24,3	  23,7	  20,5	 -12,7
s	   174,7675	 6	126,91	 90,73	   6,3	  18,0	  22,3	  23,1	  24,2	  23,7	  19,7	 -14,3
s	   174,8473	 7	351,40	 89,76	   7,1	  17,9	  22,2	  22,9	  24,0	  23,3	  19,5	 -14,4
s	   174,9078	 7	126,93	 93,03	   5,6	  17,8	  22,2	  23,0	  24,0	  23,4	  20,6	 -12,6
s	   174,9563	 7	126,88	 88,26	   5,1	  17,0	  21,3	  21,8	  22,9	  23,2	  19,5	 -14,4
s	   174,9876	 8	351,36	 92,06	   6,1	  17,4	  21,9	  22,6	  23,6	  22,8	  19,4	 -14,5
s	   175,0799	 8	197,89	 89,60	   6,1	  17,9	  22,4	  23,1	  24,1	  23,3	  20,4	 -12,8
s	   175,3982	 8	126,96	 95,50	   4,8	  17,0	  21,3	  21,7	  22,8	  23,1	  19,4	 -14,6
s	   179,1190	 8	320,43	 91,51	   3,9	  16,3	  21,8	  22,8	  23,9	  23,2	  20,1	 -13,5
s	   182,3172	 8	 83,59	 88,55	   6,2	  17,6	  21,7	  22,1	  23,2	  23,6	  19,9	 -14,0
s	   182,7169	 7	337,99	 89,53	   6,0	  17,6	  22,1	  22,8	  23,9	  23,0	  19,9	 -14,0
s	   183,4587	 6	288,09	 88,94	   6,7	  17,9	  22,2	  22,9	  24,0	  23,4	  19,0	 -15,8
s	   183,5928	 7	288,08	 91,14	   5,9	  17,7	  22,1	  22,8	  23,9	  23,1	  19,9	 -14,1
s	   183,6393	 7	288,10	 86,57	   6,2	  17,3	  21,4	  21,8	  23,0	  23,3	  18,8	 -15,9
s	   184,1080	 8	288,11	 84,38	   4,7	  16,7	  21,1	  21,5	  22,6	  22,7	  19,7	 -14,3
s	   184,7166	 8	338,73	 87,19	   5,4	  17,1	  21,3	  21,7	  22,8	  23,0	  19,7	 -14,4
s	   185,1657	 7	 28,34	 90,40	   6,6	  17,3	  21,7	  22,4	  23,5	  22,5	  18,7	 -16,2
s	   185,2987	 8	 28,30	 92,58	   6,4	  17,2	  21,6	  22,3	  23,4	  22,4	  18,6	 -16,3
s	   185,8235	 7	103,03	 90,92	   5,1	  17,1	  21,7	  22,5	  23,5	  22,6	  19,7	 -14,5
s	   185,9560	 8	103,04	 93,09	   4,9	  17,1	  21,6	  22,4	  23,4	  22,6	  19,6	 -14,6
s	   186,0019	 8	103,02	 88,58	   5,3	  17,0	  21,3	  21,7	  22,8	  23,0	  19,6	 -14,6
s	   186,0549	 8	160,65	 90,26	   5,6	  17,4	  21,9	  22,6	  23,6	  22,7	  19,6	 -14,6
s	   186,8812	 8	 44,11	 90,63	   5,6	  16,7	  21,3	  22,0	  23,0	  21,9	  18,5	 -16,5
s	   188,6890	 8	118,98	 99,22	   0,2	  12,6	  18,7	  19,3	  20,6	  21,8	  18,3	 -16,9
s	   189,4469	 7	272,05	 88,89	   4,9	  16,5	  21,0	  21,8	  22,8	  21,9	  18,4	 -16,9
s	   189,6221	 8	272,05	 86,59	   3,7	  15,5	  20,0	  20,5	  21,5	  21,4	  18,2	 -17,0
s	   189,8864	 7	134,34	 92,79	   4,4	  16,3	  21,6	  22,6	  23,7	  23,1	  19,4	 -15,2
s	   191,3542	 8	355,17	 89,83	   5,4	  17,0	  21,6	  22,4	  23,3	  22,2	  19,1	 -15,5
s	   192,0060	 8	280,86	 88,91	   3,9	  16,4	  21,1	  21,9	  22,8	  21,8	  19,1	 -15,6
s	   194,4736	 8	214,33	 89,34	   5,2	  16,4	  20,9	  21,7	  22,7	  21,5	  17,9	 -17,8
s	   194,6730	 8	356,72	 89,86	   6,0	  17,3	  21,7	  22,4	  23,4	  22,5	  18,9	 -16,1
s	   195,2458	 8	296,45	 89,00	   3,0	  16,0	  20,7	  21,5	  22,5	  21,5	  18,8	 -16,2
s	   195,4048	 7	333,55	 89,46	   5,4	  17,0	  21,5	  22,3	  23,3	  22,3	  18,9	 -16,1
s	   195,5750	 8	333,58	 87,23	   4,2	  16,0	  20,5	  21,0	  22,0	  21,8	  18,8	 -16,2
s	   195,7159	 8	 12,90	 90,15	   6,1	  16,8	  21,1	  21,9	  22,8	  21,7	  17,7	 -18,1
s	   197,0338	 4	119,03	 90,82	   6,8	  17,8	  21,9	  22,7	  23,8	  23,2	  19,1	 -16,0
s	   197,2027	 5	119,01	 88,61	   7,0	  17,6	  21,5	  21,9	  23,1	  23,6	  19,0	 -16,2
s	   197,5981	 6	119,07	 95,09	   6,0	  17,1	  21,2	  21,6	  22,7	  23,1	  18,9	 -16,3
s	   197,6414	 6	119,00	 86,55	   6,0	  17,1	  21,2	  21,6	  22,7	  23,1	  18,9	 -16,3
s	   198,2857	 7	119,09	 97,13	   5,8	  17,1	  21,1	  21,4	  22,6	  23,0	  18,7	 -16,6
s	   198,4153	 7	118,98	 84,36	   4,7	  16,1	  20,2	  20,3	  21,4	  22,6	  18,7	 -16,6
s	   198,4830	 8	318,64	 91,29	   4,0	  15,9	  21,2	  22,1	  23,2	  22,5	  18,5	 -16,8
s	   198,8117	 8	119,10	 98,32	  -0,2	  12,7	  19,0	  19,7	  20,9	  21,9	  18,6	 -16,8
s	   199,4110	 8	118,96	 82,34	   5,0	  16,2	  20,1	  20,1	  21,4	  22,7	  18,3	 -17,1
s	   199,7676	 6	110,82	 88,70	   6,7	  17,3	  21,3	  21,7	  22,9	  23,2	  18,7	 -16,7
s	   199,9902	 6	133,68	 90,67	   5,5	  17,0	  21,4	  22,2	  23,2	  22,3	  18,7	 -16,7
s	   200,1568	 7	133,65	 88,48	   5,0	  16,4	  20,7	  21,1	  22,2	  22,3	  18,6	 -16,9
s	   200,1582	 7	110,86	 95,10	   5,7	  16,9	  21,0	  21,4	  22,5	  22,7	  18,6	 -16,9
s	   200,5467	 8	133,73	 94,87	   4,7	  16,4	  20,6	  21,0	  22,1	  22,2	  18,4	 -17,0
s	   200,5894	 8	133,63	 86,46	   4,0	  16,0	  20,4	  20,8	  21,8	  21,8	  18,4	 -17,1
s	   200,8377	 8	110,88	 97,12	   5,5	  16,8	  20,9	  21,2	  22,4	  22,6	  18,4	 -17,1
s	   201,2838	 8	109,93	 92,91	   3,7	  15,6	  21,1	  22,0	  23,1	  22,3	  18,4	 -17,2
s	   206,3082	 7	139,77	 90,59	   4,2	  16,3	  20,8	  21,6	  22,6	  21,6	  18,1	 -17,9
s	   206,4701	 8	139,74	 88,47	   3,7	  15,7	  20,1	  20,6	  21,6	  21,5	  18,0	 -18,0
s	   207,9213	 5	303,65	 91,03	   4,9	  16,2	  21,3	  22,2	  23,4	  22,9	  18,2	 -17,9
s	   208,3939	 7	317,86	 89,23	   4,2	  16,2	  20,7	  21,5	  22,5	  21,5	  17,9	 -18,2
s	   208,5542	 8	317,89	 87,13	   3,6	  15,6	  20,0	  20,5	  21,5	  21,4	  17,8	 -18,4
s	   209,0193	 8	 28,67	 90,42	   5,4	  16,6	  21,1	  21,8	  22,8	  21,5	  17,8	 -18,4
s	   209,6872	 7	111,32	 90,88	   6,3	  17,1	  21,4	  22,1	  23,2	  22,2	  17,8	 -18,4
s	   209,8056	 8	111,33	 92,83	   6,1	  17,1	  21,4	  22,0	  23,1	  22,1	  17,7	 -18,6
s	   210,6742	 6	310,65	 91,08	   4,5	  15,9	  21,1	  22,0	  23,2	  22,5	  17,9	 -18,5
s	   214,8036	 8	340,61	 89,59	   3,7	  15,3	  19,9	  20,6	  21,6	  20,3	  16,3	 -21,2
s	   215,3915	 7	 98,20	 90,95	   4,6	  16,2	  20,7	  21,4	  22,4	  21,3	  17,4	 -19,4
s	   215,5469	 8	 98,20	 88,91	   4,1	  15,7	  20,0	  20,4	  21,4	  21,3	  17,3	 -19,5
s	   218,2798	 4	303,57	 89,07	   6,5	  17,1	  21,1	  21,8	  23,0	  22,3	  16,5	 -21,3
s	   218,4333	 5	303,59	 87,06	   5,9	  16,5	  20,4	  20,8	  22,0	  22,3	  16,4	 -21,4
s	   218,7925	 6	303,53	 92,95	   5,0	  16,1	  20,1	  20,5	  21,6	  21,8	  16,2	 -21,6
s	   218,8319	 6	303,61	 85,19	   5,2	  16,3	  20,3	  20,7	  21,8	  22,0	  17,3	 -19,8
s	   219,2411	 7	303,52	 94,35	   3,0	  14,7	  19,8	  20,4	  21,6	  21,9	  17,1	 -20,0
s	   219,5356	 7	303,63	 83,19	   3,7	  15,1	  19,1	  19,2	  20,3	  21,3	  16,1	 -21,8
s	   219,9653	 8	303,64	 82,26	  -1,3	  11,6	  17,9	  18,6	  19,8	  20,6	  16,7	 -20,5
s	   220,3632	 8	303,49	 96,79	   4,2	  15,4	  19,3	  19,3	  20,5	  21,7	  15,9	 -22,1
s	   220,9112	 5	310,26	 89,14	   6,1	  16,8	  20,9	  21,6	  22,7	  21,9	  16,2	 -21,8
s	   221,0629	 6	310,29	 87,15	   5,6	  16,3	  20,2	  20,6	  21,7	  21,9	  16,1	 -22,0
s	   221,4182	 7	310,22	 92,98	   4,6	  15,8	  19,9	  20,3	  21,4	  21,4	  15,9	 -22,1
s	   221,4571	 7	310,31	 85,31	   4,9	  16,0	  20,1	  20,5	  21,6	  21,7	  17,0	 -20,4
s	   221,8618	 8	310,20	 94,36	   2,6	  14,5	  19,7	  20,3	  21,4	  21,5	  16,8	 -20,5
s	   222,1529	 8	310,33	 83,33	   3,4	  14,8	  18,9	  19,0	  20,1	  20,9	  15,8	 -22,4
s	   229,5632	 7	125,66	 90,77	   2,6	  15,1	  19,7	  20,4	  21,4	  20,3	  16,4	 -21,7
s	   229,6720	 8	125,68	 92,55	   2,4	  15,1	  19,7	  20,4	  21,3	  20,2	  16,3	 -21,8
s	   229,7096	 8	125,64	 88,85	   2,1	  14,6	  19,0	  19,4	  20,4	  20,2	  16,3	 -21,8
s	   233,9564	 8	112,30	 89,00	   3,5	  15,1	  19,3	  19,7	  20,7	  20,6	  16,0	 -22,5
s	   237,9983	 8	290,31	 87,11	   3,3	  15,0	  19,2	  19,6	  20,6	  20,4	  15,7	 -23,1
s	   238,1502	 7	291,02	 88,97	   3,1	  15,1	  19,6	  20,4	  21,3	  20,1	  15,8	 -23,0
s	   238,2553	 8	291,01	 90,69	   2,8	  15,1	  19,6	  20,3	  21,2	  20,0	  15,6	 -23,2
s	   241,3790	 6	119,46	 92,53	   2,7	  14,5	  19,7	  20,6	  21,7	  20,9	  15,6	 -23,5
s	   241,6787	 7	124,83	 92,48	   1,7	  14,0	  19,4	  20,3	  21,4	  20,4	  15,5	 -23,6
s	   242,4183	 8	119,40	 85,48	   1,4	  13,1	  18,1	  18,3	  19,5	  20,5	  14,3	 -25,6
s	   243,7745	 7	113,36	 92,57	   2,4	  14,2	  19,6	  20,5	  21,5	  20,5	  15,4	 -23,9
s	   244,3213	 8	125,42	 90,77	   1,6	  14,3	  18,9	  19,6	  20,5	  19,3	  14,2	 -25,9
s	   248,8760	 8	107,55	 92,57	   1,2	  13,6	  19,1	  20,0	  21,0	  19,8	  14,9	 -24,9
s	   251,8101	 6	119,53	 92,06	   1,6	  13,7	  19,1	  20,1	  21,1	  20,0	  14,9	 -25,1
s	   252,2377	 7	119,49	 87,44	   3,8	  15,1	  19,1	  19,4	  20,5	  20,5	  14,8	 -25,3
s	   252,7500	 8	119,57	 95,85	   2,1	  14,2	  18,5	  18,8	  19,8	  19,6	  14,6	 -25,5
s	   254,1123	 7	113,67	 92,10	   1,3	  13,5	  18,9	  19,9	  20,9	  19,7	  14,7	 -25,6
s	   254,5362	 8	113,63	 87,52	   3,5	  14,8	  18,9	  19,2	  20,2	  20,1	  14,5	 -25,8
s	   259,0206	 8	108,08	 92,12	   0,1	  12,9	  18,5	  19,4	  20,3	  19,0	  14,2	 -26,5
#END
