#HEADER
CATT-Acoustic v8.0b    Copyright © CATT 1988-2003

 Project                : Aula Optica 

 GEOMETRICAL INFORMATION
 Src id and loc     [m] :   E0           9,400        4,600        1,300
 Rec id and loc     [m] :   15           1,000        7,600        1,200

 15       25,9818

 VARIABLE SOURCE DATA
 Directivity
   Type (library)       :  OMNI.SD0
   Dir. Index (DI) [dB] :       0,0      0,0      0,0      0,0      0,0      0,0      0,0      0,0
 Level
   On axis 1m      [dB] :      48,1     57,1     60,8     61,7     63,4     64,6     64,6     48,2
   Total power     [dB] :      59,0     68,0     71,7     72,6     74,3     75,5     75,5     59,1
   Auxiliary delay [ms] :       0,0

 VARIABLE AIR DATA
 Temperature       [°C] :      20
 Relative humidity  [%] :      50
 Density        [kg/m³] :       1,2
 Sound speed      [m/s] :     343
 Impedance      [Ns/m³] :     412
 Diss. coeff. [0.001/m] :      0,10     0,30     0,63     1,07     2,28     6,83    24,23    83,90      (estimated)

#DATAFIELDS
 TYPE DELAY ORDER AZIMUTH ELEVATION SPL125 SPL250 SPL500 SPL1K SPL2K SPL4K SPL8K SPL16K
#DATA
d	     0,0000	 0	160,34	 89,98	  29,1	  38,1	  41,8	  42,7	  44,3	  45,3	  44,7	  25,9
s	     0,9995	 1	160,84	106,27	  28,1	  37,3	  40,9	  41,8	  43,4	  44,5	  43,7	  24,9
*	    41,7774	 1	181,44	 94,41	 -18,5	  -9,3	  -5,7	  -4,9	  -3,3	  -2,5	  -4,3	 -26,8
*	    39,7053	 1	170,77	 94,72	 -17,1	  -8,0	  -4,3	  -3,5	  -1,9	  -1,1	  -2,9	 -25,1
*	    42,3935	 1	160,61	 94,87	 -18,2	  -9,0	  -5,4	  -4,6	  -3,0	  -2,2	  -4,0	 -26,5
*	    26,6759	 1	182,18	 95,41	 -11,2	  -2,1	   1,6	   2,4	   4,0	   4,9	   3,5	 -17,6
*	    23,4268	 1	169,10	 95,76	  -8,0	   1,2	   4,8	   5,7	   7,3	   8,2	   6,8	 -14,0
*	    27,0120	 1	156,90	 95,84	 -10,1	  -1,0	   2,7	   3,5	   5,1	   6,0	   4,6	 -16,5
*	    13,8777	 1	183,37	 96,98	  -3,6	   5,6	   9,3	  10,1	  11,7	  12,7	  11,6	  -8,3
*	     8,2638	 1	166,45	 97,39	   6,1	  15,2	  18,9	  19,7	  21,4	  22,4	  21,4	   2,0
*	    13,7178	 1	151,35	 97,23	  -0,4	   8,8	  12,5	  13,3	  14,9	  15,9	  14,8	  -5,1
*	     6,2915	 1	185,54	 99,83	   0,2	   9,4	  13,0	  13,9	  15,5	  16,5	  15,6	  -3,6
*	     1,4933	 1	161,70	100,25	   7,6	  16,8	  20,5	  21,3	  22,9	  24,0	  23,2	   4,4
*	     7,5137	 1	142,40	 99,31	   1,6	  10,8	  14,4	  15,3	  16,9	  17,9	  17,0	  -2,4
*	     3,4869	 1	190,85	106,48	   2,2	  11,3	  15,0	  15,9	  17,5	  18,6	  17,7	  -1,3
*	     1,3507	 1	150,95	106,21	   3,7	  12,9	  16,6	  17,4	  19,1	  20,1	  19,3	   0,5
*	     7,8842	 1	126,76	102,35	  -1,8	   7,4	  11,1	  11,9	  13,6	  14,6	  13,6	  -5,8
*	     3,6219	 1	218,97	131,36	   8,8	  18,0	  21,6	  22,5	  24,1	  25,2	  24,3	   5,3
s	     1,3370	 1	159,79	 72,62	  26,4	  35,5	  39,2	  39,7	  41,4	  43,2	  42,8	  23,2
*	    58,2358	 1	162,68	 85,99	 -21,2	 -11,3	  -7,5	  -6,7	  -5,2	  -3,7	  -5,6	 -27,8
*	    55,4348	 1	171,24	 85,56	 -20,3	 -10,4	  -6,6	  -5,8	  -4,3	  -2,8	  -4,6	 -26,5
*	    56,2505	 1	180,20	 85,22	 -20,8	 -10,9	  -7,1	  -6,3	  -4,8	  -3,3	  -5,1	 -27,1
*	    42,6605	 1	159,69	 85,32	 -15,1	  -5,3	  -1,4	  -0,7	   0,9	   2,4	   1,0	 -19,8
*	    39,1745	 1	169,63	 84,76	 -13,7	  -3,8	   0,0	   0,8	   2,4	   3,9	   2,6	 -17,9
*	    40,4085	 1	180,24	 84,33	 -14,7	  -4,8	  -1,0	  -0,2	   1,4	   2,9	   1,5	 -19,1
*	    27,8407	 1	155,52	 84,43	  -7,5	   2,4	   6,2	   7,0	   8,6	  10,2	   9,2	 -10,3
*	    23,1501	 1	167,31	 83,62	  -4,5	   5,3	   9,2	  10,0	  11,6	  13,2	  12,3	  -6,8
*	    25,2842	 1	180,30	 83,03	  -7,1	   2,8	   6,6	   7,4	   9,0	  10,6	   9,7	  -9,6
*	    15,3835	 1	149,38	 83,16	   1,0	  10,9	  14,8	  15,5	  17,2	  18,9	  18,1	  -0,2
*	     8,2783	 1	163,70	 81,86	   9,6	  19,5	  23,4	  24,1	  25,8	  27,5	  27,0	   9,3
*	    12,3960	 1	180,39	 80,99	   1,1	  11,0	  14,8	  15,6	  17,2	  19,0	  18,3	   0,2
*	     9,5488	 1	139,81	 81,36	   2,9	  12,7	  16,6	  17,4	  19,0	  20,8	  20,2	   2,3
*	     1,9736	 1	157,34	 78,89	  10,6	  20,4	  24,3	  25,1	  26,7	  28,5	  28,2	  11,0
*	     5,0362	 1	180,56	 77,24	   4,6	  14,5	  18,4	  19,2	  20,8	  22,6	  22,1	   4,7
*	     9,9835	 1	124,14	 78,97	  -0,1	   9,8	  13,7	  14,4	  16,1	  17,8	  17,2	  -0,7
*	     2,3467	 1	143,91	 73,30	   6,0	  15,8	  19,7	  20,5	  22,1	  23,9	  23,5	   6,3
*	     2,6085	 1	180,98	 68,43	   6,1	  16,0	  19,8	  20,6	  22,3	  24,1	  23,7	   6,4
*	    14,2948	 1	 99,75	 76,94	  -2,9	   7,0	  10,8	  11,6	  13,2	  15,0	  14,3	  -4,0
*	     5,5529	 1	109,19	 64,30	   5,4	  15,3	  19,2	  19,9	  21,6	  23,4	  22,9	   5,4
*	     3,0542	 1	183,88	 32,75	  12,2	  22,1	  26,0	  26,7	  28,4	  30,2	  29,8	  12,5
*	    11,5734	 1	 86,78	104,08	 -10,3	  -0,6	   4,1	   5,3	   6,9	   7,9	   7,0	 -12,8
*	     5,8631	 1	 83,45	115,48	  -2,0	   7,7	  12,5	  13,6	  15,3	  16,3	  15,5	  -3,8
*	     3,4733	 1	339,98	164,70	   8,8	  18,5	  23,3	  24,4	  26,1	  27,1	  26,4	   7,3
s	     4,2387	 2	161,40	121,32	  25,3	  34,6	  38,2	  38,7	  40,4	  42,2	  41,7	  21,9
s	     4,5404	 2	159,29	 58,98	  25,8	  35,2	  38,9	  39,4	  41,1	  42,9	  42,4	  23,3
s	     4,7785	 1	217,28	 88,34	  26,4	  35,5	  39,2	  40,1	  41,7	  42,6	  41,7	  21,8
*	     5,0631	 1	210,15	 97,08	   6,3	  15,3	  19,1	  20,0	  21,6	  22,4	  22,7	   5,3
*	     5,8768	 1	201,32	 95,14	   4,1	  13,1	  16,9	  17,8	  19,4	  20,2	  20,5	   3,0
*	     7,4589	 1	196,38	 93,98	   2,6	  11,7	  15,4	  16,3	  17,9	  18,7	  19,0	   1,3
*	     7,7334	 1	195,96	 80,49	   2,4	  11,4	  15,2	  16,1	  17,7	  18,5	  18,8	   1,1
*	     9,9979	 1	193,26	 93,24	   1,3	  10,3	  14,1	  14,9	  16,5	  17,4	  17,6	  -0,3
*	    10,2535	 1	192,92	 82,24	   1,1	  10,1	  13,9	  14,8	  16,3	  17,2	  17,4	  -0,6
*	    13,7408	 1	191,13	 92,73	  -0,7	   8,4	  12,2	  13,0	  14,6	  15,4	  15,5	  -2,7
*	    13,9783	 1	190,83	 83,46	  -0,8	   8,2	  12,0	  12,9	  14,4	  15,2	  15,3	  -2,9
*	    18,7524	 1	189,58	 92,35	  -3,4	   5,6	   9,4	  10,3	  11,9	  12,6	  12,6	  -6,1
*	    18,9670	 1	189,32	 84,36	  -3,5	   5,5	   9,3	  10,1	  11,7	  12,5	  12,4	  -6,3
*	    24,8255	 1	188,40	 92,07	  -6,7	   2,4	   6,1	   7,0	   8,5	   9,3	   9,1	 -10,1
*	    25,0148	 1	188,18	 85,04	  -6,8	   2,2	   6,0	   6,9	   8,4	   9,2	   9,0	 -10,3
*	    31,6438	 1	187,49	 91,85	 -10,1	  -1,1	   2,7	   3,5	   5,1	   5,8	   5,4	 -14,4
*	    31,8095	 1	187,29	 85,58	 -10,2	  -1,2	   2,6	   3,5	   5,0	   5,7	   5,3	 -14,5
*	    38,9440	 1	186,75	 91,66	 -13,4	  -4,4	  -0,6	   0,2	   1,8	   2,4	   1,8	 -18,6
*	    39,0899	 1	186,57	 86,01	 -13,5	  -4,5	  -0,7	   0,2	   1,7	   2,3	   1,8	 -18,7
*	    46,5523	 1	186,14	 91,51	 -16,5	  -7,5	  -3,7	  -2,9	  -1,3	  -0,8	  -1,5	 -22,7
*	    46,6819	 1	185,97	 86,37	 -16,5	  -7,5	  -3,8	  -2,9	  -1,4	  -0,8	  -1,6	 -22,7
*	    54,3619	 1	185,64	 91,39	 -19,3	 -10,3	  -6,6	  -5,7	  -4,2	  -3,7	  -4,6	 -26,5
*	    54,4781	 1	185,49	 86,66	 -19,4	 -10,3	  -6,6	  -5,7	  -4,2	  -3,7	  -4,7	 -26,5
s	     5,5467	 1	 16,10	 89,98	  26,2	  35,7	  39,5	  40,4	  42,0	  42,9	  42,4	  23,2
*	    10,4378	 1	300,35	 95,68	  10,6	  20,1	  24,0	  24,8	  26,4	  27,3	  26,7	   7,0
*	     8,1346	 1	 63,37	 98,07	  10,4	  19,9	  23,7	  24,6	  26,2	  27,1	  26,5	   7,1
*	    19,4249	 1	 80,04	 94,31	  -2,4	   7,1	  10,9	  11,8	  13,4	  14,2	  13,3	  -7,1
*	     7,4893	 1	345,10	 44,22	   3,5	  12,7	  16,4	  17,2	  18,8	  19,8	  22,9	   5,2
*	     6,3303	 1	344,02	 67,48	   7,1	  16,3	  20,0	  20,8	  22,5	  23,5	  26,6	   9,0
*	     6,9549	 1	 20,10	 45,60	   3,7	  12,9	  16,5	  17,4	  19,0	  20,0	  23,1	   5,5
*	     5,8000	 1	 19,06	 68,77	   7,3	  16,5	  20,1	  21,0	  22,6	  23,7	  26,7	   9,2
*	     7,2487	 1	 44,94	 54,11	   1,8	  11,0	  14,7	  15,5	  17,2	  18,2	  21,2	   3,6
*	     6,2767	 1	 44,34	 74,40	   4,3	  13,5	  17,1	  18,0	  19,6	  20,6	  23,7	   6,2
*	     8,1278	 1	 58,47	 62,34	  -0,8	   8,4	  12,1	  12,9	  14,5	  15,6	  18,6	   0,9
*	     7,3402	 1	 58,14	 78,95	   0,7	   9,9	  13,6	  14,4	  16,1	  17,1	  20,1	   2,5
*	     9,3793	 1	 66,14	 68,35	  -3,4	   5,8	   9,4	  10,3	  11,9	  12,9	  15,9	  -1,9
*	     8,7265	 1	 65,95	 81,89	  -2,4	   6,7	  10,4	  11,3	  12,9	  13,9	  16,9	  -0,9
*	    10,8879	 1	 70,93	 72,56	  -5,8	   3,4	   7,0	   7,9	   9,5	  10,5	  13,5	  -4,5
*	    10,3299	 1	 70,80	 83,81	  -5,1	   4,0	   7,7	   8,6	  10,2	  11,2	  14,2	  -3,8
*	    12,5961	 1	 74,17	 75,60	  -8,0	   1,2	   4,9	   5,7	   7,3	   8,3	  11,2	  -6,9
*	    12,1065	 1	 74,08	 85,15	  -7,5	   1,7	   5,4	   6,2	   7,8	   8,8	  11,8	  -6,3
*	    14,4733	 1	 76,46	 77,85	  -9,9	  -0,8	   2,9	   3,7	   5,4	   6,3	   9,2	  -9,1
*	    14,0351	 1	 76,40	 86,12	  -9,5	  -0,4	   3,3	   4,1	   5,8	   6,7	   9,6	  -8,7
*	    16,5009	 1	 78,20	 79,57	 -11,7	  -2,6	   1,1	   1,9	   3,6	   4,5	   7,3	 -11,2
*	    16,1027	 1	 78,16	 86,85	 -11,4	  -2,3	   1,4	   2,2	   3,9	   4,8	   7,6	 -10,8
*	    18,6658	 1	 79,54	 80,93	 -13,4	  -4,3	  -0,6	   0,2	   1,9	   2,8	   5,6	 -13,1
*	    18,2998	 1	 79,50	 87,42	 -13,2	  -4,0	  -0,3	   0,5	   2,1	   3,1	   5,8	 -12,8
s	     5,6273	 2	217,64	102,19	  26,5	  35,7	  39,5	  40,3	  41,9	  42,8	  42,1	  22,9
s	     6,3753	 2	 15,67	103,51	  25,5	  35,2	  39,0	  39,9	  41,5	  42,4	  41,8	  22,6
s	     6,6573	 2	 16,56	 75,52	  24,7	  33,9	  37,6	  38,1	  39,7	  41,5	  41,0	  20,9
*	     6,9098	 1	218,25	 79,46	   6,4	  15,5	  19,2	  20,0	  21,7	  22,7	  21,8	   2,5
*	     8,0401	 1	250,71	 74,16	   9,1	  18,3	  22,0	  22,8	  24,4	  25,5	  24,5	   5,1
s	     7,7757	 2	221,16	 74,29	  24,4	  33,7	  37,3	  37,8	  39,4	  41,2	  40,6	  20,5
s	     8,3430	 3	 15,32	113,79	  21,3	  31,5	  36,4	  37,2	  38,8	  40,5	  40,4	  20,1
s	     8,4336	 3	218,02	115,52	  24,0	  33,3	  37,0	  37,5	  39,1	  40,8	  40,3	  20,1
s	     8,7233	 3	161,91	132,13	  24,4	  34,0	  37,7	  38,2	  39,9	  41,7	  41,0	  21,5
*	     9,2967	 1	293,02	 90,25	   1,5	  10,5	  14,3	  15,2	  16,7	  17,6	  17,8	  -0,1
*	     9,6555	 1	292,80	106,78	   0,8	   9,8	  13,6	  14,4	  16,0	  16,9	  17,1	  -0,8
*	    10,5101	 1	292,59	120,68	  -0,8	   8,2	  12,0	  12,9	  14,4	  15,3	  15,4	  -2,5
s	     9,3819	 3	 16,98	 63,59	  24,3	  33,9	  37,6	  38,1	  39,7	  41,6	  40,8	  21,3
s	     9,5065	 3	158,75	 47,71	  22,7	  32,3	  35,9	  36,1	  37,7	  40,3	  40,0	  19,7
*	     9,8540	 1	285,59	 82,65	  -2,0	   7,0	  10,8	  11,7	  13,2	  14,1	  14,3	  -3,6
*	     9,9421	 1	285,46	 98,01	  -2,2	   6,9	  10,6	  11,5	  13,1	  13,9	  14,1	  -3,8
*	    10,5285	 1	285,33	112,10	  -3,2	   5,8	   9,6	  10,5	  12,1	  12,9	  13,1	  -4,9
s	    10,6769	 3	220,81	 61,85	  25,0	  34,4	  38,1	  38,9	  40,5	  41,4	  40,5	  20,8
*	    12,7348	 1	293,83	 51,67	  -3,9	   5,2	   8,9	   9,8	  11,4	  12,2	  12,3	  -5,8
*	    11,7062	 1	293,63	 62,38	  -2,3	   6,7	  10,5	  11,4	  13,0	  13,8	  13,9	  -4,1
*	    11,0643	 1	293,44	 75,45	  -1,2	   7,8	  11,6	  12,5	  14,0	  14,9	  15,0	  -3,0
s	    11,9803	 4	 14,89	124,34	  20,7	  31,3	  36,2	  37,0	  38,6	  40,3	  40,0	  20,3
s	    12,2093	 3	324,78	 76,15	  22,3	  32,1	  35,9	  36,4	  38,0	  39,6	  39,3	  18,7
s	    12,4315	 4	218,37	125,67	  23,3	  33,0	  36,8	  37,3	  38,9	  40,5	  39,9	  20,1
s	    13,1789	 4	162,34	139,03	  19,6	  29,8	  34,6	  35,0	  36,7	  39,3	  38,9	  18,3
s	    13,7474	 4	 17,43	 53,05	  21,5	  31,2	  34,8	  35,0	  36,6	  39,2	  38,8	  18,1
s	    14,3276	 5	220,50	 52,96	  21,6	  31,6	  35,4	  35,6	  37,2	  39,6	  39,3	  19,3
s	    14,7963	 4	325,11	 64,91	  23,1	  33,0	  36,9	  37,7	  39,2	  40,0	  39,3	  19,3
s	    14,7969	 1	126,88	 91,07	  24,0	  33,5	  37,3	  38,2	  39,8	  40,6	  39,9	  19,8
*	    15,5426	 1	128,58	 98,99	  -3,5	   6,0	   9,8	  10,7	  12,3	  13,1	  12,3	  -7,7
s	    15,0417	 4	158,26	 39,95	  21,7	  31,6	  35,3	  35,5	  37,2	  39,7	  39,2	  19,2
s	    15,4410	 2	127,08	101,60	  23,6	  33,3	  37,1	  37,9	  39,5	  40,4	  39,6	  19,5
s	    15,6616	 2	126,66	 79,78	  22,5	  32,3	  36,1	  36,7	  38,3	  39,9	  39,5	  19,4
s	    17,0594	 5	 14,42	133,39	  17,8	  28,6	  33,4	  33,9	  35,5	  37,9	  37,9	  16,9
s	    17,6202	 3	127,31	112,21	  21,2	  31,0	  34,7	  35,2	  36,8	  38,4	  37,9	  16,9
s	    17,7982	 5	323,52	120,62	  21,2	  31,5	  35,3	  35,8	  37,4	  39,1	  38,5	  18,2
s	    17,8298	 3	126,45	 70,03	  21,6	  31,6	  35,4	  36,0	  37,5	  39,2	  38,7	  18,4
s	    18,1071	 6	325,40	 56,59	  19,9	  30,4	  34,3	  34,5	  36,0	  38,4	  38,3	  18,0
s	    18,2231	 5	215,74	 42,99	  20,8	  30,8	  34,6	  34,8	  36,4	  38,8	  38,4	  18,0
*	    29,0353	 1	145,60	 87,80	   0,6	  10,1	  13,9	  14,8	  16,3	  17,1	  16,0	  -5,3
*	    18,5796	 1	133,39	 87,17	   5,4	  14,9	  18,7	  19,6	  21,1	  21,9	  21,1	   0,8
s	    18,7610	 5	 17,85	 45,34	  20,7	  30,8	  34,5	  34,7	  36,3	  38,9	  38,2	  17,9
s	    19,1260	 5	162,86	145,42	  18,7	  29,2	  34,0	  34,5	  36,1	  38,7	  38,2	  17,8
s	    19,9911	 6	220,12	 44,10	  19,8	  29,6	  33,4	  33,6	  35,1	  37,4	  37,1	  15,8
s	    20,7131	 2	 49,55	 91,05	  21,8	  31,8	  35,8	  36,7	  38,2	  38,9	  38,4	  17,8
s	    20,8401	 4	127,52	120,91	  20,8	  31,0	  34,8	  35,3	  36,9	  38,5	  37,9	  17,3
s	    21,2766	 3	 49,35	100,27	  21,5	  31,7	  35,7	  36,5	  38,0	  38,7	  38,1	  17,5
s	    21,4236	 4	126,24	 60,82	  19,2	  29,3	  33,0	  33,2	  34,8	  37,2	  37,0	  15,6
s	    21,4701	 3	 49,76	 81,15	  21,2	  31,1	  35,0	  35,5	  37,1	  38,7	  38,1	  17,5
s	    21,6343	 5	157,73	 33,73	  18,7	  28,7	  32,3	  32,2	  33,8	  37,1	  36,8	  15,4
*	    21,9789	 1	 97,27	 85,95	   1,7	  11,2	  15,0	  15,9	  17,4	  18,2	  17,3	  -3,3
s	    22,5332	 6	 13,99	139,95	  17,1	  28,2	  33,1	  33,5	  35,1	  37,6	  37,3	  16,6
s	    22,6450	 4	 49,19	107,61	  17,3	  28,1	  33,1	  33,8	  35,4	  36,9	  36,7	  15,2
s	    22,9587	 6	323,17	129,35	  19,5	  29,7	  33,6	  33,9	  35,5	  37,0	  36,4	  14,9
s	    23,3838	 4	 49,95	 72,47	  20,4	  30,5	  34,3	  34,8	  36,4	  38,1	  37,3	  16,5
s	    23,7301	 6	223,06	137,65	  18,6	  29,2	  34,0	  34,7	  36,3	  38,0	  37,0	  16,2
s	    24,2319	 5	127,70	127,17	  16,5	  27,2	  32,1	  32,5	  34,1	  36,5	  36,3	  14,6
s	    24,4011	 6	215,33	 36,53	  17,9	  28,0	  31,7	  31,6	  33,2	  36,3	  36,1	  14,5
s	    24,8737	 6	 18,30	 38,86	  17,9	  28,1	  31,7	  31,5	  33,1	  36,5	  36,0	  14,3
s	    25,2773	 5	 48,99	115,76	  17,1	  28,2	  33,3	  34,1	  35,6	  37,1	  36,8	  15,9
s	    26,0056	 6	163,43	150,59	  15,7	  26,4	  31,1	  31,2	  32,8	  36,2	  35,8	  14,0
s	    26,2302	 3	305,48	 88,18	  20,6	  30,7	  34,7	  35,6	  37,1	  37,6	  37,1	  16,0
s	    26,4987	 7	125,46	 53,47	  17,4	  28,4	  32,4	  32,7	  34,1	  36,3	  36,4	  15,3
s	    26,5994	 5	 50,15	 64,04	  18,1	  28,3	  32,1	  32,2	  33,8	  36,2	  35,8	  13,9
s	    26,7347	 4	305,33	 96,43	  20,3	  30,6	  34,6	  35,4	  36,9	  37,5	  36,9	  15,8
*	    26,7507	 1	 84,76	 79,99	 -18,5	  -9,0	  -5,2	  -4,3	  -2,8	  -2,0	  -3,0	 -24,1
s	    26,8411	 7	322,95	134,07	  17,1	  28,2	  33,2	  33,8	  35,4	  37,0	  36,3	  15,2
s	    28,1387	 6	157,24	 29,36	  17,8	  28,2	  31,9	  31,8	  33,4	  36,7	  36,1	  14,9
s	    28,3116	 2	243,20	 88,04	  21,3	  30,9	  34,8	  35,6	  37,1	  37,9	  36,8	  15,6
s	    28,7969	 3	243,31	 95,99	  21,0	  30,8	  34,6	  35,4	  37,0	  37,8	  36,6	  15,3
s	    28,9640	 3	243,07	 79,51	  19,9	  29,9	  33,7	  34,2	  35,8	  37,3	  36,5	  15,3
s	    28,9880	 7	 13,52	145,48	  14,2	  25,4	  30,3	  30,4	  32,0	  35,2	  35,1	  13,0
s	    28,9961	 6	127,91	133,59	  16,0	  27,1	  32,0	  32,4	  34,0	  36,5	  36,0	  14,7
s	    29,1446	 6	 48,77	123,51	  14,7	  26,0	  30,9	  31,4	  32,9	  35,2	  35,2	  13,1
*	    29,4625	 1	145,82	 96,13	 -10,7	  -1,2	   2,6	   3,4	   5,0	   5,7	   4,6	 -16,7
s	    29,4663	 7	 18,62	 35,20	  14,7	  26,0	  30,9	  31,1	  32,7	  35,9	  35,8	  14,4
*	    30,3373	 1	149,16	 95,92	  -9,8	  -0,3	   3,5	   4,4	   5,9	   6,7	   5,5	 -15,9
s	    30,5882	 7	214,95	 31,85	  17,2	  27,6	  31,4	  31,3	  32,8	  36,0	  35,6	  14,1
s	    30,6249	 4	243,45	104,79	  19,7	  29,6	  33,5	  34,3	  35,8	  36,5	  35,1	  12,9
s	    30,6249	 4	242,96	 71,91	  19,2	  29,3	  33,1	  33,6	  35,2	  36,8	  35,9	  14,4
s	    30,8127	 6	 50,36	 56,72	  18,7	  29,1	  33,0	  33,4	  34,9	  36,4	  35,6	  14,2
s	    31,0721	 6	125,83	 47,11	  16,1	  26,6	  30,4	  30,3	  31,8	  35,0	  34,8	  12,6
s	    31,0750	 6	305,01	112,27	  17,9	  28,6	  32,7	  33,2	  34,6	  36,0	  35,6	  14,1
s	    32,6874	 7	163,95	154,28	  14,9	  25,9	  30,7	  30,8	  32,5	  35,8	  35,2	  13,6
s	    32,9857	 5	243,55	111,32	  18,6	  28,9	  32,7	  33,2	  34,7	  36,4	  35,3	  13,7
s	    33,4500	 5	242,83	 64,35	  17,0	  27,3	  31,0	  31,2	  32,7	  35,1	  34,5	  12,0
s	    33,5167	 7	 48,57	129,69	  14,3	  25,9	  31,0	  31,4	  33,0	  35,3	  35,0	  13,3
s	    34,7681	 7	128,14	139,30	  13,4	  24,6	  29,4	  29,5	  31,1	  34,3	  34,0	  11,4
s	    34,8238	 7	304,85	119,32	  15,6	  26,4	  30,4	  30,6	  32,0	  34,2	  34,0	  11,4
s	    34,9543	 8	219,72	148,53	  14,4	  25,4	  30,3	  30,4	  32,0	  35,2	  34,6	  12,8
s	    35,3457	 8	 13,08	149,53	  13,6	  25,1	  30,0	  30,1	  31,7	  34,9	  34,6	  12,7
s	    35,4180	 7	156,72	 25,71	  15,0	  25,5	  29,1	  28,6	  30,2	  34,3	  33,9	  11,3
s	    35,4401	 7	 50,54	 50,90	  15,3	  26,0	  29,7	  29,5	  31,1	  34,3	  33,9	  11,3
s	    36,3479	 8	 19,06	 30,94	  12,6	  23,8	  28,5	  28,3	  29,9	  34,0	  33,6	  10,9
s	    36,6032	 7	125,63	 42,15	  15,6	  26,5	  30,3	  30,2	  31,7	  34,9	  34,5	  12,5
s	    36,6201	 6	243,67	118,20	  16,3	  26,8	  30,5	  30,6	  32,2	  34,6	  33,8	  11,1
s	    36,7977	 4	200,14	 81,63	  18,5	  28,5	  32,4	  33,0	  34,5	  35,8	  35,0	  13,0
*	    37,5420	 1	149,91	 95,47	 -15,8	  -6,6	  -2,8	   0,7	   3,1	   3,7	   2,1	 -20,0
*	    39,4539	 1	150,68	 95,34	 -16,7	  -7,5	  -3,7	  -0,2	   2,3	   2,9	   1,2	 -21,1
*	    41,4081	 1	151,42	 95,22	 -17,5	  -8,4	  -4,6	  -1,1	   1,4	   2,0	   0,2	 -22,2
*	    37,2629	 1	149,87	 93,90	 -15,6	  -6,5	  -2,7	   0,8	   3,3	   3,9	   2,3	 -19,8
*	    39,1853	 1	150,63	 93,81	 -16,5	  -7,4	  -3,5	  -0,1	   2,4	   3,0	   1,3	 -20,9
*	    41,1494	 1	151,38	 93,72	 -17,4	  -8,2	  -4,4	  -0,9	   1,5	   2,1	   0,4	 -22,0
*	    37,0921	 1	149,82	 92,32	 -15,5	  -6,4	  -2,6	   0,9	   3,4	   4,0	   2,4	 -19,6
*	    39,0210	 1	150,59	 92,26	 -16,4	  -7,3	  -3,5	   0,0	   2,5	   3,1	   1,4	 -20,8
*	    40,9913	 1	151,33	 92,22	 -17,3	  -8,1	  -4,3	  -0,9	   1,6	   2,2	   0,5	 -21,9
*	    37,0313	 1	149,78	 90,74	 -15,5	  -6,3	  -2,5	   1,0	   3,4	   4,0	   2,4	 -19,6
*	    38,9626	 1	150,55	 90,73	 -16,4	  -7,2	  -3,4	   0,1	   2,5	   3,1	   1,4	 -20,7
*	    40,9352	 1	151,29	 90,70	 -17,3	  -8,1	  -4,3	  -0,8	   1,6	   2,2	   0,5	 -21,9
*	    37,0810	 1	149,74	 89,17	 -15,5	  -6,4	  -2,5	   0,9	   3,4	   4,0	   2,4	 -19,6
*	    39,0105	 1	150,50	 89,18	 -16,4	  -7,3	  -3,4	   0,0	   2,5	   3,1	   1,4	 -20,8
*	    40,9814	 1	151,25	 89,20	 -17,3	  -8,1	  -4,3	  -0,8	   1,6	   2,2	   0,5	 -21,9
*	    37,2408	 1	149,69	 87,59	 -15,6	  -6,4	  -2,6	   0,9	   3,3	   3,9	   2,3	 -19,7
*	    39,1644	 1	150,46	 87,64	 -16,5	  -7,3	  -3,5	  -0,0	   2,4	   3,0	   1,3	 -20,9
*	    41,1297	 1	151,21	 87,69	 -17,4	  -8,2	  -4,4	  -0,9	   1,5	   2,1	   0,4	 -22,0
s	    37,2082	 6	242,70	 57,58	  17,8	  28,2	  32,1	  32,5	  34,0	  35,5	  34,5	  12,5
s	    37,5877	 8	214,54	 27,85	  14,5	  25,0	  28,7	  28,2	  29,8	  33,7	  33,4	  10,6
s	    38,4041	 5	199,91	 74,42	  18,9	  28,8	  32,8	  33,6	  35,0	  35,5	  34,4	  12,2
s	    38,8877	 8	 48,35	135,35	  11,8	  23,5	  28,5	  28,6	  30,2	  33,2	  33,2	  10,2
s	    39,0313	 8	304,70	125,06	  15,3	  26,5	  30,5	  30,7	  32,1	  34,3	  33,9	  11,8
s	    39,2935	 8	 50,68	 47,09	  12,3	  24,1	  29,2	  29,4	  30,9	  33,9	  33,9	  11,7
s	    40,0985	 8	164,52	157,41	  12,1	  23,3	  28,0	  27,7	  29,4	  33,4	  33,0	   9,9
s	    40,5504	 7	199,72	 68,60	  16,1	  26,6	  30,6	  30,8	  32,2	  34,3	  33,8	  11,5
s	    40,5759	 8	128,36	143,68	  12,9	  24,4	  29,3	  29,4	  31,0	  34,2	  33,7	  11,4
s	    41,0544	 7	243,79	124,26	  17,1	  27,6	  31,5	  31,9	  33,4	  34,9	  33,7	  11,3
s	    41,0753	 8	233,45	101,83	  14,3	  25,7	  31,0	  31,7	  33,1	  34,3	  33,8	  11,5
s	    41,5230	 2	111,26	 91,47	  18,6	  28,2	  32,1	  32,9	  34,4	  34,9	  33,4	  10,2
s	    41,7444	 7	242,57	 51,64	  15,4	  25,9	  29,7	  29,8	  31,3	  33,6	  32,8	   9,6
s	    41,9140	 3	111,33	 97,88	  18,4	  28,1	  32,0	  32,8	  34,3	  34,8	  33,2	  10,0
s	    42,0488	 3	111,18	 84,59	  17,3	  27,1	  31,0	  31,6	  33,1	  34,4	  33,2	  10,0
s	    42,2427	 5	341,56	 82,30	  17,4	  27,5	  31,4	  31,9	  33,4	  34,8	  32,9	   9,7
s	    42,3549	 8	156,24	 23,03	  14,3	  25,2	  28,8	  28,4	  30,0	  34,0	  33,4	  10,9
s	    43,2650	 4	111,41	104,60	  16,9	  26,9	  30,8	  31,4	  32,8	  34,2	  32,9	   9,6
s	    43,3972	 4	111,10	 78,37	  16,9	  26,9	  30,8	  31,3	  32,8	  34,2	  32,9	   9,5
s	    43,7238	 6	341,77	 75,64	  17,2	  27,7	  31,8	  32,6	  34,0	  34,3	  33,4	  10,8
s	    43,8457	 3	 64,28	 91,43	  17,4	  27,4	  31,5	  32,3	  33,7	  34,1	  32,9	   9,5
s	    44,2238	 4	 64,19	 97,62	  17,1	  27,3	  31,4	  32,2	  33,6	  34,0	  32,7	   9,3
s	    44,3542	 4	 64,38	 84,77	  16,8	  26,8	  30,7	  31,2	  32,7	  34,0	  32,7	   9,3
s	    45,1521	 5	 64,12	102,66	  13,7	  24,7	  29,9	  30,7	  32,2	  33,4	  32,5	   9,0
*	    45,2325	 1	152,73	 95,00	 -13,2	  -3,8	   0,1	   0,9	   2,4	   3,1	   1,6	 -21,2
s	    45,3364	 5	111,49	110,54	  17,0	  27,1	  31,0	  31,5	  33,0	  34,4	  33,2	  10,5
s	    45,6592	 5	 64,46	 78,74	  16,4	  26,6	  30,5	  31,0	  32,5	  33,8	  32,4	   8,9
s	    45,7110	 8	341,95	 70,20	  15,2	  25,9	  29,9	  30,1	  31,5	  33,5	  32,8	  10,1
s	    45,7208	 5	111,02	 72,02	  15,4	  25,5	  29,3	  29,5	  31,0	  33,1	  32,4	   8,8
s	    45,7592	 8	243,91	129,16	  13,7	  24,6	  28,3	  28,1	  29,6	  32,8	  32,0	   8,5
s	    46,9768	 6	 64,03	108,51	  13,8	  25,0	  30,1	  30,9	  32,3	  33,6	  32,9	  10,0
*	    47,0559	 1	155,26	 94,83	 -17,8	  -8,3	  -4,5	  -3,7	  -2,1	  -1,5	  -3,1	 -26,0
s	    47,9117	 6	 64,55	 72,57	  14,9	  25,2	  29,0	  29,2	  30,6	  32,8	  31,9	   8,2
s	    48,6156	 6	110,95	 66,54	  15,3	  25,8	  29,7	  29,9	  31,4	  33,5	  32,6	   9,6
s	    50,0754	 3	216,67	 88,68	  17,4	  27,4	  31,5	  32,3	  33,7	  34,1	  33,0	   9,8
s	    50,4226	 4	216,81	 94,36	  17,1	  27,3	  31,4	  32,2	  33,6	  34,0	  32,8	   9,6
s	    50,7239	 7	 64,64	 67,22	  14,9	  25,5	  29,4	  29,5	  31,0	  33,2	  32,2	   9,0
s	    50,9374	 7	111,63	120,37	  12,8	  24,0	  28,9	  29,4	  30,9	  33,0	  32,2	   8,9
s	    52,3790	 4	218,30	 82,66	  15,9	  26,3	  30,3	  30,8	  32,3	  33,6	  32,5	   9,1
s	    52,4346	 7	110,87	 61,14	  13,1	  23,7	  27,5	  27,4	  28,9	  31,8	  31,1	   7,0
s	    52,8855	 4	292,60	 88,08	  16,1	  26,2	  30,3	  31,1	  32,5	  32,7	  31,4	   7,2
s	    52,9837	 8	 63,85	119,50	  11,6	  23,3	  28,4	  28,8	  30,3	  32,3	  31,7	   8,3
s	    53,2204	 5	292,53	 93,57	  15,8	  26,1	  30,2	  31,0	  32,4	  32,6	  31,3	   7,0
s	    53,3360	 5	292,67	 82,18	  14,8	  25,2	  29,3	  29,8	  31,2	  32,2	  31,2	   7,0
s	    53,4794	 6	217,12	105,72	  15,1	  25,7	  29,8	  30,3	  31,7	  32,9	  31,9	   8,4
s	    53,5525	 5	218,16	 77,23	  15,3	  25,9	  29,9	  30,3	  31,8	  33,1	  32,0	   8,5
s	    53,7139	 3	252,11	 88,03	  17,0	  26,7	  30,6	  31,4	  32,8	  33,3	  31,4	   7,2
s	    54,0445	 6	292,48	 98,06	  12,5	  23,5	  28,7	  29,5	  31,0	  32,0	  31,0	   6,7
s	    54,0453	 4	252,16	 93,46	  16,7	  26,6	  30,5	  31,2	  32,7	  33,2	  31,2	   7,0
s	    54,1597	 4	252,05	 82,19	  15,7	  25,7	  29,5	  30,1	  31,5	  32,8	  31,2	   6,9
s	    54,4428	 8	 64,73	 61,92	  12,7	  23,4	  27,3	  27,1	  28,5	  31,5	  30,7	   6,4
s	    54,8247	 1	173,79	 89,99	  18,0	  27,5	  31,3	  32,2	  33,7	  34,2	  32,5	   8,9
*	    57,8932	 1	185,31	 87,12	  -4,8	   4,6	   8,4	   9,3	  10,8	  11,3	   9,5	 -14,4
*	    55,0132	 1	172,31	 87,55	  -3,5	   6,0	   9,8	  10,6	  12,1	  12,7	  10,9	 -12,7
*	    59,6136	 1	160,05	 88,07	  -5,0	   4,5	   8,3	   9,1	  10,6	  11,1	   9,3	 -14,7
s	    55,1516	 2	173,96	 95,35	  17,8	  27,4	  31,2	  32,0	  33,6	  34,2	  32,3	   8,7
s	    55,1633	 8	111,72	125,43	  10,6	  21,9	  26,8	  26,9	  28,4	  31,3	  30,6	   6,3
s	    55,1947	 5	252,22	 99,20	  15,3	  25,5	  29,4	  29,9	  31,3	  32,6	  31,0	   6,6
s	    55,2644	 2	173,60	 84,24	  16,7	  26,5	  30,3	  30,9	  32,4	  33,7	  32,3	   8,7
s	    55,3075	 5	252,00	 76,88	  15,3	  25,5	  29,4	  29,9	  31,3	  32,6	  30,9	   6,6
*	    55,4060	 1	155,63	 94,50	 -14,0	  -4,6	  -0,8	   0,1	   1,6	   2,2	   0,4	 -23,3
*	    55,5342	 1	155,38	 85,98	 -14,1	  -4,6	  -0,8	   0,1	   1,6	   2,1	   0,3	 -23,3
s	    55,5873	 6	218,01	 71,62	  13,3	  24,0	  27,9	  28,1	  29,5	  31,7	  30,8	   6,4
s	    55,8235	 7	292,40	103,70	  13,6	  24,6	  29,9	  30,9	  32,3	  32,4	  31,4	   7,8
s	    56,2126	 7	217,27	111,17	  13,0	  23,8	  27,8	  27,9	  29,3	  31,3	  30,6	   6,1
s	    56,2855	 3	174,15	101,01	  15,7	  25,4	  29,2	  29,6	  31,2	  32,5	  31,0	   6,6
s	    56,3968	 3	173,43	 78,99	  16,2	  26,1	  29,9	  30,4	  31,9	  33,3	  31,8	   8,1
s	    56,4853	 2	193,05	 89,38	  17,6	  27,2	  31,1	  31,9	  33,4	  33,8	  32,1	   8,4
s	    56,5462	 8	110,80	 56,61	  13,0	  23,9	  27,8	  27,6	  29,1	  32,0	  31,2	   7,5
s	    56,8057	 3	193,22	 94,63	  17,4	  27,1	  31,0	  31,8	  33,2	  33,7	  32,0	   8,2
s	    56,9163	 3	192,87	 83,74	  16,3	  26,2	  30,0	  30,6	  32,1	  33,3	  32,0	   8,2
s	    56,9324	 6	291,34	 77,14	  14,9	  25,1	  29,1	  29,6	  31,0	  32,2	  30,6	   6,1
s	    56,9687	 6	252,28	104,35	  15,4	  25,8	  29,7	  30,1	  31,6	  32,9	  31,4	   7,6
s	    56,9939	 5	324,21	 83,07	  14,4	  25,4	  29,4	  30,0	  31,4	  32,6	  31,7	   8,0
s	    57,2994	 6	251,94	 71,37	  13,9	  24,1	  28,0	  28,1	  29,6	  31,6	  30,6	   6,0
s	    57,5521	 6	 49,00	 96,40	  12,4	  23,8	  29,1	  30,1	  31,5	  31,8	  30,5	   5,9
s	    57,9173	 4	193,39	100,18	  15,3	  25,1	  28,9	  29,4	  30,8	  32,1	  30,7	   6,1
s	    58,0365	 4	174,32	106,09	  15,8	  25,9	  29,7	  30,2	  31,7	  33,1	  31,5	   7,6
s	    58,1030	 6	324,35	 77,94	  13,8	  25,0	  29,1	  29,5	  30,9	  32,2	  31,2	   7,4
s	    58,3630	 4	173,25	 73,55	  14,2	  24,3	  28,0	  28,2	  29,7	  31,8	  30,6	   6,0
s	    58,3649	 7	217,85	 66,32	  14,3	  25,2	  29,2	  29,6	  31,1	  32,3	  31,1	   7,2
s	    58,4053	 6	193,48	 78,22	  15,3	  25,4	  29,4	  30,0	  31,3	  32,3	  31,2	   7,3
s	    58,8862	 7	291,41	 71,73	  13,5	  23,8	  27,7	  27,9	  29,3	  31,2	  30,2	   5,5
s	    59,5905	 7	252,33	109,60	  13,4	  23,9	  27,7	  27,8	  29,2	  31,3	  30,1	   5,4
s	    59,6349	 5	193,56	105,17	  15,4	  25,5	  29,4	  29,9	  31,4	  32,6	  31,1	   7,1
s	    59,6382	 8	217,43	116,23	  14,0	  24,9	  29,0	  29,4	  30,8	  31,9	  30,8	   6,8
s	    59,8044	 7	251,88	 66,52	  13,9	  24,5	  28,4	  28,6	  30,0	  32,1	  30,9	   6,9
s	    59,9553	 5	192,53	 73,25	  13,8	  23,9	  27,7	  27,9	  29,4	  31,4	  30,3	   5,5
s	    60,0302	 7	324,50	 72,60	  11,9	  23,1	  27,2	  27,3	  28,7	  30,7	  30,1	   5,3
s	    60,6182	 2	  5,79	 89,99	  16,5	  26,5	  30,4	  31,2	  32,7	  33,1	  31,6	   7,5
s	    60,6260	 5	174,50	111,28	  13,7	  24,0	  27,7	  27,9	  29,4	  31,5	  30,2	   5,3
s	    60,8373	 5	173,07	 68,76	  14,2	  24,6	  28,4	  28,6	  30,1	  32,3	  31,0	   6,8
s	    60,9233	 3	  5,63	 94,99	  16,2	  26,4	  30,3	  31,1	  32,6	  33,0	  31,4	   7,3
s	    61,0286	 3	  5,97	 84,62	  15,9	  25,9	  29,7	  30,2	  31,7	  33,0	  31,4	   7,3
s	    61,3457	 8	291,47	 66,96	  13,5	  24,2	  28,2	  28,3	  29,7	  31,7	  30,6	   6,4
s	    61,8147	 8	217,70	 61,40	  12,2	  23,2	  27,2	  27,2	  28,7	  30,6	  29,7	   4,7
s	    61,8593	 2	156,14	 90,56	  16,3	  26,3	  30,3	  31,1	  32,6	  33,0	  31,4	   7,2
s	    61,9828	 4	  5,46	100,29	  14,1	  24,4	  28,3	  28,7	  30,2	  31,4	  30,1	   5,1
s	    62,0869	 4	  6,13	 79,71	  15,4	  25,5	  29,3	  29,8	  31,2	  32,6	  30,9	   6,7
s	    62,1601	 3	156,29	 95,48	  16,1	  26,3	  30,2	  31,0	  32,4	  32,9	  31,2	   7,0
s	    62,1697	 3	347,80	 89,42	  16,1	  26,1	  30,2	  31,0	  32,4	  32,7	  31,2	   7,0
s	    62,1774	 6	193,74	110,27	  13,4	  23,6	  27,5	  27,6	  29,1	  31,1	  29,9	   4,9
s	    62,2640	 3	155,99	 85,26	  15,0	  25,3	  29,3	  29,8	  31,3	  32,5	  31,2	   7,0
s	    62,3851	 6	192,36	 68,54	  13,9	  24,3	  28,2	  28,4	  29,8	  31,9	  30,7	   6,4
s	    62,4695	 4	347,65	 94,33	  15,8	  26,1	  30,1	  30,9	  32,3	  32,6	  31,1	   6,8
s	    62,5730	 4	347,97	 84,14	  15,5	  25,5	  29,4	  29,9	  31,4	  32,6	  31,1	   6,8
s	    62,6298	 8	252,38	114,16	  13,4	  24,2	  28,1	  28,2	  29,6	  31,8	  30,4	   6,1
s	    62,6686	 8	324,65	 67,53	  12,9	  24,3	  28,5	  28,9	  30,2	  31,3	  30,4	   6,1
s	    63,2050	 4	156,45	100,71	  14,0	  24,3	  28,2	  28,6	  30,1	  31,3	  30,0	   4,9
s	    63,3077	 4	155,84	 80,42	  14,5	  24,9	  28,9	  29,4	  30,8	  32,1	  30,7	   6,4
s	    63,5108	 5	347,48	 99,54	  13,7	  24,1	  28,0	  28,5	  29,9	  31,0	  29,8	   4,7
s	    63,6226	 5	  5,30	105,06	  14,2	  24,9	  28,8	  29,3	  30,7	  32,0	  30,6	   6,2
s	    63,6301	 6	174,68	115,80	  13,7	  24,3	  28,1	  28,3	  29,8	  32,0	  30,5	   6,1
s	    63,9288	 5	  6,30	 74,60	  13,4	  23,7	  27,4	  27,5	  29,0	  31,2	  29,8	   4,6
s	    63,9684	 7	347,40	 78,96	  14,5	  24,8	  28,8	  29,3	  30,7	  31,6	  30,3	   5,9
s	    64,1399	 6	172,89	 63,93	  12,1	  22,7	  26,4	  26,3	  27,7	  30,7	  29,6	   4,4
s	    64,8226	 5	156,59	105,42	  14,1	  24,8	  28,7	  29,2	  30,6	  31,9	  30,4	   6,0
s	    65,1230	 6	347,33	104,23	  13,9	  24,5	  28,6	  29,0	  30,4	  31,6	  30,3	   5,8
s	    65,1249	 5	155,69	 75,37	  12,6	  23,1	  27,0	  27,2	  28,6	  30,6	  29,6	   4,3
s	    65,4242	 6	348,29	 74,28	  13,0	  23,3	  27,2	  27,3	  28,7	  30,8	  29,5	   4,2
s	    65,4406	 6	  5,17	108,87	  10,3	  21,5	  26,5	  26,9	  28,4	  30,5	  29,5	   4,2
s	    65,6319	 7	192,18	 63,77	  11,8	  22,3	  26,2	  26,0	  27,5	  30,3	  29,3	   4,0
s	    66,2539	 6	  6,46	 70,06	  13,5	  24,1	  27,9	  28,0	  29,5	  31,7	  30,1	   5,5
s	    66,3109	 3	209,48	 88,91	  15,7	  25,7	  29,8	  30,6	  32,0	  32,2	  30,7	   6,1
s	    66,5973	 4	209,61	 93,60	  15,4	  25,7	  29,7	  30,5	  31,9	  32,2	  30,5	   5,9
s	    67,0062	 3	105,26	 91,60	  15,6	  25,7	  29,7	  30,5	  31,9	  32,2	  30,6	   5,9
s	    67,2238	 6	156,75	110,27	  12,1	  22,9	  26,8	  26,9	  28,3	  30,4	  29,2	   3,8
s	    67,2904	 4	105,30	 96,26	  15,4	  25,6	  29,6	  30,4	  31,8	  32,1	  30,5	   5,8
s	    67,4456	 7	174,86	120,31	  11,6	  22,3	  26,0	  25,9	  27,3	  30,3	  29,1	   3,6
s	    67,6198	 6	155,53	 70,55	  13,6	  24,3	  28,3	  28,8	  30,2	  31,3	  30,0	   5,2
s	    67,7122	 7	348,45	 69,81	  13,1	  23,7	  27,6	  27,8	  29,2	  31,3	  29,8	   5,1
s	    67,7394	 7	172,72	 59,78	  12,1	  23,0	  26,8	  26,6	  28,1	  31,1	  29,8	   5,1
s	    68,1416	 7	  5,00	113,24	  10,3	  21,9	  27,0	  27,4	  28,9	  30,9	  29,8	   5,0
s	    68,3755	 5	105,18	 82,01	  14,0	  24,5	  28,5	  29,1	  30,5	  31,5	  30,2	   5,4
s	    68,7058	 4	 71,33	 91,57	  14,5	  25,0	  29,2	  30,1	  31,4	  31,5	  30,3	   5,5
s	    68,9850	 5	 71,29	 96,15	  14,2	  25,0	  29,1	  29,9	  31,3	  31,5	  30,1	   5,3
s	    69,1357	 6	209,88	103,08	  13,5	  24,2	  28,2	  28,7	  30,1	  31,2	  29,8	   4,9
s	    69,1749	 8	194,09	119,50	  12,3	  22,8	  26,7	  26,8	  28,2	  30,1	  28,8	   3,1
s	    69,1749	 8	192,02	 59,67	  11,7	  22,6	  26,5	  26,4	  27,8	  30,7	  29,5	   4,7
s	    69,3691	 7	  6,63	 65,46	  11,4	  22,1	  25,9	  25,7	  27,2	  30,1	  28,8	   3,2
s	    69,7974	 8	347,03	112,62	  11,0	  22,4	  27,6	  28,3	  29,7	  30,7	  29,5	   4,5
s	    70,0217	 7	156,90	114,53	  12,2	  23,3	  27,2	  27,3	  28,8	  30,8	  29,5	   4,6
s	    70,0510	 6	 71,43	 82,15	  13,6	  24,3	  28,4	  28,8	  30,2	  31,3	  29,9	   4,9
s	    70,3027	 4	104,74	 86,75	  14,1	  24,5	  28,5	  29,0	  30,4	  31,6	  30,1	   5,1
s	    70,4977	 7	155,39	 66,33	  10,6	  21,6	  25,5	  25,3	  26,8	  29,6	  28,7	   3,0
s	    70,7804	 8	348,62	 65,27	  11,1	  21,8	  25,6	  25,5	  26,9	  29,7	  28,5	   2,8
s	    71,1659	 5	104,86	100,93	  13,8	  24,4	  28,3	  28,8	  30,2	  31,5	  29,9	   4,8
s	    71,4306	 7	210,02	107,74	  11,5	  22,3	  26,3	  26,4	  27,8	  29,7	  28,6	   2,8
s	    71,4671	 8	175,04	124,16	  11,5	  22,6	  26,4	  26,2	  27,7	  30,7	  29,3	   4,2
s	    71,6255	 8	  4,83	117,64	   8,3	  20,0	  24,9	  25,0	  26,5	  29,3	  28,4	   2,6
s	    71,6898	 7	105,42	109,60	  10,5	  21,7	  27,0	  27,7	  29,1	  30,0	  28,5	   2,7
s	    71,9452	 5	 71,95	 86,81	  13,7	  24,3	  28,3	  28,7	  30,2	  31,4	  29,8	   4,6
s	    72,1231	 8	172,53	 55,67	   9,9	  20,9	  24,6	  24,2	  25,6	  29,4	  28,4	   2,5
s	    72,6530	 6	104,90	105,28	  13,4	  24,2	  28,2	  28,6	  30,0	  31,3	  29,6	   4,4
s	    72,7781	 8	  6,79	 61,47	  11,4	  22,5	  26,2	  26,1	  27,5	  30,5	  29,1	   3,9
s	    73,2328	 5	330,79	 84,21	  12,8	  23,8	  27,9	  28,4	  29,8	  30,8	  29,6	   4,4
s	    73,3094	 8	 71,14	109,27	   9,4	  21,1	  26,5	  27,2	  28,6	  29,4	  28,2	   2,2
s	    73,8456	 7	 71,78	103,99	  10,3	  22,2	  27,3	  28,0	  29,5	  30,6	  29,3	   4,0
s	    73,8682	 8	155,24	 62,37	  10,6	  21,9	  25,9	  25,7	  27,2	  30,0	  29,0	   3,7
s	    74,1622	 6	330,91	 79,89	  12,3	  23,4	  27,5	  28,0	  29,4	  30,5	  29,1	   3,8
s	    74,3379	 8	210,16	112,16	  12,6	  23,5	  27,6	  28,0	  29,4	  30,3	  28,9	   3,6
s	    75,0495	 7	104,63	 73,47	  11,7	  22,8	  26,7	  26,9	  28,3	  30,3	  28,9	   3,5
s	    75,7858	 7	331,05	 75,36	  10,4	  21,7	  25,7	  25,8	  27,2	  29,1	  28,0	   1,8
s	    76,0551	 3	141,94	 90,98	  14,1	  24,1	  28,1	  29,0	  30,3	  30,5	  28,4	   2,2
s	    76,2773	 4	159,67	 90,48	  13,1	  24,1	  28,3	  29,1	  30,5	  30,6	  29,3	   3,8
s	    76,3142	 4	142,05	 95,22	  13,8	  24,0	  28,1	  28,8	  30,2	  30,5	  28,3	   2,0
s	    76,4037	 4	141,83	 86,41	  12,8	  23,1	  27,1	  27,7	  29,1	  30,0	  28,3	   2,0
s	    76,5358	 5	159,80	 94,71	  12,8	  24,0	  28,2	  29,0	  30,4	  30,5	  29,2	   3,7
s	    76,6160	 8	 72,09	 73,73	  11,4	  22,6	  26,6	  26,7	  28,1	  30,2	  28,6	   3,1
s	    76,6251	 5	159,53	 85,92	  11,8	  23,1	  27,3	  27,9	  29,2	  30,1	  29,2	   3,7
s	    77,2158	 5	142,17	 99,74	  12,5	  23,0	  27,0	  27,5	  28,9	  29,9	  28,1	   1,7
s	    77,3046	 5	141,72	 82,22	  12,5	  23,0	  27,0	  27,5	  28,9	  29,9	  28,1	   1,7
s	    77,4355	 6	159,94	 99,22	  10,8	  22,1	  26,2	  26,7	  28,0	  29,0	  27,9	   1,6
s	    77,5241	 6	159,40	 81,74	  11,3	  22,7	  27,0	  27,5	  28,8	  29,7	  28,7	   3,1
s	    77,9012	 8	104,59	 69,20	   9,7	  20,9	  24,8	  24,6	  26,0	  28,8	  27,7	   1,3
s	    78,0253	 8	331,18	 70,99	  11,5	  22,9	  27,1	  27,5	  28,8	  29,8	  28,4	   2,8
s	    78,6170	 6	142,28	103,84	  12,7	  23,3	  27,4	  27,8	  29,2	  30,2	  28,6	   2,9
s	    78,8338	 7	160,07	103,32	  10,9	  22,6	  26,8	  27,3	  28,6	  29,6	  28,5	   2,7
s	    78,8795	 6	141,60	 77,81	  11,1	  21,7	  25,7	  25,9	  27,2	  29,0	  27,8	   1,3
s	    79,0957	 7	159,27	 77,35	   9,4	  21,0	  25,1	  25,3	  26,6	  28,3	  27,6	   1,1
s	    79,5377	 4	256,58	 88,04	  14,3	  24,5	  28,5	  29,3	  30,7	  30,9	  28,9	   3,2
s	    79,7882	 5	256,62	 92,15	  14,1	  24,4	  28,5	  29,2	  30,6	  30,8	  28,8	   3,0
s	    79,8748	 5	256,55	 83,63	  13,0	  23,5	  27,5	  28,0	  29,4	  30,4	  28,8	   3,0
s	    80,3262	 5	285,10	 88,06	  14,0	  24,3	  28,4	  29,2	  30,5	  30,6	  28,7	   2,9
s	    80,5750	 6	285,06	 92,13	  13,8	  24,2	  28,3	  29,1	  30,4	  30,5	  28,6	   2,7
s	    80,6605	 6	256,65	 96,53	  12,7	  23,4	  27,4	  27,9	  29,3	  30,3	  28,6	   2,7
s	    80,7018	 4	 36,13	 90,93	  12,7	  23,3	  27,4	  28,3	  29,6	  29,6	  27,8	   1,1
s	    80,7464	 6	256,52	 79,57	  12,7	  23,4	  27,4	  27,9	  29,3	  30,3	  28,6	   2,7
s	    80,8798	 7	142,40	108,42	  11,7	  22,3	  26,4	  26,8	  28,1	  29,0	  27,4	   0,8
s	    80,8798	 7	141,50	 73,86	  11,2	  22,2	  26,2	  26,4	  27,8	  29,6	  28,2	   2,3
s	    80,9207	 8	160,21	107,58	   9,0	  20,8	  24,9	  25,1	  26,4	  28,1	  27,3	   0,6
s	    80,9496	 5	 36,02	 94,99	  12,5	  23,2	  27,4	  28,1	  29,5	  29,6	  27,6	   1,0
s	    81,0353	 5	 36,24	 86,56	  12,2	  22,7	  26,7	  27,2	  28,6	  29,6	  27,6	   1,0
s	    81,0404	 8	 73,29	100,06	   8,8	  21,1	  26,4	  27,1	  28,5	  29,5	  28,3	   2,4
s	    81,2661	 8	159,13	 73,10	  10,5	  22,2	  26,5	  27,0	  28,3	  29,1	  28,1	   2,1
s	    81,7586	 5	 19,25	 90,45	  11,7	  23,2	  27,5	  28,4	  29,6	  29,6	  28,6	   2,6
s	    81,8125	 6	 35,91	 99,32	  11,1	  22,2	  26,3	  26,8	  28,1	  29,0	  27,4	   0,7
s	    81,8975	 6	 36,35	 82,55	  11,9	  22,6	  26,6	  27,0	  28,4	  29,4	  27,4	   0,7
s	    82,0040	 6	 19,13	 94,47	  11,4	  23,1	  27,5	  28,3	  29,5	  29,6	  28,4	   2,4
s	    82,0170	 7	256,68	100,50	  12,4	  23,3	  27,3	  27,7	  29,1	  30,1	  28,3	   2,3
s	    82,0888	 6	 19,39	 86,13	  11,1	  22,6	  26,8	  27,3	  28,6	  29,6	  28,4	   2,4
s	    82,2305	 7	286,53	 79,71	  11,6	  22,8	  27,0	  27,4	  28,8	  29,7	  28,3	   2,3
s	    82,2712	 7	256,49	 75,30	  11,4	  22,3	  26,3	  26,5	  27,9	  29,7	  28,3	   2,3
s	    82,8586	 7	 19,00	 98,76	   9,3	  21,2	  25,5	  25,9	  27,2	  28,0	  27,2	   0,4
s	    82,9427	 7	 19,51	 82,16	  10,6	  22,3	  26,5	  26,9	  28,2	  29,2	  28,0	   1,9
s	    83,1547	 7	 35,80	103,26	  11,3	  22,5	  26,7	  27,1	  28,5	  29,4	  28,0	   1,8
s	    83,1610	 8	142,50	111,92	  10,8	  22,0	  26,0	  26,1	  27,5	  29,3	  27,8	   1,7
s	    83,4063	 7	 36,46	 78,33	  10,5	  21,3	  25,3	  25,4	  26,8	  28,6	  27,1	   0,2
s	    83,5796	 6	284,72	 83,79	  12,5	  23,2	  27,2	  27,7	  29,0	  30,0	  28,3	   2,1
s	    83,5799	 8	141,38	 69,79	   9,3	  20,3	  24,3	  24,1	  25,5	  28,1	  27,0	   0,1
s	    83,7347	 8	286,57	 75,50	  10,3	  21,7	  25,9	  26,1	  27,4	  29,1	  28,0	   1,9
s	    84,0935	 7	284,62	 95,30	  10,2	  21,6	  26,7	  27,4	  28,8	  29,8	  28,1	   1,9
s	    84,1880	 8	 18,88	102,66	   9,5	  21,7	  26,1	  26,5	  27,8	  28,6	  27,7	   1,5
s	    84,2100	 8	256,46	 71,46	  10,7	  21,9	  25,9	  26,0	  27,4	  29,2	  27,7	   1,5
s	    84,4372	 8	 19,64	 77,97	   8,7	  20,5	  24,6	  24,8	  26,1	  27,8	  26,9	  -0,1
s	    85,2814	 8	284,59	 99,17	   9,9	  21,4	  26,6	  27,2	  28,6	  29,7	  27,8	   1,5
s	    85,3253	 8	 36,57	 74,52	  10,7	  21,8	  25,8	  25,9	  27,3	  29,1	  27,6	   1,3
s	    85,6541	 6	223,14	 80,48	  12,5	  22,7	  26,5	  27,0	  28,3	  29,4	  26,9	  -0,2
s	    86,9011	 5	319,77	 88,66	  12,0	  22,7	  26,9	  27,7	  29,0	  29,0	  27,0	  -0,2
s	    87,1128	 7	223,04	 76,39	  11,2	  21,4	  25,2	  25,3	  26,6	  28,5	  26,6	  -0,6
s	    87,1353	 6	319,68	 92,50	  11,8	  22,7	  26,8	  27,6	  28,9	  29,0	  26,8	  -0,4
s	    87,2163	 6	319,87	 84,53	  10,7	  21,7	  25,9	  26,4	  27,7	  28,5	  26,8	  -0,4
s	    87,9514	 7	319,57	 96,59	  10,4	  21,6	  25,8	  26,2	  27,6	  28,4	  26,6	  -0,7
s	    88,0318	 7	319,97	 80,73	  10,4	  21,6	  25,8	  26,2	  27,5	  28,4	  26,6	  -0,7
s	    88,9700	 8	222,95	 72,70	  11,3	  21,9	  25,8	  25,9	  27,2	  29,1	  27,1	   0,5
s	    89,2221	 8	319,48	100,32	  10,6	  22,0	  26,2	  26,6	  27,9	  28,8	  27,2	   0,5
s	    89,4604	 8	320,07	 76,72	   9,1	  20,4	  24,5	  24,6	  25,9	  27,6	  26,3	  -1,1
s	    90,0756	 5	145,17	 86,88	  11,2	  22,2	  26,3	  26,8	  28,1	  29,1	  27,4	   0,7
s	    90,7882	 4	102,10	 91,66	  12,7	  22,7	  26,9	  27,7	  29,0	  28,9	  26,6	  -0,9
s	    90,7927	 6	145,49	 98,65	  11,0	  22,1	  26,2	  26,6	  28,0	  29,0	  27,2	   0,4
s	    91,0146	 5	102,13	 95,37	  12,4	  22,7	  26,8	  27,6	  28,9	  28,9	  26,5	  -1,1
s	    91,8038	 6	102,15	 99,34	  11,1	  21,7	  25,8	  26,3	  27,6	  28,3	  26,3	  -1,3
s	    92,2655	 7	144,97	 79,26	   9,1	  20,3	  24,4	  24,5	  25,8	  27,6	  26,1	  -1,5
s	    93,8902	 8	145,70	106,12	   8,7	  20,2	  24,2	  24,3	  25,6	  27,4	  25,9	  -2,0
s	    94,0490	 5	101,77	 87,77	  11,2	  21,7	  25,7	  26,2	  27,5	  28,4	  26,2	  -1,7
s	    94,4399	 4	131,85	 91,24	  12,5	  22,4	  26,4	  25,9	  26,2	  26,4	  24,1	  -3,0
s	    94,6595	 5	131,93	 94,84	  12,2	  22,4	  26,3	  25,8	  26,1	  26,3	  24,0	  -3,1
s	    94,7355	 5	131,77	 87,36	  11,2	  21,5	  25,4	  24,6	  24,9	  25,9	  24,0	  -3,1
s	    94,8184	 6	101,75	 84,19	  10,9	  21,6	  25,6	  26,0	  27,4	  28,3	  26,0	  -1,9
s	    94,9638	 5	 75,49	 91,65	  11,4	  22,0	  26,2	  27,1	  28,3	  28,1	  26,1	  -1,9
s	    95,0269	 8	102,00	 76,60	   9,9	  20,9	  25,0	  25,2	  26,5	  28,1	  26,5	  -0,6
s	    95,1824	 6	 75,46	 95,23	  11,2	  21,9	  26,2	  26,9	  28,2	  28,1	  25,9	  -2,0
s	    95,4250	 6	132,02	 98,68	  10,9	  21,4	  25,3	  24,4	  24,8	  25,8	  23,8	  -3,4
s	    95,5005	 6	131,69	 83,80	  10,9	  21,4	  25,3	  24,4	  24,7	  25,8	  23,8	  -3,4
s	    95,6021	 4	163,01	 90,40	  12,5	  23,0	  27,0	  27,8	  29,1	  29,2	  27,1	  -0,2
s	    95,8196	 5	163,12	 93,97	  12,3	  22,9	  27,0	  27,7	  29,0	  29,1	  26,9	  -0,3
s	    95,8948	 5	162,89	 86,57	  10,3	  21,6	  25,8	  26,3	  27,6	  28,4	  27,0	  -0,3
s	    95,9425	 7	101,87	102,69	  10,6	  21,4	  25,5	  25,9	  27,2	  28,2	  25,7	  -2,3
s	    96,3176	 5	 45,20	 91,17	  11,4	  21,9	  25,9	  25,4	  25,7	  25,8	  23,8	  -3,5
s	    96,5338	 6	 45,12	 94,72	  11,1	  21,8	  25,9	  25,3	  25,6	  25,7	  23,7	  -3,6
s	    96,5778	 6	163,24	 97,77	  10,0	  21,5	  25,7	  26,2	  27,5	  28,3	  26,8	  -0,5
s	    96,6086	 6	 45,29	 87,36	  10,8	  21,3	  25,2	  24,4	  24,7	  25,7	  23,7	  -3,6
s	    96,6183	 7	132,09	102,19	  10,6	  21,2	  25,1	  24,3	  24,6	  25,7	  23,6	  -3,7
s	    96,6525	 6	162,78	 83,04	  10,7	  21,7	  25,7	  26,2	  27,4	  28,4	  26,5	  -0,8
s	    97,2848	 8	101,89	105,56	   7,3	  18,9	  24,0	  24,4	  25,8	  27,5	  25,5	  -2,6
s	    97,2877	 7	 45,03	 98,50	   9,8	  21,3	  25,6	  26,1	  27,3	  28,0	  26,6	  -0,7
s	    97,3620	 7	 45,37	 83,85	  10,6	  21,2	  25,1	  24,2	  24,5	  25,6	  23,5	  -3,9
s	    97,4714	 8	 75,58	 80,22	  10,3	  21,0	  25,2	  25,7	  26,9	  27,6	  25,5	  -2,7
s	    97,7599	 7	163,35	101,25	  10,4	  21,5	  25,6	  26,0	  27,3	  28,2	  26,3	  -1,1
s	    97,9819	 7	162,66	 79,30	   8,9	  19,9	  23,9	  24,1	  25,3	  27,0	  25,5	  -2,7
s	    98,3442	 6	202,87	 85,38	  11,4	  22,1	  26,1	  26,5	  27,9	  28,8	  26,6	  -0,8
s	    98,4631	 8	 44,95	101,96	   9,5	  20,6	  24,7	  23,8	  24,1	  25,1	  23,3	  -4,2
s	    98,5544	 8	131,53	 76,61	   9,9	  20,8	  24,8	  24,9	  26,2	  27,9	  26,1	  -1,4
s	    99,0871	 7	202,77	 81,92	  10,1	  21,3	  25,5	  25,9	  27,2	  28,0	  26,2	  -1,3
s	    99,5326	 8	163,47	104,91	   8,5	  19,8	  23,7	  23,9	  25,1	  26,8	  25,2	  -3,1
s	    99,8269	 8	162,55	 75,66	   9,1	  20,8	  25,1	  25,6	  26,8	  27,5	  26,0	  -1,6
s	   100,1500	 7	323,05	 88,76	   9,8	  21,1	  25,5	  26,3	  27,5	  27,2	  25,3	  -3,1
s	   100,3597	 8	322,96	 92,19	   9,6	  21,1	  25,4	  26,2	  27,4	  27,1	  25,2	  -3,2
s	   100,3909	 8	202,66	 78,25	   9,0	  20,0	  24,0	  24,0	  25,4	  27,1	  25,2	  -3,2
s	   101,0310	 5	176,33	100,56	   9,9	  20,7	  25,6	  26,3	  27,8	  28,9	  26,2	  -1,5
s	   101,1845	 5	 16,22	 90,39	  10,2	  21,7	  26,1	  26,9	  28,1	  28,0	  26,4	  -1,3
s	   101,2752	 7	188,79	 82,22	   9,5	  20,2	  25,4	  26,1	  27,4	  28,1	  26,0	  -1,8
s	   101,3924	 6	 16,12	 93,79	  10,0	  21,7	  26,0	  26,8	  28,0	  27,9	  26,3	  -1,4
s	   101,4643	 6	 16,34	 86,72	   8,9	  20,7	  25,1	  25,6	  26,9	  27,5	  26,3	  -1,4
s	   102,0939	 6	188,84	100,07	   9,7	  20,5	  25,4	  26,1	  27,5	  28,5	  26,0	  -1,8
s	   102,1177	 7	 16,00	 97,43	   8,7	  20,7	  25,0	  25,5	  26,7	  27,4	  26,1	  -1,7
s	   102,1892	 7	 16,44	 83,34	   9,4	  21,1	  25,3	  25,7	  27,0	  27,8	  26,1	  -1,7
s	   103,0767	 7	230,99	 81,43	  10,1	  21,3	  25,4	  25,9	  27,2	  27,9	  26,0	  -1,9
s	   103,2492	 8	 15,90	100,77	   8,1	  20,3	  24,6	  25,1	  26,3	  27,1	  25,7	  -2,2
s	   103,4617	 8	 16,56	 79,76	   7,3	  19,1	  23,2	  23,4	  24,6	  26,2	  24,8	  -3,8
s	   104,1055	 6	282,29	 88,07	  11,3	  21,6	  25,8	  26,5	  27,8	  27,5	  25,0	  -3,7
s	   104,3088	 7	282,27	 91,40	  11,0	  21,5	  25,7	  26,4	  27,7	  27,5	  24,9	  -3,9
s	   104,3405	 8	230,91	 77,87	   8,8	  20,2	  24,4	  24,5	  25,8	  27,4	  25,8	  -2,2
s	   105,6184	 6	164,41	100,57	   8,7	  20,0	  25,0	  25,7	  27,1	  28,1	  25,6	  -2,5
s	   106,3231	 5	259,34	 88,06	  11,4	  21,6	  25,7	  26,5	  27,8	  27,6	  24,9	  -4,1
s	   106,5230	 6	259,36	 91,33	  11,1	  21,6	  25,7	  26,4	  27,7	  27,6	  24,7	  -4,2
s	   106,7508	 6	  3,51	100,10	   8,6	  19,9	  24,9	  25,6	  27,0	  28,0	  25,5	  -2,7
s	   107,2204	 7	259,38	 94,84	   9,8	  20,5	  24,6	  25,1	  26,4	  27,1	  24,6	  -4,4
s	   107,3344	 7	282,03	 84,56	   9,8	  20,5	  24,6	  25,1	  26,4	  27,1	  24,6	  -4,5
s	   107,6756	 7	199,14	 99,31	   8,3	  19,7	  24,8	  25,4	  26,8	  27,7	  25,3	  -3,0
s	   107,7682	 7	351,55	 99,64	   8,3	  19,6	  24,7	  25,4	  26,8	  27,7	  25,3	  -3,0
s	   108,5134	 8	259,27	 77,83	   8,5	  19,5	  23,6	  23,7	  25,0	  26,5	  24,3	  -4,8
s	   108,9827	 8	310,17	 81,77	   8,7	  20,4	  24,7	  25,2	  26,4	  27,0	  25,3	  -3,1
s	   109,3916	 2	176,30	 90,00	  13,1	  22,7	  26,5	  27,3	  28,7	  28,9	  24,9	  -4,3
s	   109,5644	 6	259,55	 84,61	   9,9	  20,6	  24,6	  25,0	  26,3	  27,2	  24,4	  -4,8
s	   109,5870	 3	176,40	 93,20	  12,3	  22,5	  26,4	  27,2	  28,5	  28,7	  25,8	  -2,7
s	   109,6545	 3	176,19	 86,55	  11,8	  21,7	  25,5	  26,0	  27,4	  28,4	  24,8	  -4,5
s	   110,1294	 4	176,11	 84,15	   8,8	  19,8	  24,8	  25,5	  26,9	  27,8	  25,4	  -3,1
s	   110,2686	 4	176,51	 96,62	  11,6	  21,7	  25,4	  25,9	  27,3	  28,4	  24,6	  -4,7
s	   110,3894	 3	187,85	 89,63	  12,8	  22,5	  26,4	  27,1	  28,5	  28,6	  24,7	  -4,6
s	   110,5833	 4	187,95	 92,80	  12,1	  22,3	  26,3	  27,0	  28,3	  28,3	  25,6	  -3,0
s	   110,6504	 4	187,74	 86,20	  11,5	  21,5	  25,4	  25,9	  27,2	  28,1	  24,5	  -4,8
s	   111,1218	 5	187,66	 83,82	   8,5	  19,5	  24,6	  25,4	  26,7	  27,5	  25,2	  -3,4
s	   111,2600	 5	188,06	 96,20	  11,3	  21,4	  25,3	  25,7	  27,1	  28,0	  24,4	  -5,0
s	   111,5330	 5	175,97	 80,00	   9,7	  19,9	  23,7	  23,8	  25,2	  27,0	  24,4	  -5,0
s	   112,5153	 6	187,53	 79,70	   9,4	  19,7	  23,5	  23,6	  25,0	  26,7	  24,1	  -5,3
s	   112,7650	 8	200,37	 85,86	   7,8	  19,8	  24,2	  24,7	  25,9	  26,3	  24,9	  -3,8
s	   112,9325	 6	176,73	103,08	   9,4	  19,8	  23,5	  23,6	  25,0	  26,9	  24,1	  -5,4
s	   113,0643	 6	175,87	 76,93	   9,2	  20,1	  24,0	  24,1	  25,5	  27,2	  24,9	  -3,9
s	   113,6243	 5	125,14	 91,39	  10,1	  20,7	  25,0	  25,8	  27,0	  26,7	  24,1	  -5,4
s	   113,8138	 6	125,20	 94,50	   9,9	  20,7	  24,9	  25,7	  26,9	  26,6	  24,0	  -5,6
s	   113,8793	 6	125,08	 88,05	   8,9	  19,7	  24,0	  24,5	  25,7	  26,2	  24,0	  -5,6
s	   113,9050	 7	188,27	102,61	   9,1	  19,6	  23,4	  23,4	  24,8	  26,5	  23,9	  -5,7
s	   114,0359	 7	187,43	 76,65	   8,9	  19,8	  23,8	  24,0	  25,3	  26,9	  24,7	  -4,2
s	   114,4749	 7	125,26	 97,82	   8,6	  19,7	  23,9	  24,4	  25,6	  26,1	  23,8	  -5,8
s	   114,5401	 7	125,02	 84,97	   8,6	  19,7	  23,9	  24,4	  25,6	  26,1	  23,8	  -5,8
s	   114,8250	 7	176,83	106,08	   9,6	  20,3	  24,1	  24,2	  25,6	  27,5	  24,6	  -4,3
s	   115,1500	 7	175,76	 73,70	   8,0	  18,7	  22,4	  22,2	  23,6	  26,2	  23,8	  -5,9
s	   115,2053	 3	  3,55	 90,00	  11,8	  21,9	  25,8	  26,6	  27,9	  28,0	  24,2	  -5,5
s	   115,3927	 4	  3,45	 93,07	  11,0	  21,7	  25,7	  26,5	  27,8	  27,8	  25,1	  -3,9
s	   115,4575	 4	  3,66	 86,69	  10,5	  20,9	  24,8	  25,3	  26,7	  27,6	  24,1	  -5,7
s	   115,5076	 8	125,32	100,87	   8,3	  19,6	  23,8	  24,2	  25,4	  26,0	  23,6	  -6,1
s	   115,9129	 5	  3,73	 84,39	   8,5	  19,6	  24,6	  25,3	  26,7	  27,6	  24,9	  -4,1
s	   116,0465	 5	  3,34	 96,35	  10,2	  20,8	  24,8	  25,2	  26,5	  27,5	  23,9	  -5,9
s	   116,1074	 8	187,32	 73,45	   7,7	  18,5	  22,3	  22,0	  23,4	  25,9	  23,6	  -6,2
s	   116,1623	 4	352,47	 89,64	  11,5	  21,7	  25,7	  26,4	  27,7	  27,7	  24,0	  -5,8
s	   116,3484	 5	352,37	 92,69	  10,7	  21,4	  25,6	  26,3	  27,6	  27,5	  24,9	  -4,2
s	   116,4127	 5	352,58	 86,36	  10,2	  20,7	  24,7	  25,2	  26,5	  27,2	  23,9	  -6,0
s	   116,5462	 4	198,58	 89,29	  10,9	  21,5	  25,6	  26,4	  27,7	  27,5	  25,0	  -4,1
s	   116,7317	 5	198,67	 92,33	  10,7	  21,4	  25,6	  26,3	  27,6	  27,4	  24,9	  -4,2
s	   116,7959	 5	198,48	 86,02	   9,7	  20,5	  24,6	  25,2	  26,4	  27,0	  24,9	  -4,2
s	   116,8651	 6	352,65	 84,07	   8,2	  19,3	  24,4	  25,2	  26,5	  27,3	  24,7	  -4,4
s	   116,9978	 6	352,27	 95,95	   9,9	  20,6	  24,6	  25,1	  26,4	  27,1	  23,7	  -6,2
s	   117,2598	 6	  3,86	 80,40	   9,1	  19,5	  23,3	  23,3	  24,7	  26,6	  23,7	  -6,2
s	   117,4753	 8	175,65	 70,80	   8,2	  19,2	  23,0	  22,7	  24,1	  26,8	  24,2	  -4,9
s	   118,2032	 7	352,78	 80,11	   8,9	  19,3	  23,1	  23,2	  24,5	  26,2	  23,5	  -6,5
s	   118,5816	 7	198,28	 79,79	   7,3	  18,5	  22,5	  22,7	  23,9	  25,4	  23,4	  -6,6
s	   118,6039	 7	  3,14	102,56	   8,1	  19,0	  22,9	  22,9	  24,3	  26,0	  23,4	  -6,6
s	   118,7306	 7	  3,96	 77,45	   8,6	  19,7	  23,6	  23,7	  25,0	  26,8	  24,2	  -5,1
s	   119,3460	 4	 14,15	 90,34	  10,5	  21,2	  25,3	  26,0	  27,3	  27,3	  23,7	  -6,4
s	   119,3913	 6	 53,64	 91,37	   8,8	  19,9	  24,3	  25,1	  26,3	  25,8	  23,5	  -6,6
s	   119,5280	 5	 14,06	 93,32	   9,8	  21,0	  25,2	  25,9	  27,2	  27,0	  24,6	  -4,7
s	   119,5385	 8	352,07	102,12	   7,8	  18,8	  22,7	  22,8	  24,1	  25,7	  23,2	  -6,9
s	   119,5733	 7	 53,58	 94,36	   8,6	  19,9	  24,2	  25,0	  26,2	  25,8	  23,3	  -6,8
s	   119,5910	 5	 14,25	 87,13	   9,3	  20,2	  24,3	  24,8	  26,0	  26,8	  23,6	  -6,5
s	   119,6362	 7	 53,70	 88,16	   8,3	  19,3	  23,6	  24,1	  25,3	  25,8	  23,3	  -6,8
s	   119,6644	 8	352,88	 77,17	   8,3	  19,4	  23,4	  23,5	  24,8	  26,4	  24,0	  -5,3
s	   119,9135	 8	198,96	101,74	   7,0	  18,3	  22,4	  22,5	  23,8	  25,2	  23,2	  -6,9
s	   119,9709	 5	 99,65	 91,71	  10,5	  21,1	  25,3	  26,1	  27,3	  27,0	  24,6	  -4,8
s	   120,0335	 6	 14,32	 84,89	   7,3	  18,9	  24,0	  24,7	  26,1	  26,9	  24,4	  -5,0
s	   120,0390	 8	198,19	 76,86	   7,5	  19,0	  23,1	  23,3	  24,6	  26,0	  24,0	  -5,4
s	   120,1522	 6	 99,67	 94,68	  10,3	  21,0	  25,3	  26,0	  27,2	  26,9	  24,4	  -5,0
s	   120,1633	 6	 13,96	 96,51	   9,0	  20,1	  24,2	  24,6	  25,9	  26,7	  23,4	  -6,8
s	   120,2084	 8	 53,52	 97,55	   7,3	  18,9	  23,2	  23,7	  24,9	  25,3	  23,2	  -7,0
s	   120,2710	 8	 53,76	 85,20	   8,0	  19,3	  23,5	  23,9	  25,1	  25,7	  23,2	  -7,0
s	   120,4232	 8	  3,04	105,45	   8,3	  19,5	  23,4	  23,5	  24,8	  26,6	  23,9	  -5,5
s	   120,7358	 8	  4,07	 74,34	   7,5	  18,3	  22,0	  21,8	  23,1	  25,8	  23,1	  -7,1
s	   120,7848	 7	 99,69	 97,86	   9,0	  20,0	  24,3	  24,7	  25,9	  26,4	  24,3	  -5,2
s	   121,0597	 6	 78,11	 91,69	   9,5	  20,6	  24,9	  25,7	  26,9	  26,4	  24,3	  -5,1
s	   121,2396	 7	 78,09	 94,64	   9,2	  20,5	  24,9	  25,6	  26,8	  26,4	  24,2	  -5,3
s	   121,3428	 7	 14,44	 81,01	   7,9	  18,8	  22,7	  22,7	  24,1	  25,8	  23,2	  -7,1
s	   121,9593	 8	 99,60	 82,42	   7,7	  19,0	  23,2	  23,4	  24,6	  25,9	  24,0	  -5,5
s	   122,6500	 8	 13,76	102,55	   6,9	  18,3	  22,3	  22,3	  23,6	  25,3	  22,9	  -7,4
s	   122,8986	 8	 14,54	 77,92	   8,4	  19,8	  23,9	  24,3	  25,5	  26,2	  23,7	  -5,9
s	   123,1972	 6	 99,44	 88,58	   9,1	  20,1	  24,2	  24,7	  25,9	  26,5	  24,1	  -5,5
s	   123,3291	 5	154,90	 87,54	   9,3	  20,2	  24,3	  24,8	  26,1	  26,8	  24,2	  -5,4
s	   123,8169	 7	 99,43	 85,68	   8,8	  20,0	  24,1	  24,6	  25,8	  26,4	  24,0	  -5,8
s	   124,2625	 7	 78,36	 88,59	   8,8	  20,0	  24,1	  24,5	  25,8	  26,4	  23,9	  -5,8
s	   124,7248	 8	 99,51	100,60	   8,5	  19,9	  24,0	  24,4	  25,7	  26,3	  23,8	  -6,0
s	   124,8779	 8	 78,38	 85,71	   8,5	  19,9	  24,0	  24,4	  25,6	  26,3	  23,8	  -6,1
s	   125,0375	 7	154,73	 81,57	   7,0	  18,2	  22,2	  22,3	  23,6	  25,1	  22,8	  -7,8
s	   125,0786	 7	304,79	 88,37	   8,3	  19,4	  23,9	  24,7	  25,8	  25,2	  22,8	  -7,8
s	   125,2537	 8	304,74	 91,24	   8,0	  19,3	  23,8	  24,6	  25,7	  25,1	  22,7	  -7,9
s	   125,3143	 8	304,85	 85,28	   7,0	  18,4	  22,9	  23,4	  24,5	  24,7	  22,7	  -7,9
s	   126,4332	 8	154,64	 78,76	   7,2	  18,8	  22,8	  22,9	  24,2	  25,8	  23,4	  -6,6
s	   126,6646	 5	209,78	 88,97	  10,1	  20,4	  24,5	  25,2	  26,4	  26,2	  22,9	  -7,8
s	   126,8379	 6	209,86	 91,81	   9,9	  20,3	  24,4	  25,1	  26,4	  26,1	  22,8	  -8,0
s	   128,3889	 8	210,02	 97,65	   8,8	  19,7	  23,8	  24,2	  25,4	  26,0	  23,2	  -6,9
s	   128,4146	 6	209,37	 85,96	   9,3	  19,8	  23,9	  24,4	  25,6	  26,1	  23,4	  -6,7
s	   128,9543	 7	209,62	 94,81	   9,0	  19,7	  23,8	  24,2	  25,5	  26,1	  23,3	  -6,9
s	   132,7351	 6	261,13	 88,07	   9,6	  20,3	  24,5	  25,3	  26,5	  26,1	  23,3	  -7,3
s	   132,9018	 7	261,14	 90,80	   9,3	  20,3	  24,5	  25,2	  26,4	  26,0	  23,1	  -7,4
s	   133,4838	 8	261,16	 93,73	   8,0	  19,3	  23,5	  23,9	  25,1	  25,5	  23,0	  -7,6
s	   133,7368	 7	280,94	 88,08	   8,5	  19,8	  24,2	  24,9	  26,1	  25,6	  23,1	  -7,6
s	   133,9025	 8	280,92	 90,80	   8,3	  19,7	  24,1	  24,8	  26,0	  25,5	  22,9	  -7,7
s	   134,0290	 8	330,48	 83,34	   7,3	  18,6	  22,8	  23,1	  24,4	  25,0	  21,9	  -9,5
s	   134,9673	 7	330,71	 86,09	   7,4	  18,6	  22,7	  23,2	  24,4	  25,0	  21,9	  -9,6
s	   135,0220	 8	233,84	 88,40	   7,5	  18,8	  23,3	  24,0	  25,1	  24,5	  21,8	  -9,7
s	   135,0572	 6	144,85	 90,96	   7,9	  19,6	  24,0	  24,7	  25,9	  25,6	  23,0	  -7,7
s	   135,2783	 7	144,77	 88,06	   6,7	  18,6	  23,0	  23,4	  24,6	  25,1	  22,9	  -7,8
s	   135,7951	 8	145,00	 96,54	   6,4	  18,6	  22,9	  23,3	  24,5	  25,0	  22,8	  -8,0
s	   135,8517	 8	144,70	 85,38	   6,4	  18,6	  22,9	  23,3	  24,5	  25,0	  22,8	  -8,0
s	   135,9489	 7	261,28	 85,18	   8,1	  19,3	  23,4	  23,9	  25,1	  25,6	  22,9	  -8,0
s	   136,1206	 5	 12,66	 90,30	   8,1	  19,6	  23,9	  24,7	  25,9	  25,5	  23,1	  -7,8
s	   136,2838	 6	 12,58	 92,98	   7,9	  19,6	  23,9	  24,6	  25,8	  25,5	  22,9	  -7,9
s	   136,3402	 6	 12,75	 87,42	   6,8	  18,6	  23,0	  23,5	  24,6	  25,1	  22,9	  -7,9
s	   136,5201	 8	261,27	 82,52	   7,9	  19,2	  23,4	  23,7	  25,0	  25,6	  22,7	  -8,2
s	   136,8537	 7	 12,48	 95,84	   6,6	  18,6	  22,9	  23,4	  24,5	  25,0	  22,8	  -8,1
s	   136,9100	 7	 12,83	 84,76	   7,3	  19,0	  23,2	  23,6	  24,8	  25,4	  22,8	  -8,1
s	   136,9309	 8	280,75	 85,21	   7,9	  19,2	  23,3	  23,7	  24,9	  25,5	  22,7	  -8,2
s	   137,6105	 6	156,24	 90,64	   8,5	  19,8	  24,0	  24,8	  26,0	  25,6	  22,8	  -8,1
s	   137,7453	 8	 12,40	 98,48	   6,1	  18,2	  22,6	  23,0	  24,2	  24,6	  22,4	  -8,6
s	   137,7723	 7	156,31	 93,29	   8,3	  19,7	  24,0	  24,7	  25,9	  25,5	  22,7	  -8,3
s	   137,9131	 8	 12,92	 81,93	   5,3	  17,0	  21,2	  21,2	  22,5	  23,8	  21,5	 -10,2
s	   138,3928	 8	156,07	 85,15	   7,0	  18,7	  23,0	  23,4	  24,6	  25,0	  22,5	  -8,5
s	   141,0676	 6	 32,47	 90,89	   7,6	  19,2	  23,6	  24,4	  25,5	  24,9	  22,5	  -8,8
s	   141,2260	 7	 32,40	 93,49	   7,4	  19,1	  23,5	  24,3	  25,4	  24,9	  22,4	  -8,9
s	   141,2808	 7	 32,55	 88,10	   6,4	  18,2	  22,6	  23,1	  24,2	  24,5	  22,4	  -8,9
s	   141,7792	 8	 32,32	 96,27	   6,1	  18,1	  22,5	  23,0	  24,1	  24,4	  22,2	  -9,1
s	   144,3137	 8	 30,59	 93,39	   5,0	  17,4	  22,9	  23,9	  25,1	  24,6	  22,0	  -9,5
s	   147,0237	 6	 98,13	 91,73	   8,1	  18,7	  23,0	  23,8	  24,9	  24,2	  21,0	 -11,6
s	   147,1766	 7	 98,15	 94,24	   7,8	  18,6	  22,9	  23,7	  24,8	  24,2	  20,8	 -11,7
s	   147,7108	 8	 98,16	 96,93	   6,5	  17,6	  21,9	  22,4	  23,5	  23,7	  20,7	 -11,9
s	   148,0579	 7	 79,97	 91,72	   7,0	  18,3	  22,7	  23,4	  24,5	  23,9	  20,8	 -11,9
s	   148,2099	 8	 79,96	 94,22	   6,8	  18,2	  22,6	  23,3	  24,4	  23,9	  20,6	 -12,0
s	   149,7464	 6	194,97	 89,43	   7,7	  18,9	  23,2	  23,9	  25,1	  24,6	  20,7	 -12,1
s	   149,9490	 7	194,89	 86,77	   6,4	  17,9	  22,2	  22,7	  23,8	  24,1	  20,6	 -12,2
s	   150,2161	 7	242,86	 88,26	   7,7	  18,9	  23,3	  24,0	  25,1	  24,5	  21,6	 -10,5
s	   150,2253	 7	 97,98	 89,08	   6,6	  17,7	  21,9	  22,4	  23,5	  23,8	  20,6	 -12,3
s	   150,3662	 8	242,90	 90,72	   7,4	  18,9	  23,2	  23,9	  25,0	  24,5	  21,5	 -10,6
s	   150,4182	 8	242,82	 85,61	   6,4	  18,0	  22,3	  22,8	  23,9	  24,1	  21,5	 -10,6
s	   150,7502	 8	 97,97	 86,63	   6,4	  17,6	  21,8	  22,2	  23,4	  23,7	  20,4	 -12,5
s	   150,8970	 6	139,81	 91,10	   7,9	  18,6	  22,8	  23,6	  24,7	  24,2	  20,6	 -12,3
s	   151,0466	 7	139,87	 93,55	   6,9	  18,1	  22,5	  23,2	  24,4	  23,7	  20,5	 -12,4
s	   151,2428	 8	 80,16	 89,09	   6,4	  17,7	  21,8	  22,2	  23,4	  23,9	  20,4	 -12,5
s	   151,4623	 8	139,70	 86,62	   3,6	  15,7	  21,1	  21,8	  23,0	  23,1	  20,4	 -12,6
s	   154,6850	 7	 29,76	 90,82	   6,0	  18,0	  22,6	  23,4	  24,4	  23,7	  21,2	 -11,2
s	   154,7660	 8	 29,71	 92,63	   3,7	  16,5	  22,1	  23,1	  24,2	  23,5	  21,1	 -11,4
s	   154,8170	 8	345,48	 86,86	   6,0	  17,6	  21,9	  22,3	  23,5	  23,8	  20,1	 -13,2
s	   154,8468	 4	177,30	 92,40	   7,6	  18,4	  23,4	  24,4	  25,7	  25,6	  21,5	 -10,9
s	   154,9866	 7	138,31	 88,55	   6,9	  18,1	  22,2	  22,6	  23,8	  24,2	  21,0	 -11,5
s	   155,4473	 8	138,49	 96,11	   6,7	  18,0	  22,2	  22,5	  23,7	  24,2	  20,8	 -11,7
s	   155,5950	 5	185,97	 92,11	   7,4	  18,2	  23,3	  24,3	  25,5	  25,3	  21,4	 -11,2
s	   156,4036	 8	 30,66	 88,29	   5,4	  17,5	  21,8	  22,3	  23,4	  23,8	  21,0	 -11,7
s	   157,2328	 7	 39,71	 91,09	   6,6	  17,8	  22,2	  22,9	  24,0	  23,4	  20,0	 -13,5
s	   157,3772	 8	 39,65	 93,46	   5,6	  17,4	  21,9	  22,6	  23,7	  22,9	  19,9	 -13,6
s	   157,7186	 8	222,52	 86,11	   6,6	  17,8	  22,0	  22,4	  23,5	  23,8	  20,6	 -12,1
s	   159,3757	 8	 40,49	 88,59	   5,7	  17,4	  21,7	  22,1	  23,2	  23,5	  20,5	 -12,4
s	   159,8351	 7	262,43	 88,08	   7,2	  18,0	  22,3	  23,0	  24,1	  23,4	  19,8	 -13,9
s	   159,9774	 8	262,44	 90,41	   7,0	  18,0	  22,3	  22,9	  24,0	  23,4	  19,6	 -14,1
s	   160,5559	 7	115,52	 91,58	   7,4	  18,0	  22,2	  23,0	  24,0	  23,2	  19,6	 -14,1
s	   160,6611	 5	  2,61	 92,32	   6,4	  17,7	  22,8	  23,8	  25,1	  24,8	  20,9	 -12,1
s	   160,6977	 8	115,55	 93,90	   7,1	  17,9	  22,2	  22,9	  23,9	  23,2	  19,5	 -14,2
s	   160,7468	 8	115,48	 89,07	   5,2	  16,6	  21,0	  21,5	  22,6	  22,5	  19,6	 -14,2
s	   160,9982	 8	 20,74	 88,06	   5,9	  17,6	  21,8	  22,3	  23,4	  23,7	  20,6	 -12,4
s	   161,3054	 8	203,83	 86,67	   5,1	  17,2	  21,6	  22,0	  23,1	  23,2	  20,6	 -12,5
s	   161,3860	 6	354,22	 92,04	   6,1	  17,5	  22,7	  23,7	  24,9	  24,5	  20,8	 -12,3
s	   163,0269	 8	262,54	 85,61	   5,8	  17,0	  21,2	  21,6	  22,8	  23,0	  19,4	 -14,6
s	   165,1745	 3	177,38	 90,00	   8,6	  19,1	  23,1	  23,9	  25,1	  24,7	  20,8	 -12,6
s	   165,3608	 4	177,30	 87,56	   8,1	  18,5	  22,4	  22,9	  24,1	  24,7	  20,7	 -12,8
s	   165,7966	 5	177,53	 94,70	   7,8	  18,4	  22,3	  22,7	  24,0	  24,6	  20,5	 -12,9
s	   165,8444	 5	177,23	 85,30	   7,1	  18,0	  22,1	  22,5	  23,7	  24,2	  20,5	 -12,9
s	   165,8824	 4	185,57	 89,73	   8,3	  18,9	  23,0	  23,8	  24,9	  24,4	  20,6	 -12,8
s	   165,9135	 7	346,23	 91,74	   4,9	  16,8	  22,2	  23,1	  24,3	  23,8	  20,3	 -13,2
s	   166,0680	 5	185,49	 87,30	   7,8	  18,3	  22,3	  22,7	  23,9	  24,4	  20,5	 -13,0
s	   166,5022	 6	185,72	 94,42	   7,6	  18,2	  22,2	  22,6	  23,8	  24,3	  20,4	 -13,2
s	   166,5542	 6	177,60	 96,94	   7,6	  18,4	  22,3	  22,6	  23,9	  24,5	  20,4	 -13,2
s	   166,7154	 8	185,76	 84,87	   6,4	  17,5	  21,8	  22,2	  23,3	  23,3	  20,1	 -13,4
s	   167,2571	 7	185,79	 96,66	   7,3	  18,2	  22,1	  22,5	  23,7	  24,2	  20,2	 -13,4
s	   167,7928	 7	177,07	 80,66	   6,0	  17,1	  21,0	  21,1	  22,3	  23,7	  19,9	 -13,7
s	   168,4912	 8	185,27	 80,43	   5,8	  16,9	  20,9	  21,0	  22,2	  23,4	  19,7	 -14,0
s	   168,7617	 7	202,03	 91,45	   5,6	  17,0	  22,3	  23,2	  24,4	  23,8	  20,1	 -13,7
s	   169,0601	 8	177,76	101,53	   5,0	  16,6	  20,6	  20,7	  21,9	  23,2	  19,7	 -14,1
s	   169,2703	 7	133,79	 91,25	   6,8	  18,0	  22,4	  23,1	  24,2	  23,5	  20,0	 -13,7
s	   169,2722	 7	151,56	 88,40	   5,9	  17,4	  21,5	  22,0	  23,0	  23,4	  20,0	 -13,8
s	   169,2948	 8	177,00	 78,30	   4,2	  15,4	  19,2	  19,0	  20,2	  22,4	  18,9	 -15,6
s	   169,4058	 8	133,84	 93,47	   5,8	  17,6	  22,1	  22,8	  23,8	  23,0	  19,9	 -13,9
s	   169,6993	 8	151,75	 95,40	   5,7	  17,3	  21,4	  21,8	  22,9	  23,3	  19,8	 -14,0
s	   170,3062	 5	193,38	 89,49	   7,2	  18,2	  22,5	  23,2	  24,4	  23,7	  20,2	 -13,7
s	   170,4877	 6	193,30	 87,11	   6,7	  17,6	  21,8	  22,2	  23,4	  23,7	  20,0	 -13,8
s	   170,6967	 7	 97,15	 91,75	   6,7	  17,8	  22,3	  23,0	  24,1	  23,1	  19,9	 -14,0
s	   170,8313	 8	 97,16	 93,95	   6,5	  17,8	  22,2	  23,0	  24,0	  23,1	  19,8	 -14,1
s	   170,9586	 7	193,23	 84,91	   5,7	  17,2	  21,4	  21,9	  23,0	  23,2	  19,9	 -14,0
s	   170,9940	 4	  2,54	 90,00	   7,4	  18,4	  22,5	  23,3	  24,5	  23,9	  20,2	 -13,7
s	   171,1748	 5	  2,62	 87,63	   6,9	  17,8	  21,8	  22,3	  23,5	  23,9	  20,1	 -13,8
s	   171,5977	 6	  2,40	 94,56	   6,6	  17,7	  21,8	  22,2	  23,4	  23,8	  19,9	 -14,0
s	   171,6441	 6	  2,69	 85,43	   6,6	  17,7	  21,8	  22,2	  23,4	  23,8	  19,9	 -14,0
s	   171,6501	 8	193,59	 96,26	   6,2	  17,5	  21,6	  22,0	  23,1	  23,5	  19,7	 -14,3
s	   171,6810	 5	354,59	 89,74	   7,1	  18,1	  22,4	  23,2	  24,3	  23,6	  20,1	 -13,9
s	   171,8612	 6	354,67	 87,38	   6,6	  17,6	  21,7	  22,1	  23,3	  23,6	  19,9	 -14,1
s	   172,2827	 7	354,45	 94,29	   6,4	  17,5	  21,6	  22,0	  23,2	  23,5	  19,8	 -14,3
s	   172,3332	 7	  2,33	 96,74	   6,4	  17,7	  21,7	  22,0	  23,2	  23,7	  19,8	 -14,3
s	   172,4718	 7	  2,77	 83,09	   5,3	  16,7	  20,8	  20,9	  22,1	  23,3	  19,8	 -14,3
s	   173,0157	 8	354,38	 96,46	   6,1	  17,4	  21,6	  21,9	  23,1	  23,4	  19,6	 -14,5
s	   173,1537	 8	354,82	 82,86	   5,1	  16,5	  20,6	  20,8	  21,9	  23,0	  19,6	 -14,5
s	   173,3452	 8	 45,00	 91,22	   6,6	  17,8	  22,1	  22,8	  23,8	  23,1	  19,5	 -14,6
s	   173,5359	 8	  2,84	 80,93	   5,6	  16,8	  20,7	  20,7	  22,0	  23,4	  19,3	 -14,8
s	   173,9828	 5	 10,23	 90,24	   6,3	  17,8	  22,1	  22,8	  24,0	  23,3	  19,9	 -14,3
s	   174,1151	 6	 10,16	 92,41	   6,0	  17,7	  22,0	  22,8	  23,9	  23,3	  19,7	 -14,5
s	   174,1609	 6	 10,31	 87,91	   5,0	  16,8	  21,1	  21,6	  22,7	  22,9	  19,7	 -14,5
s	   174,1721	 8	338,60	 91,41	   4,3	  16,3	  21,7	  22,7	  23,8	  23,0	  19,5	 -14,7
s	   174,4999	 8	 81,31	 91,74	   5,6	  17,3	  21,8	  22,6	  23,6	  22,7	  19,5	 -14,7
s	   174,5776	 7	 10,09	 94,74	   4,8	  16,7	  21,0	  21,5	  22,6	  22,8	  19,6	 -14,6
s	   174,6232	 7	 10,38	 85,75	   5,5	  17,1	  21,3	  21,7	  22,9	  23,2	  19,6	 -14,6
s	   174,6344	 7	193,16	 91,66	   4,5	  16,4	  21,8	  22,7	  23,9	  23,3	  19,6	 -14,7
s	   175,3021	 8	 10,02	 96,89	   4,5	  16,7	  21,0	  21,4	  22,5	  22,7	  19,4	 -14,9
s	   175,4386	 8	 10,45	 83,44	   4,2	  16,1	  20,3	  20,4	  21,6	  22,7	  19,4	 -14,9
s	   178,3873	 6	200,86	 89,26	   6,6	  17,7	  22,0	  22,8	  23,8	  23,0	  19,4	 -15,2
s	   178,5616	 7	200,79	 86,98	   6,1	  17,1	  21,3	  21,8	  22,9	  23,0	  19,3	 -15,3
s	   178,9693	 8	200,99	 93,66	   5,9	  17,1	  21,3	  21,7	  22,8	  22,9	  19,1	 -15,5
s	   179,7444	 6	 16,95	 90,46	   5,8	  17,3	  21,7	  22,5	  23,6	  22,7	  19,3	 -15,4
s	   179,9175	 7	 17,02	 88,19	   5,3	  16,8	  21,0	  21,5	  22,6	  22,7	  19,2	 -15,5
s	   180,3088	 8	347,21	 91,61	   3,3	  15,7	  21,2	  22,2	  23,3	  22,5	  19,0	 -15,7
s	   180,3226	 8	 16,82	 94,83	   5,0	  16,7	  21,0	  21,4	  22,5	  22,6	  19,0	 -15,7
s	   180,3670	 8	 17,09	 86,09	   5,0	  16,7	  21,0	  21,4	  22,5	  22,6	  19,0	 -15,7
s	   183,8407	 7	339,71	 89,28	   5,4	  17,0	  21,5	  22,2	  23,2	  22,3	  18,9	 -16,2
s	   184,0104	 8	339,77	 87,05	   4,9	  16,4	  20,8	  21,2	  22,3	  22,2	  18,8	 -16,3
s	   184,7286	 6	192,44	 89,52	   6,1	  17,3	  21,6	  22,3	  23,4	  22,7	  17,9	 -18,0
s	   184,8977	 7	192,37	 87,31	   4,8	  16,3	  20,6	  21,0	  22,1	  22,2	  17,8	 -18,2
s	   185,3365	 8	192,31	 85,26	   4,8	  16,5	  20,8	  21,2	  22,2	  22,4	  18,6	 -16,6
s	   185,6112	 8	154,94	 94,97	   4,1	  16,2	  20,5	  20,9	  22,0	  22,2	  18,6	 -16,6
s	   186,4278	 8	263,38	 88,09	   5,8	  17,1	  21,6	  22,3	  23,3	  22,3	  18,6	 -16,7
s	   187,5117	 8	216,48	 88,82	   4,3	  15,9	  20,5	  21,2	  22,2	  21,1	  17,5	 -18,7
s	   187,7526	 8	112,09	 91,63	   5,0	  16,6	  21,2	  22,0	  22,9	  21,8	  18,5	 -17,0
s	   190,4206	 7	347,89	 89,54	   4,9	  16,6	  21,0	  21,7	  22,8	  21,9	  17,3	 -19,1
s	   190,5852	 8	347,96	 87,38	   3,6	  15,6	  20,0	  20,5	  21,5	  21,5	  17,2	 -19,2
s	   193,5399	 7	199,36	 89,31	   5,0	  16,6	  21,1	  21,8	  22,8	  21,8	  18,1	 -17,8
s	   193,6604	 8	199,42	 91,29	   4,8	  16,5	  21,0	  21,7	  22,7	  21,7	  18,0	 -17,9
s	   196,5062	 7	149,13	 90,87	   5,1	  16,1	  20,4	  21,2	  22,1	  21,2	  16,8	 -20,1
s	   196,6663	 8	149,08	 88,77	   4,6	  15,6	  19,7	  20,2	  21,1	  21,1	  16,7	 -20,3
s	   199,0438	 8	341,13	 89,33	   4,3	  16,1	  20,6	  21,3	  22,3	  21,2	  16,6	 -20,6
s	   199,5468	 8	155,73	 90,69	   3,8	  16,0	  20,6	  21,3	  22,2	  21,2	  17,6	 -18,9
s	   200,7847	 8	 96,20	 91,76	   4,5	  15,7	  20,2	  20,9	  21,9	  20,6	  16,5	 -20,9
s	   203,3470	 8	213,61	 88,90	   3,7	  15,3	  19,9	  20,6	  21,5	  20,3	  16,3	 -21,3
s	   209,5222	 5	177,93	 91,84	   4,3	  15,7	  20,8	  21,7	  22,9	  22,3	  17,2	 -20,2
s	   211,2991	 8	177,64	 82,84	  -0,7	  11,9	  18,1	  18,7	  19,9	  20,9	  16,5	 -21,0
s	   211,5410	 8	177,62	 82,39	   1,3	  13,4	  18,5	  18,8	  20,0	  21,0	  16,5	 -21,1
s	   215,3410	 6	  2,02	 91,80	   3,2	  15,0	  20,2	  21,2	  22,3	  21,5	  16,6	 -21,2
s	   215,9021	 7	355,52	 91,58	   2,9	  14,8	  20,1	  21,0	  22,1	  21,2	  16,5	 -21,4
s	   217,6245	 7	165,09	 92,19	   2,9	  14,7	  20,1	  21,0	  22,1	  21,2	  16,4	 -21,7
s	   219,8886	 4	177,96	 90,00	   5,9	  16,6	  20,6	  21,3	  22,4	  21,7	  15,5	 -23,5
s	   220,0335	 5	177,90	 88,10	   5,4	  16,0	  19,9	  20,3	  21,4	  21,6	  15,4	 -23,7
s	   220,3726	 6	178,08	 93,66	   4,5	  15,6	  19,6	  19,9	  21,0	  21,2	  15,2	 -23,8
s	   220,4098	 6	177,84	 86,34	   4,7	  15,8	  19,8	  20,2	  21,3	  21,4	  16,3	 -22,1
s	   220,4394	 5	184,33	 89,79	   5,7	  16,4	  20,5	  21,2	  22,3	  21,4	  15,3	 -23,7
s	   220,5839	 6	184,27	 87,90	   4,5	  15,4	  19,5	  19,9	  21,0	  20,9	  15,2	 -23,9
s	   220,9223	 7	184,45	 93,44	   4,2	  15,4	  19,5	  19,8	  20,9	  20,9	  15,1	 -24,0
s	   221,0741	 7	177,78	 84,45	   3,2	  14,6	  18,6	  18,7	  19,8	  20,7	  15,1	 -24,1
s	   221,6222	 8	184,16	 84,26	   2,9	  14,4	  18,5	  18,5	  19,6	  20,4	  14,9	 -24,3
s	   221,8558	 8	178,20	 97,29	   3,7	  14,9	  18,8	  18,8	  19,9	  21,0	  14,9	 -24,3
s	   223,2541	 8	 14,57	 92,14	   1,7	  14,1	  19,5	  20,5	  21,5	  20,4	  15,8	 -22,7
s	   225,7104	 5	  1,99	 90,00	   4,8	  15,9	  20,1	  20,8	  21,8	  21,0	  15,0	 -24,6
s	   225,8519	 6	  2,05	 88,14	   4,3	  15,4	  19,4	  19,7	  20,8	  20,9	  14,9	 -24,7
s	   226,1832	 7	  1,88	 93,57	   3,3	  14,9	  19,0	  19,4	  20,5	  20,5	  14,7	 -24,9
s	   226,2195	 7	  2,11	 86,42	   3,5	  15,1	  19,3	  19,6	  20,7	  20,7	  15,7	 -23,1
s	   226,2484	 6	355,77	 89,80	   4,5	  15,7	  20,0	  20,7	  21,7	  20,7	  14,8	 -24,8
s	   226,3897	 7	355,83	 87,95	   3,3	  14,8	  19,0	  19,4	  20,4	  20,2	  14,7	 -24,9
s	   226,7202	 8	355,65	 93,36	   3,0	  14,7	  18,9	  19,3	  20,3	  20,2	  14,6	 -25,1
s	   227,4109	 8	171,99	 91,91	   0,8	  13,6	  19,2	  20,1	  21,1	  20,1	  15,6	 -23,4
s	   227,6652	 6	  7,39	 90,17	   3,7	  15,4	  19,7	  20,4	  21,4	  20,4	  14,7	 -25,0
s	   227,8057	 7	  7,45	 88,33	   3,2	  14,8	  19,0	  19,3	  20,4	  20,4	  14,6	 -25,1
s	   228,1344	 8	  7,27	 93,72	   2,2	  14,4	  18,7	  19,0	  20,0	  19,9	  14,5	 -25,3
s	   228,1704	 8	  7,50	 86,63	   2,5	  14,6	  18,9	  19,3	  20,3	  20,1	  15,5	 -23,5
s	   228,6208	 7	196,61	 89,41	   4,2	  15,5	  19,8	  20,5	  21,4	  20,3	  14,6	 -25,3
s	   228,7248	 8	196,66	 91,11	   3,5	  15,2	  19,7	  20,4	  21,3	  20,1	  15,5	 -23,6
s	   228,7607	 8	196,55	 87,57	   3,0	  14,5	  18,8	  19,2	  20,2	  19,8	  14,4	 -25,4
s	   229,4836	 7	195,87	 89,43	   4,2	  15,4	  19,8	  20,4	  21,4	  20,3	  14,5	 -25,4
s	   229,5872	 8	195,92	 91,13	   3,5	  15,2	  19,7	  20,4	  21,3	  20,0	  15,4	 -23,7
s	   229,6230	 8	195,81	 87,60	   2,9	  14,5	  18,8	  19,2	  20,2	  19,8	  14,4	 -25,5
s	   234,2082	 8	343,76	 89,42	   3,1	  14,8	  19,3	  20,0	  20,9	  19,6	  14,1	 -26,3
s	   239,1576	 8	202,06	 89,24	   2,4	  14,5	  19,1	  19,8	  20,7	  19,2	  14,7	 -25,3
s	   244,3980	 7	166,55	 90,37	   2,4	  14,5	  19,0	  19,7	  20,6	  19,3	  14,5	 -26,0
s	   244,4958	 8	166,60	 91,97	   2,2	  14,4	  18,9	  19,6	  20,5	  19,2	  14,4	 -26,1
s	   244,5297	 8	166,50	 88,64	   1,9	  13,9	  18,3	  18,7	  19,6	  19,2	  14,4	 -26,1
#END
