#HEADER
CATT-Acoustic v8.0b    Copyright © CATT 1988-2003

 Project                : Aula Optica 

 GEOMETRICAL INFORMATION
 Src id and loc     [m] :   E0           9,400        4,600        1,300
 Rec id and loc     [m] :   16           3,000        7,600        1,200

 16       20,5897

 VARIABLE SOURCE DATA
 Directivity
   Type (library)       :  OMNI.SD0
   Dir. Index (DI) [dB] :       0,0      0,0      0,0      0,0      0,0      0,0      0,0      0,0
 Level
   On axis 1m      [dB] :      48,1     57,1     60,8     61,7     63,4     64,6     64,6     48,2
   Total power     [dB] :      59,0     68,0     71,7     72,6     74,3     75,5     75,5     59,1
   Auxiliary delay [ms] :       0,0

 VARIABLE AIR DATA
 Temperature       [°C] :      20
 Relative humidity  [%] :      50
 Density        [kg/m³] :       1,2
 Sound speed      [m/s] :     343
 Impedance      [Ns/m³] :     412
 Diss. coeff. [0.001/m] :      0,10     0,30     0,63     1,07     2,28     6,83    24,23    83,90      (estimated)

#DATAFIELDS
 TYPE DELAY ORDER AZIMUTH ELEVATION SPL125 SPL250 SPL500 SPL1K SPL2K SPL4K SPL8K SPL16K
#DATA
d	     0,0000	 0	187,69	 88,98	  31,1	  40,1	  43,8	  44,7	  46,3	  47,4	  46,9	  28,6
s	     1,2478	 1	188,25	109,26	  29,9	  39,1	  42,8	  43,6	  45,3	  46,4	  45,7	  27,4
*	    41,3661	 1	214,42	 94,25	 -16,7	  -7,5	  -3,9	  -3,0	  -1,5	  -0,6	  -2,3	 -24,2
*	    39,3806	 1	202,20	 94,48	 -15,4	  -6,2	  -2,6	  -1,7	  -0,1	   0,7	  -0,9	 -22,7
*	    42,3578	 1	190,73	 94,53	 -16,6	  -7,4	  -3,8	  -3,0	  -1,4	  -0,6	  -2,3	 -24,3
*	    26,2785	 1	215,35	 95,61	  -9,0	   0,2	   3,9	   4,7	   6,3	   7,2	   5,9	 -14,6
*	    23,1521	 1	199,85	 95,87	  -5,8	   3,3	   7,0	   7,8	   9,4	  10,4	   9,2	 -11,1
*	    27,1546	 1	185,83	 95,75	  -8,3	   0,9	   4,6	   5,4	   7,0	   7,9	   6,6	 -14,0
*	    13,5113	 1	216,97	 97,97	  -0,6	   8,5	  12,2	  13,1	  14,7	  15,7	  14,8	  -4,7
*	     8,0909	 1	195,83	 98,21	   8,9	  18,0	  21,7	  22,5	  24,2	  25,2	  24,4	   5,5
*	    14,1920	 1	178,11	 97,57	   1,8	  11,0	  14,7	  15,5	  17,2	  18,2	  17,2	  -2,3
*	     6,0158	 1	220,50	103,00	   4,5	  13,7	  17,4	  18,2	  19,9	  20,9	  20,2	   1,4
*	     1,5821	 1	187,53	102,81	  11,4	  20,6	  24,3	  25,1	  26,8	  27,9	  27,2	   8,9
*	     8,6781	 1	164,99	100,31	   4,1	  13,2	  16,9	  17,7	  19,4	  20,4	  19,6	   0,6
*	     3,6783	 1	233,80	119,31	   9,5	  18,7	  22,4	  23,2	  24,9	  26,0	  25,3	   6,7
*	     2,4336	 1	163,51	113,51	   8,9	  18,0	  21,7	  22,6	  24,2	  25,3	  24,6	   6,2
*	    10,5911	 1	142,03	103,68	   0,3	   9,4	  13,1	  14,0	  15,6	  16,6	  15,8	  -3,4
*	     8,8932	 1	351,65	133,57	   9,1	  18,3	  22,0	  22,8	  24,4	  25,5	  24,7	   5,6
*	     9,2246	 1	 95,88	118,89	   5,0	  14,2	  17,9	  18,7	  20,3	  21,4	  20,6	   1,5
*	    17,5700	 1	109,90	104,79	  -4,4	   4,7	   8,4	   9,2	  10,9	  11,9	  10,8	  -9,0
s	     1,6634	 1	187,08	 67,49	  28,2	  37,3	  41,0	  41,5	  43,2	  45,0	  44,8	  25,6
*	    58,1118	 1	193,51	 84,57	 -19,8	  -9,9	  -6,1	  -5,3	  -3,8	  -2,3	  -4,0	 -25,7
*	    55,0970	 1	203,02	 84,10	 -18,8	  -8,9	  -5,1	  -4,3	  -2,8	  -1,3	  -2,9	 -24,3
*	    55,8401	 1	213,10	 83,79	 -19,2	  -9,4	  -5,5	  -4,8	  -3,2	  -1,8	  -3,4	 -24,9
*	    42,6586	 1	189,74	 83,73	 -13,6	  -3,7	   0,2	   0,9	   2,5	   4,1	   2,8	 -17,5
*	    38,8775	 1	200,95	 83,06	 -11,9	  -2,1	   1,8	   2,6	   4,1	   5,7	   4,5	 -15,5
*	    40,0080	 1	213,16	 82,64	 -12,9	  -3,0	   0,9	   1,6	   3,2	   4,8	   3,6	 -16,5
*	    28,0447	 1	184,29	 82,58	  -5,7	   4,2	   8,1	   8,8	  10,4	  12,1	  11,2	  -7,8
*	    22,9265	 1	197,82	 81,51	  -2,4	   7,5	  11,3	  12,1	  13,7	  15,4	  14,6	  -3,9
*	    24,9022	 1	213,26	 80,86	  -4,8	   5,0	   8,9	   9,7	  11,3	  13,0	  12,1	  -6,6
*	    15,9645	 1	175,93	 80,95	   3,1	  13,0	  16,9	  17,6	  19,3	  21,0	  20,4	   2,5
*	     8,2054	 1	192,52	 78,98	  12,3	  22,2	  26,1	  26,9	  28,5	  30,3	  29,9	  12,7
*	    12,0535	 1	213,43	 77,80	   4,1	  14,0	  17,8	  18,6	  20,2	  22,0	  21,5	   3,9
*	    10,8814	 1	162,36	 78,76	   5,1	  15,0	  18,9	  19,6	  21,3	  23,1	  22,6	   5,1
*	     2,2788	 1	181,97	 74,36	  14,1	  24,0	  27,9	  28,6	  30,3	  32,1	  31,9	  15,2
*	     4,8053	 1	213,80	 71,21	   9,0	  18,9	  22,7	  23,5	  25,2	  27,0	  26,7	   9,7
*	    12,8521	 1	140,48	 76,59	   1,7	  11,5	  15,4	  16,2	  17,8	  19,6	  19,1	   1,4
*	     3,9005	 1	155,67	 65,96	  10,0	  19,9	  23,8	  24,6	  26,2	  28,0	  27,8	  10,9
*	     2,9284	 1	215,38	 49,37	  13,3	  23,2	  27,1	  27,8	  29,5	  31,3	  31,1	  14,3
*	    19,7222	 1	112,13	 76,58	  -2,9	   6,9	  10,8	  11,6	  13,2	  14,9	  14,2	  -4,1
*	    11,0081	 1	101,85	 64,27	   5,3	  15,2	  19,1	  19,8	  21,5	  23,3	  22,8	   5,3
*	     8,5604	 1	 28,51	 35,48	  11,9	  21,8	  25,7	  26,5	  28,1	  29,9	  29,5	  12,2
s	     5,1428	 2	188,86	126,64	  26,7	  36,0	  39,6	  40,1	  41,8	  43,7	  43,3	  23,8
s	     5,4964	 2	186,51	 51,92	  27,1	  36,6	  40,3	  40,8	  42,5	  44,3	  43,9	  25,2
s	     5,7746	 1	257,82	 87,85	  27,8	  36,8	  40,6	  41,5	  43,1	  44,0	  43,2	  23,7
*	     6,2810	 1	273,57	102,27	  13,3	  22,3	  26,1	  27,0	  28,6	  29,5	  29,9	  12,8
*	     6,1415	 1	248,31	 97,83	  10,1	  19,2	  22,9	  23,8	  25,4	  26,3	  26,8	   9,7
*	     7,3922	 1	236,83	 95,22	   7,4	  16,4	  20,2	  21,1	  22,7	  23,6	  24,0	   6,8
*	     7,7389	 1	236,54	 75,79	   7,1	  16,1	  19,9	  20,8	  22,4	  23,2	  23,6	   6,4
*	     9,7876	 1	230,77	 93,74	   5,1	  14,2	  17,9	  18,8	  20,4	  21,3	  21,6	   4,2
*	    10,0894	 1	230,51	 78,96	   4,9	  13,9	  17,7	  18,6	  20,2	  21,0	  21,4	   3,9
*	    13,4568	 1	227,09	 92,82	   2,6	  11,6	  15,4	  16,3	  17,9	  18,7	  18,9	   1,2
*	    13,7259	 1	226,87	 80,96	   2,4	  11,4	  15,2	  16,0	  17,6	  18,5	  18,7	   1,0
*	    18,4258	 1	224,65	 92,20	  -0,6	   8,4	  12,2	  13,0	  14,6	  15,4	  15,5	  -2,6
*	    18,6633	 1	224,46	 82,32	  -0,8	   8,2	  12,0	  12,9	  14,5	  15,3	  15,4	  -2,8
*	    24,4722	 1	222,91	 91,75	  -4,3	   4,8	   8,5	   9,4	  11,0	  11,7	  11,7	  -7,0
*	    24,6789	 1	222,74	 83,31	  -4,4	   4,6	   8,4	   9,3	  10,8	  11,6	  11,5	  -7,2
*	    31,2726	 1	221,62	 91,42	  -8,0	   1,0	   4,8	   5,7	   7,2	   7,9	   7,7	 -11,6
*	    31,4520	 1	221,47	 84,04	  -8,1	   0,9	   4,7	   5,6	   7,1	   7,9	   7,6	 -11,7
*	    38,5604	 1	220,62	 91,17	 -11,5	  -2,5	   1,3	   2,1	   3,7	   4,3	   3,9	 -16,0
*	    38,7172	 1	220,49	 84,63	 -11,6	  -2,6	   1,2	   2,1	   3,6	   4,3	   3,9	 -16,1
*	    46,1596	 1	219,81	 90,95	 -14,8	  -5,7	  -2,0	  -1,1	   0,4	   1,0	   0,4	 -20,2
*	    46,2981	 1	219,69	 85,08	 -14,8	  -5,8	  -2,0	  -1,2	   0,3	   1,0	   0,3	 -20,3
*	    53,9624	 1	219,17	 90,80	 -17,7	  -8,7	  -5,0	  -4,1	  -2,6	  -2,0	  -2,8	 -24,2
*	    54,0860	 1	219,06	 85,46	 -17,8	  -8,8	  -5,0	  -4,2	  -2,6	  -2,1	  -2,9	 -24,2
s	     6,7602	 2	257,91	103,92	  27,7	  37,0	  40,7	  41,6	  43,2	  44,1	  43,5	  24,6
*	     8,8511	 1	283,33	 74,43	  11,5	  20,7	  24,4	  25,2	  26,9	  27,9	  27,1	   8,1
*	    13,9661	 1	332,15	 76,18	   8,2	  17,3	  21,0	  21,9	  23,5	  24,5	  23,5	   4,1
s	     9,2172	 2	262,06	 72,00	  25,5	  34,7	  38,4	  38,9	  40,5	  42,3	  41,9	  22,0
s	     9,9603	 3	258,01	118,83	  25,0	  34,3	  38,1	  38,6	  40,2	  41,9	  41,5	  21,6
s	    10,2863	 3	189,42	137,95	  25,4	  35,1	  38,8	  39,3	  40,9	  42,8	  42,2	  23,0
s	    11,1640	 3	185,90	 40,23	  23,7	  33,2	  36,8	  37,1	  38,7	  41,3	  41,1	  21,1
s	    12,4670	 3	262,00	 58,31	  25,9	  35,3	  39,0	  39,8	  41,4	  42,4	  41,5	  22,2
*	    18,5786	 1	 94,04	102,33	 -11,9	  -2,3	   2,5	   3,6	   5,3	   6,2	   5,3	 -14,6
*	    13,9437	 1	 74,61	107,88	  -6,6	   3,1	   7,9	   9,0	  10,7	  11,7	  10,8	  -8,7
*	    13,1874	 1	 30,91	112,37	  -3,8	   5,9	  10,6	  11,8	  13,4	  14,4	  13,6	  -5,8
s	    14,4027	 4	258,10	129,60	  24,1	  33,8	  37,6	  38,1	  39,7	  41,4	  40,8	  21,3
s	    14,9464	 4	 50,81	131,57	  22,0	  32,3	  37,1	  37,8	  39,5	  41,4	  40,7	  21,1
s	    16,4741	 5	261,94	 48,93	  22,4	  32,3	  36,1	  36,3	  37,9	  40,4	  40,2	  20,5
s	    16,5709	 1	 46,43	 90,68	  24,8	  34,3	  38,1	  39,0	  40,6	  41,4	  40,8	  21,1
*	    20,1088	 1	  3,17	 94,26	   8,2	  17,7	  21,5	  22,4	  24,0	  24,8	  24,1	   4,1
*	    17,4961	 1	 66,51	 95,41	   9,0	  18,5	  22,3	  23,2	  24,8	  25,6	  25,0	   5,2
*	    26,7186	 1	 95,11	 93,78	   1,0	  10,5	  14,3	  15,2	  16,8	  17,5	  16,7	  -3,9
*	    17,8632	 1	 27,58	 71,44	  -1,7	   7,4	  11,1	  12,0	  13,6	  14,6	  17,5	  -0,6
*	    17,3101	 1	 27,30	 82,75	  -1,0	   8,1	  11,8	  12,6	  14,3	  15,3	  18,2	   0,1
*	    17,3182	 1	 39,55	 71,73	  -1,5	   7,7	  11,4	  12,2	  13,8	  14,8	  17,7	  -0,3
*	    16,7632	 1	 39,30	 83,03	  -0,8	   8,4	  12,0	  12,9	  14,5	  15,5	  18,4	   0,4
*	    17,2399	 1	 50,96	 72,71	  -1,8	   7,4	  11,1	  11,9	  13,5	  14,5	  17,5	  -0,6
*	    16,7002	 1	 50,77	 83,57	  -1,1	   8,0	  11,7	  12,5	  14,2	  15,2	  18,1	   0,1
*	    17,5959	 1	 61,07	 74,12	  -2,5	   6,6	  10,3	  11,2	  12,8	  13,8	  16,7	  -1,4
*	    17,0835	 1	 60,93	 84,28	  -2,0	   7,2	  10,9	  11,7	  13,4	  14,3	  17,3	  -0,8
*	    18,3323	 1	 69,59	 75,70	  -3,6	   5,6	   9,3	  10,1	  11,7	  12,7	  15,6	  -2,5
*	    17,8527	 1	 69,50	 85,01	  -3,1	   6,1	   9,8	  10,6	  12,2	  13,2	  16,1	  -2,0
*	    19,3925	 1	 76,55	 77,24	  -4,8	   4,4	   8,1	   8,9	  10,5	  11,5	  14,4	  -3,9
*	    18,9461	 1	 76,50	 85,70	  -4,4	   4,8	   8,5	   9,3	  10,9	  11,9	  14,8	  -3,4
*	    20,7271	 1	 82,22	 78,65	  -6,1	   3,1	   6,8	   7,6	   9,2	  10,2	  13,0	  -5,4
*	    20,3121	 1	 82,19	 86,30	  -5,8	   3,4	   7,1	   7,9	   9,6	  10,5	  13,4	  -5,0
*	    22,2969	 1	 86,82	 79,87	  -7,4	   1,7	   5,4	   6,2	   7,9	   8,8	  11,6	  -6,9
*	    21,9101	 1	 86,81	 86,82	  -7,1	   2,0	   5,7	   6,5	   8,1	   9,1	  11,9	  -6,6
*	    24,0712	 1	 90,59	 80,93	  -8,8	   0,4	   4,1	   4,9	   6,5	   7,4	  10,2	  -8,5
*	    23,7096	 1	 90,59	 87,26	  -8,5	   0,6	   4,3	   5,1	   6,7	   7,7	  10,5	  -8,2
*	    26,0258	 1	 93,71	 81,84	 -10,1	  -1,0	   2,7	   3,5	   5,1	   6,1	   8,8	 -10,1
*	    25,6866	 1	 93,72	 87,63	  -9,9	  -0,8	   2,9	   3,7	   5,4	   6,3	   9,0	  -9,8
s	    16,7622	 4	190,03	146,31	  22,0	  31,8	  35,4	  35,6	  37,2	  39,8	  39,4	  18,9
s	    17,2496	 4	185,33	 32,79	  22,4	  32,3	  36,0	  36,2	  37,9	  40,5	  40,1	  20,3
s	    17,5177	 2	 46,66	 78,32	  23,3	  32,6	  36,2	  36,7	  38,3	  40,1	  39,4	  18,9
*	    17,7993	 1	150,12	 99,32	  -1,9	   7,6	  11,4	  12,3	  13,9	  14,7	  14,1	  -5,7
*	    18,6565	 1	  0,82	 91,15	  -5,7	   3,3	   7,1	   8,0	   9,5	  10,3	  10,4	  -7,7
*	    18,8954	 1	  0,55	100,91	  -6,0	   3,0	   6,8	   7,7	   9,3	  10,1	  10,2	  -8,0
*	    19,4833	 1	  0,28	110,07	  -6,6	   2,4	   6,2	   7,0	   8,6	   9,4	   9,5	  -8,8
*	    18,6567	 1	355,13	 86,31	  -1,2	   7,8	  11,6	  12,4	  14,0	  14,8	  14,9	  -3,2
*	    18,7232	 1	354,87	 96,12	  -1,3	   7,7	  11,5	  12,4	  14,0	  14,8	  14,9	  -3,3
*	    19,1473	 1	354,60	105,58	  -1,8	   7,3	  11,0	  11,9	  13,5	  14,3	  14,4	  -3,8
s	    18,9711	 3	 46,02	111,19	  20,0	  30,3	  35,2	  35,9	  37,6	  39,2	  38,9	  18,3
s	    19,5390	 1	150,51	 90,35	  24,1	  33,6	  37,4	  38,3	  39,9	  40,7	  40,0	  20,1
*	    29,7813	 1	172,95	 86,51	   2,2	  11,7	  15,5	  16,4	  18,0	  18,7	  17,8	  -3,1
*	    20,3098	 1	157,12	 85,87	   7,0	  16,5	  20,4	  21,2	  22,8	  23,6	  22,9	   2,9
s	    19,8758	 3	 46,88	 67,81	  23,1	  32,7	  36,4	  36,9	  38,5	  40,3	  39,5	  19,5
s	    20,0557	 2	  5,54	 89,74	  23,0	  32,6	  36,5	  37,4	  38,9	  39,6	  38,8	  18,0
s	    20,1932	 2	150,76	101,05	  23,8	  33,4	  37,3	  38,1	  39,7	  40,5	  39,8	  19,7
*	    21,4421	 1	358,79	 65,19	  -3,2	   5,8	   9,6	  10,4	  12,0	  12,8	  12,8	  -5,6
*	    20,6814	 1	358,54	 73,18	  -2,5	   6,6	  10,3	  11,2	  12,8	  13,6	  13,6	  -4,7
*	    20,2307	 1	358,29	 81,88	  -2,0	   7,0	  10,8	  11,7	  13,3	  14,1	  14,1	  -4,2
s	    20,4173	 2	150,23	 78,88	  22,7	  32,5	  36,3	  36,9	  38,5	  40,1	  39,7	  19,7
s	    20,6772	 5	257,42	 38,19	  21,4	  31,4	  35,2	  35,4	  37,0	  39,4	  39,1	  19,0
s	    20,6977	 5	 50,51	140,22	  18,9	  29,3	  34,1	  34,5	  36,1	  38,7	  38,3	  17,4
s	    20,7018	 3	  5,25	100,30	  23,2	  32,9	  36,8	  37,7	  39,2	  39,9	  39,3	  19,2
s	    21,6367	 3	  1,56	 78,50	  22,2	  31,5	  35,2	  35,7	  37,3	  38,9	  38,3	  17,4
*	    22,0577	 1	111,81	102,36	  -7,9	   1,8	   6,6	   7,7	   9,4	  10,3	   9,2	 -11,0
s	    22,1652	 4	 45,80	120,76	  19,6	  30,3	  35,2	  36,0	  37,6	  39,3	  38,8	  18,6
s	    22,4049	 3	151,04	111,80	  21,3	  31,1	  34,9	  35,3	  36,9	  38,6	  38,1	  17,1
s	    22,5658	 6	261,87	 39,94	  20,3	  30,2	  34,0	  34,1	  35,7	  38,0	  37,7	  16,7
s	    22,6175	 3	149,98	 69,01	  21,8	  31,7	  35,5	  36,1	  37,7	  39,3	  38,8	  18,6
s	    22,8876	 4	  4,94	110,94	  21,0	  30,8	  34,7	  35,2	  36,7	  38,2	  37,9	  16,8
s	    23,2800	 5	190,58	151,76	  20,9	  31,0	  34,7	  34,9	  36,5	  39,1	  38,5	  18,1
s	    23,7417	 4	 47,11	 58,08	  20,5	  30,3	  33,9	  34,1	  35,7	  38,2	  37,7	  16,6
s	    23,9901	 4	  1,86	 68,18	  23,0	  32,5	  36,3	  37,1	  38,7	  39,4	  38,4	  18,0
s	    24,3121	 5	184,71	 27,12	  19,2	  29,2	  32,8	  32,7	  34,3	  37,7	  37,4	  16,3
s	    25,6672	 4	151,30	120,59	  21,0	  31,1	  34,9	  35,4	  37,0	  38,7	  38,0	  17,5
s	    26,1162	 5	  4,65	119,65	  20,6	  30,8	  34,7	  35,2	  36,8	  38,3	  37,8	  17,2
s	    26,2576	 4	149,71	 59,71	  19,3	  29,4	  33,1	  33,3	  34,9	  37,3	  37,1	  15,8
s	    26,8515	 5	 84,59	120,56	  18,5	  29,3	  34,2	  35,0	  36,6	  38,3	  37,6	  17,0
s	    27,0956	 5	 47,27	 52,33	  18,2	  28,8	  33,5	  34,0	  35,6	  38,2	  37,6	  16,9
s	    27,2362	 6	257,31	 31,93	  18,4	  28,5	  32,2	  32,1	  33,6	  36,8	  36,7	  15,2
s	    27,3287	 5	  2,15	 59,75	  19,6	  29,4	  33,1	  33,3	  34,9	  37,3	  36,7	  15,3
*	    27,3918	 1	115,07	 85,53	   1,7	  11,2	  15,0	  15,9	  17,4	  18,2	  17,3	  -3,4
s	    28,0238	 6	262,41	142,45	  20,8	  30,9	  34,6	  35,0	  36,6	  38,3	  37,3	  16,6
s	    28,5244	 2	280,53	 88,13	  22,1	  31,7	  35,6	  36,5	  38,0	  38,6	  37,8	  17,1
s	    29,0604	 3	280,48	 96,91	  21,8	  31,5	  35,5	  36,3	  37,8	  38,5	  37,6	  16,8
s	    30,0787	 2	 77,36	 91,19	  21,1	  31,1	  35,1	  36,0	  37,5	  38,1	  37,5	  16,6
s	    30,2191	 5	151,58	128,59	  18,4	  28,6	  32,4	  32,5	  34,1	  36,5	  36,1	  14,5
*	    30,2209	 1	173,20	 95,95	 -10,0	  -0,5	   3,4	   4,2	   5,8	   6,5	   5,6	 -15,4
s	    30,6249	 6	191,18	156,04	  17,8	  28,0	  31,6	  31,5	  33,1	  36,4	  35,9	  14,2
s	    30,7771	 3	 77,41	 82,05	  20,5	  30,5	  34,3	  34,8	  36,4	  38,0	  37,3	  16,3
*	    30,8842	 1	177,11	 95,73	  -8,1	   1,4	   5,2	   6,1	   7,6	   8,4	   7,4	 -13,6
s	    30,9420	 5	149,44	 51,92	  19,8	  30,0	  33,9	  34,4	  35,9	  37,4	  36,8	  15,8
s	    30,9848	 6	  6,73	 52,17	  18,5	  29,0	  32,9	  33,1	  34,6	  36,9	  36,7	  15,7
s	    31,1588	 6	184,14	 23,28	  18,2	  28,6	  32,3	  32,2	  33,8	  37,1	  36,6	  15,6
s	    31,2996	 6	 84,56	128,46	  16,0	  26,9	  31,7	  32,1	  33,7	  36,2	  35,8	  14,0
s	    31,8644	 4	 77,27	106,51	  16,6	  27,4	  32,4	  33,2	  34,7	  36,2	  35,9	  14,1
s	    31,9175	 7	  2,45	 52,04	  18,4	  28,3	  32,2	  32,3	  33,8	  35,9	  35,6	  13,7
s	    32,0213	 3	281,85	 79,24	  20,3	  30,2	  34,1	  34,6	  36,2	  37,7	  37,0	  15,9
s	    32,5500	 4	 77,46	 73,97	  19,7	  29,9	  33,7	  34,2	  35,8	  37,4	  36,6	  15,4
s	    32,5878	 6	 47,49	 45,46	  14,7	  25,8	  30,6	  30,8	  32,4	  35,6	  35,5	  13,7
*	    33,3792	 1	103,20	 80,28	 -13,3	  -3,8	  -0,0	   0,8	   2,4	   3,1	   2,1	 -19,1
s	    33,6467	 5	280,39	113,58	  19,3	  29,5	  33,4	  33,9	  35,4	  36,9	  36,2	  15,0
s	    33,7155	 7	257,20	 27,53	  17,6	  28,0	  31,8	  31,6	  33,2	  36,4	  36,0	  14,8
s	    33,7537	 4	281,89	 71,34	  19,6	  29,7	  33,5	  34,0	  35,6	  37,2	  36,3	  15,1
s	    34,3135	 5	 77,21	114,17	  16,5	  27,6	  32,7	  33,5	  35,0	  36,5	  36,1	  14,8
s	    34,3302	 8	262,46	147,10	  18,3	  28,6	  32,5	  32,6	  34,1	  36,4	  35,8	  14,5
s	    34,5842	 4	  9,71	 89,96	  19,9	  30,2	  34,2	  35,0	  36,5	  37,0	  36,4	  15,1
s	    35,1860	 6	151,84	134,74	  17,9	  28,4	  32,3	  32,4	  34,0	  36,4	  35,8	  14,5
s	    35,5498	 5	 77,52	 66,01	  17,5	  27,8	  31,5	  31,7	  33,2	  35,6	  35,1	  12,9
*	    36,2155	 1	177,40	 95,31	 -13,4	  -4,2	  -0,4	   3,1	   5,6	   6,3	   4,8	 -16,7
*	    38,0285	 1	178,43	 95,16	 -14,3	  -5,1	  -1,3	   2,2	   4,7	   5,3	   3,8	 -17,8
*	    39,8927	 1	179,41	 95,00	 -15,2	  -6,0	  -2,2	   1,3	   3,8	   4,4	   2,9	 -18,9
*	    41,8025	 1	180,34	 94,85	 -16,0	  -6,9	  -3,1	   0,4	   2,9	   3,5	   1,9	 -20,1
*	    35,9152	 1	177,35	 93,50	 -13,2	  -4,0	  -0,2	   3,3	   5,8	   6,4	   5,0	 -16,5
*	    37,7394	 1	178,38	 93,38	 -14,1	  -4,9	  -1,1	   2,4	   4,9	   5,5	   4,0	 -17,6
*	    39,6144	 1	179,37	 93,27	 -15,0	  -5,8	  -2,0	   1,5	   3,9	   4,6	   3,0	 -18,7
*	    41,5345	 1	180,29	 93,17	 -15,9	  -6,7	  -2,9	   0,6	   3,0	   3,7	   2,0	 -19,9
*	    35,7315	 1	177,30	 91,68	 -13,1	  -3,9	  -0,1	   3,4	   5,9	   6,5	   5,1	 -16,3
*	    37,5628	 1	178,33	 91,62	 -14,0	  -4,8	  -1,0	   2,5	   5,0	   5,6	   4,1	 -17,5
*	    39,4446	 1	179,32	 91,54	 -14,9	  -5,7	  -1,9	   1,6	   4,0	   4,7	   3,1	 -18,6
*	    41,3711	 1	180,25	 91,48	 -15,8	  -6,6	  -2,8	   0,7	   3,1	   3,7	   2,1	 -19,8
*	    35,6665	 1	177,26	 89,86	 -13,0	  -3,9	  -0,0	   3,5	   5,9	   6,6	   5,1	 -16,3
*	    37,5003	 1	178,29	 89,83	 -14,0	  -4,8	  -1,0	   2,5	   5,0	   5,6	   4,1	 -17,4
*	    39,3846	 1	179,27	 89,81	 -14,9	  -5,7	  -1,9	   1,6	   4,1	   4,7	   3,1	 -18,6
*	    41,3135	 1	180,20	 89,79	 -15,8	  -6,6	  -2,8	   0,7	   3,2	   3,8	   2,2	 -19,7
*	    35,7207	 1	177,21	 88,04	 -13,1	  -3,9	  -0,1	   3,4	   5,9	   6,6	   5,1	 -16,3
*	    37,5526	 1	178,24	 88,05	 -14,0	  -4,8	  -1,0	   2,5	   5,0	   5,6	   4,1	 -17,5
*	    39,4350	 1	179,22	 88,07	 -14,9	  -5,7	  -1,9	   1,6	   4,0	   4,7	   3,1	 -18,6
*	    41,3621	 1	180,15	 88,10	 -15,8	  -6,6	  -2,8	   0,7	   3,1	   3,8	   2,1	 -19,8
*	    35,8937	 1	177,16	 86,21	 -13,2	  -4,0	  -0,2	   3,3	   5,8	   6,5	   5,0	 -16,4
*	    37,7192	 1	178,19	 86,28	 -14,1	  -4,9	  -1,1	   2,4	   4,9	   5,5	   4,0	 -17,6
*	    39,5954	 1	179,18	 86,35	 -15,0	  -5,8	  -2,0	   1,5	   4,0	   4,6	   3,0	 -18,7
*	    41,5167	 1	180,11	 86,41	 -15,9	  -6,7	  -2,9	   0,6	   3,1	   3,7	   2,1	 -19,9
s	    36,0014	 6	149,19	 45,94	  16,2	  26,7	  30,5	  30,4	  31,9	  35,1	  34,9	  12,7
s	    36,3690	 7	  7,04	 45,70	  15,9	  26,5	  30,3	  30,2	  31,7	  34,8	  34,7	  12,5
s	    36,4883	 7	359,77	133,56	  19,2	  29,3	  33,1	  33,5	  35,0	  36,5	  35,5	  14,0
s	    36,6905	 5	281,94	 63,52	  17,3	  27,6	  31,3	  31,5	  33,0	  35,4	  34,9	  12,6
s	    36,7024	 6	  9,27	105,89	  17,4	  27,9	  31,9	  32,3	  33,8	  35,2	  34,7	  12,5
s	    37,5461	 3	341,25	 89,21	  19,7	  29,9	  33,8	  34,7	  36,2	  36,8	  35,9	  14,4
s	    37,5775	 6	280,35	120,87	  17,0	  27,3	  31,1	  31,3	  32,8	  35,0	  34,6	  12,2
s	    37,6387	 7	191,74	159,03	  17,0	  27,5	  31,2	  31,0	  32,6	  36,0	  35,3	  13,7
s	    38,1558	 4	341,46	 81,24	  18,4	  28,8	  32,8	  33,3	  34,8	  36,3	  35,7	  14,1
s	    38,2436	 7	 47,70	 40,31	  14,1	  25,5	  30,4	  30,6	  32,2	  35,4	  35,1	  13,5
s	    38,5324	 6	 77,56	 60,50	  16,4	  27,2	  32,2	  32,9	  34,5	  36,0	  35,2	  13,5
s	    38,7300	 7	183,52	 20,16	  15,3	  25,8	  29,4	  28,9	  30,5	  34,6	  34,3	  11,8
s	    39,1894	 7	  9,06	112,89	  17,3	  28,2	  32,2	  32,7	  34,1	  35,5	  35,0	  13,2
s	    39,2426	 7	 45,03	142,72	  15,5	  26,2	  29,9	  29,8	  31,3	  34,5	  34,2	  11,7
s	    39,7122	 5	341,65	 74,10	  17,7	  28,3	  32,3	  32,8	  34,3	  35,7	  35,1	  13,3
s	    40,5810	 6	282,00	 56,57	  18,1	  28,4	  32,3	  32,8	  34,3	  35,8	  34,8	  13,0
s	    40,7711	 8	 80,28	 61,76	  13,8	  25,5	  30,6	  31,1	  32,6	  34,7	  34,6	  12,7
s	    40,9730	 8	257,09	 23,84	  14,7	  25,3	  29,0	  28,5	  30,0	  34,0	  33,7	  11,1
s	    41,5737	 7	148,94	 40,99	  15,7	  26,5	  30,3	  30,2	  31,8	  35,0	  34,5	  12,6
s	    41,9085	 8	  7,33	 40,74	  15,4	  26,3	  30,2	  30,1	  31,6	  34,6	  34,4	  12,4
s	    41,9336	 6	340,66	111,09	  17,1	  28,0	  31,9	  32,4	  33,9	  35,4	  34,6	  12,6
s	    42,3252	 7	280,30	127,15	  17,6	  28,0	  32,0	  32,4	  33,9	  35,2	  34,4	  12,4
s	    42,3848	 8	359,46	138,94	  16,6	  26,8	  30,6	  30,6	  32,1	  34,4	  33,5	  10,7
s	    42,7682	 7	 77,61	 54,62	  12,2	  23,8	  28,8	  28,9	  30,4	  33,5	  33,5	  10,7
s	    43,0659	 8	 10,58	 60,36	  15,5	  26,7	  30,7	  30,9	  32,3	  34,5	  34,2	  12,1
s	    43,8147	 8	 44,86	145,87	  13,9	  25,1	  29,9	  29,9	  31,6	  34,9	  34,0	  11,9
s	    44,7698	 8	 47,92	 35,79	  11,5	  22,9	  27,8	  27,6	  29,2	  33,1	  33,1	  10,1
s	    45,0288	 2	139,34	 90,76	  18,9	  28,4	  32,3	  33,2	  34,7	  35,2	  33,7	  10,7
s	    45,2565	 7	282,05	 50,54	  15,7	  26,1	  30,0	  30,1	  31,6	  33,8	  33,1	  10,1
s	    45,3306	 8	192,33	161,53	  14,1	  24,8	  28,4	  27,9	  29,5	  33,6	  33,0	  10,0
s	    45,3724	 7	340,46	117,69	  14,9	  25,9	  29,7	  29,9	  31,3	  33,6	  33,1	  10,1
s	    45,4309	 3	139,47	 97,34	  18,6	  28,3	  32,2	  33,0	  34,5	  35,1	  33,5	  10,5
*	    45,5506	 1	181,99	 94,59	 -12,4	  -2,9	   0,9	   1,7	   3,3	   3,9	   2,5	 -19,7
s	    45,5695	 3	139,19	 83,68	  17,6	  27,4	  31,3	  31,8	  33,3	  34,6	  33,5	  10,5
s	    45,8843	 8	182,95	 17,90	  14,6	  25,4	  29,1	  28,6	  30,2	  34,3	  33,7	  11,4
s	    46,8195	 4	139,62	104,25	  17,2	  27,2	  31,1	  31,6	  33,1	  34,4	  33,2	  10,0
s	    46,9553	 4	139,06	 77,29	  17,2	  27,1	  31,0	  31,6	  33,1	  34,4	  33,2	  10,0
s	    47,0633	 8	152,39	144,36	  14,7	  25,8	  29,6	  29,4	  30,9	  34,1	  33,5	  11,1
*	    47,2456	 1	184,89	 94,41	 -16,4	  -6,9	  -3,1	  -2,2	  -0,7	  -0,0	  -1,4	 -23,9
s	    47,3161	 8	280,26	132,15	  14,2	  24,9	  28,8	  28,6	  30,1	  33,1	  32,7	   9,5
s	    47,5845	 8	 77,66	 49,52	  11,9	  23,8	  28,8	  29,0	  30,5	  33,5	  33,4	  10,9
s	    48,4781	 8	148,66	 36,31	  14,0	  24,8	  28,6	  28,4	  29,9	  32,9	  32,5	   9,2
s	    48,9457	 5	139,76	110,33	  17,2	  27,4	  31,3	  31,7	  33,2	  34,6	  33,5	  10,9
s	    49,2055	 8	342,23	 55,91	  12,2	  23,7	  28,8	  29,1	  30,6	  32,7	  32,4	   9,0
s	    49,2701	 8	340,27	123,17	  14,7	  26,0	  29,9	  30,1	  31,5	  33,8	  33,1	  10,5
s	    49,3399	 5	138,91	 70,79	  15,6	  25,7	  29,6	  29,7	  31,2	  33,3	  32,7	   9,3
s	    51,1366	 6	100,76	110,24	  14,7	  25,5	  30,5	  31,2	  32,8	  34,2	  33,1	  10,3
s	    51,3498	 5	255,50	 81,75	  16,4	  26,9	  30,9	  31,5	  32,9	  34,1	  33,4	  10,6
s	    51,9551	 3	 92,97	 91,32	  17,0	  27,1	  31,1	  32,0	  33,4	  33,8	  32,5	   8,9
s	    52,3051	 6	139,92	116,83	  16,0	  26,1	  30,0	  30,5	  31,9	  33,1	  32,1	   8,4
s	    52,3051	 6	138,78	 65,20	  15,5	  26,0	  29,9	  30,1	  31,6	  33,7	  32,9	  10,0
s	    52,3191	 4	 92,98	 97,28	  16,8	  27,0	  31,0	  31,8	  33,3	  33,7	  32,3	   8,7
s	    52,4447	 4	 92,96	 84,91	  16,5	  26,5	  30,4	  30,9	  32,4	  33,7	  32,3	   8,6
s	    52,6262	 6	255,46	 75,86	  16,5	  26,9	  30,8	  31,2	  32,7	  34,1	  32,8	   9,9
s	    53,1380	 5	 15,79	 83,84	  16,7	  26,9	  30,7	  31,2	  32,7	  34,1	  32,1	   8,4
s	    53,2134	 5	 92,99	102,15	  13,4	  24,4	  29,5	  30,3	  31,8	  33,0	  32,1	   8,3
s	    53,7023	 5	 92,95	 79,10	  16,1	  26,3	  30,2	  30,7	  32,1	  33,5	  32,0	   8,2
s	    54,2550	 7	255,42	 71,15	  11,8	  23,1	  28,2	  28,6	  30,1	  32,1	  31,7	   7,9
s	    54,3979	 7	100,80	116,57	  13,6	  24,3	  29,3	  30,0	  31,5	  32,7	  31,7	   7,8
s	    54,4283	 1	206,13	 89,09	  18,7	  28,2	  32,0	  32,8	  34,3	  34,9	  33,3	  10,3
*	    57,4962	 1	218,82	 85,99	  -3,8	   5,6	   9,5	  10,3	  11,8	  12,4	  10,7	 -12,6
*	    54,6446	 1	204,20	 86,34	  -2,5	   6,9	  10,8	  11,6	  13,1	  13,7	  12,1	 -11,0
*	    59,5725	 1	190,61	 86,88	  -4,2	   5,3	   9,1	  10,0	  11,5	  12,0	  10,3	 -13,2
s	    54,5106	 6	 15,95	 77,65	  16,6	  27,0	  31,2	  31,9	  33,3	  33,6	  32,5	   9,5
s	    54,5765	 3	288,48	 88,31	  17,5	  27,1	  31,0	  31,9	  33,3	  33,6	  32,1	   8,2
s	    54,7803	 2	206,27	 94,86	  18,4	  28,1	  31,9	  32,7	  34,2	  34,9	  33,2	  10,1
s	    54,9018	 2	205,97	 82,89	  17,4	  27,1	  31,0	  31,5	  33,0	  34,4	  33,2	  10,0
s	    54,9278	 4	288,43	 94,06	  17,2	  27,0	  31,0	  31,8	  33,2	  33,5	  31,9	   8,0
s	    54,9737	 6	 92,99	107,80	  13,5	  24,7	  29,8	  30,6	  32,0	  33,3	  32,5	   9,3
s	    55,0490	 4	288,53	 82,12	  16,2	  26,0	  30,0	  30,6	  32,0	  33,1	  31,9	   8,0
s	    55,4442	 8	139,03	115,70	  13,5	  24,3	  28,4	  28,5	  29,9	  31,8	  31,4	   7,5
*	    55,5697	 1	185,58	 94,00	 -12,7	  -3,2	   0,6	   1,4	   3,0	   3,5	   1,9	 -21,3
*	    55,7057	 1	185,32	 84,55	 -12,7	  -3,3	   0,5	   1,4	   2,9	   3,5	   1,9	 -21,3
s	    55,6100	 7	140,05	121,56	  14,9	  25,6	  29,4	  29,6	  31,1	  33,2	  32,3	   9,1
s	    55,8767	 6	 92,94	 73,12	  14,6	  24,9	  28,7	  28,9	  30,3	  32,5	  31,5	   7,6
s	    55,9996	 3	206,42	100,94	  16,3	  26,1	  29,8	  30,3	  31,8	  33,2	  31,9	   7,9
s	    56,1191	 3	205,83	 77,27	  16,8	  26,7	  30,5	  31,1	  32,6	  34,0	  32,6	   9,4
s	    56,1448	 5	288,38	100,13	  15,8	  25,9	  29,8	  30,4	  31,8	  32,9	  31,6	   7,6
s	    56,2089	 7	138,63	 59,71	  13,3	  23,9	  27,7	  27,6	  29,1	  32,0	  31,4	   7,4
s	    56,2142	 2	226,86	 88,65	  18,3	  27,8	  31,7	  32,5	  34,0	  34,4	  33,0	   9,7
s	    56,3586	 8	 16,09	 72,57	  14,6	  25,3	  29,3	  29,4	  30,9	  32,9	  32,0	   8,8
s	    56,5581	 3	226,97	 94,28	  18,0	  27,7	  31,6	  32,4	  33,9	  34,4	  32,8	   9,5
s	    56,6767	 3	226,75	 82,59	  17,0	  26,8	  30,7	  31,2	  32,7	  33,9	  32,8	   9,5
s	    57,0773	 8	255,38	 65,40	  12,8	  24,2	  29,4	  30,1	  31,6	  32,7	  31,9	   8,6
s	    57,7497	 4	227,08	100,23	  15,9	  25,7	  29,5	  30,0	  31,5	  32,7	  31,5	   7,4
s	    57,8774	 4	206,56	106,36	  16,4	  26,5	  30,3	  30,8	  32,3	  33,7	  32,3	   8,9
s	    58,0191	 6	288,33	105,55	  15,9	  26,1	  30,1	  30,6	  32,0	  33,2	  32,0	   8,6
s	    58,2269	 4	205,68	 71,46	  14,8	  24,8	  28,6	  28,8	  30,3	  32,5	  31,4	   7,2
s	    58,2721	 6	227,48	 76,70	  15,9	  26,0	  30,0	  30,5	  31,9	  32,9	  32,0	   8,6
s	    58,5976	 7	 92,94	 67,91	  14,6	  25,2	  29,1	  29,3	  30,7	  32,9	  31,8	   8,4
s	    59,5865	 5	227,18	105,54	  15,9	  26,1	  30,0	  30,5	  32,0	  33,3	  31,9	   8,4
s	    59,9286	 5	226,53	 71,40	  14,4	  24,5	  28,3	  28,5	  30,0	  32,0	  31,1	   6,7
s	    59,9804	 6	 96,09	 96,73	  12,7	  24,1	  29,4	  30,4	  31,8	  32,1	  30,9	   6,6
s	    60,0625	 8	140,20	126,55	  12,7	  23,4	  27,2	  27,1	  28,5	  31,5	  30,7	   6,4
s	    60,4026	 8	138,50	 55,13	  13,1	  24,0	  27,9	  27,8	  29,3	  32,2	  31,5	   7,8
s	    60,6440	 5	206,71	111,87	  14,3	  24,5	  28,3	  28,4	  29,9	  32,2	  31,0	   6,6
s	    60,7809	 7	288,27	111,05	  13,8	  24,2	  28,1	  28,2	  29,7	  31,6	  30,7	   6,3
s	    60,8693	 5	205,54	 66,38	  14,8	  25,2	  29,0	  29,2	  30,7	  32,9	  31,7	   8,1
s	    61,9577	 2	187,32	 89,60	  16,9	  26,9	  30,8	  31,7	  33,1	  33,6	  32,1	   8,4
s	    62,2052	 8	 92,93	 62,74	  11,7	  22,8	  26,7	  26,6	  28,0	  30,8	  30,4	   5,9
s	    62,2777	 3	187,46	 94,84	  16,6	  26,8	  30,7	  31,5	  33,0	  33,5	  32,0	   8,2
s	    62,2961	 6	227,29	110,95	  13,9	  24,2	  28,0	  28,2	  29,6	  31,7	  30,6	   6,1
s	    62,3882	 3	187,17	 83,96	  15,6	  25,9	  29,8	  30,4	  31,8	  33,1	  32,0	   8,2
s	    62,5169	 6	226,42	 66,41	  14,4	  24,8	  28,7	  28,9	  30,4	  32,5	  31,4	   7,6
s	    63,3882	 4	187,62	100,39	  14,5	  24,8	  28,7	  29,2	  30,6	  31,9	  30,7	   6,1
s	    63,4178	 4	328,31	 88,99	  15,5	  25,8	  29,8	  30,6	  32,0	  32,3	  30,7	   6,0
s	    63,4973	 4	187,03	 78,82	  15,0	  25,5	  29,4	  29,9	  31,4	  32,7	  31,5	   7,6
s	    63,8396	 6	206,85	116,62	  14,2	  24,8	  28,6	  28,8	  30,3	  32,5	  31,2	   7,3
s	    63,8409	 5	328,43	 83,44	  15,0	  25,2	  29,0	  29,5	  31,0	  32,3	  30,5	   5,8
s	    63,9713	 8	288,23	115,79	  13,8	  24,5	  28,4	  28,6	  30,0	  32,0	  31,0	   7,0
s	    64,3805	 6	205,39	 61,32	  12,7	  23,2	  26,9	  26,8	  28,3	  31,3	  30,3	   5,6
s	    64,5067	 6	328,09	 98,36	  12,0	  23,1	  28,3	  29,0	  30,5	  31,6	  30,3	   5,6
s	    64,5697	 4	358,14	 89,75	  16,2	  26,4	  30,4	  31,2	  32,6	  33,0	  31,5	   7,6
s	    64,8800	 5	358,01	 94,84	  15,9	  26,3	  30,3	  31,1	  32,5	  32,9	  31,4	   7,4
s	    64,9311	 6	328,55	 78,39	  14,7	  25,0	  28,9	  29,3	  30,8	  32,1	  30,2	   5,5
s	    65,1043	 5	187,76	105,37	  14,6	  25,3	  29,2	  29,7	  31,1	  32,4	  31,1	   7,1
s	    65,4244	 5	186,88	 73,48	  13,1	  23,6	  27,5	  27,7	  29,1	  31,2	  30,3	   5,5
s	    65,9613	 7	226,31	 61,42	  12,3	  22,8	  26,7	  26,5	  28,0	  30,8	  30,0	   5,1
s	    66,0629	 6	357,85	100,60	  15,6	  26,0	  30,1	  30,9	  32,2	  32,5	  31,1	   7,0
s	    66,4229	 5	358,95	 84,40	  14,7	  25,2	  29,3	  29,8	  31,2	  32,3	  31,2	   7,0
s	    66,8267	 7	328,68	 73,13	  13,2	  23,7	  27,5	  27,6	  29,1	  31,1	  29,9	   4,9
s	    67,4811	 6	359,08	 79,49	  14,2	  24,8	  28,9	  29,3	  30,8	  31,9	  30,7	   6,5
s	    67,6232	 7	357,72	105,06	  13,9	  24,8	  28,8	  29,2	  30,6	  31,8	  30,6	   6,3
s	    67,6446	 6	187,91	110,48	  12,6	  23,4	  27,2	  27,4	  28,8	  30,9	  29,9	   4,9
s	    67,8789	 7	207,00	121,32	  12,1	  22,8	  26,5	  26,3	  27,8	  30,8	  29,7	   4,7
s	    68,0628	 6	186,72	 68,42	  14,1	  24,8	  28,8	  29,3	  30,7	  31,8	  30,6	   6,3
s	    68,1891	 7	205,24	 57,00	  12,6	  23,4	  27,2	  27,1	  28,6	  31,6	  30,5	   6,2
s	    68,4975	 7	244,71	 98,96	  13,3	  24,4	  28,6	  29,2	  30,5	  31,3	  30,7	   6,4
s	    68,5744	 8	328,77	 69,61	  11,3	  22,6	  27,6	  28,0	  29,5	  31,6	  30,3	   6,0
s	    69,0121	 8	327,81	109,53	  12,8	  23,4	  27,2	  27,3	  28,7	  30,9	  29,5	   4,3
s	    69,3230	 7	359,23	 74,38	  12,2	  23,0	  27,0	  27,1	  28,5	  30,5	  29,5	   4,4
s	    69,7032	 8	227,51	120,58	  12,7	  23,2	  27,1	  27,2	  28,6	  30,6	  29,4	   4,2
s	    69,7032	 8	226,20	 57,15	  12,2	  23,1	  27,0	  26,9	  28,3	  31,2	  30,2	   5,7
s	    70,0930	 8	357,57	110,04	  11,9	  22,9	  26,9	  27,0	  28,4	  30,3	  29,3	   4,1
s	    70,5952	 7	188,05	114,93	  12,6	  23,7	  27,6	  27,8	  29,2	  31,3	  30,2	   5,7
s	    71,0381	 3	134,57	 90,92	  15,7	  25,8	  29,8	  30,7	  32,1	  32,3	  30,8	   6,2
s	    71,0962	 7	186,58	 64,01	  11,0	  22,1	  25,9	  25,8	  27,2	  30,1	  29,3	   4,0
s	    71,3265	 4	134,66	 95,65	  15,5	  25,7	  29,7	  30,5	  31,9	  32,2	  30,6	   6,1
s	    71,4261	 4	134,48	 85,84	  14,5	  24,8	  28,8	  29,4	  30,8	  31,8	  30,6	   6,0
s	    71,8078	 2	 38,25	 90,78	  15,9	  25,9	  29,8	  30,7	  32,1	  32,5	  30,8	   6,2
s	    71,8502	 8	359,38	 69,50	  13,3	  24,2	  28,3	  28,7	  30,1	  31,1	  29,9	   5,3
s	    72,0938	 3	 38,15	 95,47	  15,6	  25,8	  29,8	  30,6	  32,0	  32,4	  30,6	   6,0
s	    72,1158	 8	207,13	125,29	  12,0	  23,0	  26,8	  26,6	  28,1	  31,1	  29,9	   5,2
s	    72,1926	 3	 38,36	 85,74	  15,4	  25,3	  29,1	  29,6	  31,1	  32,4	  30,6	   6,0
s	    72,3289	 5	134,76	100,67	  14,2	  24,7	  28,7	  29,2	  30,6	  31,7	  30,4	   5,7
s	    72,4275	 5	134,39	 81,19	  14,1	  24,6	  28,7	  29,2	  30,6	  31,7	  30,4	   5,7
s	    72,8051	 8	205,09	 52,77	  10,4	  21,3	  25,1	  24,6	  26,1	  29,9	  29,0	   3,5
s	    73,0881	 4	 38,04	100,44	  13,6	  23,8	  27,7	  28,2	  29,6	  30,8	  29,4	   3,9
s	    73,1858	 4	 38,46	 81,13	  14,8	  24,9	  28,7	  29,2	  30,7	  32,0	  30,2	   5,4
s	    73,2636	 3	 21,37	 90,39	  15,5	  25,6	  29,6	  30,4	  31,8	  32,1	  30,5	   5,7
s	    73,4236	 4	100,24	 91,35	  14,6	  25,1	  29,3	  30,1	  31,5	  31,6	  30,4	   5,6
s	    73,5452	 4	 21,25	 95,00	  15,3	  25,5	  29,5	  30,3	  31,7	  32,0	  30,3	   5,6
s	    73,8827	 6	134,85	105,20	  13,8	  24,5	  28,5	  29,0	  30,4	  31,5	  30,1	   5,3
s	    74,1092	 5	 74,46	 91,32	  12,8	  23,8	  28,2	  29,0	  30,3	  30,3	  29,1	   3,6
s	    74,1962	 5	 37,96	103,85	  11,8	  22,9	  27,9	  28,7	  30,1	  31,4	  29,9	   5,1
s	    74,5243	 5	 21,13	 99,90	  13,2	  23,5	  27,5	  28,0	  29,4	  30,4	  29,1	   3,5
s	    74,6366	 8	186,44	 59,91	  11,0	  22,4	  26,3	  26,2	  27,6	  30,5	  29,5	   4,7
s	    74,7783	 6	100,19	 81,86	  13,0	  24,0	  28,1	  28,7	  30,0	  31,0	  30,0	   5,1
s	    74,9177	 5	 38,56	 76,30	  12,9	  23,1	  26,9	  27,0	  28,5	  30,6	  29,0	   3,4
s	    75,4542	 7	 74,53	 81,89	  11,9	  23,1	  27,3	  27,8	  29,1	  30,1	  28,7	   3,0
s	    76,0427	 6	 21,01	104,34	  13,4	  24,0	  28,1	  28,5	  29,9	  31,0	  29,6	   4,6
s	    76,2282	 4	191,29	 89,52	  13,6	  24,6	  28,8	  29,6	  31,0	  31,1	  30,0	   5,0
s	    76,3422	 6	 37,86	108,55	   9,8	  21,0	  26,0	  26,4	  27,9	  29,9	  28,7	   3,0
s	    76,3821	 7	134,20	 72,00	  12,1	  23,0	  27,1	  27,2	  28,6	  30,5	  29,4	   4,4
s	    76,4410	 8	 74,36	104,08	  10,1	  22,0	  27,3	  28,0	  29,3	  30,4	  29,3	   4,3
s	    76,5013	 5	191,41	 94,00	  13,3	  24,5	  28,7	  29,5	  30,9	  31,1	  29,9	   4,8
s	    76,5956	 5	191,16	 84,71	  12,3	  23,6	  27,8	  28,3	  29,7	  30,6	  29,8	   4,8
s	    77,1097	 6	 38,66	 72,00	  13,0	  23,6	  27,4	  27,5	  29,0	  31,1	  29,4	   4,3
s	    77,4508	 6	191,53	 98,75	  11,2	  22,5	  26,7	  27,2	  28,5	  29,5	  28,6	   2,7
s	    77,5442	 6	191,04	 80,30	  11,7	  23,2	  27,4	  27,9	  29,3	  30,3	  29,4	   4,3
s	    78,3406	 7	107,50	104,93	  11,2	  22,6	  27,7	  28,3	  29,8	  31,1	  29,4	   4,2
s	    78,4876	 7	 21,85	 71,88	  11,9	  22,8	  26,9	  27,1	  28,4	  30,3	  29,2	   3,9
s	    78,5093	 7	100,99	103,85	  10,4	  22,2	  27,4	  28,1	  29,5	  30,7	  29,4	   4,2
s	    78,6745	 5	102,47	 86,63	  12,8	  23,8	  27,9	  28,4	  29,8	  30,8	  29,6	   4,4
s	    78,8903	 8	135,04	114,02	  11,6	  22,8	  26,8	  26,9	  28,3	  30,2	  29,0	   3,7
s	    78,8938	 7	 37,76	112,71	   9,9	  21,4	  26,5	  26,9	  28,4	  30,4	  29,1	   3,9
s	    78,9246	 7	191,65	103,06	  11,4	  23,0	  27,3	  27,7	  29,1	  30,1	  29,1	   3,9
s	    79,2005	 7	190,91	 75,68	   9,8	  21,4	  25,6	  25,7	  27,1	  28,8	  28,3	   2,2
s	    79,3497	 8	134,11	 67,58	  10,1	  21,1	  25,1	  24,9	  26,3	  29,0	  28,2	   2,1
s	    80,0559	 7	 38,77	 67,61	  11,0	  21,7	  25,4	  25,2	  26,7	  29,6	  28,2	   2,1
s	    80,5498	 7	102,57	103,58	  10,2	  22,0	  27,2	  27,9	  29,3	  30,5	  29,1	   3,7
s	    80,7341	 8	100,84	 74,37	   8,7	  20,8	  26,0	  26,4	  27,8	  29,8	  28,8	   3,4
s	    80,7541	 4	292,24	 88,40	  14,6	  24,7	  28,8	  29,7	  31,0	  31,1	  29,4	   4,0
s	    81,0150	 5	292,19	 92,67	  14,4	  24,7	  28,8	  29,6	  30,9	  31,0	  29,3	   3,9
s	    81,1051	 5	292,29	 83,80	  13,4	  23,7	  27,8	  28,4	  29,7	  30,6	  29,3	   3,8
s	    81,1204	 8	191,78	107,53	   9,4	  21,2	  25,4	  25,5	  26,8	  28,6	  27,9	   1,7
s	    81,3940	 8	 21,98	 67,54	   9,9	  20,9	  24,9	  24,8	  26,1	  28,8	  27,9	   1,7
s	    81,4834	 8	190,78	 71,24	  10,9	  22,6	  26,9	  27,4	  28,7	  29,6	  28,7	   3,2
s	    81,5232	 6	173,99	 81,13	  10,4	  21,5	  26,7	  27,4	  28,8	  29,9	  28,1	   1,9
s	    81,9227	 6	292,15	 97,22	  13,1	  23,6	  27,7	  28,2	  29,6	  30,5	  29,1	   3,6
s	    82,0044	 4	  6,54	 90,01	  13,8	  24,3	  28,5	  29,3	  30,7	  30,8	  29,3	   3,8
s	    82,1962	 8	 37,65	116,94	   7,8	  19,5	  24,5	  24,6	  26,0	  28,8	  27,8	   1,5
s	    82,2621	 5	  6,43	 94,24	  13,6	  24,3	  28,4	  29,2	  30,6	  30,7	  29,2	   3,6
s	    83,1133	 5	 92,72	 91,39	  12,7	  23,8	  28,1	  28,9	  30,2	  30,2	  29,1	   3,4
s	    83,2852	 8	102,39	 73,72	  10,5	  22,1	  26,2	  26,3	  27,7	  29,6	  28,5	   2,8
s	    83,2913	 8	 38,87	 63,77	  10,2	  21,6	  25,5	  25,4	  26,8	  29,6	  28,5	   2,8
s	    83,3331	 7	292,10	101,35	  12,7	  23,5	  27,6	  28,0	  29,4	  30,3	  28,8	   3,2
s	    83,3682	 6	 92,73	 95,57	  12,5	  23,7	  28,0	  28,8	  30,1	  30,1	  28,9	   3,3
s	    83,4563	 6	 92,72	 86,89	  12,2	  23,2	  27,4	  27,9	  29,2	  30,1	  28,9	   3,2
s	    83,5915	 4	257,17	 88,33	  14,6	  24,2	  28,1	  28,9	  30,2	  30,3	  28,0	   1,6
s	    83,7237	 5	  5,17	 85,49	  12,4	  23,4	  27,4	  27,9	  29,3	  30,4	  29,0	   3,3
s	    83,8452	 5	257,19	 92,48	  14,3	  24,1	  28,0	  28,8	  30,1	  30,3	  27,9	   1,4
s	    83,9329	 5	257,14	 83,85	  12,4	  22,7	  26,9	  27,4	  28,7	  29,6	  27,9	   1,5
s	    84,3429	 7	 92,71	 82,77	  11,9	  23,1	  27,3	  27,7	  29,0	  30,0	  28,7	   2,9
s	    84,5528	 7	  6,19	102,81	  11,7	  22,8	  27,0	  27,5	  28,8	  29,7	  28,4	   2,7
s	    84,6081	 6	  5,28	 81,38	  11,9	  23,0	  27,1	  27,5	  28,9	  30,0	  28,5	   2,8
s	    84,7286	 6	257,22	 96,91	  13,0	  23,1	  27,0	  27,5	  28,8	  29,7	  27,7	   1,1
s	    84,8117	 8	317,01	101,55	  10,4	  21,8	  27,0	  27,7	  29,1	  30,0	  28,5	   2,7
s	    84,9555	 6	292,63	 79,84	  12,8	  23,5	  27,5	  28,0	  29,4	  30,4	  28,7	   2,9
s	    85,2469	 8	 92,74	103,08	   8,9	  21,1	  26,5	  27,2	  28,5	  29,3	  28,5	   2,7
s	    85,6103	 8	292,05	105,96	  12,3	  23,1	  27,3	  27,8	  29,0	  29,8	  28,4	   2,6
s	    86,1019	 7	257,24	100,94	  12,3	  23,0	  27,1	  27,6	  28,9	  29,8	  28,2	   2,3
s	    86,1548	 7	  5,40	 77,05	  10,0	  21,2	  25,3	  25,4	  26,7	  28,6	  27,4	   0,8
s	    86,4972	 7	292,68	 75,52	  11,4	  22,4	  26,4	  26,6	  28,0	  29,8	  28,4	   2,5
s	    86,6334	 8	  6,07	107,07	   9,7	  21,0	  25,1	  25,3	  26,6	  28,3	  27,3	   0,6
s	    86,9305	 6	258,29	 79,91	  12,8	  23,0	  26,8	  27,3	  28,6	  29,7	  27,4	   0,7
s	    88,1528	 8	257,27	105,14	  11,3	  21,6	  25,5	  25,6	  26,9	  28,6	  27,0	   0,2
s	    88,2231	 5	322,23	 88,90	  13,1	  23,8	  28,0	  28,7	  30,1	  30,1	  28,4	   2,4
s	    88,2920	 8	  5,52	 72,87	  11,1	  22,5	  26,7	  27,1	  28,4	  29,4	  27,9	   1,8
s	    88,4443	 7	258,26	 75,67	  11,5	  21,7	  25,5	  25,6	  27,0	  28,9	  27,1	   0,3
s	    88,4567	 8	292,73	 71,64	  10,8	  22,0	  26,0	  26,1	  27,5	  29,3	  27,9	   1,8
s	    89,3956	 7	322,41	 80,68	  12,2	  23,1	  27,1	  27,5	  28,9	  29,9	  28,1	   1,9
s	    90,3694	 8	258,24	 71,85	  11,6	  22,2	  26,1	  26,2	  27,5	  29,4	  27,6	   1,3
s	    90,8515	 4	 67,19	 91,28	  12,3	  22,9	  27,0	  27,9	  29,2	  29,2	  27,2	   0,2
s	    90,8759	 8	322,50	 76,53	  10,9	  22,0	  26,0	  26,2	  27,5	  29,4	  27,8	   1,5
s	    91,0888	 5	 67,15	 95,17	  12,1	  22,8	  27,0	  27,8	  29,1	  29,1	  27,1	  -0,0
s	    91,1708	 5	 67,24	 87,10	  11,8	  22,3	  26,3	  26,8	  28,2	  29,1	  27,1	  -0,0
s	    91,4037	 6	321,80	 84,71	  12,3	  23,1	  27,0	  27,5	  28,9	  30,0	  28,0	   1,6
s	    91,9065	 7	321,56	 95,97	   9,3	  21,1	  26,3	  27,0	  28,4	  29,4	  27,8	   1,4
s	    91,9153	 6	 67,11	 99,32	  10,8	  21,8	  25,9	  26,4	  27,8	  28,6	  26,9	  -0,3
s	    91,9967	 6	 67,28	 83,25	  11,5	  22,2	  26,2	  26,7	  28,0	  29,0	  26,9	  -0,3
s	    92,8397	 7	 67,08	102,18	   9,0	  20,7	  25,9	  26,7	  28,0	  28,9	  27,5	   1,0
s	    93,0691	 8	321,48	 99,76	   9,0	  21,0	  26,1	  26,8	  28,2	  29,3	  27,6	   1,1
s	    93,4432	 7	 67,32	 79,19	  10,2	  20,9	  24,9	  25,0	  26,4	  28,1	  26,6	  -0,7
s	    95,2853	 8	 67,36	 75,53	  10,3	  21,4	  25,5	  25,6	  26,9	  28,7	  27,1	   0,4
s	    96,5158	 6	  8,38	 90,08	  11,5	  22,7	  27,0	  27,8	  29,0	  29,0	  27,4	   0,6
s	    96,7275	 8	320,73	 92,58	   9,0	  21,1	  26,5	  27,4	  28,7	  28,7	  27,2	   0,3
s	    96,7417	 7	  8,28	 93,78	  11,2	  22,6	  26,9	  27,7	  28,9	  28,9	  27,3	   0,4
s	    97,7356	 8	162,12	 82,41	   9,9	  21,5	  25,8	  26,3	  27,5	  28,1	  27,0	   0,1
s	    97,9756	 4	131,88	 91,02	  12,5	  22,6	  26,7	  27,5	  28,8	  28,8	  26,4	  -1,3
s	    98,1986	 5	131,95	 94,67	  12,3	  22,6	  26,7	  27,4	  28,7	  28,7	  26,3	  -1,4
s	    98,9760	 6	132,02	 98,57	  11,0	  21,5	  25,6	  26,1	  27,4	  28,2	  26,1	  -1,7
s	    99,5835	 4	208,43	 81,60	  10,7	  21,3	  26,1	  26,9	  28,3	  29,5	  27,1	  -0,0
s	   100,5325	 7	131,67	 79,36	  10,7	  21,2	  25,4	  25,9	  27,2	  27,8	  25,8	  -2,1
s	   100,7134	 5	208,87	100,19	  10,4	  21,1	  26,0	  26,7	  28,2	  29,4	  26,8	  -0,4
s	   100,9691	 7	222,13	 81,11	   9,9	  20,6	  25,8	  26,5	  27,8	  28,6	  26,6	  -0,6
s	   101,2608	 5	131,59	 87,19	  11,0	  21,5	  25,6	  26,0	  27,4	  28,3	  26,0	  -2,0
s	   101,4862	 5	265,21	 88,32	  12,1	  22,6	  26,9	  27,7	  29,0	  28,8	  27,0	  -0,3
s	   101,5737	 8	110,60	102,31	   8,4	  19,9	  25,0	  25,6	  27,0	  28,0	  25,6	  -2,4
s	   101,7028	 6	265,22	 91,87	  11,8	  22,6	  26,8	  27,6	  28,9	  28,7	  26,8	  -0,4
s	   101,7777	 6	265,20	 84,49	  10,8	  21,7	  25,9	  26,4	  27,7	  28,3	  26,8	  -0,5
s	   101,8260	 6	221,96	 99,80	  10,0	  20,9	  25,8	  26,5	  28,0	  29,0	  26,6	  -0,7
s	   102,0188	 6	131,52	 83,65	  10,8	  21,4	  25,5	  25,9	  27,2	  28,2	  25,8	  -2,3
s	   102,1523	 8	131,61	 76,17	   9,3	  20,3	  24,4	  24,6	  25,9	  27,4	  25,5	  -2,5
s	   102,3505	 8	354,55	 82,36	   8,3	  19,7	  24,9	  25,6	  26,9	  27,7	  25,5	  -2,6
s	   102,4580	 7	265,23	 95,66	  10,5	  21,6	  25,8	  26,3	  27,6	  28,2	  26,6	  -0,7
s	   103,1264	 7	131,86	101,88	  10,5	  21,3	  25,3	  25,7	  27,1	  28,0	  25,5	  -2,6
s	   103,6355	 8	265,24	 99,13	  10,2	  21,4	  25,7	  26,1	  27,4	  28,1	  26,4	  -1,0
s	   104,2960	 7	143,00	 94,28	   8,7	  20,1	  25,4	  26,5	  27,7	  27,6	  25,4	  -2,8
s	   104,4222	 5	195,97	 82,21	   9,3	  20,5	  25,5	  26,2	  27,6	  28,6	  26,4	  -1,1
s	   104,8426	 5	106,10	 91,36	  11,1	  21,8	  26,0	  26,7	  28,0	  28,0	  25,6	  -2,7
s	   104,8994	 8	131,93	105,54	   9,1	  20,2	  24,2	  24,4	  25,7	  27,4	  25,3	  -3,1
s	   105,1263	 6	106,07	 87,64	  10,6	  21,2	  25,2	  25,7	  27,0	  27,9	  25,4	  -2,9
s	   105,3575	 4	181,25	 89,83	  12,5	  22,7	  26,7	  27,5	  28,9	  28,9	  26,4	  -1,2
s	   105,5088	 6	196,44	100,08	   9,0	  20,3	  25,4	  26,0	  27,5	  28,5	  26,2	  -1,4
s	   105,5675	 5	181,35	 93,27	  12,3	  22,7	  26,7	  27,4	  28,7	  28,9	  26,3	  -1,3
s	   105,8611	 7	106,04	 84,21	  10,3	  21,1	  25,1	  25,5	  26,9	  27,8	  25,3	  -3,1
s	   106,3719	 6	181,06	 82,72	  11,0	  21,6	  25,7	  26,1	  27,4	  28,3	  26,1	  -1,6
s	   106,6123	 8	106,17	101,06	   7,3	  19,1	  24,4	  25,0	  26,4	  27,2	  25,1	  -3,4
s	   107,1290	 5	181,56	 86,16	  11,2	  21,6	  25,7	  26,1	  27,5	  28,3	  26,1	  -1,6
s	   107,4419	 7	181,54	100,32	  10,7	  21,5	  25,5	  25,9	  27,3	  28,2	  25,9	  -1,9
s	   107,5315	 8	264,49	 81,27	   7,9	  19,8	  25,0	  25,7	  27,1	  27,9	  26,0	  -1,8
s	   107,7650	 5	294,49	 88,46	  11,6	  21,7	  25,9	  26,7	  28,0	  27,7	  25,3	  -3,3
s	   107,7810	 6	181,85	 96,86	  10,9	  21,6	  25,6	  26,0	  27,3	  28,2	  26,0	  -1,9
s	   107,8977	 5	 77,11	 91,38	  10,9	  21,4	  25,5	  25,0	  25,2	  25,3	  23,2	  -4,7
s	   107,9711	 6	294,45	 91,83	  11,4	  21,7	  25,9	  26,6	  27,9	  27,7	  25,1	  -3,4
s	   108,0423	 6	294,53	 84,82	  10,4	  20,8	  24,9	  25,5	  26,7	  27,2	  25,1	  -3,5
s	   108,1035	 6	 77,09	 94,76	  10,7	  21,4	  25,4	  24,9	  25,1	  25,2	  23,0	  -4,8
s	   108,1747	 6	 77,13	 87,75	  10,4	  20,8	  24,8	  23,9	  24,2	  25,2	  23,0	  -4,8
s	   108,6897	 7	294,41	 95,44	  10,1	  20,7	  24,9	  25,3	  26,6	  27,1	  25,0	  -3,7
s	   108,8214	 7	 77,07	 98,36	   9,4	  20,3	  24,4	  23,6	  23,8	  24,7	  22,9	  -5,1
s	   108,8922	 7	 77,15	 84,41	  10,1	  20,8	  24,7	  23,8	  24,1	  25,1	  22,8	  -5,1
s	   108,9710	 2	208,95	 89,12	  13,5	  23,1	  26,9	  27,7	  29,1	  29,4	  25,5	  -3,2
s	   109,1222	 7	181,37	 79,22	   9,0	  19,8	  23,8	  23,9	  25,2	  26,9	  24,9	  -3,8
s	   109,1752	 3	209,03	 92,46	  12,7	  22,9	  26,8	  27,6	  28,9	  29,1	  26,4	  -1,6
s	   109,2458	 3	208,86	 85,52	  12,2	  22,1	  25,9	  26,4	  27,8	  28,9	  25,3	  -3,4
s	   109,2971	 8	180,86	 75,82	   9,3	  20,4	  24,4	  24,6	  25,9	  27,6	  25,6	  -2,4
s	   109,6258	 8	 77,05	100,86	   7,1	  18,7	  23,9	  23,3	  23,6	  24,5	  22,7	  -5,3
s	   109,7417	 4	208,80	 83,01	   9,2	  20,1	  25,1	  25,9	  27,3	  28,3	  26,0	  -2,0
s	   109,8109	 8	294,37	 98,75	   9,8	  20,5	  24,7	  25,2	  26,4	  27,0	  24,7	  -4,0
s	   109,8872	 4	209,11	 96,04	  11,9	  22,0	  25,8	  26,3	  27,7	  28,8	  25,2	  -3,6
s	   110,0132	 3	221,02	 88,85	  13,2	  22,9	  26,7	  27,5	  28,9	  29,0	  25,3	  -3,5
s	   110,2158	 4	221,09	 92,17	  12,4	  22,6	  26,6	  27,4	  28,7	  28,8	  26,2	  -1,9
s	   110,2858	 4	220,95	 85,28	  11,9	  21,9	  25,8	  26,2	  27,6	  28,5	  25,1	  -3,7
s	   110,7778	 5	220,90	 82,80	   8,9	  19,9	  25,0	  25,8	  27,1	  27,9	  25,8	  -2,3
s	   110,8327	 8	 11,19	 90,17	   8,5	  20,8	  25,3	  26,1	  27,3	  26,9	  25,7	  -2,4
s	   110,9221	 5	221,16	 95,72	  11,6	  21,8	  25,7	  26,1	  27,5	  28,4	  25,0	  -3,9
s	   111,2069	 5	208,70	 78,68	  10,1	  20,3	  24,0	  24,1	  25,6	  27,4	  24,9	  -4,0
s	   111,8217	 7	318,78	 85,32	   9,1	  20,2	  24,4	  24,9	  26,1	  26,7	  24,6	  -4,3
s	   112,1799	 5	 48,34	 91,03	  10,8	  21,8	  25,9	  26,7	  27,9	  27,8	  25,8	  -2,4
s	   112,2316	 6	220,81	 78,50	   9,8	  20,1	  23,9	  24,0	  25,4	  27,1	  24,7	  -4,3
s	   112,2473	 8	318,58	 94,84	   6,9	  18,6	  23,9	  24,7	  25,9	  26,5	  24,5	  -4,5
s	   112,3791	 6	 48,29	 94,30	  10,5	  21,7	  25,9	  26,6	  27,8	  27,8	  25,7	  -2,6
s	   112,4480	 6	 48,41	 87,52	   9,3	  20,8	  25,0	  25,5	  26,7	  27,5	  25,7	  -2,5
s	   112,6377	 8	247,74	 81,66	   9,6	  20,5	  24,6	  25,0	  26,3	  27,0	  24,5	  -4,6
s	   112,6665	 6	209,28	102,77	   9,8	  20,2	  23,9	  24,0	  25,4	  27,3	  24,7	  -4,3
s	   112,8039	 6	208,62	 75,48	   9,5	  20,4	  24,3	  24,5	  25,9	  27,7	  25,4	  -2,8
s	   112,9687	 8	294,80	 78,16	   8,6	  19,5	  23,6	  23,8	  25,1	  26,6	  24,4	  -4,6
s	   113,0740	 7	 48,22	 97,79	   8,3	  20,3	  24,6	  25,1	  26,3	  27,0	  25,5	  -2,7
s	   113,1426	 7	 48,47	 84,28	  10,0	  21,1	  25,1	  25,6	  26,8	  27,7	  25,5	  -2,8
s	   113,6800	 7	221,30	102,40	   9,5	  19,9	  23,7	  23,8	  25,2	  26,9	  24,5	  -4,6
s	   113,8164	 7	220,74	 75,32	   9,2	  20,2	  24,2	  24,4	  25,7	  27,3	  25,2	  -3,1
s	   114,1588	 8	 48,16	100,99	   8,7	  20,3	  24,5	  24,9	  26,1	  26,9	  25,0	  -3,4
s	   114,3626	 8	 48,53	 80,84	   7,9	  19,1	  23,1	  23,2	  24,4	  26,1	  24,2	  -5,0
s	   114,6382	 7	209,36	105,89	   9,9	  20,7	  24,5	  24,5	  25,9	  27,9	  25,2	  -3,3
s	   114,9766	 7	208,53	 72,13	   7,6	  18,6	  22,5	  22,3	  23,7	  26,2	  24,3	  -4,9
s	   115,4152	 8	318,49	 82,20	   8,7	  20,0	  24,2	  24,6	  25,9	  26,6	  24,2	  -5,1
s	   115,9730	 8	220,66	 71,99	   7,3	  18,4	  22,3	  22,2	  23,5	  25,9	  24,1	  -5,2
s	   116,4295	 4	232,18	 88,65	  11,3	  21,8	  26,0	  26,8	  28,0	  27,9	  25,5	  -3,1
s	   116,5731	 8	209,42	108,41	   5,3	  17,0	  21,9	  22,0	  23,4	  26,0	  24,1	  -5,3
s	   116,6225	 5	232,24	 91,81	  11,0	  21,8	  25,9	  26,7	  27,9	  27,8	  25,4	  -3,2
s	   116,6892	 5	232,13	 85,25	  10,0	  20,8	  25,0	  25,5	  26,8	  27,4	  25,4	  -3,2
s	   117,2385	 6	344,70	 89,47	  10,1	  20,8	  24,8	  24,3	  24,5	  24,6	  22,1	  -6,5
s	   117,3957	 8	208,45	 69,13	   8,5	  19,5	  23,3	  23,1	  24,5	  27,2	  24,8	  -3,9
s	   117,4304	 7	344,62	 92,61	   9,9	  20,7	  24,8	  24,2	  24,4	  24,5	  22,0	  -6,7
s	   117,4968	 7	344,79	 86,08	   8,8	  19,8	  23,8	  23,0	  23,2	  24,1	  22,0	  -6,7
s	   117,8689	 6	279,35	 88,35	  10,0	  20,6	  25,0	  25,8	  26,9	  26,5	  24,1	  -5,3
s	   117,8715	 6	 36,28	100,49	   8,2	  19,5	  24,5	  25,2	  26,6	  27,6	  24,9	  -3,8
s	   118,0599	 7	279,34	 91,48	   9,8	  20,6	  24,9	  25,7	  26,8	  26,4	  24,0	  -5,5
s	   118,1000	 8	344,53	 95,98	   8,6	  19,7	  23,7	  22,9	  23,1	  24,0	  21,8	  -6,9
s	   118,1260	 7	279,37	 84,98	   8,7	  19,6	  24,0	  24,5	  25,7	  26,0	  24,0	  -5,5
s	   118,1660	 8	344,87	 82,96	   8,6	  19,7	  23,7	  22,9	  23,1	  24,0	  21,8	  -6,9
s	   118,1961	 5	155,30	 90,53	  10,2	  20,8	  25,0	  25,8	  27,0	  26,7	  24,2	  -5,3
s	   118,3867	 6	155,38	 93,65	  10,0	  20,7	  25,0	  25,7	  26,9	  26,7	  24,1	  -5,4
s	   118,4526	 6	155,22	 87,17	   8,9	  19,8	  24,0	  24,6	  25,8	  26,3	  24,1	  -5,4
s	   118,5455	 7	232,02	 78,77	   7,7	  18,8	  22,9	  23,0	  24,3	  25,8	  24,0	  -5,6
s	   118,7265	 8	279,32	 94,83	   8,5	  19,6	  23,9	  24,4	  25,5	  25,9	  23,8	  -5,7
s	   118,8472	 7	 24,79	100,15	   7,9	  19,3	  24,4	  25,1	  26,4	  27,2	  24,7	  -4,1
s	   119,0517	 7	155,46	 96,99	   8,7	  19,7	  24,0	  24,4	  25,7	  26,2	  23,9	  -5,7
s	   119,1173	 7	155,14	 84,07	   8,7	  19,7	  23,9	  24,4	  25,7	  26,2	  23,9	  -5,7
s	   119,9289	 8	232,40	101,59	   7,4	  18,7	  22,7	  22,8	  24,1	  25,6	  23,7	  -5,9
s	   120,0592	 8	231,96	 75,73	   7,9	  19,3	  23,5	  23,6	  24,9	  26,4	  24,5	  -4,4
s	   120,0903	 8	155,54	100,06	   8,4	  19,6	  23,8	  24,3	  25,5	  26,1	  23,7	  -6,0
s	   120,3867	 8	155,05	 80,54	   8,4	  19,5	  23,8	  24,3	  25,4	  25,8	  23,7	  -6,0
s	   121,6122	 5	130,37	 91,07	  10,7	  21,3	  25,6	  26,4	  27,6	  27,2	  24,9	  -4,1
s	   121,7982	 6	130,42	 94,11	  10,5	  21,3	  25,5	  26,3	  27,5	  27,2	  24,8	  -4,3
s	   122,4474	 7	130,48	 97,38	   9,2	  20,2	  24,5	  25,0	  26,2	  26,7	  24,6	  -4,5
s	   123,1734	 4	186,87	 89,70	  10,9	  21,4	  25,5	  26,3	  27,6	  27,4	  24,9	  -4,3
s	   123,3574	 5	186,95	 92,71	  10,6	  21,3	  25,5	  26,2	  27,5	  27,3	  24,7	  -4,5
s	   123,6523	 8	130,20	 81,54	   7,9	  19,2	  23,4	  23,6	  24,9	  26,1	  24,4	  -4,8
s	   123,9935	 5	185,55	 86,50	   9,6	  20,0	  24,0	  24,5	  25,8	  26,6	  23,7	  -6,4
s	   124,0629	 6	186,70	 83,46	   9,3	  20,3	  24,5	  25,0	  26,2	  26,8	  24,6	  -4,7
s	   124,5697	 6	185,81	 95,95	   9,3	  20,0	  24,0	  24,4	  25,7	  26,5	  23,5	  -6,6
s	   124,8610	 6	130,16	 87,86	   9,3	  20,3	  24,4	  24,9	  26,2	  26,8	  24,5	  -4,8
s	   125,0030	 7	187,12	 98,90	   8,8	  20,0	  24,1	  24,6	  25,8	  26,5	  24,1	  -5,2
s	   125,4336	 6	  1,54	 89,93	  10,0	  20,8	  25,0	  25,8	  27,0	  26,7	  24,2	  -5,2
s	   125,4965	 7	130,10	 84,89	   9,0	  20,2	  24,3	  24,8	  26,0	  26,7	  24,3	  -5,1
s	   125,6148	 7	  1,46	 92,90	   9,8	  20,7	  25,0	  25,7	  26,9	  26,6	  24,1	  -5,3
s	   125,7149	 7	175,03	 92,99	   7,3	  19,2	  24,6	  25,6	  26,8	  26,6	  24,3	  -5,1
s	   125,7571	 7	185,38	 80,34	   8,0	  18,8	  22,7	  22,8	  24,1	  25,7	  23,3	  -6,9
s	   126,4121	 3	 36,23	 90,80	  11,4	  21,6	  25,5	  26,2	  27,6	  27,6	  23,6	  -6,6
s	   126,4274	 8	130,37	100,19	   8,7	  20,1	  24,2	  24,6	  25,9	  26,6	  24,1	  -5,4
s	   126,5921	 4	 36,16	 93,75	  10,7	  21,3	  25,4	  26,1	  27,4	  27,4	  24,5	  -4,9
s	   126,6370	 8	186,53	 77,37	   7,5	  18,9	  23,1	  23,2	  24,5	  25,9	  23,9	  -5,6
s	   126,6472	 6	272,43	 88,34	   9,5	  20,1	  24,4	  25,2	  26,4	  25,9	  23,3	  -7,0
s	   126,6543	 4	 36,30	 87,63	  10,9	  21,0	  24,8	  25,2	  26,6	  27,6	  23,5	  -6,7
s	   126,8268	 7	272,43	 91,28	   9,2	  20,0	  24,4	  25,1	  26,3	  25,8	  23,2	  -7,1
s	   126,8890	 7	272,43	 85,17	   8,2	  19,1	  23,4	  23,9	  25,1	  25,4	  23,2	  -7,1
s	   127,0729	 8	185,97	102,03	   7,7	  18,6	  22,6	  22,6	  23,9	  25,5	  23,0	  -7,3
s	   127,0918	 5	 36,35	 85,42	   8,1	  19,2	  24,2	  24,9	  26,3	  27,2	  24,4	  -5,1
s	   127,1626	 8	  0,52	 83,79	   9,2	  20,1	  24,2	  24,6	  25,8	  26,5	  23,8	  -5,7
s	   127,1711	 7	  1,98	 86,78	   8,7	  19,7	  24,0	  24,4	  25,6	  26,1	  23,9	  -5,6
s	   127,2202	 5	 36,09	 96,91	   9,9	  20,5	  24,4	  24,8	  26,2	  27,1	  23,4	  -7,0
s	   127,3315	 4	 25,58	 90,56	  11,1	  21,3	  25,3	  26,1	  27,4	  27,3	  23,5	  -6,9
s	   127,4539	 8	272,42	 94,43	   7,9	  19,0	  23,3	  23,8	  25,0	  25,3	  23,0	  -7,3
s	   127,5103	 5	 25,51	 93,49	  10,4	  21,1	  25,2	  26,0	  27,2	  27,1	  24,4	  -5,2
s	   127,5722	 5	 25,66	 87,40	   9,9	  20,3	  24,3	  24,8	  26,1	  26,8	  23,3	  -7,0
s	   127,7350	 8	  1,72	 96,02	   8,4	  19,7	  23,9	  24,3	  25,5	  26,0	  23,8	  -5,8
s	   127,7565	 6	255,01	 88,39	  10,1	  20,9	  25,1	  25,9	  27,1	  26,8	  24,2	  -5,4
s	   127,9349	 7	255,03	 91,31	   9,2	  20,4	  24,8	  25,6	  26,7	  26,3	  24,1	  -5,5
s	   127,9965	 7	254,98	 85,24	   8,9	  19,9	  24,2	  24,6	  25,8	  26,3	  24,1	  -5,5
s	   128,0070	 6	 25,71	 85,21	   7,1	  18,6	  23,8	  24,6	  25,9	  26,5	  24,2	  -5,4
s	   128,1346	 6	 25,43	 96,63	   9,6	  20,3	  24,3	  24,7	  26,0	  26,7	  23,2	  -7,2
s	   128,3099	 6	 84,67	 91,43	   8,6	  19,7	  24,1	  24,9	  26,0	  25,6	  23,1	  -7,3
s	   128,3865	 6	 36,43	 81,58	   8,8	  19,2	  22,9	  23,0	  24,3	  26,2	  23,1	  -7,3
s	   128,4876	 7	 84,67	 94,35	   8,4	  19,7	  24,0	  24,8	  25,9	  25,5	  23,0	  -7,4
s	   128,5490	 7	 84,68	 88,30	   8,1	  19,1	  23,4	  23,8	  25,1	  25,5	  23,0	  -7,4
s	   128,5573	 8	255,05	 94,44	   7,9	  19,4	  23,8	  24,3	  25,4	  25,8	  23,9	  -5,7
s	   129,1077	 8	 84,66	 97,47	   7,1	  18,6	  23,0	  23,5	  24,7	  25,0	  22,8	  -7,6
s	   129,1689	 8	 84,69	 85,41	   7,8	  19,1	  23,3	  23,7	  24,9	  25,4	  22,8	  -7,6
s	   129,2937	 7	 25,81	 81,39	   7,8	  18,6	  22,5	  22,6	  23,9	  25,4	  22,9	  -7,6
s	   129,3037	 7	 35,98	102,19	   5,8	  17,2	  22,1	  22,5	  23,8	  25,5	  22,9	  -7,6
s	   129,8011	 7	 36,50	 78,73	   8,3	  19,3	  23,2	  23,4	  24,7	  26,4	  23,7	  -6,1
s	   130,3934	 4	 46,43	 91,01	  10,2	  20,9	  24,9	  25,7	  27,0	  26,9	  23,2	  -7,4
s	   130,5686	 5	 46,38	 93,89	   9,5	  20,6	  24,8	  25,6	  26,8	  26,7	  24,1	  -5,8
s	   130,6292	 5	 46,49	 87,92	   9,7	  20,3	  24,2	  24,6	  26,0	  26,8	  23,0	  -7,6
s	   130,6999	 8	 25,88	 78,56	   7,2	  18,7	  22,8	  23,0	  24,2	  25,6	  23,5	  -6,4
s	   130,7013	 6	109,02	 91,36	   9,2	  20,4	  24,7	  25,5	  26,7	  26,4	  23,9	  -5,9
s	   130,9366	 7	109,00	 88,27	   8,7	  19,9	  24,0	  24,5	  25,7	  26,3	  23,8	  -6,1
s	   130,9662	 8	 35,91	105,00	   5,2	  17,3	  22,4	  22,8	  24,2	  25,7	  23,5	  -6,4
s	   131,0553	 6	 46,53	 85,77	   6,9	  18,5	  23,7	  24,4	  25,7	  26,5	  23,9	  -6,0
s	   131,1803	 6	 46,32	 96,96	   8,7	  19,8	  23,9	  24,3	  25,6	  26,3	  22,9	  -7,8
s	   131,3087	 8	109,07	 96,59	   5,7	  17,9	  23,3	  24,0	  25,2	  25,7	  23,7	  -6,3
s	   131,4354	 6	295,79	 88,49	   9,9	  20,6	  24,9	  25,7	  26,8	  26,3	  23,9	  -6,1
s	   131,5468	 8	108,97	 85,42	   8,4	  19,8	  23,9	  24,3	  25,6	  26,2	  23,6	  -6,3
s	   131,6094	 7	295,76	 91,34	   9,7	  20,5	  24,8	  25,6	  26,7	  26,2	  23,7	  -6,2
s	   131,7316	 8	 36,56	 75,73	   7,1	  18,0	  21,7	  21,4	  22,8	  25,4	  22,6	  -8,1
s	   132,2169	 8	295,73	 94,40	   8,4	  19,5	  23,8	  24,3	  25,4	  25,7	  23,6	  -6,4
s	   132,3164	 7	 46,60	 82,03	   7,6	  18,5	  22,4	  22,4	  23,7	  25,4	  22,7	  -8,1
s	   132,8532	 7	143,16	 90,82	   8,1	  19,7	  24,2	  25,0	  26,1	  25,6	  23,6	  -6,4
s	   132,9486	 8	143,21	 92,95	   5,9	  18,2	  23,8	  24,8	  26,0	  25,4	  23,5	  -6,5
s	   133,2102	 8	 46,22	102,11	   4,6	  16,5	  21,6	  21,9	  23,2	  24,8	  22,5	  -8,4
s	   133,8160	 8	 46,66	 79,04	   8,1	  19,4	  23,6	  24,0	  25,2	  25,9	  23,2	  -6,9
s	   136,7561	 5	178,07	 89,95	  10,8	  21,0	  24,9	  25,7	  26,9	  26,7	  23,4	  -7,0
s	   136,9242	 6	178,14	 92,70	   9,8	  20,5	  24,6	  25,4	  26,5	  26,3	  23,3	  -7,1
s	   136,9824	 6	177,99	 86,98	   9,5	  20,0	  23,9	  24,4	  25,6	  26,2	  23,3	  -7,1
s	   137,5113	 7	178,22	 95,65	   9,3	  19,9	  23,9	  24,3	  25,5	  26,2	  23,1	  -7,3
s	   137,6889	 6	188,20	 89,67	   8,8	  20,1	  24,3	  25,1	  26,3	  25,9	  23,3	  -7,2
s	   137,8561	 7	188,27	 92,41	   8,6	  20,0	  24,3	  25,0	  26,2	  25,9	  23,2	  -7,3
s	   138,4294	 8	178,30	 98,37	   8,2	  19,4	  23,5	  23,9	  25,1	  25,7	  22,9	  -7,6
s	   138,4973	 8	188,05	 84,00	   7,3	  19,0	  23,3	  23,7	  24,9	  25,4	  23,0	  -7,6
s	   138,6800	 7	338,12	 89,32	   7,8	  19,1	  23,4	  24,2	  25,3	  24,8	  22,1	  -9,3
s	   138,8461	 8	338,05	 92,04	   7,6	  19,0	  23,4	  24,1	  25,2	  24,8	  21,9	  -9,4
s	   138,9036	 8	338,19	 86,39	   7,3	  18,5	  22,7	  23,2	  24,3	  24,8	  21,9	  -9,4
s	   140,3355	 7	315,81	 88,81	   8,5	  19,7	  24,1	  24,8	  26,0	  25,5	  22,9	  -7,8
s	   140,5567	 8	315,87	 85,91	   7,9	  19,2	  23,4	  23,8	  25,0	  25,4	  22,8	  -7,9
s	   142,2704	 6	  5,07	 90,03	   8,6	  19,3	  23,6	  24,3	  25,5	  25,1	  21,9	  -9,8
s	   142,4328	 7	  5,00	 92,70	   8,3	  19,3	  23,5	  24,2	  25,4	  25,0	  21,7	  -9,9
s	   142,6053	 6	250,44	 88,43	   9,3	  20,1	  24,3	  25,0	  26,2	  25,8	  22,9	  -8,1
s	   142,7674	 7	250,46	 91,09	   8,3	  19,6	  24,0	  24,7	  25,8	  25,3	  22,7	  -8,2
s	   142,8235	 7	250,41	 85,57	   8,0	  19,1	  23,3	  23,8	  25,0	  25,3	  22,7	  -8,2
s	   143,2259	 6	  6,44	 90,07	   8,5	  19,6	  24,0	  24,8	  25,9	  25,3	  22,8	  -8,2
s	   143,3336	 8	250,49	 93,94	   7,8	  19,0	  23,2	  23,7	  24,8	  25,2	  22,6	  -8,4
s	   143,3874	 7	  6,37	 92,72	   8,3	  19,6	  23,9	  24,7	  25,8	  25,3	  22,7	  -8,3
s	   143,4433	 7	  6,51	 87,22	   7,3	  18,6	  23,0	  23,5	  24,6	  24,9	  22,7	  -8,3
s	   143,9514	 8	  6,29	 95,56	   7,0	  18,6	  22,9	  23,4	  24,5	  24,8	  22,5	  -8,5
s	   144,0355	 7	  5,43	 87,20	   7,2	  18,3	  22,5	  23,0	  24,1	  24,5	  21,6	 -10,2
s	   144,5418	 8	  5,21	 95,51	   7,0	  18,2	  22,4	  22,8	  24,0	  24,4	  21,4	 -10,4
s	   145,3694	 8	  5,64	 84,61	   6,2	  17,9	  22,2	  22,6	  23,7	  24,2	  21,4	 -10,6
s	   146,9675	 8	168,10	 84,83	   4,9	  16,6	  21,9	  22,6	  23,8	  24,2	  21,2	 -10,8
s	   147,2013	 5	 45,05	 91,00	   7,8	  19,3	  23,6	  24,4	  25,6	  25,2	  22,6	  -8,8
s	   147,3589	 6	 45,00	 93,58	   7,6	  19,3	  23,6	  24,3	  25,5	  25,1	  22,4	  -8,9
s	   147,4135	 6	 45,10	 88,22	   7,3	  18,7	  22,9	  23,4	  24,6	  25,1	  22,4	  -8,9
s	   147,9097	 7	 44,94	 96,35	   6,3	  18,3	  22,6	  23,0	  24,2	  24,6	  22,3	  -9,1
s	   147,9641	 7	 45,15	 85,65	   7,0	  18,7	  22,9	  23,3	  24,5	  25,0	  22,3	  -9,1
s	   148,7715	 8	 44,89	 98,91	   5,8	  17,9	  22,3	  22,7	  23,8	  24,3	  21,9	  -9,6
s	   148,9337	 8	 45,20	 82,90	   5,0	  16,7	  20,9	  20,9	  22,2	  23,5	  21,0	 -11,2
s	   149,4684	 7	155,04	 90,56	   7,2	  18,8	  23,3	  24,1	  25,2	  24,5	  22,1	  -9,4
s	   149,5179	 6	228,31	 88,74	   8,0	  19,2	  23,5	  24,2	  25,4	  24,9	  21,2	 -11,1
s	   149,6240	 8	155,11	 93,11	   7,0	  18,8	  23,3	  24,0	  25,1	  24,4	  22,0	  -9,5
s	   149,6778	 8	154,98	 87,81	   6,0	  17,9	  22,4	  22,9	  23,9	  24,0	  22,0	  -9,5
s	   149,7272	 7	228,26	 86,00	   6,7	  18,2	  22,5	  22,9	  24,1	  24,5	  21,1	 -11,2
s	   150,2986	 7	276,98	 88,36	   7,9	  19,1	  23,5	  24,3	  25,4	  24,6	  22,1	  -9,5
s	   150,4534	 8	276,97	 90,90	   7,7	  19,0	  23,5	  24,2	  25,3	  24,6	  21,9	  -9,7
s	   150,5070	 8	276,99	 85,63	   6,7	  18,1	  22,5	  23,1	  24,1	  24,2	  21,9	  -9,7
s	   151,4023	 6	 64,26	 91,30	   7,4	  18,9	  23,3	  24,1	  25,2	  24,6	  22,1	  -9,6
s	   151,5561	 7	 64,23	 93,82	   7,1	  18,9	  23,3	  24,0	  25,1	  24,6	  22,0	  -9,8
s	   151,6093	 7	 64,29	 88,59	   6,8	  18,3	  22,6	  23,1	  24,2	  24,6	  22,0	  -9,8
s	   151,6885	 6	129,05	 91,11	   8,1	  18,7	  23,0	  23,8	  24,9	  24,3	  21,0	 -11,5
s	   151,8421	 7	129,09	 93,63	   7,9	  18,7	  23,0	  23,7	  24,8	  24,2	  20,9	 -11,6
s	   151,9502	 8	190,35	 89,62	   6,1	  18,4	  22,9	  23,7	  24,7	  24,1	  21,8	  -9,9
s	   152,0934	 8	 64,20	 96,53	   5,9	  17,9	  22,3	  22,7	  23,9	  24,1	  21,8	 -10,0
s	   152,3785	 8	129,14	 96,33	   6,6	  17,7	  22,0	  22,4	  23,6	  23,7	  20,7	 -11,8
s	   152,8323	 8	 75,29	 91,41	   5,3	  17,5	  22,1	  22,9	  23,9	  23,1	  20,7	 -11,9
s	   154,1261	 7	134,24	 91,02	   7,0	  18,1	  22,6	  23,4	  24,4	  23,7	  20,7	 -12,0
s	   154,2775	 8	134,29	 93,50	   6,8	  18,1	  22,5	  23,3	  24,3	  23,6	  20,6	 -12,1
s	   154,3299	 8	134,19	 88,35	   5,7	  17,2	  21,6	  22,1	  23,2	  23,2	  20,6	 -12,1
s	   154,4255	 4	210,01	 91,61	   7,9	  18,7	  23,7	  24,7	  26,0	  25,9	  22,0	  -9,9
s	   154,5579	 7	110,93	 91,35	   7,0	  18,2	  22,6	  23,3	  24,5	  23,9	  20,7	 -12,1
s	   155,1984	 5	218,96	 91,40	   7,6	  18,5	  23,6	  24,6	  25,8	  25,6	  21,9	 -10,2
s	   156,3463	 7	357,37	 89,83	   9,3	  19,7	  23,8	  24,5	  25,6	  25,2	  21,5	 -10,7
s	   156,4959	 8	357,31	 92,28	   8,3	  19,3	  23,4	  24,1	  25,2	  24,7	  21,4	 -10,8
s	   156,5476	 8	357,44	 87,20	   7,1	  18,3	  22,6	  23,0	  24,1	  24,4	  21,4	 -10,7
s	   157,7230	 8	111,11	 88,73	   6,3	  17,7	  21,8	  22,2	  23,4	  23,8	  20,3	 -12,7
s	   157,9256	 8	272,31	 88,36	   6,6	  18,2	  22,8	  23,6	  24,6	  23,7	  21,3	 -11,0
s	   158,6395	 7	296,87	 88,52	   7,5	  18,2	  22,6	  23,4	  24,4	  23,6	  20,3	 -12,8
s	   158,7872	 8	296,84	 90,94	   7,3	  18,1	  22,5	  23,3	  24,3	  23,5	  20,2	 -12,9
s	   158,9116	 7	182,88	 92,25	   5,5	  17,4	  22,8	  23,7	  24,9	  24,5	  21,3	 -11,0
s	   160,6201	 7	257,32	 88,39	   8,4	  18,6	  22,8	  23,5	  24,6	  24,0	  20,1	 -13,2
s	   160,7661	 8	257,33	 90,79	   7,4	  18,2	  22,4	  23,2	  24,2	  23,5	  20,0	 -13,3
s	   161,8480	 8	297,00	 85,96	   6,1	  17,2	  21,5	  22,0	  23,1	  23,2	  19,9	 -13,4
s	   163,8442	 8	292,04	 88,47	   6,3	  17,5	  22,0	  22,8	  23,8	  22,8	  19,8	 -13,8
s	   163,9564	 7	173,40	 90,09	   6,5	  17,8	  22,1	  22,9	  24,0	  23,3	  19,9	 -13,7
s	   164,0998	 8	173,46	 92,44	   6,3	  17,7	  22,1	  22,8	  23,9	  23,3	  19,8	 -13,8
s	   164,7475	 3	210,11	 89,13	   8,9	  19,3	  23,4	  24,2	  25,4	  25,0	  21,3	 -11,6
s	   164,9397	 4	210,06	 86,61	   7,6	  18,4	  22,4	  22,9	  24,1	  24,6	  21,2	 -11,8
s	   165,3396	 7	 70,71	 91,38	   6,5	  17,7	  22,1	  22,8	  23,9	  23,2	  19,8	 -13,9
s	   165,3891	 5	210,23	 93,98	   8,1	  18,7	  22,6	  23,0	  24,3	  24,9	  21,0	 -11,9
s	   165,4384	 5	210,00	 84,28	   7,4	  18,3	  22,3	  22,8	  24,0	  24,5	  21,0	 -12,0
s	   165,4776	 4	218,57	 88,94	   8,6	  19,1	  23,3	  24,0	  25,2	  24,7	  21,1	 -11,8
s	   165,4819	 8	 70,69	 93,71	   5,5	  17,3	  21,8	  22,5	  23,5	  22,8	  19,6	 -14,1
s	   165,6690	 5	218,51	 86,43	   7,4	  18,2	  22,3	  22,8	  24,0	  24,3	  21,0	 -12,0
s	   165,9155	 7	173,94	 90,07	   5,7	  17,3	  21,8	  22,6	  23,6	  22,8	  19,7	 -14,0
s	   166,1166	 6	218,67	 93,77	   7,9	  18,5	  22,5	  22,9	  24,1	  24,6	  20,8	 -12,2
s	   166,1702	 6	210,28	 96,30	   7,9	  18,6	  22,5	  22,9	  24,2	  24,8	  20,8	 -12,2
s	   166,3364	 8	218,82	 83,93	   6,7	  17,7	  22,0	  22,5	  23,6	  23,6	  20,6	 -12,4
s	   166,8947	 7	218,72	 96,08	   7,6	  18,4	  22,4	  22,8	  24,0	  24,5	  20,7	 -12,4
s	   167,3494	 7	210,34	 98,76	   5,1	  16,3	  20,3	  20,3	  21,6	  22,9	  19,6	 -14,3
s	   167,4469	 7	209,89	 79,50	   6,3	  17,4	  21,3	  21,3	  22,6	  24,1	  20,4	 -12,7
s	   168,0694	 8	218,77	 98,54	   4,8	  16,1	  20,1	  20,2	  21,4	  22,6	  19,4	 -14,5
s	   168,1665	 8	218,36	 79,35	   6,1	  17,2	  21,1	  21,2	  22,5	  23,8	  20,2	 -13,0
s	   168,7526	 8	210,40	101,02	   5,3	  16,9	  20,9	  21,0	  22,2	  23,5	  20,2	 -13,1
s	   168,7680	 7	235,49	 90,92	   5,8	  17,2	  22,5	  23,5	  24,7	  24,1	  20,5	 -12,7
s	   168,9944	 8	209,83	 77,07	   4,5	  15,7	  19,5	  19,2	  20,5	  22,7	  19,4	 -14,7
s	   170,0360	 5	226,61	 88,78	   7,4	  18,5	  22,7	  23,5	  24,6	  24,0	  20,6	 -12,7
s	   170,2228	 6	226,56	 86,33	   6,2	  17,5	  21,8	  22,2	  23,4	  23,6	  20,5	 -12,9
s	   170,7077	 7	226,52	 84,07	   5,9	  17,4	  21,7	  22,1	  23,3	  23,5	  20,3	 -13,1
s	   171,4195	 8	226,74	 95,75	   6,4	  17,8	  21,9	  22,2	  23,4	  23,8	  20,2	 -13,3
s	   171,8462	 8	 52,92	 88,72	   6,4	  17,7	  21,9	  22,2	  23,4	  23,8	  20,1	 -13,4
s	   171,8681	 5	 35,37	 93,07	   6,1	  17,4	  22,5	  23,5	  24,8	  24,4	  20,5	 -13,1
s	   172,5712	 6	 27,23	 92,87	   5,8	  17,2	  22,4	  23,4	  24,6	  24,1	  20,3	 -13,3
s	   172,8351	 7	164,77	 90,32	   6,9	  18,1	  22,5	  23,2	  24,3	  23,6	  20,2	 -13,4
s	   172,9719	 8	164,83	 92,56	   5,9	  17,7	  22,2	  22,9	  23,9	  23,1	  20,1	 -13,6
s	   173,8149	 8	 94,59	 91,46	   5,1	  16,7	  21,3	  22,1	  23,1	  22,1	  19,0	 -15,5
s	   174,2392	 8	 35,22	100,10	   2,5	  14,4	  19,5	  19,8	  21,0	  22,3	  18,9	 -15,6
s	   175,3026	 8	280,48	 88,39	   5,8	  16,9	  21,5	  22,3	  23,2	  22,2	  18,8	 -15,7
s	   176,9660	 7	 19,46	 92,63	   4,7	  16,6	  21,9	  22,9	  24,0	  23,4	  19,8	 -14,1
s	   178,3491	 7	128,21	 91,14	   6,6	  17,7	  22,2	  22,9	  24,0	  23,0	  19,7	 -14,4
s	   178,4821	 8	128,25	 93,32	   6,4	  17,7	  22,1	  22,9	  23,9	  23,0	  19,6	 -14,5
s	   180,7399	 8	112,50	 91,35	   5,5	  17,2	  21,8	  22,5	  23,5	  22,4	  19,4	 -14,9
s	   181,5415	 8	128,09	 88,83	   5,2	  16,8	  21,1	  21,6	  22,6	  22,6	  19,4	 -15,0
s	   182,2059	 4	 35,29	 90,81	   7,1	  18,1	  22,3	  23,0	  24,2	  23,6	  19,8	 -14,7
s	   182,3816	 5	 35,34	 88,51	   7,4	  18,0	  21,8	  22,2	  23,5	  24,0	  19,6	 -14,8
s	   182,7924	 6	 35,19	 95,25	   6,4	  17,5	  21,5	  21,9	  23,1	  23,5	  19,5	 -15,0
s	   182,8375	 6	 35,39	 86,38	   6,4	  17,5	  21,5	  21,9	  23,1	  23,5	  19,5	 -15,0
s	   182,8734	 5	 27,57	 90,64	   6,9	  17,9	  22,2	  22,9	  24,0	  23,3	  19,6	 -14,9
s	   183,0484	 6	 27,62	 88,34	   7,1	  17,7	  21,7	  22,1	  23,3	  23,7	  19,5	 -15,0
s	   183,3891	 5	 42,85	 90,97	   6,1	  17,6	  21,9	  22,7	  23,8	  23,1	  19,6	 -15,0
s	   183,4579	 7	 27,46	 95,06	   6,1	  17,3	  21,4	  21,8	  22,9	  23,2	  19,3	 -15,2
s	   183,5070	 7	 35,14	 97,37	   6,1	  17,4	  21,4	  21,8	  23,0	  23,4	  19,3	 -15,2
s	   183,5188	 6	 42,81	 93,10	   5,9	  17,5	  21,9	  22,6	  23,7	  23,1	  19,4	 -15,1
s	   183,5637	 6	 42,90	 88,69	   5,6	  17,0	  21,2	  21,6	  22,8	  23,1	  19,4	 -15,1
s	   183,6416	 7	 35,44	 84,10	   5,1	  16,5	  20,5	  20,6	  21,8	  23,0	  19,3	 -15,3
s	   183,9722	 7	 42,76	 95,38	   4,6	  16,6	  20,9	  21,3	  22,4	  22,6	  19,3	 -15,3
s	   184,0170	 7	 42,94	 86,57	   5,3	  17,0	  21,1	  21,5	  22,7	  23,0	  19,3	 -15,3
s	   184,1309	 6	185,89	 89,76	   6,6	  17,8	  22,1	  22,8	  23,9	  23,2	  19,4	 -15,2
s	   184,1702	 8	 27,41	 97,17	   5,9	  17,2	  21,3	  21,7	  22,8	  23,1	  19,2	 -15,5
s	   184,2602	 7	185,94	 91,88	   6,4	  17,7	  22,0	  22,7	  23,8	  23,2	  19,3	 -15,4
s	   184,3044	 8	 27,73	 83,94	   4,8	  16,3	  20,4	  20,5	  21,6	  22,7	  19,1	 -15,5
s	   184,4363	 6	225,62	 88,81	   6,3	  17,5	  21,8	  22,5	  23,6	  23,0	  18,3	 -17,1
s	   184,6100	 7	225,58	 86,53	   5,1	  16,6	  20,8	  21,3	  22,4	  22,5	  18,2	 -17,2
s	   184,6758	 8	 35,49	 82,00	   5,3	  16,6	  20,4	  20,5	  21,7	  23,1	  18,9	 -15,8
s	   184,6826	 8	 42,72	 97,49	   4,3	  16,5	  20,8	  21,2	  22,3	  22,5	  19,1	 -15,5
s	   184,7566	 8	185,77	 85,37	   5,1	  16,8	  21,0	  21,4	  22,5	  22,7	  19,1	 -15,6
s	   184,8165	 8	 42,99	 84,30	   4,1	  16,0	  20,1	  20,2	  21,4	  22,5	  19,1	 -15,6
s	   184,9260	 8	 77,26	 91,43	   6,3	  17,5	  21,8	  22,6	  23,5	  22,7	  19,0	 -15,7
s	   185,0610	 8	225,54	 84,42	   5,1	  16,7	  21,0	  21,4	  22,5	  22,7	  19,1	 -15,6
s	   185,1324	 6	186,97	 89,73	   5,8	  17,3	  21,7	  22,5	  23,6	  22,7	  19,3	 -15,4
s	   185,2611	 7	187,03	 91,84	   5,6	  17,3	  21,7	  22,4	  23,5	  22,7	  19,2	 -15,5
s	   185,3056	 7	186,91	 87,46	   4,5	  16,4	  20,8	  21,2	  22,3	  22,3	  19,2	 -15,5
s	   185,7106	 8	187,09	 94,10	   4,3	  16,3	  20,7	  21,1	  22,2	  22,2	  19,0	 -15,7
s	   185,7551	 8	186,85	 85,36	   4,3	  16,3	  20,7	  21,1	  22,2	  22,2	  19,0	 -15,7
s	   185,8632	 7	186,05	 87,49	   5,3	  16,8	  21,0	  21,5	  22,5	  22,7	  19,1	 -15,6
s	   186,2671	 8	186,22	 94,11	   5,0	  16,7	  21,0	  21,3	  22,4	  22,6	  19,0	 -15,8
s	   188,2108	 8	297,72	 88,55	   6,0	  17,1	  21,7	  22,4	  23,4	  22,2	  18,8	 -16,1
s	   189,6400	 7	241,10	 88,56	   6,3	  17,4	  21,7	  22,4	  23,4	  22,5	  18,8	 -16,3
s	   189,8007	 8	179,04	 92,01	   4,1	  15,5	  20,7	  21,7	  22,7	  22,0	  17,6	 -18,2
s	   190,3548	 8	 57,10	 93,28	   3,1	  15,5	  21,0	  22,0	  23,1	  22,3	  18,7	 -16,5
s	   191,3835	 8	 20,39	 92,51	   3,1	  15,5	  21,0	  21,9	  23,0	  22,2	  18,6	 -16,7
s	   193,9839	 8	159,88	 90,46	   4,2	  15,9	  20,4	  21,2	  22,1	  21,0	  17,4	 -18,9
s	   195,9136	 8	 12,36	 88,10	   4,6	  16,3	  20,5	  20,9	  22,0	  22,1	  18,3	 -17,4
s	   199,6419	 8	187,92	 89,71	   4,0	  16,2	  20,8	  21,5	  22,5	  21,5	  18,0	 -18,0
s	   200,9905	 7	 56,70	 91,22	   5,1	  16,6	  21,0	  21,7	  22,7	  21,8	  17,9	 -18,2
s	   201,5117	 7	 21,02	 90,48	   4,7	  16,4	  20,8	  21,5	  22,5	  21,6	  16,9	 -20,0
s	   203,9117	 8	247,27	 88,49	   3,8	  15,5	  20,0	  20,8	  21,7	  20,5	  16,6	 -20,5
s	   204,1991	 8	  5,66	 90,08	   4,6	  16,3	  20,8	  21,5	  22,5	  21,5	  17,6	 -18,8
s	   205,6225	 8	127,56	 91,16	   4,5	  15,7	  20,2	  21,0	  21,9	  20,6	  16,5	 -20,8
s	   206,4619	 8	 48,91	 91,10	   3,0	  15,6	  20,2	  21,0	  21,9	  20,8	  17,5	 -19,1
s	   209,0960	 5	210,68	 91,02	   4,6	  15,9	  21,0	  21,9	  23,1	  22,5	  17,6	 -19,2
s	   210,8588	 8	180,68	 89,91	   4,8	  16,3	  20,6	  21,3	  22,3	  21,3	  16,9	 -20,1
s	   211,1654	 8	210,45	 81,34	   1,5	  13,6	  18,7	  19,0	  20,2	  21,2	  16,9	 -20,1
s	   211,5004	 8	181,66	 89,88	   5,0	  16,2	  20,5	  21,2	  22,1	  21,2	  16,8	 -20,3
s	   212,8360	 7	223,36	 90,72	   3,2	  15,1	  20,4	  21,4	  22,5	  21,6	  17,1	 -20,1
s	   213,4185	 8	 62,85	 91,31	   2,7	  14,8	  19,4	  20,2	  21,1	  19,9	  15,9	 -22,1
s	   219,4591	 4	210,73	 89,14	   6,2	  16,8	  20,8	  21,5	  22,6	  22,0	  15,9	 -22,6
s	   219,6075	 5	210,69	 87,19	   5,6	  16,2	  20,1	  20,5	  21,7	  21,9	  15,8	 -22,7
s	   219,9548	 6	210,82	 92,88	   4,7	  15,8	  19,8	  20,1	  21,3	  21,4	  15,7	 -22,9
s	   219,9929	 6	210,64	 85,39	   4,9	  16,0	  20,0	  20,4	  21,5	  21,7	  16,7	 -21,1
s	   220,0232	 5	217,26	 88,99	   5,9	  16,6	  20,7	  21,4	  22,5	  21,7	  15,8	 -22,8
s	   220,1713	 6	217,22	 87,05	   4,7	  15,6	  19,7	  20,1	  21,2	  21,2	  15,6	 -22,9
s	   220,3885	 7	210,85	 94,24	   2,7	  14,4	  19,5	  20,1	  21,3	  21,5	  16,5	 -21,3
s	   220,5178	 7	217,34	 92,73	   4,4	  15,6	  19,7	  20,0	  21,1	  21,1	  15,5	 -23,1
s	   220,6732	 7	210,60	 83,46	   3,4	  14,8	  18,8	  18,9	  20,0	  20,9	  15,5	 -23,1
s	   220,9505	 8	217,37	 94,08	   1,7	  13,8	  19,2	  19,8	  20,9	  20,8	  16,4	 -21,5
s	   221,0888	 8	210,58	 82,55	  -1,6	  11,3	  17,6	  18,3	  19,4	  20,2	  16,2	 -21,8
s	   221,2345	 8	217,14	 83,32	   3,1	  14,6	  18,7	  18,8	  19,8	  20,7	  15,3	 -23,3
s	   221,4736	 8	210,91	 96,60	   3,9	  15,1	  19,0	  19,0	  20,2	  21,3	  15,3	 -23,4
s	   224,7939	 8	192,14	 91,37	   1,8	  14,2	  19,7	  20,6	  21,6	  20,6	  16,1	 -22,1
s	   226,1171	 8	 47,59	 91,08	   3,2	  15,2	  19,7	  20,5	  21,3	  20,1	  16,0	 -22,4
s	   226,5522	 6	 34,81	 92,58	   2,9	  14,8	  20,0	  20,9	  22,1	  21,3	  16,2	 -22,2
s	   226,6900	 6	198,78	 89,43	   4,7	  15,9	  20,1	  20,8	  21,9	  20,9	  15,2	 -24,0
s	   226,8341	 7	198,73	 87,54	   4,2	  15,3	  19,4	  19,8	  20,9	  20,9	  15,1	 -24,1
s	   227,0391	 8	204,61	 91,04	   1,0	  13,8	  19,4	  20,3	  21,3	  20,3	  16,0	 -22,5
s	   227,1002	 7	 28,46	 92,43	   2,7	  14,6	  19,9	  20,8	  21,9	  21,0	  16,1	 -22,4
s	   227,1713	 8	198,87	 93,07	   3,2	  14,9	  19,1	  19,5	  20,5	  20,4	  14,9	 -24,3
s	   227,2082	 8	198,68	 85,79	   3,4	  15,1	  19,3	  19,7	  20,7	  20,6	  15,9	 -22,5
s	   228,4365	 7	229,82	 88,75	   4,4	  15,7	  20,0	  20,7	  21,7	  20,6	  14,9	 -24,4
s	   228,5428	 8	229,85	 90,49	   3,7	  15,4	  19,9	  20,6	  21,5	  20,3	  15,9	 -22,7
s	   228,5795	 8	229,79	 86,87	   3,2	  14,7	  19,0	  19,4	  20,4	  20,1	  14,8	 -24,5
s	   236,9245	 5	 34,76	 90,82	   4,6	  15,7	  19,9	  20,6	  21,6	  20,7	  14,6	 -25,5
s	   236,9813	 6	 34,74	 92,09	   1,8	  14,0	  19,4	  20,3	  21,4	  20,4	  15,5	 -23,8
s	   237,0628	 6	 34,81	 89,01	   4,8	  15,6	  19,4	  19,8	  20,9	  21,1	  14,4	 -25,6
s	   237,3866	 7	 34,69	 94,32	   3,1	  14,7	  18,8	  19,2	  20,2	  20,2	  14,3	 -25,8
s	   237,4221	 7	 34,84	 87,33	   4,1	  15,3	  19,3	  19,7	  20,8	  20,8	  15,3	 -24,0
s	   237,4504	 6	 28,68	 90,68	   4,3	  15,5	  19,8	  20,4	  21,5	  20,4	  14,4	 -25,7
s	   237,5071	 7	 28,65	 91,95	   1,6	  13,8	  19,3	  20,2	  21,2	  20,1	  15,3	 -24,0
s	   237,5885	 7	 28,72	 88,87	   3,8	  15,0	  19,1	  19,4	  20,5	  20,4	  14,3	 -25,8
s	   237,9116	 8	 28,60	 94,17	   2,8	  14,5	  18,7	  19,1	  20,1	  19,9	  14,2	 -26,0
s	   239,1603	 8	235,37	 88,66	   2,6	  14,7	  19,3	  20,0	  20,9	  19,4	  15,1	 -24,4
s	   239,8960	 8	222,86	 88,88	   3,2	  14,9	  19,3	  20,0	  20,8	  19,7	  14,0	 -26,4
s	   244,4097	 8	 46,53	 92,30	   0,4	  13,1	  18,7	  19,7	  20,6	  19,3	  14,7	 -25,2
s	   246,3508	 8	186,81	 89,75	   2,3	  14,4	  19,0	  19,7	  20,6	  19,1	  14,6	 -25,5
s	   251,9636	 8	 52,04	 91,16	   1,4	  14,0	  18,6	  19,3	  20,2	  18,7	  14,2	 -26,4
#END
