#HEADER
CATT-Acoustic v8.0b    Copyright © CATT 1988-2003

 Project                : Aula Optica 

 GEOMETRICAL INFORMATION
 Src id and loc     [m] :   E0           9,400        4,600        1,300
 Rec id and loc     [m] :   14          15,500        4,600        1,200

 14       17,7698

 VARIABLE SOURCE DATA
 Directivity
   Type (library)       :  OMNI.SD0
   Dir. Index (DI) [dB] :       0,0      0,0      0,0      0,0      0,0      0,0      0,0      0,0
 Level
   On axis 1m      [dB] :      48,1     57,1     60,8     61,7     63,4     64,6     64,6     48,2
   Total power     [dB] :      59,0     68,0     71,7     72,6     74,3     75,5     75,5     59,1
   Auxiliary delay [ms] :       0,0

 VARIABLE AIR DATA
 Temperature       [°C] :      20
 Relative humidity  [%] :      50
 Density        [kg/m³] :       1,2
 Sound speed      [m/s] :     343
 Impedance      [Ns/m³] :     412
 Diss. coeff. [0.001/m] :      0,10     0,30     0,63     1,07     2,28     6,83    24,23    83,90      (estimated)

#DATAFIELDS
 TYPE DELAY ORDER AZIMUTH ELEVATION SPL125 SPL250 SPL500 SPL1K SPL2K SPL4K SPL8K SPL16K
#DATA
d	     0,0000	 0	 89,60	 89,46	  32,4	  41,4	  45,1	  46,0	  47,6	  48,7	  48,3	  30,3
s	     1,4319	 1	 89,60	112,68	  31,0	  40,2	  43,9	  44,7	  46,4	  47,5	  47,0	  28,8
*	    15,7353	 1	344,89	109,02	   0,2	   9,4	  13,1	  13,9	  15,6	  16,6	  15,7	  -3,7
*	     7,0722	 1	300,97	142,28	  13,2	  22,4	  26,1	  26,9	  28,6	  29,7	  28,9	  10,3
*	    11,5673	 1	195,91	115,68	   4,8	  14,0	  17,7	  18,5	  20,2	  21,2	  20,4	   1,4
*	    10,3733	 1	 29,63	106,98	   3,2	  12,4	  16,1	  16,9	  18,5	  19,6	  18,8	  -0,1
*	     1,8359	 1	 74,22	119,40	  13,3	  22,5	  26,2	  27,0	  28,7	  29,8	  29,2	  11,1
*	     5,8558	 1	136,23	111,04	   7,9	  17,0	  20,7	  21,6	  23,2	  24,3	  23,6	   5,1
*	    11,6067	 1	 53,59	101,61	   2,4	  11,6	  15,3	  16,1	  17,8	  18,8	  18,0	  -1,0
*	     2,6041	 1	 81,97	103,89	  14,6	  23,8	  27,5	  28,3	  30,0	  31,1	  30,5	  12,3
*	     6,7062	 1	113,25	102,66	   8,2	  17,4	  21,1	  21,9	  23,5	  24,6	  23,9	   5,3
*	    19,5000	 1	 64,49	 98,36	  -2,7	   6,5	  10,1	  11,0	  12,6	  13,6	  12,6	  -7,1
*	    12,0301	 1	 84,10	 99,07	   6,2	  15,4	  19,1	  19,9	  21,6	  22,6	  21,8	   2,7
*	    15,2848	 1	104,59	 98,71	   1,8	  11,0	  14,7	  15,5	  17,2	  18,2	  17,2	  -2,1
*	    32,5141	 1	 70,29	 96,47	 -10,9	  -1,7	   2,0	   2,8	   4,4	   5,3	   3,9	 -17,0
*	    27,7525	 1	 85,09	 96,78	  -7,6	   1,6	   5,3	   6,1	   7,7	   8,7	   7,4	 -13,0
*	    29,6823	 1	100,25	 96,62	  -8,9	   0,2	   3,9	   4,7	   6,4	   7,3	   6,0	 -14,6
*	    47,5579	 1	 73,83	 95,27	 -18,2	  -9,0	  -5,3	  -4,5	  -2,9	  -2,1	  -3,9	 -26,1
*	    44,1626	 1	 85,66	 95,44	 -16,5	  -7,4	  -3,7	  -2,9	  -1,3	  -0,5	  -2,1	 -24,1
*	    45,5206	 1	 97,67	 95,37	 -17,2	  -8,0	  -4,3	  -3,5	  -1,9	  -1,1	  -2,8	 -24,9
s	     1,9033	 1	 89,61	 64,97	  29,3	  38,4	  42,0	  42,6	  44,2	  46,1	  45,9	  27,0
*	    24,7725	 1	233,24	 70,57	  -2,7	   7,2	  11,0	  11,8	  13,4	  15,1	  14,4	  -4,1
*	    21,5642	 1	274,14	 66,41	   0,1	  10,0	  13,9	  14,7	  16,3	  18,0	  17,3	  -0,9
*	    26,1871	 1	311,42	 71,92	  -3,8	   6,1	   9,9	  10,7	  12,3	  14,0	  13,2	  -5,4
*	    12,5085	 1	193,68	 60,32	   6,7	  16,6	  20,4	  21,2	  22,9	  24,6	  24,2	   6,8
*	     7,1643	 1	292,88	 24,91	  15,4	  25,3	  29,2	  29,9	  31,6	  33,4	  33,1	  16,2
*	    14,5142	 1	347,95	 64,67	   4,4	  14,3	  18,2	  18,9	  20,6	  22,3	  21,9	   4,3
*	     7,1890	 1	139,00	 66,24	   9,5	  19,4	  23,3	  24,0	  25,7	  27,5	  27,2	  10,3
*	     2,1287	 1	 82,42	 56,13	  15,8	  25,7	  29,6	  30,3	  32,0	  33,9	  33,7	  17,2
*	     9,2706	 1	 34,79	 68,70	   7,4	  17,2	  21,1	  21,9	  23,5	  25,3	  25,0	   7,9
*	     8,2856	 1	116,57	 75,45	   9,4	  19,3	  23,2	  23,9	  25,6	  27,4	  27,1	  10,1
*	     2,7273	 1	 86,46	 73,78	  18,0	  27,9	  31,7	  32,5	  34,2	  36,0	  35,9	  19,3
*	    10,4167	 1	 57,86	 76,09	   7,0	  16,9	  20,7	  21,5	  23,2	  25,0	  24,6	   7,4
*	    16,6307	 1	107,62	 80,09	   3,5	  13,3	  17,2	  18,0	  19,6	  21,4	  20,8	   3,1
*	    12,1519	 1	 87,59	 79,59	   9,4	  19,3	  23,2	  23,9	  25,6	  27,4	  26,9	   9,6
*	    18,4286	 1	 68,02	 80,31	   1,6	  11,5	  15,4	  16,1	  17,8	  19,5	  18,9	   1,0
*	    30,4295	 1	103,05	 82,62	  -6,3	   3,6	   7,5	   8,2	   9,8	  11,5	  10,6	  -8,4
*	    27,7270	 1	 88,12	 82,41	  -4,3	   5,6	   9,4	  10,2	  11,8	  13,5	  12,6	  -6,1
*	    31,6560	 1	 73,38	 82,70	  -7,1	   2,8	   6,6	   7,4	   9,0	  10,7	   9,7	  -9,4
*	    45,8573	 1	100,31	 84,17	 -14,2	  -4,3	  -0,4	   0,3	   1,9	   3,5	   2,2	 -18,2
*	    43,9563	 1	 88,43	 84,07	 -13,2	  -3,4	   0,5	   1,2	   2,8	   4,4	   3,1	 -17,0
*	    46,7506	 1	 76,65	 84,22	 -14,6	  -4,7	  -0,9	  -0,1	   1,5	   3,0	   1,7	 -18,7
s	     5,7672	 2	 89,60	131,38	  27,5	  36,8	  40,4	  40,9	  42,6	  44,5	  44,1	  24,9
s	     6,1533	 2	 89,61	 48,36	  27,9	  37,3	  41,0	  41,6	  43,2	  45,1	  44,8	  26,2
s	    11,3017	 3	 89,60	142,72	  26,0	  35,6	  39,3	  39,8	  41,4	  43,3	  42,8	  23,8
s	    11,9996	 1	142,96	 89,68	  26,7	  36,2	  40,0	  40,9	  42,5	  43,4	  43,0	  24,0
*	    12,9247	 1	146,51	103,98	   1,0	  10,5	  14,3	  15,2	  16,8	  17,7	  17,2	  -1,9
s	    12,2323	 3	 89,61	 36,71	  24,1	  33,7	  37,3	  37,6	  39,2	  41,8	  41,7	  21,9
s	    12,8758	 2	143,04	103,98	  26,2	  35,9	  39,7	  40,6	  42,2	  43,1	  42,6	  23,5
s	    13,1734	 2	142,87	 74,40	  24,4	  34,0	  37,8	  38,3	  39,9	  41,6	  41,5	  21,6
*	    37,1822	 1	110,90	 82,74	 -20,5	 -11,4	  -7,7	  -6,8	  -5,3	  -4,6	  -4,9	 -24,5
*	    33,7228	 1	112,25	 82,28	 -18,7	  -9,7	  -5,9	  -5,0	  -3,5	  -2,8	  -3,0	 -22,2
*	    24,4324	 1	117,44	 80,58	 -13,4	  -4,4	  -0,6	   0,3	   1,9	   2,6	   2,7	 -15,8
*	    21,8515	 1	119,68	 79,87	 -11,8	  -2,8	   1,0	   1,9	   3,4	   4,2	   4,3	 -13,9
*	    19,6134	 1	122,29	 79,07	 -10,4	  -1,4	   2,4	   3,2	   4,8	   5,6	   5,8	 -12,2
*	    17,7604	 1	125,32	 78,16	  -9,3	  -0,3	   3,5	   4,3	   5,9	   6,8	   7,0	 -10,9
*	    16,3173	 1	128,88	 77,16	  -8,5	   0,5	   4,3	   5,2	   6,8	   7,6	   7,8	  -9,9
*	    15,2896	 1	133,06	 76,05	  -8,0	   1,0	   4,8	   5,7	   7,3	   8,1	   8,4	  -9,2
*	    14,6694	 1	138,01	 74,84	  -7,7	   1,3	   5,1	   6,0	   7,6	   8,4	   8,7	  -8,9
*	    14,6106	 1	150,70	 72,29	  -7,7	   1,4	   5,1	   6,0	   7,6	   8,4	   8,7	  -8,8
*	    15,1695	 1	158,58	 71,16	  -8,0	   1,1	   4,9	   5,7	   7,3	   8,2	   8,4	  -9,2
*	    16,1319	 1	167,38	 70,27	  -8,5	   0,6	   4,3	   5,2	   6,8	   7,7	   7,9	  -9,8
*	    17,5066	 1	176,79	 69,82	  -9,2	  -0,2	   3,6	   4,5	   6,0	   6,9	   7,1	 -10,8
*	    21,4631	 1	195,58	 70,40	 -11,6	  -2,6	   1,2	   2,1	   3,7	   4,4	   4,6	 -13,6
*	    23,9848	 1	204,02	 71,31	 -13,2	  -4,1	  -0,4	   0,5	   2,1	   2,9	   2,9	 -15,5
*	    26,8062	 1	211,47	 72,43	 -14,8	  -5,8	  -2,0	  -1,2	   0,4	   1,2	   1,1	 -17,5
*	    29,8758	 1	217,89	 73,65	 -16,6	  -7,6	  -3,8	  -3,0	  -1,4	  -0,6	  -0,8	 -19,7
s	    14,8706	 1	 32,59	 89,70	  25,9	  34,9	  38,7	  39,6	  41,2	  42,0	  41,1	  21,0
*	    39,6026	 1	 67,45	 92,57	  -6,1	   2,9	   6,7	   7,5	   9,1	   9,8	   9,4	 -10,4
*	    32,8001	 1	 64,65	 92,81	  -2,7	   6,3	  10,1	  11,0	  12,5	  13,3	  13,1	  -6,1
*	    26,6721	 1	 61,12	 93,12	   0,8	   9,8	  13,6	  14,4	  16,0	  16,8	  16,7	  -1,9
*	    26,8837	 1	 61,15	 84,77	   0,6	   9,6	  13,4	  14,3	  15,9	  16,6	  16,6	  -2,1
*	    21,5557	 1	 56,54	 93,50	   3,8	  12,9	  16,6	  17,5	  19,1	  19,9	  20,0	   1,8
*	    21,7935	 1	 56,58	 83,96	   3,6	  12,7	  16,5	  17,3	  18,9	  19,7	  19,8	   1,6
*	    17,8100	 1	 50,49	 93,98	   6,0	  15,1	  18,8	  19,7	  21,3	  22,1	  22,3	   4,5
*	    18,0690	 1	 50,54	 82,95	   5,8	  14,9	  18,6	  19,5	  21,1	  21,9	  22,1	   4,2
*	    15,6354	 1	 42,33	 94,54	   7,2	  16,2	  20,0	  20,9	  22,5	  23,3	  23,6	   5,9
*	    15,9089	 1	 42,39	 81,72	   7,0	  16,0	  19,8	  20,7	  22,3	  23,1	  23,4	   5,7
*	    15,0234	 1	 31,28	 95,16	   7,5	  16,5	  20,3	  21,2	  22,8	  23,6	  23,9	   6,3
*	    15,3079	 1	 31,37	 80,33	   7,3	  16,3	  20,1	  21,0	  22,6	  23,4	  23,7	   6,0
*	    15,9406	 1	 16,85	 95,67	   7,1	  16,1	  19,9	  20,7	  22,3	  23,2	  23,4	   5,7
*	    16,2326	 1	 16,96	 79,06	   6,8	  15,9	  19,6	  20,5	  22,1	  22,9	  23,2	   5,5
*	    18,4338	 1	359,83	 95,82	   5,7	  14,7	  18,5	  19,4	  21,0	  21,8	  22,0	   4,1
*	    18,7228	 1	359,95	 78,44	   5,4	  14,5	  18,3	  19,1	  20,7	  21,5	  21,7	   3,8
*	    22,4805	 1	342,76	 95,45	   3,3	  12,3	  16,1	  16,9	  18,5	  19,3	  19,4	   1,1
*	    22,7505	 1	342,87	 78,80	   3,1	  12,1	  15,9	  16,7	  18,3	  19,1	  19,2	   0,9
*	    27,8343	 1	328,25	 94,77	   0,1	   9,1	  12,9	  13,8	  15,3	  16,1	  16,0	  -2,7
*	    28,0746	 1	328,34	 79,88	  -0,1	   8,9	  12,7	  13,6	  15,2	  15,9	  15,8	  -2,9
*	    15,6999	 1	157,54	103,73	  -3,3	   5,9	   9,8	  13,3	  15,8	  16,6	  15,7	  -3,7
*	    16,1242	 1	162,13	104,08	  -3,5	   5,7	   9,5	  13,1	  15,6	  16,4	  15,5	  -3,9
*	    16,6802	 1	166,96	104,36	  -3,8	   5,4	   9,3	  12,8	  15,3	  16,1	  15,2	  -4,3
*	    17,3692	 1	171,98	104,54	  -4,1	   5,1	   8,9	  12,4	  14,9	  15,7	  14,8	  -4,7
*	    15,2540	 1	157,51	 99,11	  -2,9	   6,3	  10,1	  13,6	  16,1	  17,0	  16,1	  -3,2
*	    15,6806	 1	162,10	 99,35	  -3,1	   6,1	   9,9	  13,4	  15,9	  16,7	  15,9	  -3,5
*	    16,2398	 1	166,93	 99,52	  -3,4	   5,8	   9,6	  13,1	  15,6	  16,4	  15,6	  -3,9
*	    16,9333	 1	171,95	 99,64	  -3,8	   5,4	   9,2	  12,7	  15,3	  16,1	  15,2	  -4,3
*	    14,9843	 1	157,48	 94,38	  -2,7	   6,5	  10,3	  13,8	  16,4	  17,2	  16,3	  -3,0
*	    15,4125	 1	162,07	 94,48	  -2,9	   6,3	  10,1	  13,6	  16,1	  17,0	  16,1	  -3,3
*	    15,9739	 1	166,89	 94,54	  -3,2	   6,0	   9,8	  13,3	  15,9	  16,7	  15,8	  -3,6
*	    16,6702	 1	171,91	 94,58	  -3,6	   5,6	   9,4	  13,0	  15,5	  16,3	  15,4	  -4,1
*	    14,8951	 1	157,45	 89,58	  -2,6	   6,6	  10,4	  13,9	  16,4	  17,2	  16,4	  -2,9
*	    15,3245	 1	162,04	 89,54	  -2,8	   6,4	  10,2	  13,7	  16,2	  17,0	  16,2	  -3,2
*	    15,8871	 1	166,86	 89,49	  -3,1	   6,1	   9,9	  13,4	  15,9	  16,7	  15,9	  -3,5
*	    16,5847	 1	171,88	 89,45	  -3,5	   5,7	   9,5	  13,0	  15,5	  16,4	  15,5	  -4,0
*	    14,9881	 1	157,42	 84,80	  -2,7	   6,5	  10,3	  13,8	  16,4	  17,2	  16,3	  -3,0
*	    15,4179	 1	162,00	 84,61	  -2,9	   6,3	  10,1	  13,6	  16,1	  17,0	  16,1	  -3,3
*	    15,9807	 1	166,83	 84,45	  -3,2	   6,0	   9,8	  13,3	  15,8	  16,7	  15,8	  -3,6
*	    16,6782	 1	171,84	 84,33	  -3,6	   5,6	   9,4	  12,9	  15,5	  16,3	  15,4	  -4,1
*	    15,2614	 1	157,39	 80,08	  -2,9	   6,3	  10,1	  13,6	  16,1	  16,9	  16,1	  -3,3
*	    15,6911	 1	161,97	 79,76	  -3,1	   6,1	   9,9	  13,4	  15,9	  16,7	  15,9	  -3,5
*	    16,2530	 1	166,79	 79,50	  -3,4	   5,8	   9,6	  13,1	  15,6	  16,4	  15,5	  -3,9
*	    16,9488	 1	171,81	 79,31	  -3,8	   5,4	   9,2	  12,7	  15,2	  16,0	  15,1	  -4,3
s	    15,6717	 2	 32,51	102,79	  25,5	  34,7	  38,5	  39,3	  40,9	  41,8	  40,7	  20,6
s	    15,7629	 3	143,12	117,65	  23,5	  33,3	  37,0	  37,5	  39,1	  40,8	  40,6	  20,4
s	    16,0350	 3	142,79	 61,95	  23,9	  33,9	  37,7	  38,2	  39,8	  41,5	  41,3	  21,9
s	    18,1048	 4	 89,60	150,71	  22,4	  32,1	  35,7	  35,9	  37,5	  40,2	  39,8	  19,5
s	    18,3358	 3	 32,43	115,53	  23,6	  32,9	  36,6	  37,1	  38,7	  40,3	  39,9	  19,5
s	    18,5887	 3	 32,75	 64,07	  24,0	  33,5	  37,3	  37,8	  39,4	  41,1	  40,6	  20,9
s	    18,6121	 4	 89,61	 29,63	  22,8	  32,7	  36,4	  36,6	  38,2	  40,8	  40,5	  20,8
*	    18,6324	 1	191,02	105,93	  -2,5	   7,0	  10,8	  11,7	  13,3	  14,2	  13,6	  -6,1
*	    19,0505	 1	181,82	104,60	 -16,3	  -6,8	  -3,0	  -2,1	  -0,6	   0,3	  -0,3	 -20,0
s	    20,3293	 1	269,60	 89,17	  24,6	  34,1	  37,9	  38,8	  40,4	  41,2	  40,6	  20,8
*	    30,6445	 1	323,05	 81,48	   2,6	  12,1	  15,9	  16,8	  18,4	  19,1	  18,2	  -2,5
*	    20,9095	 1	279,33	 76,09	  10,3	  19,8	  23,6	  24,5	  26,1	  26,9	  26,3	   6,4
*	    26,6695	 1	224,43	 79,95	   5,3	  14,8	  18,6	  19,5	  21,1	  21,9	  21,1	   0,7
s	    20,5783	 4	142,70	 51,16	  21,0	  31,1	  34,9	  35,1	  36,7	  39,2	  39,1	  18,6
s	    20,6572	 6	144,00	128,11	  21,4	  32,1	  36,1	  36,6	  38,1	  39,6	  39,7	  19,9
s	    21,0179	 2	269,61	100,43	  24,0	  33,6	  37,5	  38,3	  39,9	  40,8	  40,0	  20,2
s	    21,2534	 2	269,60	 77,10	  22,4	  32,0	  35,7	  36,3	  37,9	  39,5	  39,2	  18,6
*	    21,4223	 1	121,82	 85,28	   5,7	  15,2	  19,0	  19,9	  21,5	  22,3	  21,7	   1,8
s	    22,5034	 4	 32,34	126,07	  23,9	  33,4	  37,2	  38,0	  39,6	  40,3	  39,4	  19,4
s	    22,8474	 4	 32,83	 53,69	  21,3	  30,9	  34,6	  34,8	  36,4	  38,8	  38,6	  17,8
s	    23,3043	 6	 31,27	125,26	  22,3	  32,1	  36,0	  36,5	  38,0	  39,4	  39,0	  19,0
s	    23,3370	 3	269,61	111,66	  21,7	  31,5	  35,2	  35,7	  37,3	  39,0	  38,5	  17,7
s	    23,5593	 3	269,60	 66,80	  22,2	  32,1	  35,9	  36,5	  38,1	  39,7	  39,3	  19,2
s	    24,8492	 5	 89,60	155,76	  21,2	  31,2	  34,9	  35,1	  36,7	  39,4	  38,7	  18,6
s	    25,3282	 5	143,29	136,55	  19,8	  30,1	  33,8	  34,0	  35,6	  38,0	  37,8	  16,8
*	    25,3376	 1	205,12	103,08	   0,1	   9,6	  13,5	  14,3	  15,9	  16,7	  16,0	  -4,3
*	    25,6457	 1	204,92	 73,07	  -0,1	   9,4	  13,2	  14,1	  15,7	  16,5	  15,7	  -4,6
s	    25,7513	 5	142,62	 43,40	  20,2	  30,7	  34,5	  34,7	  36,3	  38,8	  38,5	  18,3
*	    25,8073	 1	114,42	 97,35	  -6,9	   2,6	   6,5	   7,3	   8,9	   9,7	   8,9	 -11,4
s	    25,9109	 5	 89,61	 24,40	  19,4	  29,4	  33,1	  32,9	  34,6	  37,9	  37,7	  16,7
s	    26,7379	 4	269,61	120,74	  21,3	  31,4	  35,2	  35,7	  37,3	  39,0	  38,4	  18,1
s	    27,1968	 2	237,52	 89,30	  22,2	  32,2	  36,1	  37,0	  38,5	  39,2	  38,8	  18,4
s	    27,3512	 4	269,60	 57,21	  19,6	  29,7	  33,5	  33,7	  35,2	  37,7	  37,5	  16,3
s	    27,3591	 5	 32,27	133,89	  20,2	  29,9	  33,6	  33,8	  35,4	  37,8	  37,4	  16,2
s	    27,7633	 5	 32,91	 46,01	  20,6	  30,5	  34,3	  34,5	  36,1	  38,5	  38,1	  17,6
s	    27,7816	 3	237,55	 98,87	  21,8	  32,0	  36,0	  36,8	  38,3	  39,1	  38,5	  18,1
*	    27,9430	 1	116,99	 81,25	  -8,0	   1,5	   5,3	   6,2	   7,7	   8,5	   7,7	 -12,8
s	    27,9823	 3	237,48	 79,03	  20,0	  30,1	  34,0	  34,6	  36,1	  37,6	  37,4	  16,2
s	    29,1468	 2	305,31	 89,32	  21,8	  31,3	  35,2	  36,1	  37,6	  38,3	  37,3	  16,0
s	    29,7077	 3	305,27	 98,50	  21,5	  31,2	  35,1	  35,9	  37,4	  38,1	  37,1	  15,7
s	    29,7720	 4	237,59	108,61	  19,5	  29,8	  33,7	  34,2	  35,7	  37,2	  36,9	  15,6
s	    29,9643	 4	237,44	 70,06	  19,9	  30,4	  34,4	  34,9	  36,4	  37,9	  37,7	  17,0
s	    31,0854	 6	143,37	142,70	  19,0	  29,6	  33,4	  33,6	  35,2	  37,6	  37,2	  16,5
s	    31,4518	 5	269,61	128,89	  18,7	  28,9	  32,7	  32,8	  34,4	  36,8	  36,5	  14,9
s	    31,6204	 4	305,23	107,89	  19,9	  29,7	  33,6	  34,0	  35,6	  37,0	  36,5	  15,0
s	    31,8056	 4	305,39	 70,82	  20,4	  30,4	  34,3	  34,8	  36,3	  37,8	  37,3	  16,5
s	    31,8227	 5	269,60	 49,80	  19,1	  29,5	  33,3	  33,6	  35,1	  37,6	  37,2	  16,4
s	    32,3776	 6	 89,60	159,64	  18,0	  28,2	  31,8	  31,6	  33,2	  36,6	  36,2	  14,5
s	    32,4824	 6	142,53	 36,56	  18,2	  28,5	  32,4	  32,6	  34,1	  36,4	  36,1	  14,5
s	    32,8184	 8	143,33	 37,07	  16,0	  27,1	  31,1	  30,9	  32,4	  35,4	  35,8	  14,2
s	    32,8859	 6	 32,19	140,10	  19,4	  29,6	  33,3	  33,5	  35,1	  37,5	  36,8	  15,9
s	    32,9228	 6	 89,61	 20,91	  18,4	  28,8	  32,4	  32,3	  33,9	  37,3	  36,8	  15,9
s	    33,2827	 5	237,41	 61,40	  17,6	  28,2	  32,1	  32,3	  33,8	  36,1	  36,1	  14,4
s	    33,3420	 7	236,88	117,16	  17,9	  29,1	  33,3	  33,8	  35,2	  36,6	  36,6	  15,7
s	    34,2346	 6	 33,00	 39,09	  18,7	  28,5	  32,3	  32,5	  34,0	  36,2	  35,8	  14,0
s	    34,7441	 5	305,19	116,37	  20,7	  30,6	  34,6	  35,4	  36,8	  37,4	  36,6	  15,5
s	    34,8573	 8	 31,91	 39,92	  17,1	  27,3	  31,2	  31,0	  32,5	  35,4	  35,4	  13,6
s	    35,0084	 5	305,43	 62,42	  18,0	  28,2	  32,0	  32,2	  33,7	  36,0	  35,7	  13,9
s	    35,3608	 7	306,33	116,04	  19,1	  29,4	  33,4	  33,9	  35,4	  36,6	  36,2	  15,1
s	    36,5640	 6	269,61	135,08	  18,1	  28,7	  32,5	  32,7	  34,2	  36,7	  36,1	  14,9
s	    36,9405	 6	237,67	124,39	  16,8	  27,5	  31,4	  31,6	  33,1	  35,4	  35,2	  13,2
s	    37,2744	 6	237,37	 54,44	  17,2	  28,1	  32,1	  32,3	  33,8	  36,1	  36,0	  14,7
s	    37,4007	 6	269,60	 43,28	  16,4	  26,9	  30,7	  30,6	  32,1	  35,3	  35,1	  13,1
s	    37,7749	 7	143,46	147,83	  16,1	  26,8	  30,6	  30,4	  32,0	  35,2	  35,0	  12,9
s	    38,2676	 7	142,46	 32,33	  16,6	  27,4	  31,3	  31,1	  32,7	  35,9	  35,7	  14,3
s	    38,5542	 6	305,16	123,27	  17,3	  27,6	  31,4	  31,6	  33,1	  35,3	  34,9	  12,8
s	    38,8786	 6	305,46	 55,59	  17,7	  28,2	  32,1	  32,3	  33,8	  36,1	  35,7	  14,2
s	    39,2461	 2	 17,76	 89,83	  20,8	  30,4	  34,3	  35,1	  36,7	  37,2	  36,3	  14,8
s	    39,2461	 2	161,45	 89,83	  21,0	  30,1	  33,8	  34,6	  36,1	  36,8	  35,2	  12,9
s	    39,3650	 7	 32,10	145,37	  16,6	  26,9	  30,6	  30,4	  32,0	  35,1	  34,7	  12,4
s	    39,5222	 7	 89,60	162,33	  17,1	  27,7	  31,3	  31,2	  32,8	  36,1	  35,4	  13,9
s	    39,7085	 3	 17,71	 97,40	  20,5	  30,3	  34,2	  35,0	  36,5	  37,1	  36,1	  14,6
s	    39,7085	 3	161,50	 97,40	  20,7	  29,9	  33,7	  34,5	  35,9	  36,7	  35,0	  12,7
s	    39,8441	 7	 33,07	 34,72	  17,1	  27,5	  31,2	  31,1	  32,7	  35,9	  35,4	  13,8
s	    39,8677	 3	 17,82	 81,69	  19,5	  29,3	  33,2	  33,8	  35,3	  36,7	  36,0	  14,5
s	    39,8677	 3	161,39	 81,70	  19,7	  29,0	  32,7	  33,3	  34,7	  36,2	  34,9	  12,7
s	    40,6310	 7	 89,61	 18,11	  15,4	  25,9	  29,5	  29,1	  30,6	  34,8	  34,4	  12,1
s	    41,2983	 4	161,55	105,28	  19,2	  28,7	  32,4	  33,0	  34,4	  35,9	  34,6	  12,2
s	    41,4532	 4	 17,87	 74,43	  18,8	  28,8	  32,7	  33,2	  34,7	  36,1	  35,4	  13,7
s	    41,5817	 7	237,70	130,41	  16,3	  27,4	  31,4	  31,6	  33,1	  35,4	  35,0	  13,4
*	    41,9790	 1	 65,58	 87,72	  -6,5	   2,7	   6,4	   7,2	   8,8	   9,6	   8,0	 -13,7
*	    52,0157	 1	 68,79	 88,07	 -10,7	  -1,5	   2,2	   3,0	   4,5	   5,3	   3,4	 -19,2
s	    42,6499	 7	269,61	140,51	  15,4	  26,1	  29,9	  29,7	  31,2	  34,4	  34,1	  11,5
s	    42,7369	 7	237,33	 47,67	  15,7	  26,5	  30,5	  30,6	  32,1	  34,2	  34,0	  11,5
s	    43,0725	 7	305,12	129,22	  16,9	  27,5	  31,4	  31,6	  33,1	  35,4	  34,8	  13,0
s	    43,1031	 7	269,60	 38,35	  15,8	  26,7	  30,5	  30,4	  32,0	  35,2	  34,8	  13,0
s	    43,7136	 5	 17,61	112,10	  18,3	  28,4	  32,3	  32,8	  34,3	  35,8	  34,9	  13,0
s	    43,7136	 5	161,60	112,10	  19,2	  28,8	  32,6	  33,1	  34,5	  36,0	  34,8	  12,9
s	    44,1590	 5	 17,92	 67,14	  16,7	  26,8	  30,6	  30,8	  32,3	  34,5	  34,0	  11,3
s	    44,1590	 5	161,29	 67,15	  16,7	  26,8	  30,6	  30,8	  32,3	  34,5	  34,0	  11,3
s	    44,1999	 7	305,51	 48,89	  16,2	  26,5	  30,5	  30,6	  32,1	  34,2	  33,8	  11,1
s	    44,7742	 6	 16,59	104,95	  17,4	  27,9	  32,1	  32,6	  34,0	  35,1	  34,8	  12,9
s	    44,8131	 8	143,55	151,83	  16,4	  27,2	  31,1	  31,2	  32,7	  35,0	  34,4	  12,4
s	    45,3262	 8	142,37	 28,39	  13,8	  24,8	  28,5	  28,1	  29,6	  33,6	  33,5	  10,7
s	    46,1010	 3	322,99	 89,50	  18,9	  28,9	  33,0	  33,8	  35,3	  35,7	  34,9	  12,8
s	    46,1411	 3	 31,64	 89,95	  18,9	  28,9	  33,0	  33,8	  35,3	  35,7	  34,9	  12,8
s	    46,2286	 8	 32,02	149,55	  17,0	  27,3	  31,2	  31,3	  32,8	  35,0	  34,1	  12,0
s	    46,5141	 4	322,95	 96,27	  18,6	  28,8	  32,9	  33,7	  35,1	  35,6	  34,7	  12,6
s	    46,5539	 4	 31,60	 96,71	  18,6	  28,8	  32,9	  33,7	  35,1	  35,6	  34,7	  12,6
s	    46,6565	 4	323,03	 82,23	  17,6	  27,9	  31,9	  32,5	  34,0	  35,2	  34,7	  12,6
s	    46,6962	 4	 31,69	 82,68	  17,6	  27,9	  31,9	  32,5	  34,0	  35,2	  34,7	  12,6
s	    46,7304	 8	 33,15	 30,61	  14,3	  24,8	  28,5	  28,1	  29,6	  33,6	  33,2	  10,3
s	    47,1994	 8	237,74	135,87	  13,8	  25,0	  28,9	  28,7	  30,2	  33,3	  33,2	  10,2
s	    47,2074	 6	 17,56	118,78	  16,0	  26,3	  30,1	  30,3	  31,8	  34,0	  33,4	  10,4
s	    47,2074	 6	161,65	118,79	  16,9	  26,7	  30,4	  30,5	  32,0	  34,3	  33,3	  10,4
s	    47,3248	 8	 89,60	164,56	  14,2	  24,9	  28,5	  28,0	  29,6	  33,7	  33,1	  10,2
s	    47,4888	 6	 17,97	 61,01	  16,5	  26,9	  30,8	  31,1	  32,5	  34,7	  34,1	  11,9
s	    47,4888	 6	161,24	 61,02	  17,4	  27,4	  31,1	  31,3	  32,7	  35,0	  34,1	  11,8
*	    47,4971	 1	102,36	 95,27	  -7,7	   1,9	   6,7	   7,8	   9,4	  10,2	   8,6	 -13,7
s	    47,6211	 8	237,29	 43,11	  14,3	  25,6	  29,6	  29,5	  31,0	  34,0	  33,9	  11,7
s	    47,8854	 8	 89,61	 16,10	  14,7	  25,5	  29,2	  28,7	  30,3	  34,4	  33,8	  11,6
s	    47,9395	 5	322,91	103,35	  17,2	  27,7	  31,7	  32,3	  33,7	  35,0	  34,4	  12,1
s	    48,1176	 5	 31,73	 76,14	  16,9	  27,4	  31,5	  32,0	  33,4	  34,7	  34,1	  11,9
s	    48,4616	 3	214,72	 89,52	  17,8	  27,9	  31,9	  32,8	  34,2	  34,6	  33,5	  10,4
s	    48,5640	 8	305,08	134,66	  14,4	  25,1	  29,0	  28,8	  30,3	  33,3	  32,9	   9,9
s	    48,6994	 8	269,61	144,63	  14,9	  25,9	  29,7	  29,6	  31,1	  34,3	  33,7	  11,4
s	    48,8600	 4	214,76	 96,05	  17,5	  27,8	  31,8	  32,6	  34,1	  34,5	  33,3	  10,2
s	    48,9771	 8	305,54	 44,34	  14,8	  25,7	  29,6	  29,5	  31,0	  34,0	  33,6	  11,3
s	    48,9974	 4	214,68	 82,51	  16,5	  26,8	  30,9	  31,5	  32,9	  34,1	  33,3	  10,2
*	    49,4363	 1	108,37	 87,21	  -8,6	   0,9	   4,7	   5,6	   7,1	   7,8	   6,4	 -16,0
s	    49,6574	 8	269,60	 34,01	  13,2	  24,2	  27,9	  27,5	  29,0	  33,0	  32,7	   9,6
s	    50,1189	 6	322,87	109,57	  16,4	  27,1	  31,2	  31,6	  33,1	  34,4	  33,7	  11,2
s	    50,1565	 6	 31,52	110,01	  16,4	  27,1	  31,1	  31,6	  33,1	  34,4	  33,7	  11,2
s	    50,2362	 5	214,80	102,90	  16,1	  26,6	  30,7	  31,2	  32,6	  33,9	  33,0	   9,8
s	    50,5226	 6	323,11	 69,03	  14,8	  25,5	  29,4	  29,6	  31,1	  33,1	  32,8	   9,6
s	    50,5600	 6	 31,77	 69,49	  14,8	  25,5	  29,4	  29,6	  31,1	  33,1	  32,8	   9,6
s	    51,1180	 7	 29,92	103,64	  15,6	  26,6	  30,9	  31,4	  32,8	  33,8	  33,6	  11,1
s	    51,1608	 7	 17,51	124,31	  15,8	  26,4	  30,3	  30,5	  32,0	  34,2	  33,4	  10,9
s	    51,1608	 7	161,70	124,32	  16,7	  26,8	  30,6	  30,7	  32,2	  34,5	  33,3	  10,8
s	    51,6587	 5	 89,60	117,07	  14,4	  24,8	  29,5	  29,9	  31,5	  33,9	  32,7	   9,4
s	    51,8223	 7	 18,02	 55,13	  14,2	  24,7	  28,6	  28,4	  29,9	  32,9	  32,5	   9,2
s	    51,8223	 7	161,19	 55,14	  15,1	  25,2	  28,8	  28,7	  30,1	  33,2	  32,4	   9,1
s	    52,3443	 6	214,83	108,93	  16,1	  26,8	  30,9	  31,4	  32,8	  34,1	  33,3	  10,7
s	    52,7352	 6	214,60	 69,72	  14,6	  25,2	  29,2	  29,4	  30,8	  32,8	  32,5	   9,0
s	    53,2985	 7	322,83	115,77	  14,3	  25,1	  29,1	  29,2	  30,6	  32,7	  32,3	   8,8
s	    53,3345	 7	 31,48	116,20	  14,3	  25,1	  29,0	  29,2	  30,6	  32,7	  32,3	   8,8
s	    53,5559	 7	323,14	 63,33	  14,7	  25,7	  29,8	  30,0	  31,4	  33,5	  33,0	  10,3
s	    53,5918	 7	 31,81	 63,79	  14,7	  25,7	  29,7	  30,0	  31,4	  33,4	  33,0	  10,3
s	    54,7569	 1	 89,60	 90,17	  19,0	  28,5	  32,3	  33,1	  34,6	  35,3	  33,7	  10,9
*	    60,0407	 1	 72,72	 91,26	  -4,8	   4,7	   8,5	   9,3	  10,9	  11,4	   9,8	 -13,6
*	    55,0277	 1	 85,93	 91,32	  -2,9	   6,6	  10,4	  11,3	  12,8	  13,4	  11,9	 -11,0
*	    56,5781	 1	 99,51	 91,31	  -3,5	   6,0	   9,8	  10,7	  12,2	  12,8	  11,2	 -11,8
*	    57,6410	 1	 77,59	 86,57	 -15,5	  -6,3	  -2,7	  -1,9	  -0,3	   0,4	   2,4	 -19,0
*	    57,4378	 1	 77,59	 88,85	 -15,4	  -6,3	  -2,6	  -1,8	  -0,2	   0,5	   2,5	 -18,9
*	    56,7394	 1	 79,84	 86,55	 -15,1	  -6,0	  -2,3	  -1,5	   0,1	   0,8	   2,8	 -18,6
*	    56,5332	 1	 79,83	 88,84	 -15,1	  -5,9	  -2,2	  -1,4	   0,1	   0,9	   2,9	 -18,5
*	    56,0192	 1	 82,13	 86,53	 -14,9	  -5,7	  -2,0	  -1,2	   0,3	   1,1	   3,1	 -18,2
*	    55,8107	 1	 82,12	 88,84	 -14,8	  -5,6	  -2,0	  -1,2	   0,4	   1,2	   3,2	 -18,1
*	    55,4872	 1	 84,43	 86,51	 -14,6	  -5,5	  -1,8	  -1,0	   0,5	   1,3	   3,3	 -17,9
*	    55,2768	 1	 84,43	 88,84	 -14,6	  -5,4	  -1,7	  -0,9	   0,6	   1,4	   3,4	 -17,8
*	    55,1483	 1	 86,75	 86,50	 -14,5	  -5,4	  -1,7	  -0,9	   0,7	   1,4	   3,5	 -17,7
*	    54,9367	 1	 86,75	 88,84	 -14,4	  -5,3	  -1,6	  -0,8	   0,8	   1,5	   3,5	 -17,6
*	    55,0059	 1	 89,09	 86,50	 -14,5	  -5,3	  -1,6	  -0,8	   0,7	   1,5	   3,5	 -17,7
*	    54,7938	 1	 89,09	 88,84	 -14,4	  -5,2	  -1,5	  -0,7	   0,8	   1,6	   3,6	 -17,5
*	    55,0615	 1	 91,43	 86,50	 -14,5	  -5,3	  -1,7	  -0,8	   0,7	   1,5	   3,5	 -17,7
*	    54,8496	 1	 91,43	 88,84	 -14,4	  -5,2	  -1,6	  -0,8	   0,8	   1,6	   3,6	 -17,6
*	    55,3144	 1	 93,75	 86,51	 -14,6	  -5,4	  -1,8	  -1,0	   0,6	   1,4	   3,4	 -17,8
*	    55,1034	 1	 93,75	 88,84	 -14,5	  -5,3	  -1,7	  -0,9	   0,7	   1,5	   3,5	 -17,7
*	    55,7623	 1	 96,07	 86,52	 -14,8	  -5,6	  -1,9	  -1,1	   0,4	   1,2	   3,2	 -18,1
*	    55,5528	 1	 96,07	 88,83	 -14,7	  -5,5	  -1,9	  -1,0	   0,5	   1,3	   3,3	 -17,9
*	    56,4006	 1	 98,37	 86,54	 -15,0	  -5,9	  -2,2	  -1,4	   0,2	   0,9	   2,9	 -18,4
*	    56,1933	 1	 98,37	 88,84	 -14,9	  -5,8	  -2,1	  -1,3	   0,3	   1,0	   3,0	 -18,3
s	    55,2465	 2	 89,61	 83,75	  18,2	  27,6	  31,3	  31,8	  33,4	  34,9	  32,5	   8,9
s	    55,4273	 7	214,87	114,97	  14,0	  24,8	  28,8	  28,9	  30,4	  32,4	  31,9	   8,3
s	    55,6772	 7	214,56	 64,16	  14,5	  25,5	  29,5	  29,7	  31,1	  33,2	  32,7	   9,8
s	    56,3810	 3	 89,60	102,41	  17,3	  26,8	  30,4	  30,8	  32,4	  33,9	  32,2	   8,5
s	    56,4245	 8	161,76	129,91	  14,4	  24,9	  28,9	  29,0	  30,4	  32,4	  31,7	   7,9
s	    56,5045	 3	 89,61	 77,94	  17,1	  27,0	  30,8	  31,3	  32,9	  34,3	  33,0	  10,0
s	    56,7986	 8	 18,08	 49,99	  14,9	  25,6	  29,5	  29,7	  31,1	  33,2	  32,4	   9,4
s	    56,7986	 8	161,13	 50,00	  15,8	  26,0	  29,8	  29,9	  31,3	  33,5	  32,3	   9,3
s	    56,8623	 6	 65,72	115,04	  13,6	  24,0	  28,8	  29,2	  30,7	  33,0	  31,8	   8,0
s	    56,9302	 8	322,80	121,00	  14,1	  25,3	  29,3	  29,5	  30,9	  33,0	  32,4	   9,3
s	    56,9645	 8	 31,44	121,43	  14,1	  25,3	  29,3	  29,5	  30,9	  33,0	  32,4	   9,3
s	    57,5410	 8	323,18	 57,77	  12,5	  23,6	  27,6	  27,4	  28,9	  31,7	  31,5	   7,6
s	    57,5750	 8	 31,85	 58,23	  12,5	  23,6	  27,6	  27,4	  28,9	  31,7	  31,5	   7,6
*	    58,2348	 1	 71,31	 89,64	 -14,2	  -5,2	  -1,5	  -0,6	   0,9	   1,5	   0,6	 -20,9
*	    58,2706	 1	 71,30	 91,65	 -14,3	  -5,2	  -1,5	  -0,6	   0,9	   1,4	   0,6	 -20,9
*	    58,4499	 1	 71,30	 93,65	 -14,3	  -5,3	  -1,5	  -0,7	   0,8	   1,4	   0,5	 -21,0
s	    58,3190	 4	 89,60	108,00	  17,4	  27,2	  30,8	  31,3	  32,8	  34,4	  32,6	   9,4
s	    58,6794	 4	 89,61	 71,96	  15,0	  25,1	  28,9	  29,0	  30,6	  32,8	  31,8	   7,8
*	    58,7394	 1	106,43	 84,62	 -14,5	  -5,0	  -1,2	  -0,3	   1,2	   1,8	   0,1	 -23,1
s	    58,9583	 8	214,91	120,10	  13,9	  25,0	  29,1	  29,2	  30,7	  32,7	  32,1	   8,9
s	    59,5489	 2	109,88	 90,16	  17,4	  27,4	  31,4	  32,2	  33,7	  34,2	  32,9	   9,6
s	    59,5531	 8	214,52	 58,71	  12,3	  23,4	  27,3	  27,2	  28,6	  31,4	  31,2	   7,2
s	    59,7527	 2	 68,92	 90,15	  18,2	  27,7	  31,6	  32,4	  33,9	  34,4	  32,9	   9,6
*	    60,3676	 1	 71,65	 84,70	 -14,8	  -5,7	  -2,0	  -1,1	   0,4	   0,9	   0,0	 -21,6
*	    60,0490	 1	 71,64	 86,66	 -14,7	  -5,6	  -1,9	  -1,0	   0,5	   1,0	   0,1	 -21,5
*	    59,8697	 1	 71,64	 88,62	 -14,6	  -5,6	  -1,8	  -1,0	   0,6	   1,1	   0,2	 -21,4
s	    59,8905	 3	109,90	 95,75	  17,2	  27,4	  31,3	  32,1	  33,6	  34,1	  32,7	   9,4
s	    60,0738	 3	109,87	 83,71	  17,2	  27,2	  31,2	  32,1	  33,5	  33,9	  32,7	   9,4
s	    60,0934	 3	 68,91	 95,73	  17,9	  27,6	  31,5	  32,3	  33,8	  34,3	  32,7	   9,4
s	    60,4518	 5	 89,60	112,39	  12,6	  23,4	  28,2	  28,6	  30,2	  32,4	  31,4	   7,3
s	    61,0744	 4	109,91	101,66	  15,1	  25,4	  29,2	  29,7	  31,2	  32,5	  31,4	   7,2
s	    61,1905	 4	109,86	 78,67	  15,6	  26,0	  30,0	  30,5	  32,0	  33,3	  32,2	   8,8
s	    61,3898	 3	 66,87	 83,81	  17,8	  27,5	  31,4	  32,2	  33,6	  34,1	  32,5	   9,1
s	    61,3898	 5	112,34	 83,82	  14,8	  25,6	  29,8	  30,4	  31,8	  32,8	  32,3	   8,8
s	    61,4008	 5	 89,61	 66,75	  15,0	  25,4	  29,2	  29,4	  31,0	  33,2	  32,0	   8,6
s	    62,4882	 5	 66,89	 78,85	  14,4	  24,5	  28,3	  28,5	  30,0	  32,0	  31,1	   6,8
s	    62,8555	 3	 12,34	 89,88	  16,9	  26,4	  30,4	  31,3	  32,7	  33,0	  31,3	   6,9
s	    63,0678	 5	109,92	107,34	  16,2	  26,6	  30,6	  31,4	  32,8	  33,2	  31,8	   8,2
s	    63,0938	 5	 64,12	 83,94	  16,1	  26,3	  30,2	  30,7	  32,1	  33,4	  32,0	   8,4
s	    63,1832	 4	 12,30	 95,25	  16,6	  26,4	  30,3	  31,1	  32,6	  32,9	  31,1	   6,7
s	    63,2398	 5	109,84	 73,01	  13,6	  24,1	  28,0	  28,2	  29,7	  31,8	  31,0	   6,6
s	    63,2963	 4	 12,38	 84,10	  15,6	  25,4	  29,4	  30,0	  31,4	  32,5	  31,1	   6,7
s	    63,4343	 5	 68,97	 73,05	  14,3	  24,4	  28,2	  28,4	  29,9	  31,9	  31,0	   6,6
s	    64,3196	 5	 12,26	100,92	  15,2	  25,3	  29,3	  29,8	  31,2	  32,3	  30,8	   6,4
s	    64,3358	 5	 66,81	107,06	  16,8	  26,8	  30,7	  31,4	  32,9	  33,4	  31,6	   7,9
s	    64,3358	 7	112,40	107,06	  13,8	  25,0	  29,2	  29,7	  31,0	  32,1	  31,4	   7,7
s	    64,4311	 5	 12,41	 78,85	  15,2	  25,3	  29,2	  29,8	  31,2	  32,3	  30,8	   6,3
s	    64,4539	 6	 89,60	118,50	  15,2	  25,5	  29,1	  29,2	  30,8	  33,2	  31,5	   7,8
s	    64,7875	 8	 89,60	131,68	  11,7	  22,9	  27,7	  27,7	  29,3	  32,6	  31,2	   7,5
s	    65,1300	 3	167,23	 89,89	  17,5	  27,1	  30,9	  31,8	  33,1	  33,5	  31,9	   8,1
s	    65,4487	 4	167,26	 95,11	  17,3	  27,0	  30,8	  31,6	  33,0	  33,5	  31,7	   7,9
s	    65,5587	 4	167,19	 84,27	  16,2	  26,1	  29,9	  30,5	  31,8	  33,0	  31,7	   7,9
s	    65,5933	 6	109,94	112,33	  13,1	  23,9	  27,7	  27,9	  29,3	  31,5	  30,5	   6,0
s	    65,8128	 6	109,83	 68,05	  13,6	  24,5	  28,5	  28,6	  30,1	  32,2	  31,3	   7,5
s	    65,9799	 7	 64,05	106,72	  15,1	  25,7	  29,5	  29,9	  31,4	  32,8	  31,2	   7,3
s	    66,0014	 6	 68,98	 68,10	  14,3	  24,8	  28,7	  28,9	  30,3	  32,4	  31,3	   7,4
s	    66,0743	 6	 12,23	106,01	  15,3	  25,6	  29,5	  30,0	  31,4	  32,6	  31,3	   7,4
s	    66,1445	 4	269,60	 78,60	  13,8	  24,4	  29,3	  30,0	  31,6	  33,0	  31,5	   7,6
s	    66,5546	 5	167,30	100,64	  15,9	  25,9	  29,8	  30,3	  31,6	  32,9	  31,5	   7,6
s	    66,6106	 7	 66,80	111,61	  14,0	  24,7	  28,6	  28,7	  30,2	  32,3	  31,1	   7,2
s	    66,6632	 5	167,15	 79,15	  15,0	  25,5	  29,5	  30,0	  31,5	  32,6	  31,5	   7,6
s	    67,9073	 7	 89,61	 58,23	  10,9	  22,2	  27,1	  27,3	  28,8	  31,8	  30,9	   6,9
s	    68,5964	 7	 89,60	123,28	  13,0	  23,4	  27,0	  26,8	  28,3	  31,5	  30,0	   5,2
s	    68,6690	 7	 12,19	111,22	  13,3	  23,6	  27,6	  27,7	  29,1	  31,0	  30,0	   5,2
s	    68,7102	 7	109,95	116,98	  13,1	  24,2	  28,1	  28,3	  29,7	  31,8	  30,8	   6,7
s	    68,8808	 7	 12,49	 68,59	  13,8	  24,3	  28,3	  28,5	  29,9	  31,8	  30,8	   6,7
s	    68,8925	 7	 68,85	116,92	  13,8	  24,4	  28,3	  28,5	  29,9	  32,0	  30,8	   6,7
s	    69,6157	 4	333,76	 89,63	  15,2	  25,3	  29,4	  30,2	  31,6	  31,7	  30,2	   5,3
s	    69,9181	 5	333,73	 94,59	  14,9	  25,2	  29,3	  30,1	  31,5	  31,7	  30,1	   5,1
s	    70,0225	 5	333,79	 84,30	  13,9	  24,3	  28,4	  29,0	  30,3	  31,2	  30,0	   5,1
s	    70,2948	 7	130,83	111,03	  11,2	  22,1	  27,0	  27,4	  28,9	  31,0	  29,8	   4,8
s	    70,2948	 7	 48,38	111,02	  11,2	  22,1	  27,0	  27,4	  28,9	  31,0	  29,8	   4,8
s	    70,3193	 5	251,56	 79,15	  12,4	  23,5	  28,5	  29,3	  30,8	  32,1	  30,8	   6,6
s	    70,4982	 5	288,01	 79,17	  13,1	  23,8	  28,8	  29,5	  31,0	  32,2	  30,8	   6,5
s	    70,7943	 7	167,37	110,69	  13,3	  23,6	  27,3	  27,5	  28,8	  30,9	  29,7	   4,6
s	    70,9683	 6	333,70	 99,84	  13,6	  24,1	  28,3	  28,8	  30,1	  31,1	  29,8	   4,8
s	    71,0010	 7	167,08	 69,13	  12,8	  23,8	  27,8	  28,0	  29,4	  31,4	  30,5	   6,2
s	    71,0715	 6	333,82	 79,44	  13,6	  24,1	  28,2	  28,8	  30,1	  31,1	  29,8	   4,7
s	    71,6788	 8	 12,15	115,75	  13,3	  24,0	  28,0	  28,1	  29,5	  31,4	  30,3	   5,9
s	    71,7185	 4	204,80	 89,65	  15,0	  25,5	  29,7	  30,6	  31,9	  32,1	  31,0	   6,6
s	    71,8245	 8	 89,60	126,35	  10,3	  21,8	  26,7	  26,8	  28,3	  31,4	  30,3	   5,9
s	    72,0138	 5	204,83	 94,49	  14,7	  25,5	  29,6	  30,4	  31,8	  32,0	  30,8	   6,4
s	    72,1158	 5	204,77	 84,44	  13,7	  24,5	  28,7	  29,3	  30,6	  31,6	  30,8	   6,4
s	    72,5940	 7	333,66	104,58	  13,7	  24,4	  28,6	  29,0	  30,4	  31,4	  30,3	   5,8
s	    72,6580	 8	109,97	121,61	  10,9	  22,1	  26,0	  25,8	  27,3	  30,2	  29,4	   4,2
s	    72,7574	 3	126,36	 90,13	  15,1	  25,1	  29,2	  30,0	  31,4	  31,7	  29,9	   4,7
s	    72,7574	 3	 52,85	 90,13	  15,9	  25,9	  29,9	  30,8	  32,2	  32,4	  30,9	   6,5
s	    72,9614	 8	109,80	 58,82	  11,4	  22,8	  26,7	  26,6	  28,0	  30,9	  30,1	   5,6
s	    73,0398	 6	204,86	 99,62	  13,4	  24,4	  28,6	  29,1	  30,4	  31,4	  30,6	   6,1
s	    73,1406	 6	204,74	 79,69	  13,4	  24,4	  28,6	  29,1	  30,4	  31,4	  30,5	   6,1
s	    73,1501	 4	 52,87	 84,98	  15,3	  25,3	  29,2	  29,7	  31,1	  32,3	  30,8	   6,3
s	    73,6359	 8	 89,61	 52,90	  11,3	  21,9	  25,5	  25,0	  26,6	  30,5	  29,2	   3,9
s	    73,7342	 8	167,41	115,13	  13,3	  23,9	  27,8	  27,9	  29,3	  31,3	  29,9	   5,4
s	    74,1634	 5	 52,89	 80,28	  14,0	  24,5	  28,5	  29,1	  30,5	  31,5	  30,3	   5,7
s	    74,9870	 4	127,85	 85,09	  14,9	  25,0	  28,8	  29,3	  30,8	  32,1	  30,3	   5,6
s	    75,0065	 8	333,63	109,45	  11,7	  22,6	  26,6	  26,8	  28,1	  29,9	  29,1	   3,6
s	    75,0873	 2	269,60	 89,43	  16,4	  26,0	  29,8	  30,6	  32,1	  32,6	  29,7	   4,3
s	    75,2038	 8	333,89	 69,86	  12,2	  23,2	  27,3	  27,5	  28,9	  30,7	  29,8	   5,2
s	    75,3720	 3	269,61	 94,09	  15,6	  25,8	  29,7	  30,5	  32,0	  32,4	  30,6	   5,9
s	    75,4703	 3	269,60	 84,41	  15,1	  25,0	  28,8	  29,3	  30,8	  32,1	  29,5	   4,1
s	    75,6355	 6	126,42	104,58	  14,4	  24,7	  28,6	  29,1	  30,5	  31,8	  30,0	   5,3
s	    75,6355	 6	 52,78	104,58	  14,4	  24,7	  28,6	  29,1	  30,5	  31,8	  30,0	   5,3
s	    75,9294	 6	 52,91	 75,36	  12,1	  22,7	  26,7	  26,8	  28,2	  30,1	  29,2	   3,7
s	    75,9805	 5	127,91	100,15	  15,6	  25,7	  29,6	  30,3	  31,7	  32,2	  30,1	   5,3
s	    76,3371	 7	 51,01	100,11	  12,9	  23,9	  28,2	  28,7	  30,0	  30,8	  30,0	   5,2
s	    76,3613	 4	269,61	 99,04	  14,3	  24,2	  28,0	  28,4	  29,9	  31,2	  29,3	   3,8
s	    76,9898	 8	204,93	109,04	  10,8	  22,1	  26,2	  26,3	  27,7	  29,5	  28,8	   3,2
s	    77,0145	 8	269,61	119,26	   9,3	  20,6	  25,5	  25,5	  27,0	  30,0	  28,8	   3,2
s	    77,1830	 8	204,67	 70,30	  11,3	  22,8	  26,9	  27,1	  28,5	  30,3	  29,6	   4,7
s	    77,2289	 7	 66,53	 94,76	  12,5	  23,7	  28,9	  29,9	  31,2	  31,4	  29,9	   5,1
s	    77,3810	 7	 52,77	108,25	   9,7	  21,0	  26,1	  26,5	  27,9	  29,8	  28,9	   3,2
s	    77,7128	 6	127,81	 75,65	  11,9	  22,7	  26,6	  26,7	  28,1	  30,1	  28,9	   3,3
s	    77,8954	 5	269,61	103,52	  13,7	  24,3	  28,2	  28,7	  30,1	  31,4	  29,8	   4,9
s	    78,1098	 3	255,18	 89,44	  15,1	  25,3	  29,2	  30,0	  31,5	  31,9	  29,2	   3,5
s	    78,1627	 7	 52,93	 70,99	  12,2	  23,1	  27,2	  27,3	  28,7	  30,6	  29,6	   4,6
s	    78,1823	 5	269,60	 75,01	  12,8	  23,1	  26,8	  27,0	  28,4	  30,6	  29,0	   3,3
s	    78,3855	 4	255,19	 93,96	  14,4	  25,0	  29,1	  29,9	  31,3	  31,6	  30,1	   5,1
s	    78,4807	 4	255,17	 84,58	  13,8	  24,3	  28,2	  28,7	  30,2	  31,4	  29,1	   3,3
s	    78,5971	 7	129,90	 99,87	  13,2	  24,0	  28,0	  28,5	  29,9	  31,0	  29,5	   4,5
s	    79,0397	 3	286,03	 89,45	  15,8	  25,5	  29,4	  30,2	  31,6	  32,0	  29,1	   3,3
s	    79,3127	 4	286,03	 93,92	  15,0	  25,2	  29,3	  30,1	  31,4	  31,7	  30,0	   4,9
s	    79,3442	 5	255,20	 98,76	  13,0	  23,5	  27,4	  27,8	  29,2	  30,4	  28,8	   3,0
s	    79,6882	 5	213,42	 89,61	  13,3	  24,3	  28,6	  29,5	  30,8	  30,8	  29,8	   4,7
s	    79,9054	 8	127,79	 71,34	  10,3	  21,3	  25,3	  25,1	  26,5	  29,2	  28,4	   2,6
s	    79,9594	 6	213,44	 94,06	  13,0	  24,3	  28,6	  29,4	  30,7	  30,7	  29,7	   4,6
s	    80,0531	 6	213,39	 84,83	  12,0	  23,3	  27,6	  28,2	  29,5	  30,3	  29,7	   4,6
s	    80,1775	 6	269,61	108,16	  11,7	  22,4	  26,3	  26,5	  27,9	  29,9	  28,6	   2,7
s	    80,2623	 5	286,02	 98,68	  13,7	  23,7	  27,5	  27,9	  29,4	  30,5	  28,7	   2,8
s	    80,3644	 6	269,60	 70,73	  12,9	  23,5	  27,3	  27,5	  28,9	  31,1	  29,4	   4,3
s	    80,5744	 8	251,07	 84,36	   9,7	  21,9	  26,3	  26,6	  27,8	  29,3	  29,4	   4,2
s	    80,6973	 8	 52,74	113,48	  12,5	  23,3	  27,2	  27,3	  28,7	  30,7	  29,1	   4,0
s	    80,9028	 7	213,47	 98,78	  11,7	  23,2	  27,5	  28,0	  29,3	  30,2	  29,4	   4,3
s	    80,9956	 7	213,36	 80,45	  11,7	  23,2	  27,5	  28,0	  29,3	  30,2	  29,4	   4,2
s	    81,1102	 6	255,15	 75,47	  11,6	  22,4	  26,2	  26,4	  27,8	  29,8	  28,5	   2,5
s	    81,1615	 8	 52,95	 66,53	  10,1	  21,2	  25,2	  25,0	  26,4	  29,1	  28,3	   2,3
s	    81,8726	 6	286,01	103,32	  14,1	  24,6	  28,7	  29,4	  30,8	  30,9	  29,2	   3,9
s	    82,0122	 6	286,06	 75,60	  12,3	  22,6	  26,4	  26,5	  27,9	  29,9	  28,4	   2,4
s	    82,1990	 8	286,67	103,27	  12,6	  23,4	  27,6	  28,1	  29,3	  30,1	  28,9	   3,6
s	    82,5765	 7	269,60	 67,33	   8,2	  19,8	  24,7	  24,9	  26,3	  29,1	  28,2	   2,1
s	    82,8436	 7	269,61	112,25	  11,8	  22,8	  26,8	  26,9	  28,3	  30,4	  29,0	   3,6
s	    83,0475	 7	255,21	107,62	  10,5	  21,7	  25,8	  25,9	  27,3	  29,2	  28,2	   2,0
s	    83,2291	 7	255,15	 71,30	  11,7	  22,8	  26,7	  26,9	  28,3	  30,4	  28,9	   3,5
s	    83,9322	 7	286,00	107,47	  11,1	  21,9	  25,9	  26,0	  27,4	  29,3	  28,0	   1,8
s	    84,1122	 7	286,07	 71,46	  12,4	  23,0	  26,9	  27,0	  28,5	  30,5	  28,8	   3,4
s	    85,3798	 8	255,14	 67,98	   7,0	  19,1	  24,2	  24,3	  25,7	  28,4	  27,8	   1,4
s	    85,4295	 8	269,61	115,48	   7,8	  19,5	  24,4	  24,5	  26,0	  28,8	  27,8	   1,4
s	    85,6396	 8	255,22	111,62	  10,5	  22,1	  26,2	  26,4	  27,7	  29,7	  28,5	   2,9
s	    86,2447	 8	286,08	 68,17	   7,7	  19,3	  24,3	  24,5	  25,9	  28,5	  27,7	   1,2
s	    86,5024	 8	285,99	111,43	  11,2	  22,4	  26,4	  26,5	  27,9	  29,8	  28,4	   2,7
s	    86,5203	 8	269,60	 62,52	  10,9	  22,0	  25,8	  25,6	  27,0	  30,0	  28,4	   2,7
s	    89,3358	 8	 36,77	107,15	   9,2	  20,2	  25,2	  25,6	  27,0	  28,8	  27,3	   0,6
s	    89,7360	 4	299,87	 89,50	  13,4	  23,9	  28,1	  28,9	  30,3	  30,3	  28,7	   2,7
s	    89,9819	 5	299,85	 93,53	  13,1	  23,9	  28,0	  28,8	  30,1	  30,2	  28,6	   2,6
s	    90,0669	 5	299,88	 85,16	  12,1	  22,9	  27,1	  27,7	  29,0	  29,8	  28,6	   2,6
s	    90,9227	 6	299,90	 81,18	  11,6	  22,6	  26,8	  27,3	  28,6	  29,5	  28,1	   2,0
s	    90,9350	 4	137,75	 90,11	  13,3	  23,8	  28,0	  28,8	  30,2	  30,2	  28,6	   2,5
s	    91,3033	 8	301,96	 98,11	  10,6	  22,2	  26,6	  27,1	  28,3	  28,9	  28,1	   2,0
s	    91,3696	 4	 41,25	 90,11	  13,3	  23,3	  27,4	  28,3	  29,6	  29,6	  27,5	   0,6
s	    92,0299	 4	170,29	 89,91	  14,1	  23,7	  27,6	  28,5	  29,7	  29,8	  27,4	   0,4
s	    92,0299	 4	  8,92	 89,91	  14,0	  24,0	  28,1	  29,0	  30,3	  30,3	  28,4	   2,3
s	    92,1706	 7	299,82	101,74	  11,3	  22,4	  26,6	  27,1	  28,4	  29,3	  27,9	   1,7
s	    92,2707	 5	170,32	 93,86	  13,9	  23,6	  27,6	  28,3	  29,6	  29,7	  27,2	   0,3
s	    92,2707	 5	  8,89	 93,86	  13,7	  24,0	  28,1	  28,9	  30,2	  30,2	  28,3	   2,1
s	    92,3379	 7	105,68	 85,68	  10,5	  22,0	  26,3	  26,8	  28,1	  28,9	  27,1	   0,1
s	    92,3539	 5	170,26	 85,67	  12,9	  22,7	  26,6	  27,2	  28,5	  29,3	  27,2	   0,2
s	    92,3539	 5	  8,95	 85,66	  12,7	  23,0	  27,1	  27,7	  29,0	  29,8	  28,3	   2,1
s	    92,4203	 7	299,91	 76,98	   9,7	  20,8	  24,9	  25,1	  26,4	  28,1	  27,0	   0,1
s	    92,5387	 6	 41,29	 81,91	  11,7	  22,2	  26,3	  26,8	  28,2	  29,0	  27,1	   0,2
s	    93,1094	 6	170,35	 98,07	  12,6	  22,6	  26,5	  27,0	  28,3	  29,2	  27,0	  -0,0
s	    93,1094	 6	  8,86	 98,06	  12,4	  22,9	  27,0	  27,5	  28,9	  29,7	  28,1	   1,8
s	    93,1920	 6	170,24	 81,77	  12,6	  22,6	  26,5	  27,0	  28,3	  29,2	  27,0	  -0,0
s	    93,1920	 6	  8,97	 81,76	  12,4	  22,9	  27,0	  27,5	  28,9	  29,7	  28,1	   1,8
s	    93,6244	 7	 71,46	 85,73	  13,4	  23,3	  27,2	  27,6	  29,0	  30,0	  26,9	  -0,2
s	    93,8901	 7	 41,19	102,46	  13,6	  23,8	  27,9	  28,5	  29,9	  29,9	  27,7	   1,3
s	    93,9707	 5	 40,24	 85,92	  13,1	  23,2	  27,1	  27,6	  29,0	  30,1	  27,9	   1,5
s	    94,1620	 8	299,81	105,82	   9,3	  20,6	  24,8	  24,9	  26,2	  27,9	  26,7	  -0,4
s	    94,3256	 8	299,92	 73,20	   9,8	  21,3	  25,5	  25,6	  27,0	  28,7	  27,5	   1,1
s	    94,3597	 7	138,76	 82,05	  11,0	  22,0	  26,0	  26,2	  27,6	  29,3	  27,8	   1,5
s	    94,4147	 7	170,37	101,90	  12,2	  22,5	  26,4	  26,8	  28,1	  29,1	  26,7	  -0,4
s	    94,4147	 7	  8,84	101,90	  12,1	  22,8	  26,9	  27,4	  28,7	  29,5	  27,8	   1,5
s	    94,6594	 7	170,21	 77,65	  10,3	  21,1	  25,2	  25,4	  26,7	  28,3	  26,8	  -0,4
s	    94,6595	 7	  9,00	 77,64	  11,0	  21,8	  26,0	  26,2	  27,5	  29,1	  27,8	   1,4
s	    94,7153	 6	 40,17	 98,14	  12,8	  23,1	  27,0	  27,4	  28,8	  29,9	  27,7	   1,3
s	    95,4760	 8	137,67	 73,98	   9,8	  21,2	  25,4	  25,6	  26,9	  28,6	  27,4	   0,9
s	    95,6895	 7	138,86	102,26	  13,0	  23,7	  27,8	  28,4	  29,8	  30,1	  27,7	   1,2
s	    95,8932	 8	 41,34	 74,04	  10,5	  21,5	  25,6	  25,8	  27,1	  28,7	  27,3	   0,8
s	    96,3685	 7	 40,28	 77,73	  11,2	  21,9	  26,0	  26,5	  27,8	  28,6	  26,6	  -0,7
s	    96,5274	 8	  9,03	 73,93	  10,4	  21,4	  25,5	  25,7	  27,0	  28,6	  27,3	   0,7
s	    96,5772	 8	304,54	 81,62	   8,2	  20,4	  25,8	  26,5	  27,8	  28,6	  27,5	   0,9
s	    97,0855	 5	198,98	 89,73	  12,8	  22,8	  26,9	  27,7	  29,0	  28,9	  26,7	  -0,7
s	    97,0856	 5	340,23	 89,72	  12,6	  23,2	  27,4	  28,3	  29,5	  29,4	  27,8	   1,1
s	    97,3158	 6	199,00	 93,50	  12,5	  22,8	  26,9	  27,6	  28,9	  28,9	  26,5	  -0,9
s	    97,3158	 6	340,21	 93,49	  12,3	  23,1	  27,4	  28,1	  29,4	  29,3	  27,6	   1,0
s	    97,3954	 6	198,95	 85,67	  10,6	  21,4	  25,7	  26,2	  27,5	  28,2	  26,6	  -0,8
s	    97,3954	 6	340,26	 85,66	  11,3	  22,2	  26,4	  27,0	  28,2	  28,9	  27,6	   1,0
s	    97,4395	 8	 40,14	104,99	   7,8	  19,3	  24,4	  24,7	  26,1	  27,9	  26,4	  -1,0
s	    98,1180	 7	199,03	 97,53	  10,3	  21,3	  25,6	  26,1	  27,4	  28,0	  26,4	  -1,1
s	    98,1180	 7	340,18	 97,52	  11,0	  22,1	  26,3	  26,8	  28,1	  28,8	  27,4	   0,7
s	    98,1970	 7	198,92	 81,93	  11,2	  21,8	  25,8	  26,3	  27,5	  28,3	  26,3	  -1,2
s	    98,1970	 7	340,28	 81,93	  11,0	  22,1	  26,3	  26,8	  28,1	  28,8	  27,4	   0,7
s	    98,8416	 7	225,06	 81,82	   9,0	  20,7	  25,9	  26,6	  28,0	  28,8	  27,3	   0,6
s	    99,2469	 7	314,36	 81,85	   9,0	  20,2	  25,4	  26,1	  27,5	  28,3	  26,3	  -1,3
s	    99,3675	 8	199,05	101,20	  10,9	  21,6	  25,7	  26,1	  27,4	  28,2	  26,1	  -1,5
s	    99,3675	 8	340,16	101,19	  10,7	  22,0	  26,2	  26,7	  27,9	  28,6	  27,2	   0,4
s	    99,6019	 8	198,90	 77,99	   9,9	  20,7	  24,7	  25,0	  26,2	  27,7	  26,1	  -1,5
s	    99,6019	 8	340,31	 77,98	   9,7	  21,0	  25,3	  25,5	  26,7	  28,2	  27,2	   0,3
s	   103,9148	 5	309,87	 89,56	  12,1	  22,3	  26,4	  27,2	  28,5	  28,5	  26,0	  -2,0
s	   104,1321	 6	309,85	 93,12	  11,1	  21,9	  26,1	  26,9	  28,1	  28,0	  25,9	  -2,2
s	   105,4335	 5	228,51	 89,57	  12,0	  22,7	  26,9	  27,6	  28,9	  28,9	  26,8	  -0,5
s	   105,6482	 6	228,53	 93,09	  11,0	  22,2	  26,5	  27,3	  28,5	  28,4	  26,7	  -0,7
s	   105,7224	 6	228,50	 85,78	  10,7	  21,7	  25,9	  26,4	  27,7	  28,4	  26,7	  -0,7
s	   106,0709	 8	309,82	100,40	  10,0	  21,2	  25,5	  25,9	  27,2	  27,9	  26,2	  -1,2
s	   106,3966	 7	228,55	 96,85	  10,4	  21,6	  25,8	  26,2	  27,5	  28,3	  26,5	  -0,9
s	   107,8163	 5	144,33	 90,10	  11,1	  21,7	  25,9	  26,7	  28,0	  27,7	  25,6	  -2,8
s	   107,8163	 5	 34,88	 90,09	  11,8	  22,4	  26,6	  27,5	  28,7	  28,5	  26,6	  -1,0
s	   108,0997	 6	144,31	 86,38	   9,8	  20,7	  24,9	  25,4	  26,7	  27,3	  25,4	  -2,9
s	   108,7612	 7	144,37	 97,24	   9,5	  20,6	  24,8	  25,3	  26,6	  27,2	  25,3	  -3,2
s	   108,8336	 7	144,29	 82,96	   9,5	  20,6	  24,8	  25,3	  26,6	  27,2	  25,2	  -3,2
s	   108,8336	 7	 34,92	 82,96	  10,3	  21,3	  25,6	  26,1	  27,3	  27,9	  26,3	  -1,4
s	   109,2230	 5	145,73	 90,09	  11,0	  21,6	  25,8	  26,6	  27,9	  27,6	  25,4	  -3,0
s	   109,5033	 6	145,71	 86,42	   9,7	  20,6	  24,8	  25,3	  26,6	  27,2	  25,3	  -3,2
s	   109,9066	 8	144,39	100,61	   9,2	  20,5	  24,7	  25,1	  26,4	  27,0	  25,0	  -3,5
s	   110,0875	 6	 33,79	 86,43	  11,2	  21,7	  25,8	  26,3	  27,6	  28,3	  26,2	  -1,5
s	   110,1217	 8	144,27	 79,33	   8,2	  19,5	  23,8	  24,0	  25,2	  26,6	  25,0	  -3,5
s	   110,1217	 8	 34,94	 79,33	   8,9	  20,3	  24,5	  24,7	  26,0	  27,4	  26,0	  -1,8
s	   110,1575	 7	145,77	 97,15	   9,4	  20,5	  24,7	  25,2	  26,5	  27,1	  25,1	  -3,4
s	   110,2291	 7	145,69	 83,03	   9,4	  20,5	  24,7	  25,2	  26,5	  27,1	  25,1	  -3,4
s	   110,6221	 2	 89,60	 90,27	  13,0	  23,0	  26,9	  27,8	  29,1	  29,3	  26,6	  -1,2
s	   110,7387	 7	 33,73	 97,12	  10,9	  21,6	  25,7	  26,1	  27,4	  28,2	  26,1	  -1,8
s	   110,8993	 3	 89,61	 86,63	  12,5	  22,4	  26,2	  26,7	  28,1	  29,2	  26,5	  -1,4
s	   111,0697	 7	324,53	 89,64	   9,7	  21,3	  25,8	  26,6	  27,7	  27,3	  26,0	  -1,8
s	   111,2749	 8	324,51	 93,01	   9,4	  21,2	  25,7	  26,5	  27,6	  27,3	  25,9	  -2,0
s	   111,2905	 8	145,79	100,49	   9,1	  20,4	  24,6	  25,0	  26,3	  26,9	  24,9	  -3,8
s	   111,3459	 8	324,55	 86,02	   8,4	  20,3	  24,8	  25,3	  26,5	  26,8	  25,9	  -2,0
s	   111,5033	 8	145,67	 79,44	   8,1	  19,4	  23,7	  23,9	  25,1	  26,5	  24,9	  -3,8
s	   111,5465	 4	 89,60	 97,25	  11,5	  21,9	  25,9	  26,4	  27,7	  28,7	  26,3	  -1,6
s	   111,6173	 4	 89,61	 83,28	  12,2	  22,4	  26,1	  26,6	  28,0	  29,1	  26,3	  -1,6
s	   111,8666	 8	 33,71	100,44	  10,6	  21,5	  25,6	  26,0	  27,3	  28,0	  25,8	  -2,1
s	   112,6674	 5	 89,60	100,56	  11,7	  22,0	  25,8	  26,2	  27,6	  28,7	  25,9	  -2,1
s	   112,8247	 3	100,14	 90,26	  11,9	  22,4	  26,5	  27,3	  28,6	  28,6	  26,3	  -1,7
s	   112,8780	 5	 89,61	 79,73	  10,2	  20,4	  24,1	  24,2	  25,6	  27,5	  25,0	  -3,7
s	   113,0273	 4	100,15	 93,58	  11,7	  22,4	  26,4	  27,2	  28,5	  28,6	  26,2	  -1,9
s	   113,0973	 4	100,14	 86,69	  10,7	  21,4	  25,5	  26,0	  27,3	  28,2	  26,2	  -1,9
s	   113,5089	 3	 77,57	 90,26	  12,6	  22,6	  26,7	  27,5	  28,8	  28,8	  26,2	  -1,9
s	   113,7337	 5	100,15	 97,13	  10,4	  21,3	  25,4	  25,9	  27,2	  28,1	  26,0	  -2,1
s	   113,8033	 5	100,13	 83,40	  10,4	  21,3	  25,4	  25,9	  27,2	  28,1	  26,0	  -2,1
s	   114,0538	 6	 89,61	 77,29	   7,6	  19,0	  24,0	  24,5	  25,9	  27,7	  25,6	  -2,5
s	   114,3502	 6	 89,60	104,04	   9,8	  20,2	  24,0	  24,0	  25,4	  27,4	  24,8	  -4,1
s	   114,4132	 5	 77,56	 97,09	  11,1	  21,6	  25,6	  26,1	  27,4	  28,2	  25,9	  -2,2
s	   114,4825	 5	 77,58	 83,43	  11,1	  21,6	  25,6	  26,1	  27,4	  28,2	  25,9	  -2,3
s	   114,6447	 8	103,22	 86,47	   7,1	  19,3	  23,7	  23,9	  25,1	  26,4	  25,6	  -2,6
s	   115,0432	 6	100,13	 79,90	   8,3	  19,4	  23,4	  23,5	  24,8	  26,5	  24,7	  -4,3
s	   115,6118	 6	 77,55	100,57	  11,6	  22,0	  26,1	  26,8	  28,1	  28,0	  25,4	  -2,8
s	   115,6551	 5	171,95	 89,93	  12,2	  22,3	  26,3	  27,2	  28,3	  28,2	  25,7	  -2,6
s	   115,7161	 6	 77,58	 79,95	   9,0	  19,6	  23,6	  23,7	  25,0	  26,6	  24,6	  -4,4
s	   115,8534	 6	171,97	 93,18	  12,0	  22,2	  26,3	  27,1	  28,2	  28,1	  25,6	  -2,7
s	   115,9219	 6	171,93	 86,43	  10,9	  21,3	  25,4	  25,9	  27,1	  27,7	  25,6	  -2,7
s	   116,3387	 7	 89,60	107,18	  10,0	  20,7	  24,5	  24,6	  26,0	  28,0	  25,3	  -3,1
s	   116,4917	 7	100,16	103,81	   8,0	  19,2	  23,2	  23,3	  24,7	  26,3	  24,5	  -4,6
s	   116,5449	 7	172,00	 96,65	  10,7	  21,2	  25,3	  25,8	  26,9	  27,6	  25,4	  -2,9
s	   116,6131	 7	171,91	 83,21	  10,7	  21,2	  25,3	  25,8	  26,9	  27,6	  25,4	  -3,0
s	   116,9860	 8	321,65	 82,93	   7,5	  19,2	  24,6	  25,3	  26,5	  27,1	  25,3	  -3,1
s	   117,1573	 7	 77,55	103,74	   8,7	  19,5	  23,4	  23,5	  24,8	  26,5	  24,4	  -4,8
s	   117,5429	 7	232,85	 89,56	   9,2	  21,0	  25,4	  26,2	  27,3	  27,1	  25,4	  -3,1
s	   117,6244	 8	172,02	 99,84	  10,4	  21,1	  25,2	  25,6	  26,8	  27,5	  25,2	  -3,3
s	   117,7384	 8	232,86	 92,77	   8,2	  20,5	  25,1	  25,8	  27,0	  26,6	  25,2	  -3,2
s	   117,8060	 8	232,83	 86,11	   8,0	  20,0	  24,4	  24,9	  26,1	  26,6	  25,2	  -3,2
s	   117,8273	 8	171,88	 79,79	   9,3	  20,2	  24,2	  24,4	  25,6	  27,0	  25,2	  -3,3
s	   118,0569	 5	126,20	 90,20	  10,4	  21,4	  25,7	  26,5	  27,8	  27,5	  25,5	  -2,9
s	   118,4489	 8	100,16	106,91	   8,1	  19,7	  23,8	  23,9	  25,2	  26,9	  24,9	  -3,6
s	   119,1050	 8	 77,54	106,83	   8,9	  20,0	  24,0	  24,1	  25,4	  27,1	  24,9	  -3,7
s	   119,1187	 8	 89,61	 70,10	   8,6	  19,6	  23,4	  23,2	  24,6	  27,3	  24,9	  -3,7
s	   119,1200	 5	  7,06	 89,93	  12,0	  21,6	  25,6	  26,4	  27,6	  27,4	  24,3	  -5,0
s	   119,2770	 8	216,81	 83,05	   6,6	  18,3	  23,7	  24,4	  25,6	  26,2	  24,1	  -5,3
s	   119,3132	 6	  7,04	 93,09	  11,8	  21,5	  25,5	  26,3	  27,5	  27,3	  24,2	  -5,1
s	   119,3801	 6	  7,09	 86,52	  10,7	  20,6	  24,6	  25,1	  26,3	  26,9	  24,2	  -5,1
s	   119,8456	 6	195,68	 89,77	  10,0	  21,1	  25,5	  26,3	  27,5	  27,1	  25,3	  -3,4
s	   119,9874	 7	  7,02	 96,48	  10,5	  20,5	  24,5	  25,0	  26,2	  26,8	  24,0	  -5,4
s	   120,0378	 7	195,70	 92,92	   9,8	  21,1	  25,5	  26,2	  27,4	  27,1	  25,1	  -3,5
s	   120,0539	 7	  7,11	 83,37	   9,5	  20,1	  24,3	  24,8	  26,0	  26,5	  24,1	  -5,3
s	   120,1043	 7	195,65	 86,38	   8,8	  20,2	  24,5	  25,1	  26,2	  26,6	  25,1	  -3,5
s	   120,6583	 4	269,61	 92,62	   9,9	  20,8	  25,8	  26,8	  28,2	  28,3	  25,4	  -3,3
s	   120,7084	 8	195,72	 96,29	   8,5	  20,1	  24,5	  24,9	  26,1	  26,6	  25,0	  -3,8
s	   120,7746	 8	195,63	 83,25	   8,5	  20,1	  24,5	  24,9	  26,1	  26,6	  24,9	  -3,8
s	   120,8129	 8	127,18	 83,68	   8,2	  19,7	  23,8	  24,0	  25,3	  26,8	  24,9	  -3,8
s	   121,0402	 8	  7,00	 99,59	  10,2	  20,4	  24,4	  24,9	  26,0	  26,7	  23,8	  -5,7
s	   121,2381	 8	  7,13	 80,03	   9,1	  19,5	  23,5	  23,7	  24,9	  26,2	  23,8	  -5,7
s	   121,5842	 4	112,48	 90,25	  11,1	  21,7	  25,8	  26,6	  27,9	  27,7	  25,3	  -3,5
s	   121,5842	 4	 66,73	 90,24	  11,1	  21,7	  25,8	  26,6	  27,9	  27,7	  25,3	  -3,5
s	   121,8397	 5	112,47	 86,90	  10,6	  21,1	  25,1	  25,6	  26,9	  27,7	  25,2	  -3,7
s	   121,8911	 8	127,25	100,04	  10,2	  21,5	  25,6	  26,3	  27,5	  27,5	  24,8	  -4,0
s	   122,4363	 6	112,50	 96,69	   9,6	  20,6	  24,8	  25,2	  26,5	  27,2	  25,0	  -3,9
s	   123,0428	 5	 65,60	 86,92	   9,8	  20,7	  24,8	  25,3	  26,6	  27,4	  25,1	  -3,9
s	   123,2075	 6	343,93	 89,77	   9,8	  20,5	  24,8	  25,6	  26,8	  26,3	  23,9	  -5,8
s	   123,3951	 7	343,91	 92,85	   9,6	  20,4	  24,7	  25,5	  26,7	  26,3	  23,8	  -5,9
s	   123,4147	 7	245,65	 86,21	   8,8	  20,2	  24,4	  24,9	  26,0	  26,7	  24,7	  -4,2
s	   123,4600	 7	343,95	 86,46	   8,6	  19,5	  23,8	  24,3	  25,5	  25,8	  23,8	  -6,0
s	   123,4708	 7	112,51	 99,74	   9,8	  20,7	  24,7	  25,1	  26,4	  27,2	  24,6	  -4,4
s	   123,4708	 7	 66,70	 99,74	   9,8	  20,7	  24,7	  25,1	  26,4	  27,2	  24,6	  -4,4
s	   123,6653	 7	112,46	 80,52	   8,3	  19,1	  23,0	  23,1	  24,4	  26,0	  23,7	  -6,0
s	   123,7664	 6	 65,61	 83,62	  10,5	  21,4	  25,6	  26,3	  27,6	  27,5	  24,9	  -4,1
s	   124,0499	 8	343,88	 96,14	   8,3	  19,4	  23,7	  24,2	  25,4	  25,8	  23,6	  -6,2
s	   124,0694	 8	245,67	 96,12	   9,5	  20,9	  25,2	  25,9	  27,0	  26,8	  24,6	  -4,5
s	   124,1145	 8	343,97	 83,41	   8,3	  19,4	  23,7	  24,2	  25,4	  25,8	  23,6	  -6,2
s	   124,7522	 8	112,45	 78,26	   5,8	  17,7	  22,9	  23,4	  24,7	  26,1	  24,3	  -4,8
s	   124,8531	 7	 65,62	 80,60	   7,5	  18,7	  22,7	  22,8	  24,1	  25,7	  23,6	  -6,2
s	   124,9280	 6	220,20	 89,63	   9,7	  20,5	  24,7	  25,5	  26,7	  26,4	  23,7	  -6,1
s	   124,9280	 6	319,01	 89,62	  10,5	  21,2	  25,5	  26,2	  27,5	  27,2	  24,8	  -4,3
s	   125,0264	 8	112,52	102,97	   8,0	  18,9	  22,9	  22,9	  24,2	  25,9	  23,5	  -6,4
s	   125,1133	 7	220,22	 92,67	   8,8	  20,0	  24,4	  25,2	  26,3	  26,0	  23,6	  -6,3
s	   125,1134	 7	318,99	 92,66	   9,5	  20,8	  25,1	  25,9	  27,1	  26,7	  24,6	  -4,5
s	   125,5129	 8	 64,07	 83,70	   9,0	  20,3	  24,5	  24,9	  26,1	  26,9	  24,5	  -4,7
s	   127,4870	 7	219,40	 86,42	   8,8	  20,0	  24,2	  24,6	  25,8	  26,5	  24,2	  -5,2
s	   128,0606	 8	219,45	 95,83	   8,6	  19,9	  24,1	  24,5	  25,7	  26,4	  24,0	  -5,4
s	   130,8821	 6	248,21	 92,44	   8,1	  19,5	  24,7	  25,7	  27,0	  26,9	  24,2	  -5,4
s	   130,9527	 3	269,60	 89,49	  10,8	  21,3	  25,3	  26,1	  27,4	  27,3	  24,5	  -5,1
s	   131,0510	 4	269,60	 91,69	   8,6	  19,7	  24,9	  25,9	  27,2	  27,2	  24,4	  -5,2
s	   131,1920	 4	269,60	 86,35	  10,3	  20,7	  24,6	  25,1	  26,4	  27,3	  24,4	  -5,3
s	   131,7514	 5	269,61	 95,53	   9,3	  20,2	  24,3	  24,7	  26,0	  26,8	  24,2	  -5,5
s	   131,8127	 5	269,60	 83,46	  10,0	  20,6	  24,5	  25,0	  26,3	  27,2	  24,2	  -5,5
s	   132,4896	 5	120,90	 90,23	   9,5	  20,6	  24,8	  25,6	  26,8	  26,5	  24,1	  -5,6
s	   132,7219	 6	269,61	 98,40	   9,5	  20,3	  24,2	  24,6	  25,9	  26,8	  23,8	  -6,0
s	   132,7930	 5	 58,12	 90,22	   9,5	  20,1	  24,3	  25,1	  26,3	  25,9	  23,1	  -7,5
s	   133,0295	 6	 58,13	 87,12	   9,0	  19,5	  23,6	  24,1	  25,3	  25,9	  23,0	  -7,6
s	   133,2802	 7	120,93	 96,20	   8,0	  19,5	  23,8	  24,3	  25,5	  25,9	  23,9	  -6,0
s	   133,3409	 7	120,88	 84,25	   8,7	  19,9	  24,0	  24,5	  25,7	  26,4	  23,8	  -6,0
s	   133,4519	 4	280,04	 89,50	  10,4	  21,0	  25,1	  25,9	  27,1	  26,9	  24,2	  -5,7
s	   133,5821	 7	 58,09	 96,19	   8,0	  19,0	  23,2	  23,7	  24,9	  25,4	  22,8	  -7,8
s	   133,6268	 5	280,03	 92,37	  10,2	  20,9	  25,0	  25,8	  27,0	  26,8	  24,0	  -5,8
s	   133,6426	 7	 58,14	 84,26	   8,7	  19,4	  23,5	  23,9	  25,2	  25,8	  22,8	  -7,8
s	   133,6817	 7	281,66	 86,20	   9,5	  20,0	  24,2	  24,7	  25,9	  26,3	  23,8	  -6,1
s	   134,1828	 7	269,61	101,44	   7,7	  18,6	  22,4	  22,5	  23,8	  25,5	  22,7	  -7,9
s	   134,2409	 8	120,94	 99,05	   8,5	  19,8	  23,9	  24,3	  25,6	  26,2	  23,7	  -6,3
s	   134,2976	 5	281,17	 86,21	  10,1	  20,9	  25,0	  25,8	  27,0	  26,8	  24,0	  -6,0
s	   134,5409	 8	 58,08	 99,02	   8,9	  19,8	  23,9	  24,3	  25,6	  26,2	  23,4	  -6,6
s	   134,8723	 7	281,17	 83,59	   7,6	  18,9	  23,0	  23,2	  24,5	  25,8	  23,7	  -6,3
s	   135,3718	 7	280,05	 80,53	   6,8	  17,9	  22,0	  22,2	  23,4	  24,8	  22,6	  -8,2
s	   135,8518	 7	281,15	 98,45	   9,4	  20,4	  24,6	  25,3	  26,5	  26,4	  23,4	  -6,7
s	   136,0333	 6	 68,98	 90,26	   8,3	  19,9	  24,3	  25,1	  26,3	  25,8	  23,7	  -6,4
s	   136,1236	 6	 27,72	 90,08	   9,1	  19,7	  24,0	  24,8	  26,0	  25,4	  22,7	  -8,2
s	   136,2053	 7	 68,97	 93,08	   8,1	  19,8	  24,3	  25,0	  26,2	  25,7	  23,6	  -6,5
s	   136,2127	 8	269,60	 74,59	   6,3	  17,5	  21,3	  21,1	  22,4	  24,9	  22,4	  -8,4
s	   136,6298	 8	280,02	101,26	   6,5	  17,8	  21,9	  22,0	  23,2	  24,6	  22,4	  -8,5
s	   136,7484	 8	280,05	 77,75	   7,1	  18,5	  22,6	  22,8	  24,0	  25,4	  23,2	  -7,0
s	   137,3562	 7	 67,94	 87,24	   7,0	  19,0	  23,3	  23,8	  25,0	  25,5	  23,5	  -6,7
s	   138,0132	 8	 67,95	 84,25	   7,8	  19,7	  24,1	  24,8	  26,0	  25,6	  23,3	  -7,0
s	   138,2858	 6	151,91	 90,08	   9,0	  20,2	  24,5	  25,2	  26,4	  26,1	  23,5	  -6,8
s	   138,5139	 7	151,89	 87,09	   8,4	  19,6	  23,7	  24,2	  25,4	  26,0	  23,4	  -6,9
s	   139,0292	 7	 27,22	 87,09	   8,4	  19,1	  23,2	  23,6	  24,9	  25,4	  22,3	  -8,8
s	   139,0472	 8	151,95	 95,84	   8,2	  19,5	  23,7	  24,1	  25,3	  25,9	  23,2	  -7,1
s	   139,1056	 8	151,88	 84,32	   7,4	  19,1	  23,4	  23,8	  25,0	  25,5	  23,2	  -7,2
s	   140,5129	 5	249,59	 89,52	   9,1	  20,1	  24,4	  25,2	  26,4	  26,0	  23,4	  -7,1
s	   140,6054	 6	249,59	 91,59	   6,8	  18,5	  23,9	  24,9	  26,2	  25,8	  23,3	  -7,2
s	   140,7379	 6	249,58	 86,57	   8,5	  19,5	  23,7	  24,1	  25,4	  25,9	  23,3	  -7,2
s	   141,2637	 7	249,60	 95,20	   7,5	  19,0	  23,3	  23,8	  25,0	  25,4	  23,1	  -7,4
s	   141,4378	 7	215,28	 89,67	   7,8	  19,4	  23,9	  24,7	  25,8	  25,2	  23,1	  -7,5
s	   141,6039	 8	215,30	 92,39	   7,6	  19,4	  23,9	  24,6	  25,7	  25,1	  23,0	  -7,6
s	   141,6614	 8	215,27	 86,73	   6,5	  18,4	  22,9	  23,5	  24,5	  24,7	  23,0	  -7,6
s	   142,1765	 8	249,61	 97,90	   7,8	  19,1	  23,3	  23,6	  24,9	  25,5	  22,7	  -7,9
s	   142,6015	 7	239,25	 92,26	   7,4	  18,8	  24,0	  25,0	  26,2	  25,9	  22,9	  -7,7
s	   142,8964	 7	300,14	 92,26	   6,5	  17,9	  23,2	  24,2	  25,4	  25,1	  21,9	  -9,5
s	   144,0569	 8	146,41	 87,23	   6,4	  18,4	  22,9	  23,3	  24,5	  24,8	  22,8	  -8,0
s	   145,4464	 8	289,01	 92,18	   5,4	  17,8	  23,3	  24,3	  25,4	  25,0	  22,6	  -8,3
s	   145,7271	 6	173,37	 89,94	   9,5	  19,6	  23,7	  24,5	  25,6	  25,1	  21,7	 -10,0
s	   145,7271	 6	  5,84	 89,94	  10,2	  20,3	  24,5	  25,2	  26,3	  25,8	  22,8	  -8,2
s	   145,8889	 7	173,38	 92,60	   9,2	  19,5	  23,7	  24,4	  25,5	  25,0	  21,6	 -10,1
s	   145,8889	 7	  5,83	 92,59	  10,0	  20,3	  24,4	  25,2	  26,2	  25,8	  22,6	  -8,3
s	   145,9449	 7	173,35	 87,09	   8,2	  18,6	  22,7	  23,2	  24,3	  24,6	  21,6	 -10,1
s	   145,9449	 7	  5,86	 87,08	   9,0	  19,3	  23,5	  24,0	  25,1	  25,4	  22,6	  -8,3
s	   146,3299	 7	193,03	 89,81	   7,5	  18,7	  23,1	  23,9	  25,0	  24,3	  21,6	 -10,1
s	   146,4540	 8	173,40	 95,44	   8,0	  18,5	  22,7	  23,1	  24,2	  24,5	  21,4	 -10,3
s	   146,4540	 8	  5,81	 95,43	   8,7	  19,3	  23,4	  23,9	  25,0	  25,3	  22,5	  -8,5
s	   146,4911	 8	193,05	 92,45	   7,3	  18,6	  23,1	  23,8	  24,9	  24,3	  21,5	 -10,3
s	   146,5098	 8	173,33	 84,45	   8,0	  18,5	  22,7	  23,1	  24,2	  24,5	  21,4	 -10,3
s	   146,5098	 8	  5,88	 84,44	   7,8	  18,9	  23,2	  23,6	  24,8	  25,0	  22,5	  -8,5
s	   146,5308	 8	280,31	 95,00	   7,8	  19,0	  23,2	  23,6	  24,8	  25,2	  22,5	  -8,5
s	   146,5469	 8	193,01	 86,96	   6,3	  17,7	  22,2	  22,7	  23,8	  23,8	  21,5	 -10,3
s	   149,1644	 7	346,41	 89,81	   9,1	  19,7	  24,0	  24,7	  25,8	  25,2	  22,3	  -8,9
s	   149,3228	 8	346,40	 92,40	   8,8	  19,6	  23,9	  24,7	  25,7	  25,1	  22,2	  -9,0
s	   149,3777	 8	346,43	 87,01	   6,9	  18,3	  22,8	  23,3	  24,3	  24,4	  22,3	  -9,0
s	   150,2323	 6	 49,44	 90,20	   8,4	  18,9	  23,0	  22,5	  22,6	  22,3	  19,3	 -12,0
s	   150,3074	 6	129,80	 90,20	   7,6	  18,8	  23,1	  23,8	  25,0	  24,6	  21,4	 -10,7
s	   150,3897	 7	 49,43	 92,78	   8,1	  18,8	  23,0	  22,4	  22,5	  22,2	  19,2	 -12,2
s	   150,4442	 7	 49,46	 87,42	   7,1	  17,9	  22,0	  21,2	  21,4	  21,8	  19,2	 -12,2
s	   150,4648	 7	129,81	 92,78	   7,3	  18,7	  23,0	  23,7	  24,9	  24,5	  21,3	 -10,9
s	   150,5193	 7	129,78	 87,43	   6,3	  17,8	  22,1	  22,5	  23,7	  24,1	  21,3	 -10,9
s	   150,9398	 8	 49,42	 95,55	   6,9	  17,8	  22,0	  21,1	  21,2	  21,8	  19,0	 -12,4
s	   150,9941	 8	 49,47	 84,85	   6,9	  17,8	  22,0	  21,1	  21,2	  21,8	  19,0	 -12,4
s	   151,0146	 8	129,82	 95,55	   6,1	  17,7	  22,0	  22,4	  23,6	  24,0	  21,1	 -11,1
s	   151,0689	 8	129,77	 84,86	   6,0	  17,7	  22,0	  22,4	  23,6	  24,0	  21,1	 -11,1
s	   151,5671	 6	241,04	 89,56	   8,4	  19,5	  23,7	  24,5	  25,6	  25,1	  22,2	  -9,2
s	   151,8464	 6	298,34	 89,55	   7,5	  18,6	  22,9	  23,7	  24,8	  24,2	  21,3	 -11,0
s	   152,5472	 8	298,33	 94,85	   6,0	  17,5	  21,9	  22,3	  23,5	  23,7	  21,0	 -11,3
s	   152,6010	 8	298,36	 84,26	   6,0	  17,5	  21,9	  22,3	  23,5	  23,7	  21,0	 -11,3
s	   155,5835	 5	 89,60	 95,50	   7,2	  18,0	  22,9	  23,5	  24,9	  25,7	  21,0	 -11,5
s	   156,4212	 6	 89,60	 97,99	   6,2	  17,5	  22,5	  23,2	  24,5	  25,2	  21,7	 -10,2
s	   157,7323	 6	 80,59	 95,44	   6,9	  17,7	  22,7	  23,3	  24,7	  25,3	  20,8	 -12,0
s	   157,7893	 7	 89,61	 79,98	   5,7	  16,9	  21,7	  22,1	  23,4	  25,1	  21,4	 -10,6
s	   158,6368	 7	 80,59	 98,08	   6,9	  18,0	  23,2	  24,1	  25,4	  25,0	  21,4	 -10,7
s	   159,9115	 8	 80,61	 80,10	   5,3	  16,6	  21,5	  21,9	  23,2	  24,7	  21,1	 -11,1
s	   160,2066	 7	 23,65	 90,06	   7,6	  18,7	  23,2	  23,9	  25,0	  24,2	  21,5	 -10,8
s	   162,9770	 7	155,95	 90,07	   7,6	  18,4	  22,6	  23,3	  24,3	  23,8	  20,1	 -13,1
s	   162,9983	 8	107,21	 97,69	   4,7	  16,5	  21,8	  22,4	  23,7	  24,1	  20,9	 -11,6
s	   163,1741	 8	155,93	 87,49	   7,1	  17,8	  21,8	  22,3	  23,4	  23,7	  20,0	 -13,3
s	   163,4999	 8	127,52	 90,22	   5,7	  17,5	  22,0	  22,7	  23,8	  23,0	  20,0	 -13,2
s	   165,3807	 3	 89,60	 90,30	   9,5	  19,6	  23,5	  24,3	  25,5	  25,3	  20,4	 -13,0
s	   165,5251	 4	 89,60	 92,67	   8,7	  19,4	  23,4	  24,2	  25,4	  25,1	  21,3	 -11,4
s	   165,5751	 4	 89,60	 87,75	   9,0	  19,1	  22,8	  23,2	  24,6	  25,3	  20,3	 -13,2
s	   165,8321	 6	261,21	 89,52	   6,0	  18,1	  22,5	  23,3	  24,4	  23,8	  21,1	 -11,6
s	   165,9498	 8	 22,90	 87,52	   6,8	  18,1	  22,3	  22,6	  23,8	  24,3	  20,9	 -11,9
s	   165,9762	 7	261,21	 91,88	   5,8	  18,0	  22,5	  23,2	  24,3	  23,7	  21,0	 -11,8
s	   166,0537	 7	261,21	 86,79	   5,8	  17,9	  22,4	  23,2	  24,2	  23,5	  21,0	 -11,8
s	   166,0797	 5	 89,61	 85,40	   8,2	  18,8	  22,7	  23,1	  24,4	  25,0	  21,2	 -11,6
s	   166,4797	 8	261,22	 94,42	   4,5	  17,0	  21,5	  21,9	  23,0	  23,2	  20,8	 -12,0
s	   166,5294	 8	261,21	 84,62	   4,5	  17,0	  21,5	  21,9	  23,0	  23,2	  20,8	 -12,0
s	   166,5971	 6	 89,60	 96,98	   5,0	  16,6	  21,7	  22,4	  23,7	  24,2	  20,8	 -12,0
s	   166,6723	 7	279,11	 86,80	   8,0	  18,8	  23,1	  23,9	  24,9	  24,2	  20,9	 -11,9
s	   166,9314	 4	 97,03	 90,30	   8,4	  19,1	  23,1	  23,9	  25,1	  24,8	  20,2	 -13,4
s	   166,9691	 6	 89,61	 82,88	   7,4	  18,0	  21,7	  21,8	  23,1	  24,7	  20,0	 -13,6
s	   167,0747	 5	 97,04	 92,65	   7,7	  18,9	  23,0	  23,8	  25,0	  24,6	  21,1	 -11,7
s	   167,1242	 5	 97,03	 87,77	   7,9	  18,5	  22,4	  22,8	  24,1	  24,7	  20,1	 -13,5
s	   167,2581	 8	 28,15	 90,10	   6,3	  17,9	  22,5	  23,3	  24,3	  23,3	  20,8	 -12,1
s	   167,4158	 4	 81,10	 90,30	   9,2	  19,4	  23,3	  24,1	  25,3	  25,0	  20,2	 -13,5
s	   167,5587	 5	 81,10	 92,64	   8,4	  19,1	  23,3	  24,0	  25,2	  24,7	  21,1	 -11,8
s	   167,6246	 6	 97,03	 85,44	   7,2	  18,3	  22,3	  22,7	  24,0	  24,5	  20,9	 -12,0
s	   168,0132	 7	 89,60	100,05	   6,6	  17,2	  20,9	  20,9	  22,2	  23,8	  19,8	 -13,9
s	   168,1072	 6	 81,11	 85,45	   7,9	  18,5	  22,5	  22,9	  24,2	  24,7	  20,9	 -12,0
s	   168,1377	 7	 97,04	 96,92	   3,9	  16,1	  21,3	  22,0	  23,2	  23,7	  20,6	 -12,4
s	   168,5066	 7	 97,03	 82,94	   6,4	  17,5	  21,4	  21,4	  22,7	  24,2	  19,7	 -14,0
s	   168,6190	 7	 81,10	 96,90	   4,7	  16,3	  21,5	  22,2	  23,5	  23,8	  20,5	 -12,5
s	   168,9870	 7	 81,11	 82,95	   7,1	  17,7	  21,6	  21,6	  22,9	  24,3	  19,7	 -14,1
s	   169,4144	 8	209,34	 89,72	   6,2	  17,5	  21,9	  22,7	  23,7	  22,9	  19,5	 -14,3
s	   169,5421	 8	 97,04	 99,97	   5,6	  16,7	  20,5	  20,5	  21,8	  23,3	  19,5	 -14,3
s	   169,6771	 8	 89,61	 78,10	   4,6	  15,8	  19,6	  19,3	  20,6	  22,9	  19,5	 -14,3
s	   170,0198	 8	 81,09	 99,94	   6,3	  16,9	  20,7	  20,7	  22,0	  23,4	  19,5	 -14,4
s	   170,0676	 7	  5,03	 89,95	   8,0	  18,2	  22,4	  23,2	  24,2	  23,4	  19,5	 -14,3
s	   170,2085	 8	  5,02	 92,25	   7,8	  18,1	  22,3	  23,1	  24,1	  23,3	  19,4	 -14,5
s	   170,2138	 8	347,91	 89,83	   6,1	  17,3	  21,8	  22,6	  23,6	  22,6	  19,5	 -14,4
s	   170,2572	 8	  5,05	 87,46	   6,8	  17,2	  21,4	  21,9	  22,9	  22,9	  19,4	 -14,5
s	   170,7621	 8	114,17	 95,06	   3,8	  16,0	  21,4	  22,0	  23,2	  23,5	  20,5	 -12,7
s	   171,1707	 8	113,14	 95,05	   3,8	  16,0	  21,3	  22,0	  23,2	  23,5	  20,4	 -12,8
s	   171,5502	 5	106,23	 90,29	   8,0	  18,7	  22,8	  23,6	  24,7	  24,3	  19,7	 -14,3
s	   171,6899	 6	106,24	 92,58	   7,3	  18,5	  22,7	  23,5	  24,6	  24,0	  20,6	 -12,6
s	   171,7383	 6	106,23	 87,82	   6,7	  17,7	  21,9	  22,3	  23,5	  23,8	  19,6	 -14,4
s	   172,1783	 7	106,24	 95,04	   6,5	  17,7	  21,8	  22,2	  23,4	  23,7	  19,4	 -14,6
s	   172,3875	 7	174,24	 89,95	   7,9	  18,5	  22,8	  23,6	  24,6	  23,8	  20,4	 -12,9
s	   172,5266	 8	174,26	 92,23	   7,7	  18,5	  22,8	  23,5	  24,5	  23,7	  20,3	 -13,1
s	   172,5747	 8	174,23	 87,50	   6,7	  17,6	  21,8	  22,3	  23,3	  23,3	  20,2	 -13,1
s	   172,7272	 8	106,25	 96,75	   3,5	  15,7	  21,0	  21,7	  22,9	  23,1	  20,1	 -13,3
s	   172,9722	 8	 97,71	 95,03	   3,5	  15,8	  21,1	  21,7	  22,9	  23,3	  19,3	 -14,9
s	   173,0872	 8	106,22	 83,10	   5,2	  16,7	  20,8	  20,9	  22,1	  23,2	  19,2	 -14,9
s	   174,6782	 7	285,96	 89,53	   5,4	  17,5	  22,0	  22,8	  23,8	  23,0	  20,3	 -13,3
s	   174,8633	 8	285,96	 87,11	   4,9	  16,9	  21,3	  21,8	  22,8	  22,9	  20,1	 -13,4
s	   175,3508	 8	190,98	 89,84	   6,8	  18,0	  22,4	  23,1	  24,1	  23,2	  20,0	 -13,6
s	   176,4047	 8	 56,72	 90,24	   5,1	  17,2	  21,9	  22,6	  23,6	  22,6	  20,0	 -13,7
s	   181,3219	 6	112,69	 90,28	   6,1	  17,6	  22,0	  22,8	  23,9	  23,1	  19,8	 -14,3
s	   181,4548	 7	112,70	 92,46	   5,9	  17,6	  22,0	  22,7	  23,8	  23,0	  19,7	 -14,4
s	   181,9651	 8	112,68	 85,76	   5,3	  17,0	  21,3	  21,7	  22,8	  23,0	  19,6	 -14,6
s	   182,0697	 8	 98,36	 87,80	   4,6	  16,6	  21,0	  21,4	  22,5	  22,6	  19,5	 -14,6
s	   183,1870	 8	227,34	 89,63	   4,9	  16,4	  20,8	  20,2	  20,2	  19,5	  16,3	 -17,9
s	   183,8680	 8	245,93	 89,56	   5,0	  17,0	  21,5	  22,3	  23,2	  22,3	  19,3	 -15,0
s	   184,1947	 7	 64,79	 87,96	   6,2	  17,5	  21,5	  21,9	  23,1	  23,5	  19,5	 -14,9
s	   185,7112	 4	269,60	 89,52	   7,6	  18,2	  22,3	  23,0	  24,2	  23,8	  18,7	 -16,6
s	   185,8413	 5	269,60	 91,65	   6,9	  18,0	  22,2	  22,9	  24,1	  23,5	  19,6	 -14,9
s	   185,8863	 5	269,60	 87,23	   7,1	  17,7	  21,6	  22,0	  23,2	  23,7	  18,6	 -16,7
s	   186,2958	 6	269,61	 93,94	   6,1	  17,2	  21,2	  21,6	  22,8	  23,2	  18,4	 -16,9
s	   186,3407	 6	269,60	 85,10	   6,3	  17,4	  21,5	  21,9	  23,1	  23,5	  19,4	 -15,1
s	   186,8069	 7	269,61	 95,54	   3,3	  15,5	  20,7	  21,4	  22,6	  22,9	  19,3	 -15,3
s	   187,0756	 8	140,79	 90,17	   4,6	  16,3	  20,9	  21,6	  22,6	  21,5	  18,1	 -17,3
s	   187,0756	 8	 38,42	 90,16	   5,4	  17,0	  21,6	  22,4	  23,3	  22,3	  19,2	 -15,5
s	   187,1082	 5	262,91	 89,53	   6,6	  17,7	  21,9	  22,6	  23,8	  23,2	  18,5	 -16,9
s	   187,1421	 7	269,60	 82,83	   5,6	  16,6	  20,5	  20,6	  21,8	  23,1	  18,2	 -17,2
s	   187,2373	 6	262,91	 91,64	   5,8	  17,5	  21,8	  22,5	  23,6	  23,0	  19,4	 -15,3
s	   187,2820	 6	262,91	 87,25	   6,1	  17,2	  21,2	  21,6	  22,8	  23,2	  18,3	 -17,1
s	   187,5450	 5	277,27	 89,53	   7,3	  18,0	  22,1	  22,8	  24,0	  23,4	  18,4	 -17,0
s	   187,6739	 6	277,27	 91,64	   6,6	  17,8	  22,0	  22,7	  23,8	  23,2	  19,3	 -15,4
s	   187,6887	 7	262,91	 93,92	   5,1	  16,7	  20,9	  21,3	  22,4	  22,7	  18,2	 -17,2
s	   187,7333	 7	262,91	 85,14	   5,3	  16,9	  21,1	  21,5	  22,6	  22,9	  19,2	 -15,5
s	   188,0839	 8	269,61	 98,31	   4,0	  15,4	  19,4	  19,4	  20,6	  21,9	  18,0	 -17,4
s	   188,1243	 7	277,26	 93,91	   5,8	  17,0	  21,1	  21,5	  22,6	  22,9	  18,2	 -17,3
s	   188,1688	 7	277,27	 85,15	   6,0	  17,2	  21,3	  21,7	  22,8	  23,1	  19,2	 -15,5
s	   188,1964	 8	262,92	 95,50	   2,3	  14,9	  20,3	  21,0	  22,2	  22,3	  19,1	 -15,7
s	   188,5294	 8	262,90	 82,88	   4,5	  16,1	  20,1	  20,2	  21,4	  22,6	  18,0	 -17,5
s	   188,6309	 8	277,26	 95,49	   3,0	  15,2	  20,6	  21,2	  22,4	  22,5	  19,0	 -15,7
s	   188,9632	 8	277,27	 82,89	   5,3	  16,4	  20,3	  20,4	  21,6	  22,8	  18,0	 -17,6
s	   192,0694	 6	255,46	 89,54	   6,1	  17,3	  21,6	  22,3	  23,4	  22,7	  18,0	 -17,9
s	   192,1955	 7	255,47	 91,60	   5,4	  17,1	  21,5	  22,2	  23,3	  22,5	  18,9	 -16,2
s	   192,2391	 7	255,46	 87,31	   5,6	  16,8	  20,9	  21,3	  22,4	  22,7	  17,8	 -18,0
s	   192,6798	 8	255,46	 85,25	   4,9	  16,5	  20,8	  21,2	  22,3	  22,4	  18,7	 -16,4
s	   192,8393	 7	120,60	 90,26	   5,9	  17,1	  21,5	  22,2	  23,2	  22,4	  18,6	 -16,6
s	   192,9650	 8	120,61	 92,32	   5,7	  17,1	  21,4	  22,1	  23,1	  22,4	  18,5	 -16,7
s	   192,9990	 7	284,55	 87,32	   4,8	  16,5	  20,6	  21,0	  22,2	  22,4	  17,8	 -18,1
s	   193,0293	 8	237,67	 89,59	   5,7	  17,1	  21,4	  22,1	  23,1	  22,3	  18,5	 -16,7
s	   193,4831	 8	284,55	 85,11	   5,1	  17,0	  21,4	  22,1	  23,1	  22,4	  18,7	 -16,5
s	   195,0313	 7	 59,00	 90,26	   5,3	  16,9	  21,4	  22,1	  23,1	  22,1	  18,6	 -16,7
s	   195,1556	 8	 58,99	 92,30	   5,1	  16,8	  21,3	  22,0	  23,0	  22,1	  18,5	 -16,8
s	   195,1987	 8	 59,00	 88,07	   4,8	  16,3	  20,6	  21,1	  22,1	  22,1	  18,5	 -16,8
s	   199,6620	 8	174,92	 89,96	   5,8	  16,4	  20,8	  21,5	  22,4	  21,3	  17,1	 -19,4
s	   200,3797	 7	290,74	 89,55	   5,1	  16,6	  21,1	  21,9	  22,9	  21,8	  18,2	 -17,6
s	   200,5010	 8	290,73	 91,54	   4,8	  16,6	  21,1	  21,8	  22,8	  21,8	  18,1	 -17,7
s	   208,1296	 8	125,43	 90,25	   4,5	  16,3	  20,8	  21,5	  22,5	  21,4	  17,5	 -19,0
s	   210,0411	 8	118,01	 90,28	   3,0	  15,1	  19,7	  20,4	  21,4	  20,2	  16,4	 -21,1
s	   210,1933	 8	 53,06	 90,24	   4,5	  15,8	  20,2	  20,9	  21,9	  20,8	  16,4	 -21,1
s	   211,2206	 8	297,85	 89,58	   3,7	  15,8	  20,4	  21,1	  22,1	  20,9	  17,3	 -19,5
s	   211,2810	 6	 89,60	 94,26	   4,1	  15,3	  20,3	  20,9	  22,2	  22,5	  17,5	 -19,2
s	   211,9048	 8	240,59	 89,58	   4,6	  15,8	  20,1	  20,8	  21,7	  20,8	  16,2	 -21,4
s	   211,9157	 7	 89,60	 96,14	   3,8	  15,3	  20,2	  20,8	  22,0	  22,4	  17,4	 -19,5
s	   212,9116	 7	 82,77	 94,23	   3,0	  14,7	  19,9	  20,5	  21,7	  21,8	  17,3	 -19,6
s	   213,6005	 8	 82,77	 96,24	   3,8	  15,4	  20,7	  21,6	  22,7	  21,9	  17,1	 -19,8
s	   221,2461	 4	 89,60	 90,33	   5,7	  16,7	  20,8	  21,6	  22,6	  21,8	  17,0	 -20,6
s	   221,3568	 5	 89,60	 92,14	   5,5	  16,6	  20,8	  21,5	  22,5	  21,8	  16,9	 -20,8
s	   221,3952	 5	 89,60	 88,37	   5,9	  16,5	  20,4	  20,8	  21,9	  22,2	  16,9	 -20,8
s	   221,6310	 6	 89,60	 93,65	   2,9	  14,5	  19,6	  20,3	  21,5	  21,6	  16,8	 -20,9
s	   221,7822	 6	 89,61	 86,56	   4,9	  16,0	  20,0	  20,4	  21,6	  21,7	  16,8	 -21,0
s	   222,4365	 5	 95,31	 90,32	   4,7	  16,2	  20,5	  21,2	  22,2	  21,3	  16,8	 -20,9
s	   222,4654	 7	 89,61	 84,62	   2,9	  14,6	  18,8	  18,9	  20,0	  20,8	  16,6	 -21,2
s	   222,5466	 6	 95,31	 92,13	   4,4	  16,1	  20,4	  21,1	  22,1	  21,3	  16,7	 -21,1
s	   222,5847	 6	 95,31	 88,38	   4,2	  15,6	  19,7	  20,2	  21,2	  21,3	  16,7	 -21,1
s	   222,8091	 5	 83,07	 90,32	   5,4	  16,4	  20,7	  21,4	  22,4	  21,5	  16,8	 -21,0
s	   222,8195	 7	 95,31	 93,63	   1,2	  13,6	  19,0	  19,7	  20,8	  20,7	  16,6	 -21,2
s	   222,9191	 6	 83,07	 92,13	   5,2	  16,4	  20,6	  21,3	  22,3	  21,4	  16,7	 -21,1
s	   222,9699	 7	 95,31	 86,58	   3,9	  15,5	  19,7	  20,1	  21,1	  21,2	  16,6	 -21,3
s	   223,1916	 7	 83,07	 93,62	   2,7	  14,3	  19,5	  20,1	  21,3	  21,3	  16,5	 -21,3
s	   223,3418	 7	 83,07	 86,58	   4,7	  15,8	  19,9	  20,3	  21,4	  21,4	  16,5	 -21,3
s	   223,3453	 8	 89,61	 82,83	   4,2	  15,4	  19,2	  19,3	  20,4	  21,6	  16,4	 -21,4
s	   223,6498	 8	 95,31	 84,65	   1,9	  14,1	  18,4	  18,6	  19,6	  20,3	  16,4	 -21,5
s	   224,0206	 8	 83,07	 84,65	   2,6	  14,4	  18,6	  18,8	  19,8	  20,5	  16,4	 -21,5
s	   231,5692	 7	269,61	 93,15	   2,4	  14,1	  19,2	  19,8	  21,0	  21,1	  15,9	 -22,6
s	   232,0094	 7	107,82	 90,31	   3,1	  15,2	  19,7	  20,4	  21,4	  20,2	  15,9	 -22,7
s	   232,1153	 8	107,82	 92,05	   2,9	  15,1	  19,7	  20,3	  21,3	  20,1	  15,8	 -22,8
s	   233,0679	 8	275,88	 93,14	   2,1	  13,9	  19,1	  19,7	  20,8	  20,8	  15,7	 -23,0
s	   233,3017	 7	 69,92	 90,30	   4,6	  15,8	  20,2	  20,8	  21,8	  20,7	  15,8	 -22,9
s	   233,4071	 8	 69,91	 92,03	   4,4	  15,8	  20,1	  20,7	  21,7	  20,7	  15,7	 -23,0
s	   241,5767	 5	269,60	 89,54	   4,0	  15,5	  19,8	  20,5	  21,5	  20,5	  15,5	 -24,0
s	   241,6787	 6	269,60	 91,21	   3,8	  15,4	  19,7	  20,4	  21,4	  20,4	  15,3	 -24,1
s	   241,7140	 6	269,60	 87,74	   4,2	  15,3	  19,3	  19,7	  20,8	  20,8	  15,3	 -24,1
s	   241,7601	 7	 77,56	 90,32	   3,3	  15,0	  19,4	  20,1	  21,0	  19,9	  14,2	 -26,0
s	   241,8974	 8	 77,56	 88,52	   2,8	  14,5	  18,7	  19,1	  20,1	  19,9	  14,1	 -26,2
s	   242,0708	 7	269,60	 86,07	   2,5	  14,5	  18,7	  19,1	  20,1	  19,9	  15,2	 -24,3
s	   242,5953	 8	269,61	 94,68	   2,3	  14,4	  18,7	  19,0	  20,0	  19,9	  15,1	 -24,5
s	   242,6742	 6	264,34	 89,54	   3,0	  15,0	  19,4	  20,1	  21,1	  20,0	  15,3	 -24,3
s	   242,7009	 8	269,60	 84,28	   2,7	  14,3	  18,3	  18,3	  19,4	  20,3	  15,1	 -24,5
s	   242,7758	 7	264,34	 91,21	   2,8	  14,9	  19,4	  20,0	  21,0	  19,9	  15,2	 -24,4
s	   242,8109	 7	264,34	 87,75	   3,2	  14,8	  19,0	  19,3	  20,4	  20,3	  15,2	 -24,4
s	   243,0179	 6	275,63	 89,54	   3,7	  15,3	  19,6	  20,4	  21,3	  20,1	  15,3	 -24,3
s	   243,1194	 7	275,63	 91,21	   3,5	  15,2	  19,6	  20,3	  21,2	  20,1	  15,1	 -24,5
s	   243,1662	 8	264,34	 86,09	   1,5	  14,0	  18,4	  18,8	  19,7	  19,4	  15,0	 -24,6
s	   243,4697	 8	113,41	 90,30	   2,5	  14,6	  19,2	  19,9	  20,8	  19,4	  15,0	 -24,6
s	   243,5093	 8	275,63	 86,09	   2,2	  14,2	  18,6	  19,0	  20,0	  19,6	  15,0	 -24,6
s	   245,4644	 7	257,73	 89,55	   2,7	  14,7	  19,2	  20,0	  20,9	  19,6	  15,0	 -24,8
s	   245,5649	 8	257,73	 91,20	   2,5	  14,7	  19,2	  19,9	  20,8	  19,5	  14,9	 -25,0
s	   245,5997	 8	257,72	 87,78	   1,4	  13,7	  18,3	  18,7	  19,6	  19,1	  14,9	 -25,0
s	   253,2381	 8	286,47	 89,56	   2,2	  14,3	  18,9	  19,6	  20,4	  19,0	  14,3	 -26,2
#END
