#HEADER
CATT-Acoustic v8.0b    Copyright © CATT 1988-2003

 Project                : Aula Optica 

 GEOMETRICAL INFORMATION
 Src id and loc     [m] :   E0           9,400        4,600        1,300
 Rec id and loc     [m] :   19          10,500        7,600        1,200

 19        9,3115

 VARIABLE SOURCE DATA
 Directivity
   Type (library)       :  OMNI.SD0
   Dir. Index (DI) [dB] :       0,0      0,0      0,0      0,0      0,0      0,0      0,0      0,0
 Level
   On axis 1m      [dB] :      48,1     57,1     60,8     61,7     63,4     64,6     64,6     48,2
   Total power     [dB] :      59,0     68,0     71,7     72,6     74,3     75,5     75,5     59,1
   Auxiliary delay [ms] :       0,0

 VARIABLE AIR DATA
 Temperature       [°C] :      20
 Relative humidity  [%] :      50
 Density        [kg/m³] :       1,2
 Sound speed      [m/s] :     343
 Impedance      [Ns/m³] :     412
 Diss. coeff. [0.001/m] :      0,10     0,30     0,63     1,07     2,28     6,83    24,23    83,90      (estimated)

#DATAFIELDS
 TYPE DELAY ORDER AZIMUTH ELEVATION SPL125 SPL250 SPL500 SPL1K SPL2K SPL4K SPL8K SPL16K
#DATA
d	     0,0000	 0	141,78	 88,56	  38,0	  47,0	  50,7	  51,6	  53,3	  54,4	  54,2	  36,9
s	     2,5056	 1	142,15	128,39	  35,3	  44,4	  48,1	  49,0	  50,7	  51,8	  51,4	  34,0
*	    31,0123	 1	255,34	100,97	  -6,2	   3,0	   6,6	   7,5	   9,1	  10,1	   9,0	 -11,0
*	    29,8280	 1	228,45	100,34	  -5,6	   3,5	   7,2	   8,1	   9,7	  10,7	   9,6	 -10,3
*	    35,0778	 1	208,57	 98,42	  -8,9	   0,3	   3,9	   4,8	   6,4	   7,3	   6,1	 -14,2
*	    16,2444	 1	260,26	111,00	   6,3	  15,5	  19,2	  20,0	  21,7	  22,8	  22,0	   3,4
*	    14,6769	 1	212,26	107,24	   7,1	  16,3	  20,0	  20,8	  22,5	  23,6	  22,9	   4,3
*	    22,2844	 1	190,09	101,20	   0,1	   9,3	  13,0	  13,8	  15,5	  16,5	  15,6	  -3,6
*	     6,0595	 1	326,33	155,21	  22,5	  31,6	  35,3	  36,2	  37,8	  39,0	  38,5	  20,8
*	     3,7493	 1	163,35	117,32	  23,3	  32,5	  36,2	  37,1	  38,7	  39,9	  39,5	  21,9
*	    14,3135	 1	161,56	103,15	   8,9	  18,1	  21,7	  22,6	  24,2	  25,3	  24,6	   6,1
*	    11,7243	 1	 59,01	113,70	  10,9	  20,0	  23,7	  24,6	  26,2	  27,3	  26,7	   8,4
*	     8,4106	 1	110,54	108,94	  15,8	  25,0	  28,7	  29,5	  31,2	  32,3	  31,8	  13,8
*	    17,1316	 1	132,36	101,94	   6,0	  15,2	  18,9	  19,7	  21,4	  22,4	  21,7	   2,9
*	    24,8842	 1	 64,64	102,52	  -2,1	   7,0	  10,7	  11,6	  13,2	  14,2	  13,3	  -6,2
*	    22,8490	 1	 92,70	101,72	  -0,3	   8,8	  12,5	  13,4	  15,0	  16,0	  15,1	  -4,1
*	    28,5828	 1	112,97	 99,43	  -4,3	   4,8	   8,5	   9,4	  11,0	  12,0	  10,9	  -8,8
*	    40,1264	 1	 66,49	 98,56	 -11,7	  -2,6	   1,1	   1,9	   3,5	   4,4	   3,1	 -17,7
*	    38,7641	 1	 85,50	 98,33	 -10,9	  -1,8	   1,9	   2,7	   4,3	   5,3	   3,9	 -16,7
*	    42,8887	 1	101,66	 97,43	 -13,0	  -3,8	  -0,1	   0,7	   2,3	   3,2	   1,8	 -19,3
s	     3,2570	 1	141,39	 48,13	  33,2	  42,3	  45,9	  46,5	  48,2	  50,1	  50,1	  31,8
*	    49,7692	 1	218,63	 81,23	 -13,2	  -3,3	   0,5	   1,3	   2,9	   4,5	   3,3	 -16,7
*	    45,2639	 1	234,07	 79,98	 -11,1	  -1,3	   2,6	   3,4	   5,0	   6,6	   5,5	 -14,0
*	    45,4526	 1	252,66	 79,43	 -11,1	  -1,3	   2,6	   3,4	   5,0	   6,6	   5,5	 -14,1
*	    35,6210	 1	207,29	 79,02	  -6,0	   3,8	   7,7	   8,5	  10,1	  11,8	  10,9	  -7,7
*	    29,5811	 1	226,09	 76,13	  -2,3	   7,6	  11,4	  12,2	  13,8	  15,6	  14,9	  -3,2
*	    29,7643	 1	253,03	 74,59	  -2,2	   7,7	  11,5	  12,3	  13,9	  15,7	  15,0	  -3,2
*	    23,5851	 1	188,63	 76,38	   2,3	  12,2	  16,0	  16,8	  18,5	  20,2	  19,7	   2,1
*	    15,0418	 1	207,67	 68,77	   9,9	  19,8	  23,6	  24,4	  26,1	  27,9	  27,6	  10,8
*	    15,1147	 1	254,16	 61,41	  10,6	  20,5	  24,3	  25,1	  26,8	  28,6	  28,3	  11,4
*	    16,5280	 1	161,54	 75,08	   9,6	  19,4	  23,3	  24,1	  25,8	  27,6	  27,2	  10,2
*	     4,9533	 1	161,15	 61,34	  24,8	  34,7	  38,6	  39,4	  41,0	  42,9	  42,9	  26,9
*	     5,4983	 1	  0,61	  4,39	  25,2	  35,1	  39,0	  39,8	  41,5	  43,3	  43,3	  27,3
*	    19,3482	 1	134,61	 76,91	   6,9	  16,8	  20,7	  21,5	  23,1	  24,9	  24,5	   7,3
*	     9,5944	 1	115,43	 69,72	  17,7	  27,6	  31,5	  32,3	  33,9	  35,8	  35,7	  19,3
*	    11,2898	 1	 69,74	 62,88	  14,4	  24,2	  28,1	  28,9	  30,6	  32,4	  32,2	  15,7
*	    30,1499	 1	116,18	 79,83	  -2,2	   7,7	  11,6	  12,3	  14,0	  15,7	  15,0	  -3,2
*	    23,6171	 1	 97,45	 77,21	   2,3	  12,2	  16,1	  16,8	  18,5	  20,3	  19,7	   2,1
*	    24,5336	 1	 70,83	 75,79	   1,3	  11,2	  15,1	  15,8	  17,5	  19,2	  18,7	   1,0
*	    43,9467	 1	104,99	 82,18	 -10,3	  -0,4	   3,4	   4,2	   5,8	   7,4	   6,4	 -13,0
*	    39,1999	 1	 89,62	 81,06	  -8,0	   1,9	   5,8	   6,5	   8,2	   9,8	   8,9	 -10,1
*	    39,7636	 1	 71,19	 80,57	  -8,4	   1,5	   5,4	   6,1	   7,8	   9,4	   8,5	 -10,6
s	     8,7143	 2	142,55	149,27	  29,8	  39,1	  42,7	  43,3	  44,9	  46,8	  46,6	  27,9
s	     9,2156	 2	141,03	 30,51	  30,1	  39,6	  43,2	  43,8	  45,5	  47,4	  47,2	  29,1
s	     9,6053	 1	351,69	 89,03	  30,7	  39,7	  43,5	  44,4	  46,0	  46,9	  46,3	  27,5
*	    31,4733	 1	 57,35	 94,53	  -2,6	   6,4	  10,2	  11,1	  12,7	  13,5	  13,5	  -4,8
*	    24,5023	 1	 53,48	 95,55	   2,3	  11,4	  15,2	  16,0	  17,6	  18,5	  18,7	   1,0
*	    18,2345	 1	 47,00	 97,18	   7,9	  16,9	  20,7	  21,6	  23,2	  24,1	  24,5	   7,3
*	    18,5898	 1	 47,14	 77,04	   7,5	  16,6	  20,3	  21,2	  22,8	  23,7	  24,1	   6,9
*	    13,1444	 1	 34,48	100,03	  13,9	  22,9	  26,7	  27,6	  29,2	  30,1	  30,7	  14,0
*	    13,6138	 1	 34,72	 71,37	  13,2	  22,3	  26,1	  26,9	  28,6	  29,5	  30,0	  13,3
*	    10,1428	 1	  6,58	104,42	  19,2	  28,3	  32,1	  32,9	  34,6	  35,5	  36,1	  19,7
*	    10,7676	 1	  7,02	 62,89	  18,0	  27,0	  30,8	  31,7	  33,3	  34,3	  34,9	  18,4
*	    10,8866	 1	320,73	104,37	  18,8	  27,8	  31,6	  32,5	  34,1	  35,0	  35,6	  19,1
*	    11,5159	 1	321,08	 61,82	  17,5	  26,5	  30,3	  31,2	  32,8	  33,7	  34,3	  17,8
*	    15,3142	 1	290,92	 99,54	  12,3	  21,3	  25,1	  26,0	  27,6	  28,5	  29,0	  12,1
*	    15,7780	 1	291,03	 69,86	  11,6	  20,6	  24,4	  25,3	  26,9	  27,8	  28,3	  11,4
*	    21,5097	 1	277,59	 96,39	   5,6	  14,6	  18,4	  19,2	  20,8	  21,7	  22,0	   4,6
*	    21,8516	 1	277,62	 75,66	   5,2	  14,3	  18,0	  18,9	  20,5	  21,4	  21,7	   4,2
*	    28,5167	 1	270,78	 94,63	  -0,2	   8,9	  12,6	  13,5	  15,1	  15,9	  16,0	  -2,0
*	    28,7836	 1	270,78	 79,07	  -0,4	   8,7	  12,4	  13,3	  14,9	  15,7	  15,8	  -2,3
*	    35,9624	 1	266,76	 93,55	  -5,1	   4,0	   7,7	   8,6	  10,2	  10,9	  10,9	  -7,8
*	    36,1801	 1	266,75	 81,19	  -5,2	   3,8	   7,6	   8,5	  10,1	  10,8	  10,8	  -8,0
*	    43,6715	 1	264,13	 92,83	  -9,3	  -0,2	   3,5	   4,4	   6,0	   6,7	   6,4	 -13,0
*	    43,8549	 1	264,12	 82,61	  -9,3	  -0,3	   3,4	   4,3	   5,9	   6,6	   6,3	 -13,1
s	    10,9563	 2	351,46	110,97	  30,3	  39,6	  43,3	  44,2	  45,8	  46,8	  46,3	  28,1
s	    11,4035	 2	351,93	 65,85	  28,6	  37,8	  41,5	  42,0	  43,7	  45,4	  45,3	  26,3
s	    15,1031	 3	351,22	129,13	  27,0	  36,3	  40,0	  40,5	  42,1	  43,9	  43,7	  24,3
s	    15,5097	 3	142,92	158,33	  27,3	  37,0	  40,7	  41,2	  42,8	  44,7	  44,3	  25,7
s	    16,5935	 3	140,64	 21,41	  25,4	  35,0	  38,6	  38,8	  40,5	  43,1	  43,1	  23,6
s	    16,7306	 5	351,59	 50,31	  26,5	  36,1	  40,0	  40,6	  42,1	  43,5	  43,6	  24,9
s	    20,4750	 4	350,99	140,49	  25,5	  35,2	  39,0	  39,5	  41,1	  42,8	  42,4	  23,4
s	    21,3839	 4	352,41	 37,96	  23,7	  33,3	  37,1	  37,3	  38,9	  41,4	  41,3	  21,5
s	    23,2143	 4	143,33	163,72	  23,2	  33,0	  36,6	  36,8	  38,4	  41,1	  40,8	  20,7
s	    23,7729	 4	140,29	 16,70	  23,6	  33,5	  37,2	  37,4	  39,0	  41,7	  41,4	  22,1
s	    26,3687	 1	156,77	 89,76	  25,1	  34,6	  38,5	  39,3	  40,9	  41,8	  41,2	  21,6
*	    29,1362	 1	173,97	 84,46	   7,7	  17,2	  21,1	  21,9	  23,5	  24,4	  23,7	   3,9
*	    27,8943	 1	145,09	 84,84	   9,0	  18,5	  22,3	  23,2	  24,8	  25,6	  25,0	   5,3
s	    27,1030	 2	156,88	101,76	  24,7	  34,4	  38,2	  39,1	  40,7	  41,6	  40,9	  21,3
s	    27,1449	 5	350,75	148,66	  22,0	  31,8	  35,5	  35,7	  37,3	  39,8	  39,5	  19,1
s	    27,3537	 2	156,65	 76,91	  23,7	  33,4	  37,3	  37,9	  39,4	  41,1	  40,8	  21,2
s	    27,6441	 5	352,63	 30,71	  22,4	  32,4	  36,1	  36,4	  37,9	  40,4	  40,2	  20,5
*	    28,7293	 1	180,11	 99,12	  -1,9	   7,6	  11,4	  12,3	  13,9	  14,7	  14,1	  -5,7
*	    29,4003	 1	133,39	 98,85	  -2,1	   7,4	  11,3	  12,1	  13,7	  14,6	  13,9	  -5,9
s	    29,5640	 3	157,00	113,62	  22,2	  32,0	  35,7	  36,2	  37,8	  39,5	  39,1	  18,5
*	    29,6304	 1	174,12	 98,83	 -12,0	  -2,5	   1,3	   2,2	   3,8	   4,6	   4,0	 -15,9
s	    29,7989	 3	156,54	 66,05	  22,6	  32,6	  36,4	  37,0	  38,6	  40,2	  39,8	  20,0
s	    30,5296	 5	143,72	166,84	  21,7	  31,8	  35,5	  35,7	  37,3	  40,0	  39,4	  19,5
s	    31,1466	 2	133,37	 90,00	  23,1	  33,1	  37,1	  37,9	  39,5	  40,2	  39,8	  19,8
s	    31,6634	 5	139,91	 13,49	  20,0	  30,0	  33,6	  33,5	  35,1	  38,5	  38,4	  17,6
s	    31,7956	 3	133,44	100,62	  22,7	  32,9	  36,9	  37,7	  39,2	  40,0	  39,6	  19,5
s	    32,0179	 3	133,29	 78,62	  21,6	  31,9	  35,9	  36,5	  38,0	  39,5	  39,5	  19,4
*	    32,2019	 1	134,87	 79,77	  -9,6	  -0,1	   3,7	   4,6	   6,1	   7,0	   6,2	 -13,9
*	    33,4687	 1	184,38	 98,25	  -7,4	   1,8	   5,6	   9,1	  11,6	  12,4	  11,2	  -9,0
*	    34,7753	 1	187,00	 98,07	  -8,2	   1,0	   4,8	   8,3	  10,8	  11,5	  10,4	 -10,0
*	    36,1701	 1	189,52	 97,87	  -9,1	   0,1	   3,9	   7,4	   9,9	  10,7	   9,5	 -11,0
*	    37,6452	 1	191,94	 97,66	  -9,9	  -0,8	   3,1	   6,6	   9,1	   9,8	   8,6	 -12,0
*	    33,1149	 1	184,35	 95,40	  -7,2	   2,0	   5,8	   9,3	  11,8	  12,6	  11,5	  -8,7
*	    34,4333	 1	186,97	 95,26	  -8,0	   1,2	   5,0	   8,5	  11,0	  11,7	  10,6	  -9,7
*	    35,8397	 1	189,49	 95,12	  -8,9	   0,3	   4,1	   7,6	  10,1	  10,9	   9,7	 -10,7
*	    37,3261	 1	191,91	 94,98	  -9,7	  -0,6	   3,2	   6,7	   9,2	  10,0	   8,8	 -11,8
*	    32,8999	 1	184,32	 92,51	  -7,0	   2,1	   6,0	   9,5	  12,0	  12,7	  11,6	  -8,5
*	    34,2257	 1	186,95	 92,43	  -7,9	   1,3	   5,1	   8,6	  11,1	  11,9	  10,7	  -9,5
*	    35,6393	 1	189,47	 92,36	  -8,8	   0,4	   4,2	   7,7	  10,2	  11,0	   9,8	 -10,6
*	    37,1328	 1	191,88	 92,28	  -9,6	  -0,5	   3,4	   6,9	   9,4	  10,1	   8,9	 -11,7
*	    32,8261	 1	184,29	 89,61	  -7,0	   2,2	   6,0	   9,5	  12,0	  12,8	  11,7	  -8,5
*	    34,1547	 1	186,92	 89,59	  -7,8	   1,3	   5,2	   8,7	  11,2	  11,9	  10,8	  -9,5
*	    35,5709	 1	189,44	 89,57	  -8,7	   0,5	   4,3	   7,8	  10,3	  11,0	   9,9	 -10,5
*	    37,0668	 1	191,86	 89,56	  -9,6	  -0,4	   3,4	   6,9	   9,4	  10,1	   8,9	 -11,6
*	    32,8944	 1	184,26	 86,71	  -7,0	   2,1	   6,0	   9,5	  12,0	  12,7	  11,6	  -8,5
*	    34,2208	 1	186,89	 86,76	  -7,9	   1,3	   5,1	   8,6	  11,1	  11,9	  10,7	  -9,5
*	    35,6350	 1	189,41	 86,79	  -8,8	   0,4	   4,2	   7,7	  10,2	  11,0	   9,8	 -10,6
*	    37,1289	 1	191,83	 86,85	  -9,6	  -0,5	   3,4	   6,9	   9,4	  10,1	   8,9	 -11,7
*	    33,1040	 1	184,23	 83,83	  -7,2	   2,0	   5,8	   9,3	  11,8	  12,6	  11,5	  -8,7
*	    34,4236	 1	186,86	 83,93	  -8,0	   1,2	   5,0	   8,5	  11,0	  11,7	  10,6	  -9,7
*	    35,8310	 1	189,38	 84,03	  -8,9	   0,3	   4,1	   7,6	  10,1	  10,9	   9,7	 -10,7
*	    37,3184	 1	191,80	 84,14	  -9,7	  -0,6	   3,3	   6,8	   9,3	  10,0	   8,8	 -11,8
s	    33,1439	 4	157,12	123,04	  21,7	  31,8	  35,7	  36,2	  37,7	  39,4	  38,9	  18,7
*	    33,7125	 1	 53,64	 85,68	  -2,4	   6,7	  10,4	  11,2	  12,9	  13,8	  12,6	  -7,6
*	    43,9488	 1	 57,67	 86,74	  -8,0	   1,1	   4,8	   5,6	   7,2	   8,1	   6,7	 -14,5
s	    33,7865	 4	156,42	 56,11	  20,0	  30,1	  33,9	  34,1	  35,7	  38,1	  38,0	  17,0
s	    33,9907	 4	133,52	111,30	  20,3	  30,6	  34,5	  35,0	  36,5	  38,0	  37,9	  16,9
s	    34,2018	 4	133,22	 68,82	  20,7	  31,2	  35,2	  35,7	  37,2	  38,8	  38,6	  18,4
s	    34,8482	 6	352,88	 25,28	  19,1	  29,2	  32,9	  32,8	  34,3	  37,6	  37,5	  16,4
s	    36,2403	 2	345,97	 89,49	  22,8	  32,3	  36,2	  37,1	  38,6	  39,3	  38,6	  18,2
s	    36,8177	 3	345,87	 98,94	  22,5	  32,2	  36,1	  36,9	  38,4	  39,1	  38,4	  17,9
s	    37,0159	 3	346,06	 79,36	  21,4	  31,2	  35,1	  35,7	  37,2	  38,7	  38,3	  17,8
s	    37,2315	 5	133,60	120,05	  19,9	  30,6	  34,5	  35,0	  36,6	  38,1	  37,8	  17,3
s	    37,8183	 5	133,14	 59,56	  18,3	  28,9	  32,8	  33,0	  34,5	  36,8	  36,9	  15,6
s	    38,0625	 5	157,24	131,36	  19,0	  29,2	  33,0	  33,2	  34,7	  37,2	  36,9	  15,5
s	    38,4975	 6	144,13	169,12	  18,4	  28,6	  32,2	  32,1	  33,7	  37,1	  36,7	  15,2
s	    38,8370	 5	156,30	 48,05	  20,4	  30,6	  34,5	  35,0	  36,5	  38,0	  37,5	  16,8
s	    38,9742	 4	346,16	 70,49	  20,6	  30,6	  34,5	  35,0	  36,6	  38,0	  37,6	  16,9
s	    39,0690	 6	139,57	 11,45	  18,8	  29,2	  32,9	  32,7	  34,4	  37,7	  37,3	  16,6
s	    39,5089	 2	 82,34	 99,15	  20,7	  30,5	  35,3	  36,4	  38,0	  39,0	  37,7	  16,9
*	    40,6532	 1	196,22	 97,28	 -10,2	  -0,7	   3,1	   4,0	   5,5	   6,3	   5,4	 -15,5
*	    41,3881	 1	201,34	 97,23	  -9,9	  -0,4	   3,4	   4,2	   5,8	   6,6	   5,6	 -15,3
s	    41,7214	 5	345,68	116,66	  19,9	  30,1	  34,0	  34,5	  36,0	  37,5	  36,9	  15,9
s	    41,7579	 6	133,68	128,02	  17,4	  28,1	  32,0	  32,2	  33,7	  36,0	  36,0	  14,3
s	    41,7944	 7	353,11	 21,65	  18,1	  28,5	  32,3	  32,2	  33,7	  37,0	  36,6	  15,7
s	    41,7945	 7	350,26	158,19	  18,6	  28,6	  32,4	  32,5	  34,1	  36,4	  35,9	  14,1
s	    42,2111	 3	 50,44	 98,57	  20,0	  29,9	  34,8	  35,8	  37,4	  38,2	  37,0	  16,0
s	    42,2572	 5	346,26	 61,91	  18,2	  28,4	  32,2	  32,4	  33,9	  36,2	  36,0	  14,2
s	    42,4771	 6	133,06	 51,79	  18,8	  29,5	  33,5	  34,0	  35,5	  36,9	  36,6	  15,6
s	    43,3543	 6	157,35	137,58	  18,4	  28,9	  32,8	  32,9	  34,5	  37,0	  36,4	  15,3
s	    44,0708	 1	242,50	 89,18	  21,6	  31,1	  35,0	  35,8	  37,4	  38,1	  37,1	  15,9
*	    47,2136	 1	263,24	 83,80	   1,4	  10,9	  14,7	  15,6	  17,2	  17,9	  16,8	  -4,7
*	    44,5800	 1	236,09	 84,01	   2,6	  12,1	  15,9	  16,7	  18,3	  19,0	  18,0	  -3,2
*	    51,7606	 1	214,42	 85,12	  -0,7	   8,8	  12,6	  13,4	  15,0	  15,7	  14,4	  -7,4
s	    44,2171	 6	156,19	 42,03	  16,7	  27,2	  31,0	  30,8	  32,4	  35,6	  35,5	  13,6
s	    44,5644	 2	242,54	 97,26	  21,1	  30,8	  34,6	  35,4	  37,0	  37,8	  36,6	  15,4
s	    44,6779	 4	 82,39	 63,97	  16,8	  27,0	  31,8	  32,2	  33,8	  36,3	  35,6	  13,6
s	    44,7342	 2	242,46	 80,50	  19,5	  29,1	  32,9	  33,4	  35,0	  36,5	  35,8	  13,8
*	    46,9491	 1	 94,53	 95,34	 -22,5	 -12,8	  -8,1	  -7,0	  -5,3	  -4,5	  -5,9	 -27,3
*	    45,1745	 1	 83,52	 95,62	 -21,7	 -12,0	  -7,3	  -6,2	  -4,5	  -3,7	  -5,1	 -26,3
*	    45,9369	 1	 71,59	 95,71	 -22,1	 -12,5	  -7,7	  -6,6	  -4,9	  -4,1	  -5,5	 -26,8
s	    45,8808	 6	345,58	124,24	  17,4	  27,7	  31,6	  31,7	  33,2	  35,5	  35,1	  13,1
s	    45,9453	 7	144,53	170,65	  17,4	  28,0	  31,6	  31,5	  33,1	  36,5	  35,8	  14,5
*	    46,0391	 1	106,98	 96,99	  -6,1	   3,6	   8,3	   9,4	  11,1	  11,9	  10,5	 -10,8
s	    46,2118	 6	346,35	 54,99	  17,9	  28,4	  32,3	  32,5	  34,0	  36,2	  35,9	  14,5
s	    46,2574	 3	242,58	105,62	  19,1	  28,9	  32,6	  33,1	  34,7	  36,2	  35,4	  13,3
s	    46,4220	 3	242,43	 72,79	  19,6	  29,5	  33,3	  33,9	  35,4	  37,0	  36,2	  14,8
s	    46,5528	 2	271,42	 89,13	  21,0	  30,6	  34,5	  35,3	  36,8	  37,4	  36,5	  15,1
s	    46,7016	 7	133,75	134,17	  16,8	  28,0	  31,9	  32,1	  33,6	  35,9	  35,7	  14,3
s	    47,0246	 3	271,42	 96,85	  20,5	  30,2	  34,1	  34,9	  36,4	  37,1	  36,0	  14,6
s	    47,0941	 7	139,20	  9,86	  15,7	  26,2	  29,8	  29,4	  31,0	  35,1	  34,8	  12,6
s	    47,1332	 5	 50,66	 65,08	  16,2	  26,5	  31,3	  31,7	  33,3	  35,6	  35,0	  12,8
s	    47,1870	 3	271,42	 80,83	  18,9	  28,6	  32,4	  33,0	  34,5	  35,8	  35,2	  13,0
s	    47,5136	 7	132,99	 45,81	  15,2	  26,2	  30,1	  30,0	  31,5	  34,6	  34,7	  12,5
s	    48,3466	 8	350,05	160,76	  16,8	  27,4	  31,2	  31,0	  32,6	  35,8	  35,2	  13,7
s	    48,6457	 4	271,42	104,87	  18,5	  28,3	  32,2	  32,6	  34,1	  35,6	  34,8	  12,5
s	    48,8182	 4	242,62	112,81	  19,0	  29,1	  32,9	  33,4	  35,0	  36,5	  35,6	  14,0
*	    49,2211	 1	205,38	 96,30	  -6,8	   2,7	   6,5	   7,4	   8,9	   9,6	   8,5	 -13,1
*	    49,4030	 1	205,25	 81,40	  -6,9	   2,6	   6,4	   7,3	   8,9	   9,6	   8,4	 -13,2
s	    49,2892	 4	242,38	 65,13	  17,4	  27,4	  31,2	  31,4	  32,9	  35,3	  34,7	  12,4
s	    49,3068	 1	 80,50	 90,28	  20,8	  30,3	  34,1	  35,0	  36,5	  37,2	  36,1	  14,5
*	    52,3069	 1	 62,72	 91,86	  -1,0	   8,5	  12,3	  13,2	  14,7	  15,4	  14,1	  -7,7
*	    49,3842	 1	 82,72	 91,91	   0,3	   9,8	  13,6	  14,5	  16,0	  16,7	  15,6	  -6,1
*	    54,0181	 1	100,45	 91,77	  -1,6	   7,9	  11,7	  12,6	  14,1	  14,8	  13,5	  -8,5
*	    50,5881	 1	 70,31	 84,81	 -11,9	  -2,7	   1,0	   1,8	   3,4	   4,2	   6,6	 -13,4
*	    50,3415	 1	 70,30	 88,24	 -11,8	  -2,6	   1,1	   1,9	   3,5	   4,3	   6,7	 -13,3
*	    50,0366	 1	 73,75	 84,82	 -11,6	  -2,4	   1,2	   2,0	   3,6	   4,5	   6,8	 -13,1
*	    49,7877	 1	 73,74	 88,25	 -11,5	  -2,3	   1,3	   2,1	   3,7	   4,6	   7,0	 -13,0
*	    49,7049	 1	 77,18	 84,84	 -11,5	  -2,3	   1,4	   2,2	   3,8	   4,6	   7,0	 -12,9
*	    49,4546	 1	 77,17	 88,27	 -11,3	  -2,2	   1,5	   2,3	   3,9	   4,7	   7,1	 -12,8
*	    49,5971	 1	 80,58	 84,89	 -11,4	  -2,2	   1,4	   2,3	   3,9	   4,7	   7,1	 -12,9
*	    49,3463	 1	 80,57	 88,29	 -11,3	  -2,1	   1,6	   2,4	   4,0	   4,8	   7,2	 -12,7
*	    49,7151	 1	 83,91	 84,96	 -11,4	  -2,3	   1,4	   2,2	   3,8	   4,7	   7,0	 -12,9
*	    49,4647	 1	 83,91	 88,31	 -11,3	  -2,2	   1,5	   2,3	   3,9	   4,8	   7,2	 -12,8
*	    50,0582	 1	 87,17	 85,04	 -11,6	  -2,4	   1,3	   2,1	   3,7	   4,5	   6,9	 -13,1
*	    49,8091	 1	 87,17	 88,35	 -11,5	  -2,3	   1,4	   2,2	   3,8	   4,6	   7,0	 -12,9
*	    50,6235	 1	 90,32	 85,13	 -11,8	  -2,6	   1,0	   1,8	   3,4	   4,3	   6,6	 -13,4
*	    50,3766	 1	 90,32	 88,38	 -11,7	  -2,5	   1,1	   2,0	   3,6	   4,4	   6,8	 -13,3
*	    51,4057	 1	 93,37	 85,23	 -12,1	  -3,0	   0,7	   1,5	   3,1	   3,9	   6,3	 -13,8
*	    51,1619	 1	 93,37	 88,43	 -12,0	  -2,9	   0,8	   1,6	   3,2	   4,1	   6,4	 -13,7
*	    52,3976	 1	 96,30	 85,34	 -12,5	  -3,4	   0,3	   1,1	   2,7	   3,5	   5,8	 -14,3
*	    52,1576	 1	 96,30	 88,47	 -12,4	  -3,3	   0,4	   1,2	   2,8	   3,6	   6,0	 -14,2
*	    53,5901	 1	 99,09	 85,46	 -13,0	  -3,9	  -0,2	   0,6	   2,2	   3,0	   5,3	 -15,0
*	    53,3545	 1	 99,09	 88,52	 -12,9	  -3,8	  -0,1	   0,7	   2,3	   3,1	   5,4	 -14,9
s	    49,3499	 6	272,55	 72,99	  18,4	  28,5	  32,6	  33,2	  34,6	  35,7	  35,3	  13,7
s	    49,4485	 8	353,36	 18,70	  15,1	  25,7	  29,4	  28,9	  30,5	  34,4	  34,3	  11,9
s	    49,5559	 2	 80,49	 95,85	  18,6	  28,7	  33,6	  34,7	  36,3	  37,1	  35,9	  14,3
*	    49,5642	 1	113,61	 86,57	  -3,5	   6,0	   9,8	  10,7	  12,2	  12,9	  11,8	  -9,9
s	    49,9115	 2	 80,51	 82,37	  19,5	  29,3	  33,1	  33,7	  35,2	  36,7	  35,9	  14,2
s	    50,0775	 7	156,08	 37,15	  16,1	  26,9	  30,7	  30,6	  32,2	  35,4	  35,0	  13,4
*	    50,3578	 1	 60,79	 89,38	 -10,3	  -1,3	   2,5	   3,3	   4,9	   5,6	   5,1	 -14,9
*	    50,3979	 1	 60,78	 92,47	 -10,3	  -1,3	   2,5	   3,3	   4,9	   5,5	   5,1	 -14,9
*	    50,6122	 1	 60,76	 95,57	 -10,4	  -1,4	   2,4	   3,2	   4,8	   5,4	   5,0	 -15,0
*	    50,7687	 1	 62,48	 90,85	 -21,0	 -12,0	  -8,2	  -7,3	  -5,8	  -5,1	  -5,6	 -25,6
*	    50,8909	 1	 62,47	 93,91	 -21,0	 -12,0	  -8,3	  -7,4	  -5,9	  -5,2	  -5,6	 -25,7
*	    51,1855	 1	 62,45	 96,96	 -21,2	 -12,1	  -8,4	  -7,5	  -6,0	  -5,3	  -5,8	 -25,9
s	    50,8637	 7	345,48	130,66	  18,0	  28,4	  32,4	  32,8	  34,3	  35,6	  34,9	  13,1
s	    51,1054	 5	271,41	111,81	  18,4	  28,6	  32,5	  33,0	  34,5	  35,9	  35,1	  13,3
s	    51,3047	 3	 80,48	105,32	  19,1	  28,5	  32,1	  32,6	  34,2	  35,8	  34,5	  11,9
s	    51,4557	 3	 80,53	 75,28	  19,6	  29,2	  32,8	  33,3	  34,9	  36,6	  35,2	  13,4
s	    51,5587	 5	271,43	 66,03	  16,8	  26,9	  30,8	  31,0	  32,5	  34,6	  34,2	  11,6
s	    51,5757	 2	 54,10	 90,19	  20,3	  29,8	  33,7	  34,6	  36,1	  36,6	  35,6	  13,7
s	    51,8155	 3	 54,07	 95,55	  18,0	  28,2	  33,2	  34,3	  35,9	  36,4	  35,4	  13,6
*	    52,6373	 1	 61,15	 81,86	 -11,0	  -2,0	   1,8	   2,6	   4,2	   4,8	   4,3	 -15,9
*	    52,2496	 1	 61,14	 84,83	 -10,8	  -1,8	   1,9	   2,8	   4,3	   5,0	   4,5	 -15,7
*	    52,0297	 1	 61,12	 87,83	 -10,8	  -1,7	   2,0	   2,9	   4,4	   5,1	   4,6	 -15,5
s	    52,5019	 5	242,66	119,77	  16,7	  26,9	  30,7	  30,8	  32,4	  34,7	  34,0	  11,4
s	    52,6363	 2	220,15	 89,36	  19,4	  29,4	  33,3	  34,2	  35,7	  36,3	  35,4	  13,5
s	    52,7977	 5	242,35	 58,75	  17,1	  27,6	  31,4	  31,6	  33,1	  35,5	  34,8	  12,8
s	    53,0621	 3	220,20	 96,33	  19,1	  29,3	  33,2	  34,0	  35,5	  36,2	  35,2	  13,2
s	    53,0650	 8	132,91	 40,85	  14,7	  26,0	  30,0	  29,9	  31,4	  34,5	  34,4	  12,4
s	    53,2088	 3	220,09	 81,87	  18,0	  28,3	  32,3	  32,9	  34,4	  35,7	  35,2	  13,2
s	    53,4086	 4	 80,54	 69,73	  14,8	  25,3	  30,2	  30,7	  32,2	  34,5	  34,0	  11,2
s	    53,5015	 4	 54,01	104,69	  18,5	  28,0	  31,7	  32,2	  33,7	  35,2	  34,0	  11,2
s	    53,6607	 4	 80,46	112,00	  19,0	  28,8	  32,5	  32,9	  34,5	  36,2	  34,7	  12,7
s	    53,6849	 2	159,01	 89,94	  19,2	  28,8	  32,7	  33,5	  35,0	  35,6	  34,2	  11,4
s	    53,9992	 8	144,95	171,89	  14,5	  25,1	  28,8	  28,3	  29,8	  34,0	  33,4	  10,6
s	    54,1037	 3	159,08	 96,80	  18,9	  28,7	  32,6	  33,4	  34,9	  35,5	  34,0	  11,2
s	    54,2480	 3	158,94	 82,57	  17,9	  27,7	  31,6	  32,2	  33,7	  35,0	  33,9	  11,1
s	    54,5301	 4	220,26	103,62	  16,9	  27,2	  31,1	  31,6	  33,1	  34,5	  33,8	  11,0
s	    54,5755	 8	138,86	  8,74	  14,9	  25,7	  29,4	  29,0	  30,6	  34,7	  34,1	  12,0
s	    54,6576	 6	271,41	118,58	  16,2	  26,4	  30,3	  30,4	  31,9	  34,1	  33,5	  10,7
s	    54,6735	 4	220,04	 75,13	  17,4	  27,9	  31,8	  32,3	  33,8	  35,2	  34,6	  12,5
s	    54,8723	 3	173,34	 89,81	  18,1	  28,1	  32,2	  33,0	  34,5	  34,9	  33,8	  11,0
s	    54,9434	 6	271,43	 59,82	  16,6	  27,1	  31,0	  31,2	  32,7	  34,9	  34,3	  12,2
s	    55,2833	 4	173,40	 96,54	  17,8	  28,0	  32,1	  32,9	  34,3	  34,8	  33,7	  10,8
s	    55,4250	 4	173,26	 82,57	  16,8	  27,1	  31,1	  31,7	  33,2	  34,4	  33,6	  10,7
s	    55,5481	 4	159,14	103,97	  17,5	  27,5	  31,4	  31,9	  33,4	  34,8	  33,6	  10,7
s	    55,6892	 4	158,88	 75,94	  17,5	  27,5	  31,4	  31,9	  33,4	  34,8	  33,6	  10,6
s	    55,7779	 5	 53,97	111,17	  18,5	  28,4	  32,1	  32,6	  34,1	  35,6	  34,3	  12,1
s	    55,8014	 8	157,59	147,00	  15,0	  26,1	  29,9	  29,7	  31,3	  34,5	  33,9	  11,7
s	    56,0640	 8	345,39	135,69	  14,5	  25,2	  29,1	  28,9	  30,4	  33,4	  33,1	  10,1
s	    56,4832	 8	346,54	 43,68	  14,9	  25,9	  29,8	  29,6	  31,1	  34,2	  33,8	  11,6
s	    56,6452	 6	242,70	125,46	  16,4	  27,0	  30,8	  31,0	  32,5	  34,9	  34,0	  11,7
s	    56,7020	 5	173,48	103,59	  16,4	  26,9	  30,9	  31,5	  32,9	  34,2	  33,3	  10,3
s	    56,7711	 5	220,31	110,01	  16,9	  27,5	  31,5	  32,0	  33,5	  34,9	  34,1	  11,8
s	    56,8073	 4	 28,13	 96,59	  17,1	  27,5	  32,5	  33,5	  35,1	  35,7	  34,4	  12,1
s	    56,8406	 5	173,20	 76,05	  16,4	  26,9	  30,9	  31,4	  32,9	  34,1	  33,3	  10,2
s	    57,1858	 5	219,98	 68,31	  15,3	  25,9	  29,8	  30,0	  31,4	  33,6	  33,2	  10,2
s	    57,2702	 8	155,95	 32,63	  14,3	  25,1	  28,9	  28,7	  30,2	  33,3	  32,9	   9,8
s	    57,3362	 6	242,31	 52,71	  14,8	  25,3	  29,0	  28,9	  30,4	  33,6	  33,1	  10,0
s	    57,3517	 5	 80,55	 62,12	  17,3	  27,4	  31,0	  31,2	  32,8	  35,2	  34,0	  11,7
s	    57,7551	 5	159,21	110,27	  17,5	  27,7	  31,6	  32,1	  33,6	  34,9	  33,9	  11,6
*	    58,0492	 1	108,59	 83,37	 -13,4	  -3,9	  -0,1	   0,8	   2,3	   3,0	   1,6	 -20,8
s	    58,1638	 5	158,81	 69,21	  15,9	  26,0	  29,9	  30,1	  31,5	  33,7	  33,1	   9,9
s	    58,6773	 2	103,44	 90,31	  18,6	  28,6	  32,5	  33,4	  34,9	  35,4	  34,3	  11,9
s	    58,8717	 6	173,54	109,79	  16,4	  27,1	  31,1	  31,6	  33,0	  34,3	  33,6	  11,2
s	    58,8922	 3	103,45	 95,11	  16,3	  27,0	  32,0	  33,1	  34,7	  35,2	  34,2	  11,7
s	    59,1994	 3	103,42	 83,48	  17,3	  27,5	  31,5	  32,1	  33,5	  34,9	  34,1	  11,6
s	    59,2736	 6	173,13	 69,43	  14,8	  25,4	  29,4	  29,6	  31,0	  33,1	  32,8	   9,5
s	    59,3402	 7	271,43	 53,89	  14,3	  24,9	  28,7	  28,6	  30,1	  33,0	  32,7	   9,4
s	    59,3552	 6	 54,27	 62,93	  16,8	  26,9	  30,7	  30,8	  32,4	  34,7	  33,6	  11,0
s	    59,9399	 6	 80,44	122,74	  14,0	  25,1	  30,0	  30,4	  32,0	  34,3	  33,5	  10,9
s	    60,0337	 6	220,37	116,34	  14,7	  25,5	  29,4	  29,5	  31,0	  33,2	  32,7	   9,3
s	    60,2438	 3	292,72	 89,23	  18,2	  27,7	  31,5	  31,0	  31,5	  32,1	  30,8	   8,3
s	    60,4072	 4	103,47	103,35	  16,1	  26,4	  30,3	  30,8	  32,3	  33,6	  32,8	   9,5
s	    60,5385	 4	103,41	 77,30	  16,6	  27,1	  31,0	  31,6	  33,0	  34,4	  33,6	  11,0
s	    60,6233	 4	292,69	 95,45	  17,9	  27,6	  31,4	  30,9	  31,3	  32,1	  30,7	   8,1
s	    60,7108	 6	 28,37	 70,07	  13,4	  24,1	  29,1	  29,5	  31,0	  33,2	  32,5	   9,2
s	    60,7542	 4	292,74	 82,55	  16,8	  27,2	  31,2	  31,8	  33,2	  34,4	  33,8	  11,1
s	    60,8941	 8	219,37	 62,21	  13,9	  25,4	  29,6	  29,8	  31,2	  33,1	  33,1	  10,4
s	    61,2323	 6	159,28	116,95	  16,3	  26,4	  30,3	  30,7	  32,2	  33,4	  32,5	   9,0
s	    61,2323	 6	158,74	 63,46	  15,8	  26,3	  30,2	  30,4	  31,9	  34,0	  33,3	  10,6
s	    61,5993	 6	 80,56	 56,32	  15,0	  25,2	  28,8	  28,6	  30,2	  33,4	  32,4	   8,9
s	    61,7425	 7	242,74	130,79	  14,0	  24,7	  28,4	  28,3	  29,8	  32,9	  32,3	   8,8
s	    62,0641	 5	292,77	 76,50	  17,1	  27,1	  31,0	  31,5	  32,9	  34,2	  33,2	  10,4
s	    62,1283	 7	242,27	 47,84	  14,5	  25,3	  29,1	  29,0	  30,5	  33,7	  33,0	  10,2
s	    62,2946	 7	173,62	116,38	  15,2	  25,8	  29,9	  30,3	  31,7	  32,8	  32,2	   8,7
s	    62,2946	 7	173,06	 63,75	  14,7	  25,7	  29,7	  29,9	  31,4	  33,4	  33,0	  10,2
s	    62,4650	 5	103,48	109,26	  16,2	  26,8	  30,8	  31,2	  32,7	  34,1	  33,2	  10,4
s	    62,6138	 5	110,17	 96,35	  14,7	  26,0	  31,2	  32,3	  33,7	  34,2	  33,4	  10,6
s	    63,4860	 7	 54,32	 57,22	  14,5	  24,8	  28,5	  28,3	  29,8	  32,9	  32,0	   8,4
s	    63,5769	 3	344,45	 89,62	  17,7	  27,3	  31,3	  32,2	  33,6	  33,9	  32,4	   8,8
s	    63,7511	 7	220,42	121,65	  14,5	  25,6	  29,6	  29,7	  31,2	  33,4	  32,7	   9,8
s	    63,9391	 4	344,39	 95,55	  17,5	  27,2	  31,2	  32,0	  33,5	  33,8	  32,3	   8,6
s	    63,9505	 6	292,64	107,78	  16,7	  26,9	  30,7	  31,2	  32,6	  33,9	  32,8	   9,8
s	    64,0014	 8	271,41	129,79	  14,5	  25,0	  29,0	  29,1	  30,5	  32,5	  31,8	   8,1
s	    64,0014	 8	271,43	 49,07	  14,0	  24,9	  28,8	  28,7	  30,2	  33,1	  32,6	   9,7
s	    64,0641	 4	344,51	 83,24	  16,4	  26,3	  30,3	  30,8	  32,3	  33,4	  32,2	   8,5
s	    64,3248	 6	292,79	 70,31	  15,1	  25,2	  29,0	  29,2	  30,6	  32,7	  31,9	   8,2
s	    64,3388	 3	 33,83	 90,09	  17,6	  27,7	  31,7	  32,6	  34,0	  34,4	  33,3	  10,4
s	    64,3754	 7	219,87	 56,84	  12,9	  24,0	  27,9	  27,7	  29,2	  32,2	  31,9	   8,1
s	    64,4715	 8	159,43	115,69	  13,7	  24,6	  28,6	  28,8	  30,2	  32,1	  31,7	   8,0
s	    64,5372	 4	 33,80	 94,53	  15,4	  26,1	  31,3	  32,3	  33,8	  34,2	  33,2	  10,2
s	    64,6423	 7	159,34	121,79	  15,2	  25,8	  29,7	  29,9	  31,3	  33,5	  32,6	   9,6
s	    64,8210	 4	 33,89	 83,78	  16,3	  26,7	  30,7	  31,3	  32,7	  33,9	  33,1	  10,1
s	    64,9619	 7	 80,57	 52,68	  12,9	  23,9	  28,6	  28,8	  30,4	  33,6	  32,6	   9,6
s	    65,1931	 5	344,33	101,80	  16,1	  26,1	  30,1	  30,6	  32,1	  33,2	  32,0	   8,2
s	    65,2592	 7	158,68	 57,86	  13,6	  24,1	  28,0	  27,8	  29,3	  32,2	  31,7	   7,9
s	    65,3160	 5	344,57	 77,45	  16,1	  26,1	  30,1	  30,6	  32,0	  33,2	  31,9	   8,1
s	    65,4795	 6	103,50	115,18	  14,0	  24,8	  28,7	  28,8	  30,3	  32,5	  31,8	   8,0
s	    65,6563	 8	173,68	121,18	  14,1	  25,2	  29,3	  29,4	  30,9	  32,9	  32,3	   9,3
s	    65,7558	 7	 80,42	129,23	  14,3	  24,6	  28,2	  28,0	  29,6	  32,8	  31,6	   7,8
s	    65,9725	 6	103,38	 65,12	  15,5	  26,2	  30,2	  30,7	  32,2	  33,4	  32,5	   9,4
s	    66,0603	 5	 33,94	 78,05	  16,5	  26,7	  30,6	  31,0	  32,5	  33,8	  32,6	   9,5
s	    66,2649	 8	172,99	 58,20	  12,5	  23,6	  27,5	  27,4	  28,8	  31,7	  31,5	   7,6
s	    66,7654	 8	 54,35	 53,63	  12,4	  23,5	  28,3	  28,5	  30,0	  33,1	  32,2	   9,0
s	    66,9063	 7	292,62	113,61	  14,6	  24,9	  28,7	  28,8	  30,2	  32,3	  31,4	   7,5
s	    66,9531	 8	242,77	135,07	  13,7	  24,7	  28,5	  28,3	  29,9	  33,0	  32,1	   9,0
s	    67,1222	 6	344,27	107,37	  16,1	  26,4	  30,3	  30,8	  32,3	  33,4	  32,3	   9,1
s	    67,1464	 7	292,82	 64,94	  15,1	  25,5	  29,4	  29,6	  31,0	  33,1	  32,2	   9,0
s	    67,4809	 6	344,63	 71,50	  14,6	  24,7	  28,6	  28,8	  30,3	  32,2	  31,5	   7,5
s	    67,6435	 6	 33,98	 73,47	  11,8	  22,9	  28,0	  28,4	  29,9	  31,9	  31,5	   7,5
s	    67,7895	 8	242,23	 43,31	  12,0	  23,0	  26,8	  26,3	  27,8	  31,7	  31,2	   7,2
s	    67,8491	 6	 33,68	107,67	  16,1	  26,4	  30,3	  30,7	  32,2	  33,6	  32,2	   9,0
s	    68,3836	 8	220,48	126,76	  12,2	  23,5	  27,3	  27,2	  28,6	  31,6	  31,1	   7,1
s	    68,4815	 7	103,51	119,64	  12,0	  23,6	  28,6	  29,1	  30,6	  32,7	  32,0	   8,7
s	    68,7366	 8	219,81	 52,16	  12,7	  24,1	  28,0	  27,9	  29,4	  32,4	  31,9	   8,5
s	    68,7368	 8	110,24	114,07	  10,5	  22,4	  27,5	  27,9	  29,4	  31,5	  31,1	   7,0
s	    69,2222	 8	159,41	126,87	  12,9	  23,6	  27,5	  27,3	  28,8	  31,7	  31,0	   6,9
s	    69,5220	 7	103,36	 60,15	  12,3	  23,4	  27,3	  27,1	  28,6	  31,5	  31,1	   6,9
s	    69,5714	 8	158,61	 53,20	  13,4	  24,3	  28,2	  28,0	  29,5	  32,5	  31,8	   8,3
s	    69,8420	 4	124,92	 95,75	  14,8	  25,2	  30,2	  31,2	  32,7	  33,2	  31,4	   7,2
s	    69,9598	 7	344,21	113,00	  14,1	  24,4	  28,3	  28,5	  29,9	  31,8	  31,0	   6,8
s	    70,1907	 7	344,69	 66,31	  14,5	  25,0	  29,0	  29,2	  30,6	  32,6	  31,8	   8,3
s	    70,2313	 8	 80,59	 48,04	   9,8	  21,2	  26,1	  25,9	  27,4	  31,3	  30,9	   6,6
s	    70,5886	 8	292,59	118,95	  14,6	  25,5	  29,6	  30,0	  31,4	  32,5	  31,6	   8,1
s	    70,7055	 8	 80,41	133,46	  14,0	  24,7	  28,4	  28,1	  29,7	  33,0	  31,6	   8,1
s	    70,7682	 4	317,34	 89,40	  16,0	  26,0	  30,2	  31,0	  32,4	  32,6	  31,2	   7,0
s	    70,8897	 7	 34,04	 67,00	  14,5	  25,1	  29,0	  29,2	  30,6	  32,8	  31,7	   8,1
s	    71,0980	 5	317,30	 94,81	  15,7	  26,0	  30,1	  30,9	  32,3	  32,5	  31,1	   6,8
s	    71,2119	 5	317,38	 83,59	  14,7	  25,0	  29,1	  29,7	  31,1	  32,1	  31,1	   6,7
s	    72,2420	 6	317,26	100,52	  14,3	  24,9	  29,0	  29,5	  30,9	  31,9	  30,8	   6,4
s	    72,3543	 6	317,42	 78,30	  14,3	  24,9	  29,0	  29,5	  30,9	  31,9	  30,8	   6,4
s	    72,7343	 3	201,86	 89,58	  16,0	  26,0	  30,0	  30,9	  32,3	  32,6	  31,1	   6,6
s	    73,0563	 4	201,90	 94,86	  15,7	  25,9	  30,0	  30,8	  32,2	  32,5	  30,9	   6,4
s	    73,1306	 6	124,79	 73,42	  11,9	  22,7	  27,7	  28,1	  29,6	  31,6	  30,7	   6,2
s	    73,1675	 4	201,80	 83,91	  14,7	  25,0	  29,0	  29,6	  31,0	  32,1	  30,9	   6,4
s	    73,2314	 8	344,15	117,83	  14,0	  24,7	  28,7	  28,8	  30,2	  32,2	  31,2	   7,5
s	    73,3161	 8	 33,59	117,28	  12,3	  23,7	  28,9	  29,6	  31,0	  32,1	  31,2	   7,5
s	    73,6129	 8	103,35	 55,63	  12,2	  23,6	  27,5	  27,4	  28,8	  31,8	  31,2	   7,4
s	    73,7846	 8	344,75	 61,15	  12,4	  23,0	  26,9	  26,8	  28,2	  30,9	  30,4	   5,8
s	    74,0080	 7	317,22	105,64	  14,4	  25,1	  29,3	  29,7	  31,1	  32,2	  31,2	   7,4
s	    74,1735	 5	201,96	100,44	  14,3	  24,8	  28,9	  29,4	  30,8	  31,9	  30,6	   6,1
s	    74,2831	 5	201,75	 78,74	  14,3	  24,8	  28,9	  29,4	  30,8	  31,9	  30,6	   6,0
s	    74,3373	 7	317,47	 72,81	  12,8	  23,5	  27,6	  27,8	  29,1	  30,9	  30,4	   5,8
s	    75,8994	 6	202,01	105,45	  14,4	  25,1	  29,2	  29,6	  31,0	  32,2	  31,1	   7,1
s	    76,2214	 6	201,70	 73,37	  12,9	  23,5	  27,5	  27,7	  29,1	  31,0	  30,2	   5,5
s	    76,2335	 3	119,27	 90,31	  15,6	  25,6	  29,7	  30,5	  31,9	  32,2	  30,6	   5,8
s	    76,4044	 4	119,29	 94,12	  13,4	  24,1	  29,2	  30,3	  31,7	  32,0	  30,4	   5,7
s	    76,6186	 8	317,18	110,88	  12,4	  23,2	  27,3	  27,4	  28,8	  30,6	  30,0	   5,2
s	    76,8316	 8	317,51	 67,99	  12,9	  23,9	  28,0	  28,2	  29,6	  31,4	  30,7	   6,7
s	    77,7201	 5	119,22	 79,89	  14,7	  24,9	  28,8	  29,3	  30,7	  32,0	  30,1	   5,2
s	    77,9207	 5	 14,98	 94,94	  13,7	  24,2	  29,2	  30,3	  31,7	  32,0	  30,1	   5,2
s	    78,6623	 7	202,06	110,94	  13,4	  24,0	  28,1	  28,5	  29,8	  30,9	  29,8	   4,8
s	    78,6623	 7	201,65	 68,63	  12,9	  23,9	  27,9	  28,1	  29,5	  31,5	  30,6	   6,4
s	    78,8902	 4	120,59	 85,00	  14,6	  25,1	  29,0	  29,5	  31,0	  32,2	  30,9	   6,6
s	    79,2737	 6	119,35	105,56	  14,9	  25,2	  29,1	  29,5	  31,0	  32,3	  30,6	   6,3
s	    79,8317	 5	120,67	100,47	  15,0	  25,3	  29,1	  29,6	  31,0	  32,5	  30,7	   6,3
s	    80,4572	 3	159,88	 90,01	  15,9	  26,0	  30,0	  30,8	  32,2	  32,5	  31,0	   6,6
s	    80,5533	 4	306,06	 89,35	  14,9	  25,0	  29,2	  30,0	  31,4	  31,5	  29,9	   4,7
s	    80,7515	 4	159,93	 94,83	  15,7	  25,9	  29,9	  30,7	  32,1	  32,4	  30,9	   6,5
s	    80,8474	 5	306,03	 94,17	  14,7	  25,0	  29,1	  29,9	  31,2	  31,4	  29,7	   4,6
s	    80,8532	 4	159,83	 84,82	  14,6	  25,0	  29,0	  29,6	  31,0	  32,0	  30,9	   6,4
s	    80,9153	 7	 15,19	 74,61	  10,9	  21,8	  26,8	  27,2	  28,6	  30,5	  29,5	   4,3
s	    80,9490	 5	306,09	 84,17	  13,7	  24,0	  28,1	  28,7	  30,1	  31,0	  29,7	   4,5
s	    81,2754	 6	120,54	 76,24	  10,4	  21,6	  26,6	  27,0	  28,5	  30,5	  29,6	   4,3
s	    81,4196	 8	202,11	115,06	  12,4	  23,6	  27,6	  27,7	  29,1	  31,1	  30,1	   5,6
s	    81,7744	 5	159,98	 99,95	  14,3	  24,8	  28,9	  29,4	  30,8	  31,9	  30,6	   6,1
s	    81,8692	 6	306,00	 99,28	  13,3	  23,9	  28,0	  28,5	  29,9	  30,8	  29,5	   4,2
s	    81,8749	 5	159,79	 80,08	  14,3	  24,8	  28,8	  29,4	  30,8	  31,9	  30,6	   6,1
s	    81,9231	 8	201,60	 63,85	  10,8	  21,9	  25,9	  25,7	  27,1	  29,9	  29,3	   4,0
s	    81,9344	 7	119,17	 70,14	  13,4	  24,0	  27,9	  28,0	  29,5	  31,5	  30,2	   5,6
s	    81,9696	 6	306,11	 79,43	  13,3	  23,9	  28,0	  28,5	  29,9	  30,8	  29,5	   4,2
s	    83,3589	 6	160,02	104,57	  14,0	  24,6	  28,7	  29,1	  30,5	  31,7	  30,3	   5,7
s	    83,4520	 7	305,97	103,90	  13,5	  24,2	  28,3	  28,8	  30,2	  31,1	  30,0	   5,3
s	    83,7479	 7	306,15	 74,48	  11,9	  22,6	  26,6	  26,8	  28,2	  29,9	  29,1	   3,7
s	    83,7590	 4	 20,45	 90,02	  14,6	  24,7	  28,8	  29,7	  31,0	  31,1	  29,5	   4,0
s	    84,0489	 8	120,51	 70,61	  11,4	  22,1	  26,0	  25,8	  27,2	  30,1	  29,0	   3,5
s	    85,0823	 8	119,14	 65,49	  11,3	  22,0	  25,9	  25,7	  27,1	  29,9	  28,8	   3,3
s	    85,1272	 6	 20,54	 80,43	  13,8	  24,0	  28,0	  28,4	  29,8	  30,9	  29,1	   3,5
s	    85,8038	 8	305,94	108,66	  11,5	  22,3	  26,4	  26,5	  27,9	  29,6	  28,8	   3,1
s	    85,9055	 7	159,69	 70,72	  12,2	  23,2	  27,2	  27,4	  28,8	  30,7	  29,6	   4,8
s	    85,9962	 8	306,17	 70,08	  12,0	  23,0	  27,1	  27,3	  28,7	  30,4	  29,5	   4,6
s	    86,5202	 5	 19,36	 85,13	  13,7	  24,1	  28,2	  28,7	  30,1	  31,1	  29,8	   4,9
s	    86,5608	 7	 20,31	104,09	  13,9	  24,3	  28,3	  28,7	  30,1	  31,2	  29,6	   4,6
s	    87,3874	 6	 19,23	 99,38	  14,1	  24,4	  28,3	  28,7	  30,2	  31,4	  29,6	   4,6
s	    88,4588	 8	160,12	113,54	  11,8	  22,9	  26,9	  27,1	  28,5	  30,4	  29,2	   4,1
s	    88,8541	 7	 19,44	 76,70	  10,5	  21,7	  26,9	  27,7	  29,0	  30,0	  28,5	   2,6
s	    88,9262	 8	159,64	 66,23	  10,2	  21,3	  25,2	  25,1	  26,5	  29,1	  28,4	   2,5
s	    89,0246	 8	 20,63	 71,37	  12,5	  23,1	  27,1	  27,3	  28,7	  30,5	  29,1	   4,0
s	    89,3256	 4	246,74	 80,13	  12,4	  23,0	  27,9	  28,6	  30,1	  31,4	  29,5	   4,4
s	    90,3546	 4	343,77	 89,67	  14,8	  24,9	  29,0	  29,8	  31,2	  31,2	  29,7	   4,4
s	    90,6198	 5	343,73	 94,02	  14,5	  24,8	  28,9	  29,7	  31,1	  31,2	  29,5	   4,2
s	    90,7115	 5	343,82	 85,00	  13,5	  23,9	  28,0	  28,5	  29,9	  30,7	  29,5	   4,2
s	    91,0091	 7	263,46	 79,90	  11,6	  22,3	  27,5	  28,2	  29,6	  30,5	  29,0	   3,7
s	    91,5426	 6	343,69	 98,64	  13,2	  23,8	  27,9	  28,4	  29,7	  30,6	  29,3	   3,9
s	    91,6334	 6	343,86	 80,71	  13,2	  23,8	  27,9	  28,4	  29,7	  30,6	  29,3	   3,9
s	    92,9759	 7	343,64	102,84	  12,9	  23,6	  27,7	  28,2	  29,5	  30,4	  29,0	   3,5
s	    93,2443	 7	343,90	 76,21	  11,8	  22,6	  26,8	  27,0	  28,3	  30,0	  29,0	   3,4
s	    94,2121	 5	233,27	 80,64	  11,0	  22,1	  27,1	  27,9	  29,3	  30,5	  28,8	   3,2
s	    95,2887	 8	343,60	107,51	  12,5	  23,2	  27,4	  27,9	  29,2	  29,9	  28,6	   2,9
s	    95,2887	 8	343,95	 72,17	  11,2	  22,2	  26,3	  26,5	  27,8	  29,5	  28,4	   2,7
s	    95,5423	 4	 76,74	 99,02	  11,3	  21,8	  26,6	  27,3	  28,8	  30,0	  28,0	   1,5
s	    98,4639	 2	247,28	 89,32	  15,1	  24,7	  28,5	  29,3	  30,8	  31,2	  27,9	   1,1
s	    98,7092	 3	247,29	 93,34	  14,3	  24,5	  28,4	  29,2	  30,6	  30,9	  28,8	   2,7
s	    98,7940	 3	247,26	 84,99	  13,8	  23,7	  27,5	  28,0	  29,5	  30,7	  27,7	   0,9
s	    99,5635	 4	247,31	 97,62	  13,0	  23,4	  27,4	  27,9	  29,3	  30,4	  28,6	   2,5
s	    99,7145	 3	261,77	 89,28	  14,7	  24,5	  28,3	  29,1	  30,5	  30,8	  27,6	   0,8
s	    99,9570	 4	261,78	 93,25	  14,0	  24,2	  28,2	  29,0	  30,4	  30,6	  28,5	   2,4
s	   100,0409	 4	261,77	 85,00	  13,5	  23,5	  27,3	  27,8	  29,2	  30,3	  27,5	   0,6
s	   100,8016	 5	261,78	 97,49	  12,7	  23,2	  27,2	  27,7	  29,1	  30,0	  28,3	   2,1
s	   100,8925	 5	247,32	101,52	  12,4	  23,1	  27,0	  27,5	  28,9	  30,0	  28,1	   1,8
s	   101,1416	 5	247,23	 76,83	  11,6	  21,9	  25,6	  25,7	  27,2	  29,2	  27,2	   0,2
s	   101,2781	 6	  7,37	 93,85	  11,4	  22,4	  27,6	  28,6	  30,0	  30,0	  28,1	   1,9
s	   102,1159	 6	261,79	101,35	  12,1	  22,8	  26,8	  27,3	  28,6	  29,6	  27,8	   1,5
s	   102,3623	 6	261,75	 76,93	  11,3	  21,6	  25,4	  25,5	  26,9	  28,8	  27,0	  -0,1
s	   102,8792	 6	247,34	105,60	  11,3	  21,7	  25,4	  25,5	  26,9	  29,0	  26,9	  -0,2
s	   103,0424	 6	247,21	 73,06	  11,8	  22,3	  26,1	  26,3	  27,7	  29,8	  27,7	   1,3
s	   103,6553	 8	  7,53	 77,72	   8,8	  20,3	  25,5	  25,9	  27,3	  28,9	  27,6	   1,2
s	   104,0812	 7	261,80	105,39	  10,9	  21,4	  25,2	  25,3	  26,7	  28,6	  26,7	  -0,6
s	   104,2427	 7	261,75	 73,20	  11,4	  22,1	  25,9	  26,1	  27,5	  29,4	  27,5	   0,9
s	   104,7502	 8	 76,82	 65,96	   8,2	  19,7	  24,6	  24,7	  26,1	  29,0	  27,3	   0,7
s	   104,8519	 2	 76,32	 90,41	  14,1	  24,0	  28,0	  28,8	  30,2	  30,4	  28,2	   1,6
s	   104,9797	 7	247,20	 70,03	   7,1	  18,6	  23,6	  23,7	  25,2	  27,8	  26,6	  -0,7
s	   105,0835	 3	 76,31	 94,21	  13,8	  24,0	  27,9	  28,7	  30,1	  30,4	  28,0	   1,5
s	   105,1636	 3	 76,33	 86,33	  13,5	  23,5	  27,3	  27,8	  29,2	  30,4	  28,0	   1,4
s	   105,2142	 7	247,36	109,24	  11,4	  22,1	  25,9	  26,0	  27,4	  29,5	  27,3	   0,8
s	   105,9700	 4	 76,34	 82,57	  12,3	  22,7	  26,6	  27,1	  28,5	  29,6	  27,6	   0,9
s	   106,0125	 4	 61,09	 86,30	  13,2	  23,2	  27,1	  27,6	  29,0	  30,0	  27,8	   1,2
s	   106,0333	 3	 62,63	 90,36	  13,7	  23,8	  27,8	  28,6	  30,0	  30,1	  27,9	   1,3
s	   106,1598	 8	261,74	 70,20	   6,8	  18,4	  23,4	  23,5	  24,9	  27,5	  26,3	  -1,1
s	   106,2625	 4	 62,61	 94,12	  13,5	  23,7	  27,7	  28,5	  29,9	  30,0	  27,8	   1,1
s	   106,3418	 4	 62,65	 86,32	  12,5	  22,8	  26,8	  27,3	  28,7	  29,6	  27,8	   1,1
s	   106,8949	 5	 61,11	 82,29	  13,7	  23,7	  27,6	  28,4	  29,7	  29,9	  27,4	   0,6
s	   107,0614	 5	 62,59	 98,13	  12,2	  22,7	  26,7	  27,2	  28,6	  29,5	  27,6	   0,8
s	   107,1474	 5	 76,29	101,95	  12,0	  22,6	  26,5	  27,0	  28,4	  29,5	  27,3	   0,6
s	   107,3831	 5	 76,35	 78,60	  11,1	  21,4	  25,1	  25,2	  26,7	  28,6	  26,5	  -1,0
s	   107,4925	 8	247,37	112,15	   6,7	  18,4	  23,4	  23,4	  24,9	  27,6	  26,2	  -1,4
s	   107,8230	 4	160,36	 90,05	  12,6	  22,7	  26,8	  27,6	  29,0	  28,9	  26,6	  -1,0
s	   108,0488	 5	160,39	 93,75	  12,4	  22,7	  26,8	  27,5	  28,9	  28,8	  26,5	  -1,1
s	   108,0976	 7	 61,12	 78,91	  11,2	  21,6	  25,6	  25,8	  27,1	  28,8	  27,0	   0,2
s	   108,1268	 5	160,32	 86,07	  11,4	  21,7	  25,8	  26,4	  27,7	  28,4	  26,4	  -1,2
s	   108,3057	 6	 62,57	101,79	  11,6	  22,3	  26,3	  26,8	  28,1	  29,1	  27,1	   0,2
s	   108,4574	 8	247,18	 65,70	   9,9	  20,9	  24,7	  24,5	  25,9	  28,8	  26,9	  -0,0
s	   108,5392	 6	 62,68	 78,67	  10,1	  20,7	  24,7	  24,8	  26,2	  27,9	  26,3	  -1,4
s	   108,6900	 8	275,16	 97,23	   9,9	  21,5	  25,9	  26,4	  27,6	  28,2	  27,1	   0,2
s	   108,8355	 6	160,43	 97,70	  11,1	  21,6	  25,7	  26,2	  27,5	  28,3	  26,3	  -1,4
s	   108,9130	 6	160,29	 82,41	  11,1	  21,6	  25,7	  26,2	  27,5	  28,3	  26,3	  -1,4
s	   108,9808	 7	 14,36	 93,67	   9,9	  21,3	  26,7	  27,7	  29,0	  28,9	  27,2	   0,2
s	   109,0291	 6	 76,28	105,83	  10,8	  21,2	  24,9	  25,0	  26,4	  28,5	  26,2	  -1,4
s	   109,1839	 6	 76,35	 75,02	  11,3	  21,9	  25,7	  25,8	  27,2	  29,2	  27,0	   0,1
s	   110,0042	 7	 60,99	105,93	  11,5	  21,8	  25,7	  26,0	  27,4	  28,3	  26,0	  -1,8
s	   110,0614	 7	160,47	101,31	  10,8	  21,5	  25,6	  26,1	  27,4	  28,2	  26,0	  -1,8
s	   110,1692	 7	 62,55	105,63	   9,7	  20,5	  24,5	  24,6	  26,0	  27,7	  26,0	  -1,8
s	   110,3225	 7	 62,70	 75,12	  10,2	  21,2	  25,2	  25,4	  26,7	  28,5	  26,8	  -0,3
s	   110,4105	 7	160,25	 78,26	  10,8	  21,3	  25,5	  26,0	  27,3	  27,9	  26,0	  -1,8
s	   111,0223	 7	 76,36	 72,13	   6,7	  18,2	  23,1	  23,2	  24,7	  27,3	  25,9	  -2,0
s	   111,2451	 7	 76,27	109,30	  10,9	  21,7	  25,5	  25,5	  27,0	  29,0	  26,7	  -0,4
s	   111,8979	 8	160,50	105,09	   9,4	  20,4	  24,5	  24,7	  26,0	  27,6	  25,7	  -2,2
s	   112,0490	 8	160,21	 75,03	   9,4	  20,4	  24,5	  24,7	  26,0	  27,5	  25,7	  -2,3
s	   112,2387	 8	 60,97	109,38	  11,7	  22,2	  26,2	  26,5	  27,9	  28,9	  26,5	  -0,8
s	   112,7404	 8	 62,72	 71,43	   8,3	  19,4	  23,3	  23,2	  24,5	  27,0	  25,6	  -2,4
s	   112,9821	 4	220,90	 89,49	  12,8	  23,0	  27,0	  27,8	  29,1	  29,2	  26,8	  -0,5
s	   113,1984	 5	220,93	 93,03	  12,5	  22,9	  26,9	  27,7	  29,0	  29,1	  26,7	  -0,6
s	   113,6264	 8	 76,37	 68,78	   6,8	  18,6	  23,6	  23,8	  25,2	  27,9	  26,3	  -1,0
s	   114,0266	 6	220,84	 82,16	  11,2	  21,9	  25,9	  26,4	  27,7	  28,6	  26,5	  -0,9
s	   114,1076	 8	 76,26	112,89	   9,0	  19,8	  23,6	  23,3	  24,7	  27,5	  25,5	  -2,7
s	   115,1277	 7	220,98	100,28	  10,9	  21,8	  25,8	  26,2	  27,5	  28,5	  26,3	  -1,2
s	   115,7871	 5	 61,95	 90,37	  13,3	  23,1	  27,2	  28,0	  29,2	  29,1	  26,6	  -0,9
s	   115,9985	 6	 61,94	 93,84	  13,1	  23,1	  27,1	  27,8	  29,1	  29,1	  26,5	  -1,0
s	   116,7356	 7	 61,92	 97,54	  11,8	  22,0	  26,1	  26,5	  27,8	  28,6	  26,3	  -1,3
s	   117,2477	 6	139,88	 93,67	   9,5	  20,5	  25,6	  26,7	  28,0	  27,9	  25,4	  -3,1
s	   117,7227	 5	343,37	 89,70	  11,7	  21,8	  26,0	  26,8	  28,1	  27,8	  25,4	  -3,0
s	   117,9309	 6	343,34	 93,12	  11,5	  21,8	  26,0	  26,7	  28,0	  27,8	  25,3	  -3,2
s	   118,0029	 6	343,41	 86,03	  10,4	  20,8	  25,0	  25,6	  26,8	  27,3	  25,3	  -3,2
s	   118,0476	 7	 36,70	 97,30	   8,2	  19,4	  24,6	  25,3	  26,7	  27,4	  25,2	  -3,3
s	   118,4184	 8	219,94	 96,84	   9,7	  21,1	  25,2	  25,7	  26,9	  27,8	  25,8	  -2,0
s	   118,6569	 7	343,31	 96,76	  10,2	  20,8	  24,9	  25,4	  26,7	  27,2	  25,1	  -3,4
s	   118,7285	 7	343,44	 82,65	  10,2	  20,8	  24,9	  25,4	  26,7	  27,2	  25,1	  -3,5
s	   119,4408	 8	139,77	 79,28	   7,9	  19,2	  24,4	  25,2	  26,4	  27,0	  24,9	  -3,7
s	   119,5789	 8	 62,04	100,79	  11,1	  21,6	  25,6	  26,0	  27,3	  28,1	  25,7	  -2,2
s	   119,7896	 8	343,27	100,10	   9,9	  20,6	  24,8	  25,3	  26,5	  27,1	  24,9	  -3,8
s	   120,0023	 8	343,48	 79,06	   8,8	  19,7	  23,9	  24,1	  25,3	  26,7	  24,9	  -3,8
s	   120,7466	 4	100,86	 90,43	  11,0	  21,5	  25,7	  26,5	  27,8	  27,7	  25,2	  -3,5
s	   120,9500	 5	100,86	 93,77	  10,7	  21,5	  25,6	  26,4	  27,7	  27,6	  25,1	  -3,7
s	   121,0203	 5	100,85	 86,85	  10,5	  21,0	  25,0	  25,5	  26,8	  27,6	  25,1	  -3,7
s	   121,7292	 6	100,84	 83,54	   9,4	  20,4	  24,6	  25,1	  26,4	  27,1	  24,9	  -3,9
s	   122,7662	 7	100,88	100,60	   9,7	  20,8	  25,0	  25,4	  26,7	  27,5	  25,5	  -2,7
s	   122,9741	 7	100,84	 80,03	   8,9	  19,6	  23,6	  23,7	  25,0	  26,7	  24,7	  -4,3
s	   123,7336	 7	209,08	 82,81	   7,8	  19,5	  24,8	  25,5	  26,8	  27,5	  25,6	  -2,6
s	   123,7416	 7	  2,83	 93,17	   8,9	  19,8	  25,1	  26,1	  27,4	  27,2	  24,6	  -4,4
s	   124,2684	 5	 40,37	 90,25	  10,5	  21,1	  25,4	  26,2	  27,4	  27,1	  24,7	  -4,3
s	   124,4664	 6	 40,35	 93,49	  10,3	  21,1	  25,3	  26,1	  27,3	  27,1	  24,6	  -4,4
s	   124,5349	 6	 40,40	 86,75	  10,0	  20,5	  24,6	  25,1	  26,4	  27,1	  24,6	  -4,5
s	   124,5653	 8	100,88	104,28	   9,6	  20,3	  24,3	  24,7	  25,9	  26,7	  24,4	  -4,7
s	   124,5653	 8	100,83	 76,84	   9,0	  20,2	  24,2	  24,3	  25,6	  27,3	  25,2	  -3,1
s	   125,2252	 7	 40,42	 83,53	   9,0	  20,0	  24,3	  24,8	  26,0	  26,6	  24,4	  -4,7
s	   125,8733	 5	 87,17	 90,45	  10,6	  21,6	  25,8	  26,6	  27,8	  27,7	  25,5	  -2,9
s	   126,0689	 6	 87,17	 93,66	  10,4	  21,6	  25,7	  26,5	  27,7	  27,6	  25,4	  -3,0
s	   126,1366	 6	 87,17	 87,00	   9,2	  20,6	  24,8	  25,3	  26,6	  27,3	  25,5	  -3,0
s	   126,2354	 8	 40,30	100,14	   9,2	  20,4	  24,7	  25,1	  26,4	  27,0	  25,0	  -3,5
s	   126,4381	 8	 40,45	 80,11	   8,4	  19,2	  23,3	  23,4	  24,7	  26,1	  24,2	  -5,0
s	   126,8188	 7	 87,17	 83,81	   9,8	  21,0	  25,0	  25,4	  26,6	  27,5	  25,2	  -3,3
s	   127,8173	 8	 87,16	100,23	   8,6	  20,2	  24,4	  24,8	  26,0	  26,7	  24,8	  -3,8
s	   127,8175	 6	 52,58	 90,33	   9,3	  20,9	  25,3	  26,1	  27,3	  27,0	  25,3	  -3,3
s	   128,0104	 7	 52,56	 93,49	   9,1	  20,8	  25,3	  26,0	  27,2	  26,9	  25,2	  -3,4
s	   128,0176	 8	 87,17	 80,43	   7,7	  19,0	  23,0	  23,1	  24,3	  25,9	  24,0	  -5,4
s	   128,1682	 6	319,41	 89,51	  11,0	  21,1	  25,2	  26,1	  27,2	  26,9	  24,2	  -5,2
s	   128,3606	 7	319,38	 92,66	  10,7	  21,0	  25,2	  26,0	  27,1	  26,8	  24,0	  -5,4
s	   128,4271	 7	319,43	 86,11	   9,7	  20,1	  24,3	  24,8	  25,9	  26,4	  24,0	  -5,4
s	   129,0319	 8	319,36	 96,03	   9,5	  20,0	  24,2	  24,7	  25,8	  26,3	  23,9	  -5,6
s	   129,0981	 8	319,46	 82,98	   8,5	  19,6	  23,9	  24,4	  25,6	  26,0	  23,9	  -5,5
s	   130,6429	 5	212,06	 89,58	  10,9	  21,6	  25,7	  26,5	  27,8	  27,6	  25,1	  -3,7
s	   130,8319	 6	212,09	 92,67	   9,9	  21,1	  25,4	  26,2	  27,4	  27,2	  25,0	  -3,9
s	   130,8973	 6	212,03	 86,24	   9,6	  20,6	  24,8	  25,2	  26,5	  27,2	  25,0	  -3,9
s	   131,4914	 7	212,11	 95,99	   8,6	  20,1	  24,4	  24,9	  26,1	  26,7	  24,8	  -4,1
s	   132,0661	 8	195,40	 83,34	   6,3	  18,1	  23,4	  24,1	  25,4	  25,9	  23,6	  -6,1
s	   132,5216	 8	212,14	 99,03	   8,3	  20,0	  24,3	  24,7	  25,9	  26,5	  24,6	  -4,4
s	   132,8009	 7	 63,16	 90,39	  10,3	  21,1	  25,4	  26,2	  27,4	  26,9	  24,7	  -4,3
s	   132,9870	 8	 63,14	 93,44	  10,1	  21,0	  25,4	  26,1	  27,3	  26,9	  24,6	  -4,5
s	   133,0460	 6	  5,96	 89,94	   9,8	  20,5	  24,8	  25,5	  26,7	  26,4	  23,8	  -6,1
s	   133,2961	 7	  5,99	 86,66	   8,5	  19,5	  23,8	  24,2	  25,5	  26,0	  23,6	  -6,2
s	   133,8802	 8	  5,89	 96,25	   9,0	  19,9	  24,0	  24,4	  25,6	  26,3	  23,5	  -6,4
s	   133,9442	 8	  6,02	 83,64	   9,0	  19,9	  24,0	  24,3	  25,6	  26,3	  23,5	  -6,4
s	   134,6116	 5	160,65	 90,07	  10,6	  21,2	  25,4	  26,2	  27,5	  27,1	  24,8	  -4,5
s	   134,7954	 6	160,68	 93,09	  10,4	  21,2	  25,4	  26,1	  27,4	  27,1	  24,6	  -4,6
s	   134,8589	 6	160,62	 86,83	   9,4	  20,2	  24,5	  25,0	  26,2	  26,7	  24,6	  -4,6
s	   135,0524	 8	 27,92	 96,41	   7,0	  18,1	  23,2	  22,6	  22,9	  23,7	  21,3	  -8,0
s	   135,2235	 6	293,92	 89,36	  10,4	  21,1	  25,4	  26,1	  27,3	  27,0	  24,6	  -4,7
s	   135,4065	 7	293,91	 92,36	   9,4	  20,7	  25,0	  25,8	  27,0	  26,6	  24,5	  -4,8
s	   135,4368	 7	160,71	 96,31	   9,1	  20,1	  24,4	  24,9	  26,1	  26,6	  24,5	  -4,8
s	   135,4698	 7	293,94	 86,13	   9,1	  20,1	  24,4	  24,9	  26,1	  26,6	  24,4	  -4,8
s	   135,5001	 7	160,59	 83,84	   9,1	  20,1	  24,4	  24,9	  26,1	  26,6	  24,4	  -4,8
s	   136,0452	 8	293,90	 95,57	   8,1	  19,7	  24,0	  24,5	  25,7	  26,1	  24,3	  -5,0
s	   136,4391	 8	160,74	 99,27	   8,8	  20,0	  24,3	  24,7	  25,9	  26,5	  24,2	  -5,1
s	   136,6276	 8	160,56	 80,66	   7,8	  19,1	  23,3	  23,5	  24,7	  26,0	  24,2	  -5,2
s	   139,6858	 8	234,64	 92,33	   5,4	  18,3	  23,9	  24,9	  26,1	  25,7	  23,9	  -5,7
s	   139,8588	 6	269,66	 89,31	   8,6	  20,2	  24,6	  25,4	  26,5	  26,1	  24,1	  -5,5
s	   140,0975	 7	269,66	 86,19	   8,1	  19,6	  23,9	  24,4	  25,6	  26,1	  24,0	  -5,7
s	   140,1825	 6	 63,59	 87,27	   9,0	  20,0	  24,2	  24,7	  25,9	  26,5	  24,1	  -5,6
s	   140,3418	 6	 75,29	 99,40	   6,3	  17,7	  23,7	  24,6	  26,1	  27,1	  23,9	  -5,9
s	   140,8642	 7	 63,61	 84,17	   9,8	  20,7	  25,0	  25,7	  26,9	  26,6	  23,9	  -5,8
s	   141,9496	 6	 30,74	 90,18	   9,3	  19,8	  23,9	  23,4	  23,6	  23,4	  20,8	  -9,0
s	   142,1245	 7	 30,71	 93,05	   9,1	  19,8	  23,9	  23,3	  23,5	  23,3	  20,7	  -9,2
s	   142,1849	 7	 30,76	 87,10	   8,8	  19,2	  23,2	  22,4	  22,6	  23,3	  20,7	  -9,2
s	   142,5311	 7	 96,44	 93,32	   7,0	  18,9	  24,2	  25,2	  26,5	  26,2	  23,8	  -6,1
s	   142,7952	 8	 30,79	 84,25	   7,8	  18,8	  22,9	  22,0	  22,2	  22,8	  20,5	  -9,4
s	   143,1140	 6	139,58	 90,26	   9,2	  20,2	  24,6	  25,4	  26,6	  26,1	  23,8	  -6,1
s	   143,2100	 7	139,59	 92,41	   6,9	  18,7	  24,2	  25,2	  26,4	  25,9	  23,7	  -6,3
s	   143,6067	 7	 84,38	 99,23	   5,1	  17,1	  23,2	  24,1	  25,5	  26,4	  23,4	  -6,6
s	   143,9100	 6	182,03	 89,87	   9,1	  20,2	  24,6	  25,4	  26,5	  26,0	  23,8	  -6,3
s	   143,9112	 4	248,66	 92,19	   9,1	  19,9	  24,9	  25,9	  27,2	  27,3	  24,0	  -6,1
s	   144,0827	 7	182,06	 92,70	   8,9	  20,1	  24,5	  25,3	  26,4	  26,0	  23,6	  -6,4
s	   144,1424	 7	182,00	 86,82	   7,8	  19,2	  23,6	  24,1	  25,3	  25,6	  23,6	  -6,4
s	   144,5124	 6	343,12	 89,73	   9,8	  20,4	  24,8	  25,6	  26,7	  26,2	  23,7	  -6,4
s	   144,6844	 7	343,10	 92,54	   9,6	  20,4	  24,7	  25,5	  26,6	  26,1	  23,6	  -6,5
s	   144,6854	 8	182,09	 95,73	   7,6	  19,1	  23,5	  24,0	  25,1	  25,5	  23,5	  -6,6
s	   144,7439	 7	343,15	 86,69	   8,6	  19,5	  23,8	  24,3	  25,5	  25,7	  23,6	  -6,5
s	   144,7449	 8	181,97	 84,01	   7,6	  19,1	  23,5	  24,0	  25,1	  25,5	  23,5	  -6,6
s	   144,7935	 5	258,89	 92,15	   8,8	  19,7	  24,7	  25,7	  27,1	  27,0	  23,8	  -6,3
s	   145,1674	 6	140,59	 90,26	   9,0	  20,1	  24,5	  25,3	  26,4	  25,9	  23,6	  -6,5
s	   145,2621	 7	140,60	 92,37	   6,8	  18,6	  24,0	  25,1	  26,3	  25,8	  23,5	  -6,6
s	   145,3441	 8	343,18	 83,89	   8,3	  19,4	  23,7	  24,2	  25,3	  25,6	  23,4	  -6,8
s	   145,6357	 6	248,62	 80,49	   5,7	  16,9	  21,9	  22,2	  23,6	  25,2	  22,6	  -8,4
s	   146,5082	 7	258,87	 80,51	   5,4	  16,7	  21,7	  22,1	  23,4	  24,9	  22,4	  -8,6
s	   146,6854	 8	140,05	 96,05	   7,5	  19,2	  23,4	  23,9	  25,1	  25,6	  23,3	  -7,0
s	   146,7441	 8	139,96	 84,48	   7,5	  19,2	  23,4	  23,9	  25,1	  25,6	  23,3	  -7,0
s	   147,2004	 6	 55,05	 90,36	   8,2	  19,7	  24,2	  25,0	  26,1	  25,6	  23,5	  -6,9
s	   147,3694	 7	 55,03	 93,13	   7,9	  19,7	  24,1	  24,9	  26,0	  25,6	  23,3	  -7,0
s	   147,7349	 5	238,85	 92,17	   7,9	  19,2	  24,3	  25,3	  26,7	  26,6	  23,5	  -6,9
s	   148,5647	 8	248,71	103,67	   5,6	  17,4	  22,4	  22,7	  24,1	  25,7	  22,9	  -7,6
s	   148,7481	 8	141,03	 95,97	   7,4	  19,1	  23,3	  23,8	  24,9	  25,4	  23,1	  -7,4
s	   148,9594	 7	140,39	 87,31	   7,6	  19,2	  23,4	  23,8	  25,1	  25,7	  23,2	  -7,3
s	   149,4178	 7	238,79	 80,75	   4,5	  16,3	  21,3	  21,7	  23,0	  24,5	  22,1	  -9,2
s	   149,5889	 6	204,46	 89,66	   8,8	  19,6	  23,8	  24,5	  25,7	  25,3	  22,2	  -9,1
s	   149,7553	 7	204,48	 92,39	   7,8	  19,1	  23,5	  24,2	  25,3	  24,9	  22,1	  -9,2
s	   151,5391	 7	 65,17	 98,75	   6,7	  18,0	  23,1	  23,8	  25,1	  25,8	  22,7	  -8,0
s	   152,0550	 7	203,70	 86,77	   7,9	  19,1	  23,2	  23,7	  24,9	  25,4	  22,7	  -8,1
s	   152,1823	 7	 75,12	 79,22	   6,4	  17,6	  22,5	  22,8	  24,2	  26,0	  22,7	  -8,1
s	   152,5715	 8	203,78	 95,24	   6,9	  18,6	  22,9	  23,3	  24,5	  25,0	  22,5	  -8,3
s	   152,7933	 8	 95,02	 98,73	   4,4	  16,4	  22,6	  23,5	  24,8	  25,5	  22,5	  -8,3
s	   153,0197	 8	 65,25	 79,24	   5,4	  17,0	  22,1	  22,4	  23,8	  25,2	  22,5	  -8,4
s	   153,2455	 7	323,03	 89,55	   9,3	  19,9	  24,2	  25,0	  26,0	  25,4	  22,7	  -8,1
s	   153,4082	 8	323,01	 92,22	   9,1	  19,9	  24,1	  24,9	  25,9	  25,4	  22,6	  -8,3
s	   153,4645	 8	323,05	 86,68	   8,0	  18,9	  23,2	  23,7	  24,8	  25,0	  22,6	  -8,3
s	   153,9890	 6	117,74	 90,41	   8,7	  19,3	  23,5	  24,3	  25,4	  24,9	  21,7	  -9,9
s	   154,1510	 7	117,75	 93,06	   8,5	  19,3	  23,4	  24,2	  25,3	  24,9	  21,6	 -10,1
s	   154,2071	 7	117,72	 87,55	   7,3	  18,3	  22,6	  23,0	  24,2	  24,6	  21,7	 -10,0
s	   154,2081	 3	248,86	 89,36	  10,0	  20,4	  24,5	  25,3	  26,6	  26,4	  23,2	  -7,8
s	   154,2975	 4	248,87	 91,36	   7,7	  18,9	  24,0	  25,1	  26,4	  26,2	  23,0	  -7,9
s	   154,4258	 4	248,85	 86,51	   8,7	  19,5	  23,5	  24,0	  25,3	  25,9	  23,0	  -7,9
s	   154,7727	 8	117,71	 84,90	   7,2	  18,3	  22,4	  22,9	  24,0	  24,4	  21,5	 -10,3
s	   154,9349	 5	248,88	 94,86	   9,2	  19,8	  23,7	  24,1	  25,4	  26,2	  22,9	  -8,1
s	   154,9906	 5	248,84	 83,87	   9,2	  19,8	  23,7	  24,1	  25,4	  26,2	  22,9	  -8,2
s	   155,0350	 4	258,44	 89,34	   9,7	  20,2	  24,4	  25,2	  26,4	  26,0	  23,0	  -8,1
s	   155,1241	 5	258,44	 91,33	   7,5	  18,7	  23,9	  24,9	  26,2	  25,9	  22,9	  -8,2
s	   155,2517	 5	258,43	 86,50	   8,4	  19,2	  23,4	  23,9	  25,1	  25,6	  22,8	  -8,2
s	   155,7229	 6	248,84	 81,70	   5,2	  16,9	  22,0	  22,5	  23,8	  25,2	  22,7	  -8,4
s	   155,7582	 6	258,45	 94,80	   8,9	  19,6	  23,6	  24,0	  25,3	  25,9	  22,7	  -8,4
s	   155,8188	 6	248,89	 97,48	   7,9	  19,1	  23,1	  23,5	  24,8	  25,5	  22,4	  -8,6
s	   156,0068	 8	258,83	 83,67	   7,7	  18,8	  23,1	  23,6	  24,7	  24,9	  22,4	  -8,7
s	   156,0942	 6	229,56	 92,09	   7,2	  18,6	  23,8	  24,8	  26,0	  25,8	  22,7	  -8,5
s	   156,5423	 7	258,42	 81,71	   4,9	  16,7	  21,9	  22,3	  23,6	  24,9	  22,5	  -8,6
s	   156,6378	 7	258,46	 97,41	   7,7	  18,8	  23,0	  23,4	  24,6	  25,2	  22,3	  -8,9
s	   157,0211	 7	301,70	 89,41	   8,2	  19,0	  23,3	  24,0	  25,2	  24,6	  21,4	 -10,5
s	   157,1513	 7	248,90	100,26	   6,9	  17,8	  21,6	  21,7	  23,0	  24,6	  21,4	 -10,5
s	   157,1801	 8	301,69	 92,02	   7,2	  18,5	  23,0	  23,7	  24,8	  24,1	  21,3	 -10,7
s	   157,2614	 7	248,82	 78,48	   6,6	  18,0	  22,1	  22,2	  23,5	  24,9	  22,2	  -9,0
s	   157,6929	 8	229,49	 81,24	   3,9	  15,6	  20,8	  21,2	  22,4	  23,7	  21,3	 -10,7
s	   157,9638	 8	258,46	100,18	   6,6	  17,5	  21,5	  21,5	  22,8	  24,2	  21,2	 -10,8
s	   158,0733	 8	258,42	 78,50	   6,4	  17,8	  21,9	  22,1	  23,3	  24,6	  22,0	  -9,3
s	   158,3140	 8	248,91	102,17	   4,3	  16,4	  21,6	  21,9	  23,2	  24,7	  22,0	  -9,3
s	   159,0063	 8	248,81	 75,75	   5,5	  16,7	  20,5	  20,3	  21,6	  24,0	  21,2	 -11,0
s	   159,5018	 3	 74,89	 90,45	  10,2	  20,3	  24,2	  25,0	  26,3	  26,2	  21,7	 -10,5
s	   159,5563	 8	302,38	 86,65	   7,3	  18,5	  22,7	  23,2	  24,3	  24,7	  21,9	  -9,5
s	   159,6585	 4	 74,89	 93,02	   9,5	  20,1	  24,2	  24,9	  26,2	  26,0	  22,6	  -8,9
s	   159,7128	 4	 74,90	 87,69	   9,7	  19,8	  23,5	  24,0	  25,3	  26,1	  21,5	 -10,7
s	   160,0464	 5	 74,88	 95,15	   6,7	  17,8	  22,8	  23,5	  24,8	  25,6	  21,4	 -10,8
s	   160,3030	 4	 65,62	 90,42	   9,9	  20,1	  24,1	  24,9	  26,1	  25,9	  21,5	 -10,8
s	   160,4590	 5	 65,61	 92,98	   9,2	  19,9	  24,0	  24,8	  26,0	  25,7	  22,4	  -9,1
s	   161,0038	 6	 65,60	 95,72	   8,4	  19,1	  23,1	  23,5	  24,7	  25,3	  21,2	 -11,1
s	   161,2238	 6	 74,92	 82,40	   6,9	  18,1	  22,1	  22,3	  23,6	  25,0	  22,2	  -9,4
s	   161,6158	 7	 65,59	 97,63	   5,4	  17,1	  22,3	  23,0	  24,3	  24,7	  21,8	  -9,8
s	   161,9851	 6	160,86	 90,09	   8,1	  18,8	  23,1	  23,9	  25,0	  24,3	  21,1	 -11,3
s	   162,1396	 7	160,88	 92,62	   7,9	  18,7	  23,0	  23,8	  24,9	  24,3	  21,0	 -11,4
s	   162,1654	 6	239,97	 91,94	   6,1	  18,0	  23,3	  24,2	  25,5	  25,2	  22,1	  -9,5
s	   162,1930	 7	160,83	 87,37	   6,9	  17,8	  22,1	  22,6	  23,7	  23,8	  21,0	 -11,4
s	   162,3543	 7	 74,87	101,01	   6,6	  17,5	  21,3	  21,4	  22,7	  24,2	  21,0	 -11,5
s	   162,6791	 8	160,91	 95,34	   6,6	  17,7	  22,0	  22,5	  23,6	  23,8	  20,8	 -11,6
s	   162,7324	 8	160,81	 84,85	   6,6	  17,7	  22,0	  22,5	  23,6	  23,8	  20,8	 -11,6
s	   163,8894	 8	 74,86	103,48	   6,1	  17,6	  21,7	  21,8	  23,0	  24,5	  21,5	 -10,3
s	   164,1537	 8	 74,93	 77,25	   6,0	  16,8	  20,6	  20,3	  21,6	  24,1	  20,7	 -11,9
s	   166,0106	 8	286,65	 86,69	   5,7	  17,7	  22,1	  22,6	  23,7	  23,9	  21,6	 -10,4
s	   166,2299	 8	266,94	 91,80	   5,7	  17,6	  22,9	  23,8	  25,0	  24,5	  21,5	 -10,5
s	   167,0866	 7	179,30	 89,91	   7,8	  18,5	  22,7	  23,5	  24,5	  23,8	  20,5	 -12,4
s	   167,2366	 8	179,32	 92,37	   7,6	  18,4	  22,7	  23,4	  24,4	  23,8	  20,4	 -12,5
s	   167,2885	 8	179,27	 87,27	   6,6	  17,5	  21,7	  22,2	  23,3	  23,4	  20,4	 -12,5
s	   167,8898	 8	 38,85	 90,27	   5,9	  18,0	  22,7	  23,4	  24,5	  23,6	  21,4	 -10,8
s	   168,0269	 7	221,53	 91,97	   6,5	  17,9	  23,1	  24,1	  25,2	  24,9	  21,4	 -10,7
s	   168,5628	 8	146,45	 92,66	   5,4	  16,8	  22,2	  23,2	  24,4	  23,7	  20,3	 -12,7
s	   169,4751	 6	275,96	 89,34	   7,8	  18,9	  23,2	  24,0	  25,1	  24,4	  21,5	 -10,8
s	   169,6743	 7	275,97	 86,72	   6,5	  17,9	  22,2	  22,7	  23,8	  24,0	  21,4	 -11,0
s	   170,1401	 8	275,96	 94,36	   6,3	  17,8	  22,2	  22,6	  23,7	  23,9	  21,2	 -11,1
s	   170,1912	 8	275,97	 84,31	   6,3	  17,8	  22,2	  22,6	  23,7	  23,9	  21,2	 -11,2
s	   170,6323	 5	 92,39	 90,48	   7,9	  19,0	  23,2	  24,0	  25,2	  24,6	  21,5	 -10,9
s	   170,7794	 6	 92,39	 92,89	   7,7	  18,9	  23,2	  23,9	  25,1	  24,6	  21,4	 -11,0
s	   171,0709	 8	 83,38	 97,90	   4,2	  16,5	  21,8	  22,4	  23,7	  24,2	  21,1	 -11,3
s	   171,3438	 7	 92,39	 85,49	   7,2	  18,3	  22,5	  22,9	  24,1	  24,5	  21,2	 -11,2
s	   171,6637	 8	284,25	 91,75	   5,2	  17,2	  22,6	  23,6	  24,7	  24,1	  21,1	 -11,4
s	   171,8810	 7	123,01	 90,39	   6,7	  18,3	  22,8	  23,6	  24,6	  23,8	  21,2	 -11,3
s	   171,8867	 7	342,94	 89,74	   7,4	  18,1	  22,5	  23,3	  24,3	  23,5	  20,2	 -13,1
s	   171,9104	 6	 93,29	 87,90	   7,4	  18,5	  22,5	  22,9	  24,2	  24,7	  21,3	 -11,2
s	   172,0270	 8	123,02	 92,78	   6,5	  18,2	  22,7	  23,5	  24,5	  23,8	  21,1	 -11,5
s	   172,0327	 8	342,92	 92,13	   7,2	  18,0	  22,4	  23,2	  24,2	  23,4	  20,0	 -13,3
s	   172,0832	 8	342,97	 87,16	   6,2	  17,1	  21,5	  22,0	  23,1	  23,0	  20,0	 -13,3
s	   172,2216	 7	 93,29	 94,86	   4,4	  16,5	  21,8	  22,5	  23,7	  24,1	  21,2	 -11,4
s	   172,2816	 5	240,64	 89,41	   7,6	  18,8	  23,0	  23,7	  24,9	  24,5	  20,3	 -13,0
s	   172,3622	 6	240,65	 91,21	   4,9	  17,1	  22,5	  23,5	  24,7	  24,2	  21,3	 -11,3
s	   172,4777	 6	240,63	 86,84	   7,1	  18,2	  22,3	  22,7	  23,9	  24,5	  20,2	 -13,1
s	   172,9364	 7	240,67	 94,36	   6,1	  17,7	  21,9	  22,3	  23,5	  24,0	  20,1	 -13,3
s	   173,3206	 8	 93,29	 82,97	   5,1	  17,0	  21,2	  21,3	  22,5	  23,7	  21,0	 -11,7
s	   173,5085	 8	240,67	 96,14	   3,9	  16,2	  21,4	  22,1	  23,3	  23,8	  20,7	 -12,0
s	   173,5349	 8	305,95	 89,44	   6,4	  18,0	  22,6	  23,4	  24,4	  23,5	  20,9	 -11,7
s	   174,3695	 7	143,53	 90,25	   6,6	  17,8	  22,2	  22,9	  24,0	  23,4	  19,9	 -13,6
s	   174,4417	 8	123,59	 87,84	   6,1	  17,7	  22,0	  22,4	  23,5	  23,9	  20,9	 -11,9
s	   174,4492	 8	143,55	 92,03	   4,3	  16,3	  21,7	  22,7	  23,8	  23,2	  19,8	 -13,7
s	   175,7440	 7	 47,72	 87,81	   7,0	  18,1	  22,3	  22,7	  23,8	  24,2	  20,9	 -12,0
s	   176,0488	 8	 47,68	 94,62	   4,9	  16,6	  21,7	  22,4	  23,6	  23,9	  20,7	 -12,2
s	   176,8878	 8	307,68	 89,46	   7,0	  18,3	  22,7	  23,5	  24,5	  23,7	  20,7	 -12,3
s	   177,4373	 8	143,81	 87,75	   5,2	  16,8	  21,1	  21,5	  22,7	  22,9	  19,6	 -14,2
s	   178,6627	 7	222,31	 87,04	   6,3	  17,7	  21,8	  22,3	  23,4	  23,8	  20,6	 -12,6
s	   179,1063	 8	222,37	 94,31	   6,0	  17,6	  21,8	  22,2	  23,3	  23,7	  20,4	 -12,8
s	   179,3568	 8	325,72	 89,59	   8,0	  18,1	  22,3	  23,0	  24,0	  23,1	  19,3	 -14,7
s	   179,8857	 5	 82,75	 90,48	   6,8	  18,3	  22,6	  23,3	  24,5	  23,9	  20,7	 -12,5
s	   180,0255	 6	 82,75	 92,77	   6,5	  18,2	  22,5	  23,3	  24,4	  23,9	  20,6	 -12,6
s	   180,0739	 6	 82,76	 88,01	   6,2	  17,7	  21,9	  22,3	  23,5	  23,9	  20,6	 -12,6
s	   180,1178	 6	100,20	 90,48	   6,5	  18,1	  22,5	  23,2	  24,3	  23,6	  20,6	 -12,6
s	   180,2575	 7	100,20	 92,77	   6,3	  18,0	  22,4	  23,2	  24,2	  23,6	  20,5	 -12,8
s	   180,3058	 7	100,19	 88,01	   6,0	  17,5	  21,8	  22,2	  23,3	  23,6	  20,5	 -12,8
s	   180,3717	 7	 82,75	 94,67	   3,3	  15,7	  21,1	  21,9	  23,0	  23,3	  20,5	 -12,8
s	   180,5625	 7	 82,76	 85,73	   6,0	  17,6	  21,8	  22,2	  23,4	  23,8	  20,5	 -12,8
s	   180,7937	 8	100,19	 85,73	   5,8	  17,4	  21,7	  22,1	  23,2	  23,5	  20,3	 -13,0
s	   180,8214	 6	232,60	 89,46	   7,0	  18,2	  22,5	  23,2	  24,3	  23,8	  19,5	 -14,5
s	   180,9606	 7	232,62	 91,74	   6,3	  18,0	  22,4	  23,1	  24,2	  23,5	  20,4	 -12,9
s	   181,4238	 8	 82,76	 83,29	   4,7	  16,6	  20,8	  20,9	  22,1	  23,3	  20,3	 -13,1
s	   181,4949	 8	232,57	 84,73	   5,0	  17,0	  21,4	  21,8	  22,9	  23,1	  20,3	 -13,1
s	   183,3306	 8	214,48	 91,84	   3,9	  15,9	  21,3	  22,3	  23,4	  22,7	  19,1	 -15,2
s	   183,7920	 8	359,40	 89,91	   5,9	  17,2	  21,7	  22,4	  23,4	  22,6	  19,1	 -15,3
s	   185,6112	 6	 90,76	 90,49	   6,3	  17,8	  22,2	  23,0	  24,1	  23,3	  20,2	 -13,6
s	   185,7939	 7	 90,76	 88,09	   5,8	  17,2	  21,5	  22,0	  23,1	  23,3	  20,0	 -13,7
s	   186,0830	 8	 90,76	 94,56	   3,5	  15,7	  21,0	  21,7	  22,9	  23,1	  19,9	 -13,9
s	   186,2682	 8	 90,76	 85,87	   5,5	  17,2	  21,4	  21,9	  23,0	  23,2	  19,9	 -13,9
s	   186,5062	 7	 41,35	 90,29	   6,0	  17,6	  22,1	  22,9	  23,9	  23,0	  20,0	 -13,8
s	   186,6413	 8	 41,33	 92,51	   5,8	  17,5	  22,0	  22,8	  23,8	  23,0	  19,9	 -14,0
s	   186,6881	 8	 41,37	 87,91	   5,5	  17,0	  21,4	  21,8	  22,9	  23,0	  19,9	 -14,0
s	   188,7779	 7	161,00	 90,10	   6,7	  17,8	  22,2	  23,0	  24,0	  23,1	  19,8	 -14,2
s	   188,9115	 8	161,02	 92,29	   6,4	  17,7	  22,2	  22,9	  23,9	  23,0	  19,7	 -14,4
s	   188,9577	 8	160,98	 87,75	   5,4	  16,8	  21,2	  21,7	  22,8	  22,6	  19,7	 -14,4
s	   190,4935	 8	249,36	 80,32	   1,6	  13,8	  19,9	  20,4	  21,8	  23,2	  19,3	 -14,9
s	   192,8552	 8	194,02	 89,78	   4,8	  16,4	  21,0	  21,7	  22,7	  21,7	  18,3	 -16,8
s	   193,5733	 8	215,57	 87,28	   3,7	  15,7	  20,1	  20,5	  21,6	  21,6	  18,3	 -16,9
s	   193,5845	 7	 65,80	 88,14	   6,7	  17,4	  21,4	  21,8	  23,0	  23,2	  18,4	 -16,8
s	   194,0873	 8	 65,81	 85,84	   6,9	  17,9	  22,2	  22,9	  23,9	  23,2	  19,3	 -15,2
s	   194,5157	 7	106,99	 90,47	   5,7	  16,9	  21,3	  22,0	  23,0	  22,2	  18,3	 -17,0
s	   194,6455	 8	107,00	 92,59	   4,7	  16,4	  20,9	  21,7	  22,7	  21,8	  18,2	 -17,1
s	   196,7276	 8	 74,36	 99,25	   0,8	  12,8	  18,9	  19,4	  20,7	  22,0	  18,0	 -17,5
s	   197,0590	 8	145,62	 90,24	   5,3	  17,0	  21,5	  22,3	  23,3	  22,2	  19,0	 -15,7
s	   198,5585	 5	249,52	 91,47	   5,4	  16,7	  21,9	  22,8	  24,1	  23,6	  19,2	 -15,6
s	   198,6798	 8	342,81	 89,75	   6,0	  17,2	  21,7	  22,5	  23,4	  22,3	  18,9	 -16,0
s	   198,8612	 8	128,78	 90,37	   4,5	  16,3	  20,8	  21,5	  22,5	  21,6	  17,9	 -17,8
s	   199,2572	 8	146,54	 90,24	   6,0	  17,3	  21,7	  22,4	  23,4	  22,5	  18,9	 -16,1
s	   199,4185	 8	290,46	 89,38	   5,4	  16,7	  21,0	  21,7	  22,6	  21,8	  17,8	 -18,0
s	   200,5694	 8	249,49	 81,28	   0,4	  12,9	  19,1	  19,8	  21,0	  22,2	  18,5	 -16,5
s	   201,7547	 8	 34,94	 90,25	   5,1	  16,4	  20,9	  21,6	  22,6	  21,6	  17,6	 -18,3
s	   202,8749	 8	 89,22	 88,29	   5,3	  16,6	  20,8	  21,1	  22,2	  22,5	  17,6	 -18,5
s	   206,0661	 7	 74,25	 96,68	   4,4	  15,8	  20,8	  21,4	  22,7	  23,1	  18,4	 -17,1
s	   206,8288	 8	 74,24	 98,34	   0,4	  12,9	  19,1	  19,7	  21,0	  22,1	  18,3	 -17,4
s	   207,0888	 8	 81,42	 96,67	   2,6	  14,9	  20,2	  20,8	  22,0	  22,2	  18,3	 -17,4
s	   208,3254	 8	210,54	 89,63	   4,2	  15,7	  20,1	  19,5	  19,5	  18,6	  15,0	 -20,7
s	   208,9078	 7	242,55	 89,41	   4,1	  16,3	  20,7	  21,4	  22,4	  21,6	  17,2	 -19,4
s	   208,9080	 4	249,63	 89,39	   7,0	  17,6	  21,7	  22,4	  23,5	  23,0	  17,5	 -19,0
s	   209,0710	 8	242,54	 87,27	   3,6	  15,7	  20,0	  20,4	  21,5	  21,6	  17,1	 -19,5
s	   209,0713	 5	249,62	 87,25	   6,5	  17,1	  21,0	  21,3	  22,6	  23,0	  17,4	 -19,2
s	   209,4532	 6	249,65	 93,51	   5,5	  16,6	  20,6	  21,0	  22,2	  22,5	  17,3	 -19,3
s	   209,4951	 6	249,62	 85,26	   5,7	  16,8	  20,9	  21,2	  22,4	  22,7	  18,3	 -17,6
s	   209,5284	 5	256,81	 89,37	   6,7	  17,4	  21,5	  22,3	  23,4	  22,7	  17,4	 -19,3
s	   209,6493	 6	256,82	 91,35	   6,0	  17,2	  21,5	  22,2	  23,2	  22,5	  18,3	 -17,6
s	   209,6912	 6	256,81	 87,23	   5,5	  16,5	  20,6	  21,0	  22,1	  22,2	  17,3	 -19,4
s	   209,9300	 7	249,65	 95,00	   3,5	  15,3	  20,4	  21,0	  22,2	  22,5	  18,2	 -17,8
s	   210,0720	 7	256,82	 93,48	   5,2	  16,4	  20,5	  20,9	  22,0	  22,2	  17,1	 -19,6
s	   210,2429	 7	249,61	 83,14	   4,2	  15,6	  19,6	  19,7	  20,9	  22,0	  17,1	 -19,6
s	   210,3314	 8	104,14	 90,48	   3,3	  15,4	  20,0	  20,8	  21,7	  20,6	  17,0	 -19,7
s	   210,5475	 8	256,83	 94,96	   2,5	  14,7	  20,0	  20,7	  21,8	  21,8	  18,0	 -18,0
s	   210,8595	 8	256,80	 83,14	   4,0	  15,4	  19,5	  19,6	  20,7	  21,7	  16,9	 -19,8
s	   211,1221	 8	249,66	 97,59	   3,4	  15,3	  19,5	  19,6	  20,7	  21,7	  18,0	 -18,1
s	   212,3303	 8	112,41	 90,45	   4,7	  16,5	  20,9	  21,7	  22,6	  21,6	  17,9	 -18,3
s	   215,3110	 4	 74,16	 90,48	   6,2	  17,2	  21,4	  22,1	  23,2	  22,5	  18,1	 -18,3
s	   215,4696	 5	 74,16	 88,40	   6,5	  17,1	  20,9	  21,3	  22,5	  22,9	  18,0	 -18,4
s	   215,8406	 6	 74,15	 94,48	   5,5	  16,6	  20,6	  21,0	  22,1	  22,4	  17,8	 -18,6
s	   215,8813	 6	 74,17	 86,47	   5,5	  16,6	  20,6	  21,0	  22,1	  22,4	  17,8	 -18,6
s	   215,9137	 5	 67,18	 90,45	   6,0	  17,0	  21,3	  22,0	  23,1	  22,2	  17,9	 -18,5
s	   215,9496	 6	235,71	 89,45	   5,5	  16,7	  21,0	  21,7	  22,7	  21,9	  16,8	 -20,4
s	   216,0670	 7	235,72	 91,38	   4,8	  16,5	  20,9	  21,6	  22,6	  21,7	  17,7	 -18,8
s	   216,0719	 6	 67,19	 88,38	   5,5	  16,4	  20,5	  21,0	  22,1	  22,2	  17,8	 -18,7
s	   216,1077	 7	235,70	 87,38	   4,3	  15,7	  20,0	  20,4	  21,5	  21,5	  16,7	 -20,6
s	   216,1540	 8	161,11	 90,11	   4,6	  15,7	  20,2	  21,0	  21,9	  20,7	  16,5	 -20,7
s	   216,2105	 5	 80,99	 90,49	   5,2	  16,7	  21,0	  21,8	  22,8	  22,0	  17,9	 -18,6
s	   216,3039	 7	 74,14	 95,93	   3,2	  15,0	  20,1	  20,7	  21,9	  22,2	  17,7	 -18,8
s	   216,3279	 6	 80,99	 92,42	   5,0	  16,7	  21,0	  21,7	  22,7	  22,0	  17,8	 -18,7
s	   216,3684	 6	 81,00	 88,42	   4,7	  16,1	  20,3	  20,7	  21,8	  22,0	  17,8	 -18,7
s	   216,4419	 7	 67,16	 94,45	   5,2	  16,4	  20,5	  20,9	  22,0	  22,1	  17,7	 -18,8
s	   216,4777	 8	235,73	 93,45	   4,0	  15,7	  19,9	  20,3	  21,4	  21,4	  16,5	 -20,7
s	   216,5183	 8	235,69	 85,46	   3,5	  15,5	  19,9	  20,3	  21,3	  21,2	  17,5	 -18,9
s	   216,6080	 7	 74,17	 84,41	   4,2	  15,6	  19,6	  19,7	  20,9	  21,9	  17,7	 -18,8
s	   216,7380	 7	 80,99	 94,48	   3,7	  15,7	  20,0	  20,4	  21,5	  21,5	  17,6	 -18,9
s	   216,7786	 7	 81,00	 86,50	   4,5	  16,1	  20,2	  20,6	  21,7	  21,9	  17,6	 -18,9
s	   217,0859	 8	 67,16	 96,36	   5,0	  16,3	  20,4	  20,8	  21,9	  22,0	  17,5	 -19,0
s	   217,1995	 8	 80,98	 95,92	   1,5	  14,1	  19,5	  20,2	  21,3	  21,3	  17,5	 -19,1
s	   217,2073	 8	 67,20	 84,40	   3,2	  15,0	  19,2	  19,4	  20,4	  21,2	  17,5	 -19,1
s	   217,5024	 8	 81,00	 84,45	   3,2	  15,1	  19,3	  19,4	  20,5	  21,4	  17,5	 -19,1
s	   217,5434	 8	 74,18	 82,51	   3,0	  14,9	  19,0	  19,1	  20,2	  21,2	  17,2	 -19,3
s	   218,4691	 8	220,06	 89,56	   5,0	  16,4	  20,7	  21,4	  22,4	  21,5	  17,2	 -19,5
s	   223,0225	 6	 86,89	 90,50	   4,7	  16,3	  20,7	  21,4	  22,4	  21,4	  17,3	 -19,8
s	   223,1758	 7	 86,90	 88,49	   5,0	  16,1	  20,2	  20,6	  21,7	  21,8	  17,2	 -19,9
s	   223,5346	 8	 86,89	 94,37	   4,0	  15,7	  19,9	  20,3	  21,3	  21,3	  17,0	 -20,1
s	   223,5740	 8	 86,90	 86,63	   4,0	  15,7	  19,9	  20,3	  21,3	  21,3	  17,0	 -20,1
s	   226,4669	 7	229,56	 89,49	   3,6	  15,7	  20,2	  21,0	  21,9	  20,8	  16,9	 -20,5
s	   226,6180	 8	229,55	 87,51	   3,1	  15,1	  19,5	  19,9	  20,9	  20,7	  16,8	 -20,6
s	   226,9741	 7	243,28	 89,42	   3,4	  15,6	  20,0	  20,7	  21,7	  20,8	  15,9	 -22,3
s	   227,1248	 8	243,27	 87,44	   2,9	  15,0	  19,3	  19,7	  20,7	  20,7	  15,7	 -22,5
s	   228,8215	 8	276,66	 89,36	   3,3	  15,4	  20,0	  20,8	  21,7	  20,4	  16,6	 -20,9
s	   229,2144	 8	275,85	 89,36	   3,3	  15,4	  20,0	  20,8	  21,7	  20,4	  16,6	 -21,0
s	   230,3234	 7	262,86	 89,36	   3,5	  15,5	  20,1	  20,8	  21,8	  20,6	  16,6	 -21,1
s	   230,4721	 8	262,86	 87,41	   3,0	  15,0	  19,4	  19,8	  20,8	  20,6	  16,5	 -21,2
s	   234,0874	 8	 60,44	 88,51	   4,1	  15,4	  19,5	  19,9	  20,9	  21,0	  15,2	 -23,6
s	   236,2529	 8	 47,99	 90,36	   4,0	  15,6	  20,0	  20,7	  21,6	  20,4	  16,0	 -22,2
s	   237,3377	 8	222,78	 89,54	   3,9	  15,2	  19,5	  20,2	  21,1	  20,0	  14,9	 -24,2
s	   243,8466	 8	 99,48	 90,50	   2,1	  14,1	  18,7	  19,5	  20,4	  19,0	  14,5	 -25,1
s	   252,2273	 7	 79,74	 90,50	   2,0	  14,5	  19,1	  19,8	  20,7	  19,4	  15,1	 -24,6
s	   252,3284	 8	 79,73	 92,16	   1,8	  14,4	  19,0	  19,7	  20,6	  19,4	  15,0	 -24,7
s	   252,3635	 8	 79,74	 88,71	   1,5	  13,9	  18,4	  18,8	  19,7	  19,4	  15,0	 -24,7
s	   254,7092	 7	250,04	 92,81	   1,9	  13,6	  18,7	  19,3	  20,4	  20,5	  14,9	 -25,0
s	   259,6544	 6	 73,78	 92,10	   2,2	  14,0	  19,3	  20,2	  21,2	  20,3	  14,7	 -25,6
s	   260,1579	 7	 67,95	 92,08	   2,0	  13,8	  19,2	  20,1	  21,1	  20,0	  14,5	 -25,8
s	   264,7378	 5	250,10	 89,40	   3,5	  15,0	  19,3	  20,0	  21,0	  19,8	  14,5	 -26,3
s	   264,8344	 6	250,10	 90,98	   3,3	  14,9	  19,2	  19,9	  20,9	  19,8	  14,3	 -26,5
s	   264,8678	 6	250,09	 87,70	   3,8	  14,9	  18,8	  19,2	  20,3	  20,2	  14,3	 -26,5
#END
