#HEADER
CATT-Acoustic v8.0b    Copyright © CATT 1988-2003

 Project                : Aula Optica 

 GEOMETRICAL INFORMATION
 Src id and loc     [m] :   E0           9,400        4,600        1,300
 Rec id and loc     [m] :   22          17,500        7,600        1,200

 22       25,1607

 VARIABLE SOURCE DATA
 Directivity
   Type (library)       :  OMNI.SD0
   Dir. Index (DI) [dB] :       0,0      0,0      0,0      0,0      0,0      0,0      0,0      0,0
 Level
   On axis 1m      [dB] :      48,1     57,1     60,8     61,7     63,4     64,6     64,6     48,2
   Total power     [dB] :      59,0     68,0     71,7     72,6     74,3     75,5     75,5     59,1
   Auxiliary delay [ms] :       0,0

 VARIABLE AIR DATA
 Temperature       [°C] :      20
 Relative humidity  [%] :      50
 Density        [kg/m³] :       1,2
 Sound speed      [m/s] :     343
 Impedance      [Ns/m³] :     412
 Diss. coeff. [0.001/m] :      0,10     0,30     0,63     1,07     2,28     6,83    24,23    83,90      (estimated)

#DATAFIELDS
 TYPE DELAY ORDER AZIMUTH ELEVATION SPL125 SPL250 SPL500 SPL1K SPL2K SPL4K SPL8K SPL16K
#DATA
d	     0,0000	 0	 99,68	 89,67	  29,4	  38,4	  42,0	  42,9	  44,6	  45,6	  45,0	  26,3
s	     1,0309	 1	 99,70	106,48	  28,3	  37,5	  41,2	  42,0	  43,7	  44,8	  44,0	  25,3
*	     2,5845	 1	 62,07	135,75	  10,4	  19,5	  23,2	  24,1	  25,7	  26,8	  26,0	   7,1
*	     4,1526	 1	143,64	113,41	   4,1	  13,3	  16,9	  17,8	  19,4	  20,5	  19,6	   0,6
*	    12,6609	 1	155,76	102,34	  -4,6	   4,6	   8,3	   9,1	  10,8	  11,7	  10,7	  -9,1
*	     3,1061	 1	 73,06	106,94	   3,1	  12,2	  15,9	  16,8	  18,4	  19,5	  18,7	  -0,2
*	     1,5201	 1	110,11	104,48	   4,4	  13,6	  17,3	  18,1	  19,7	  20,8	  20,1	   1,3
*	     8,5631	 1	131,13	100,34	  -1,3	   7,8	  11,5	  12,4	  14,0	  15,0	  14,1	  -5,3
*	     6,7211	 1	 74,93	100,21	   0,7	   9,9	  13,6	  14,4	  16,1	  17,1	  16,2	  -3,0
*	     1,8951	 1	 97,94	 99,62	   9,8	  19,0	  22,7	  23,5	  25,1	  26,2	  25,4	   6,6
*	     8,6538	 1	115,84	 98,10	   2,3	  11,5	  15,2	  16,0	  17,6	  18,7	  17,7	  -1,7
*	    15,6160	 1	 75,71	 97,34	  -4,4	   4,8	   8,4	   9,3	  10,9	  11,9	  10,7	  -9,3
*	    11,0413	 1	 92,25	 97,13	   3,0	  12,2	  15,9	  16,7	  18,4	  19,4	  18,3	  -1,3
*	    16,4605	 1	106,67	 96,46	  -2,1	   7,0	  10,7	  11,5	  13,2	  14,1	  13,0	  -7,1
*	    29,1498	 1	 76,12	 95,76	 -12,4	  -3,2	   0,4	   1,3	   2,9	   3,7	   2,3	 -19,0
*	    26,5884	 1	 89,01	 95,66	  -9,9	  -0,7	   2,9	   3,7	   5,4	   6,2	   4,8	 -16,2
*	    30,3035	 1	100,83	 95,32	 -11,8	  -2,7	   1,0	   1,8	   3,4	   4,3	   2,8	 -18,5
*	    44,5062	 1	 76,39	 94,76	 -19,5	 -10,3	  -6,6	  -5,8	  -4,3	  -3,5	  -5,4	 -28,0
*	    42,8813	 1	 86,92	 94,71	 -18,4	  -9,2	  -5,6	  -4,8	  -3,2	  -2,4	  -4,2	 -26,7
*	    45,7461	 1	 96,86	 94,52	 -19,4	 -10,3	  -6,6	  -5,8	  -4,2	  -3,5	  -5,4	 -28,1
s	     1,3784	 1	 99,66	 71,78	  26,7	  35,8	  39,4	  40,0	  41,6	  43,4	  43,1	  23,6
*	    21,3665	 1	184,26	 75,36	  -6,1	   3,8	   7,6	   8,4	  10,0	  11,7	  10,8	  -8,0
*	    13,1224	 1	197,87	 64,10	   1,4	  11,3	  15,2	  16,0	  17,6	  19,3	  18,7	   0,6
*	    10,6565	 1	263,69	 44,55	   7,2	  17,0	  20,9	  21,7	  23,3	  25,1	  24,5	   6,6
*	    13,4960	 1	155,65	 75,45	  -2,0	   7,9	  11,7	  12,5	  14,1	  15,9	  15,2	  -2,9
*	     4,8122	 1	142,89	 63,93	   6,1	  16,0	  19,8	  20,6	  22,3	  24,1	  23,6	   6,3
*	     2,7608	 1	 74,62	 42,36	  11,6	  21,5	  25,4	  26,2	  27,8	  29,6	  29,2	  12,1
*	     9,8007	 1	132,34	 78,08	   0,9	  10,8	  14,7	  15,4	  17,1	  18,8	  18,3	   0,5
*	     2,1622	 1	112,37	 73,59	   7,1	  16,9	  20,8	  21,6	  23,2	  25,0	  24,7	   7,6
*	     2,9228	 1	 77,82	 70,61	   6,3	  16,1	  20,0	  20,8	  22,4	  24,2	  23,9	   6,7
*	    10,3568	 1	117,70	 80,79	   3,6	  13,5	  17,4	  18,1	  19,8	  21,5	  21,0	   3,1
*	     2,4175	 1	100,54	 79,07	  13,0	  22,9	  26,8	  27,6	  29,2	  31,0	  30,7	  13,5
*	     6,1860	 1	 78,43	 78,27	   4,9	  14,7	  18,6	  19,4	  21,0	  22,8	  22,3	   4,9
*	    18,0285	 1	108,76	 82,77	  -0,5	   9,3	  13,2	  14,0	  15,6	  17,3	  16,5	  -2,0
*	    11,5536	 1	 94,79	 81,99	   6,1	  15,9	  19,8	  20,6	  22,2	  24,0	  23,4	   5,4
*	    15,0798	 1	 78,71	 81,68	  -0,3	   9,5	  13,4	  14,2	  15,8	  17,5	  16,8	  -1,5
*	    31,3142	 1	102,99	 84,16	  -9,3	   0,6	   4,5	   5,2	   6,8	   8,4	   7,3	 -12,4
*	    26,9391	 1	 91,46	 83,75	  -6,8	   3,1	   6,9	   7,7	   9,3	  10,9	   9,9	  -9,4
*	    28,7632	 1	 78,85	 83,60	  -8,8	   1,1	   5,0	   5,7	   7,3	   8,9	   7,9	 -11,6
*	    46,3651	 1	 99,04	 85,13	 -16,5	  -6,6	  -2,8	  -2,0	  -0,5	   1,1	  -0,5	 -21,5
*	    43,0388	 1	 89,30	 84,90	 -15,2	  -5,3	  -1,5	  -0,7	   0,8	   2,4	   0,9	 -19,8
*	    44,1317	 1	 78,94	 84,81	 -16,0	  -6,2	  -2,3	  -1,6	   0,0	   1,5	   0,1	 -20,8
s	     4,3569	 2	 99,72	121,87	  25,5	  34,8	  38,5	  39,0	  40,6	  42,4	  41,9	  22,2
s	     4,6656	 2	 99,65	 57,85	  26,0	  35,4	  39,1	  39,7	  41,3	  43,1	  42,6	  23,6
s	     4,9093	 1	 41,05	 89,67	  26,6	  35,7	  39,4	  40,3	  41,9	  42,8	  41,9	  22,0
*	    35,6653	 1	 72,19	 92,33	 -11,7	  -2,7	   1,1	   1,9	   3,5	   4,1	   3,7	 -16,4
*	    28,5509	 1	 71,36	 92,56	  -8,3	   0,7	   4,5	   5,4	   6,9	   7,6	   7,3	 -12,1
*	    22,0229	 1	 70,29	 92,85	  -4,9	   4,2	   7,9	   8,8	  10,4	  11,1	  11,0	  -7,9
*	    22,2256	 1	 70,31	 85,23	  -5,0	   4,1	   7,8	   8,7	  10,3	  11,0	  10,9	  -8,0
*	    16,3792	 1	 68,90	 93,24	  -1,7	   7,3	  11,1	  12,0	  13,6	  14,3	  14,4	  -4,0
*	    16,6076	 1	 68,92	 84,46	  -1,9	   7,2	  10,9	  11,8	  13,4	  14,2	  14,2	  -4,2
*	    11,9161	 1	 67,03	 93,75	   0,8	   9,8	  13,6	  14,4	  16,0	  16,8	  17,0	  -1,0
*	    12,1664	 1	 67,06	 83,43	   0,6	   9,6	  13,4	  14,2	  15,8	  16,6	  16,8	  -1,2
*	     8,7325	 1	 64,34	 94,48	   2,5	  11,5	  15,3	  16,1	  17,7	  18,6	  18,8	   1,1
*	     9,0020	 1	 64,37	 81,98	   2,2	  11,3	  15,1	  15,9	  17,5	  18,4	  18,6	   0,9
*	     6,6618	 1	 60,22	 95,57	   3,9	  12,9	  16,7	  17,6	  19,2	  20,0	  20,3	   2,8
*	     6,9578	 1	 60,27	 79,80	   3,6	  12,7	  16,5	  17,3	  18,9	  19,8	  20,1	   2,5
*	     5,4669	 1	 53,18	 97,36	   5,8	  14,8	  18,6	  19,5	  21,1	  21,9	  22,3	   4,8
*	     5,8131	 1	 53,26	 76,27	   5,4	  14,5	  18,2	  19,1	  20,7	  21,6	  21,9	   4,4
*	     5,1020	 1	 39,25	100,50	   8,6	  17,7	  21,5	  22,3	  23,9	  24,8	  25,1	   7,7
*	     5,5465	 1	 39,39	 70,21	   8,0	  17,0	  20,8	  21,7	  23,3	  24,1	  24,5	   7,0
*	     6,1376	 1	  8,13	104,99	  11,6	  20,6	  24,4	  25,3	  26,9	  27,7	  28,0	  10,5
*	     6,7229	 1	  8,40	 61,89	  10,3	  19,4	  23,2	  24,0	  25,6	  26,5	  26,8	   9,2
*	    10,0799	 1	322,45	103,91	   9,1	  18,2	  21,9	  22,8	  24,4	  25,2	  25,5	   7,6
*	    10,6315	 1	322,66	 63,01	   8,0	  17,1	  20,8	  21,7	  23,3	  24,1	  24,3	   6,4
s	     5,7770	 2	 40,98	103,84	  26,7	  35,9	  39,7	  40,5	  42,1	  43,0	  42,3	  23,1
s	     6,0718	 2	 41,12	 74,53	  25,0	  34,2	  37,9	  38,5	  40,1	  41,7	  41,4	  21,5
s	     8,2753	 1	244,21	 89,19	  25,7	  35,2	  39,0	  39,9	  41,5	  42,4	  41,9	  22,5
*	    13,0589	 1	308,20	 69,09	  10,6	  20,1	  23,9	  24,8	  26,4	  27,2	  26,6	   6,8
*	    11,5113	 1	201,06	 73,11	   9,3	  18,8	  22,7	  23,5	  25,1	  26,0	  25,4	   5,7
*	    24,2554	 1	182,21	 82,71	  -2,2	   7,3	  11,1	  12,0	  13,6	  14,3	  13,4	  -7,4
s	     8,6391	 3	 40,91	117,40	  24,1	  33,5	  37,2	  37,7	  39,3	  40,9	  40,5	  20,3
s	     8,9340	 3	 99,74	132,78	  24,6	  34,2	  37,9	  38,4	  40,0	  41,9	  41,2	  21,8
s	     9,0578	 2	244,24	101,98	  25,0	  34,7	  38,6	  39,4	  41,0	  41,9	  41,3	  21,8
s	     9,3245	 2	244,17	 75,51	  23,4	  33,1	  36,8	  37,4	  39,0	  40,6	  40,4	  20,2
s	     9,7309	 3	 99,63	 46,48	  22,8	  32,4	  36,0	  36,2	  37,9	  40,5	  40,2	  19,9
s	     9,8329	 5	 39,49	 61,89	  23,9	  33,5	  37,4	  38,0	  39,5	  40,9	  40,7	  21,2
s	    11,6658	 3	244,28	114,48	  22,6	  32,4	  36,2	  36,7	  38,3	  40,0	  39,7	  19,2
s	    11,9137	 3	244,14	 64,09	  23,1	  33,1	  36,9	  37,4	  39,0	  40,7	  40,4	  20,7
s	    12,1100	 2	289,37	 89,23	  23,8	  33,3	  37,3	  38,1	  39,7	  40,4	  39,6	  19,2
s	    12,7021	 4	 40,85	127,65	  23,4	  33,1	  36,9	  37,4	  39,0	  40,7	  40,1	  20,3
s	    12,8136	 3	289,35	100,73	  23,9	  33,6	  37,6	  38,4	  39,9	  40,7	  40,1	  20,4
s	    13,0541	 3	289,40	 76,91	  22,3	  32,0	  35,8	  36,4	  37,9	  39,4	  39,3	  18,7
s	    13,4212	 4	 41,25	 51,42	  21,7	  31,3	  35,1	  35,3	  36,9	  39,3	  39,1	  18,5
s	    14,8928	 4	 99,75	141,42	  21,4	  31,2	  34,8	  34,9	  36,6	  39,2	  38,7	  18,0
s	    15,0999	 1	133,48	 89,83	  24,1	  33,6	  37,4	  38,3	  39,9	  40,7	  40,0	  20,0
*	    15,8589	 1	136,00	 98,26	  -3,6	   5,9	   9,7	  10,6	  12,2	  13,0	  12,3	  -7,7
s	    15,1795	 4	289,32	112,18	  21,6	  31,5	  35,3	  35,8	  37,4	  38,9	  38,6	  17,9
s	    15,3478	 4	 99,61	 38,73	  21,8	  31,7	  35,4	  35,6	  37,3	  39,9	  39,4	  19,4
s	    15,4269	 4	244,31	124,23	  22,1	  32,2	  36,1	  36,6	  38,1	  39,8	  39,4	  19,3
s	    15,7520	 2	133,53	100,50	  23,7	  33,4	  37,2	  38,1	  39,6	  40,5	  39,7	  19,7
s	    15,9754	 2	133,44	 78,40	  22,7	  32,4	  36,3	  36,8	  38,4	  40,0	  39,7	  19,6
s	    16,0986	 4	244,10	 53,82	  20,4	  30,5	  34,2	  34,5	  36,0	  38,5	  38,4	  17,6
s	    16,1848	 6	290,95	 66,01	  21,5	  31,6	  35,7	  36,2	  37,7	  38,9	  38,9	  18,9
*	    18,5158	 1	142,40	 98,21	  -7,9	   1,3	   5,1	   8,6	  11,1	  11,9	  10,7	  -9,6
*	    18,8192	 1	144,95	 98,37	  -8,2	   1,0	   4,8	   8,3	  10,8	  11,6	  10,4	  -9,9
*	    19,2113	 1	147,60	 98,51	  -8,5	   0,7	   4,5	   8,0	  10,5	  11,3	  10,1	 -10,2
*	    19,6905	 1	150,36	 98,65	  -8,8	   0,4	   4,2	   7,7	  10,2	  10,9	   9,7	 -10,6
*	    18,1672	 1	142,39	 95,46	  -7,7	   1,5	   5,3	   8,8	  11,3	  12,1	  11,0	  -9,3
*	    18,4765	 1	144,93	 95,56	  -8,0	   1,2	   5,0	   8,5	  11,0	  11,8	  10,7	  -9,6
*	    18,8745	 1	147,58	 95,65	  -8,3	   0,9	   4,7	   8,2	  10,7	  11,5	  10,3	 -10,0
*	    19,3592	 1	150,34	 95,73	  -8,6	   0,6	   4,4	   7,9	  10,4	  11,1	  10,0	 -10,4
*	    17,9553	 1	142,37	 92,67	  -7,5	   1,7	   5,5	   9,0	  11,5	  12,2	  11,1	  -9,1
*	    18,2686	 1	144,92	 92,71	  -7,8	   1,3	   5,2	   8,7	  11,2	  11,9	  10,8	  -9,5
*	    18,6703	 1	147,57	 92,75	  -8,2	   1,0	   4,8	   8,3	  10,8	  11,6	  10,4	  -9,9
*	    19,1587	 1	150,33	 92,78	  -8,5	   0,7	   4,5	   8,0	  10,5	  11,2	  10,1	 -10,3
*	    17,8824	 1	142,36	 89,88	  -7,5	   1,7	   5,5	   9,0	  11,5	  12,3	  11,2	  -9,1
*	    18,1974	 1	144,90	 89,85	  -7,8	   1,4	   5,2	   8,7	  11,2	  12,0	  10,8	  -9,4
*	    18,6008	 1	147,55	 89,84	  -8,1	   1,1	   4,9	   8,4	  10,9	  11,6	  10,5	  -9,8
*	    19,0907	 1	150,31	 89,81	  -8,5	   0,7	   4,5	   8,0	  10,5	  11,3	  10,1	 -10,2
*	    17,9493	 1	142,35	 87,08	  -7,5	   1,7	   5,5	   9,0	  11,5	  12,2	  11,1	  -9,1
*	    18,2637	 1	144,89	 87,00	  -7,8	   1,4	   5,2	   8,7	  11,2	  11,9	  10,8	  -9,5
*	    18,6666	 1	147,54	 86,93	  -8,2	   1,0	   4,8	   8,3	  10,8	  11,6	  10,5	  -9,8
*	    19,1560	 1	150,30	 86,86	  -8,5	   0,7	   4,5	   8,0	  10,5	  11,2	  10,1	 -10,3
*	    18,1553	 1	142,33	 84,31	  -7,6	   1,5	   5,4	   8,9	  11,4	  12,1	  11,0	  -9,3
*	    18,4669	 1	144,88	 84,17	  -7,9	   1,2	   5,1	   8,6	  11,1	  11,8	  10,7	  -9,6
*	    18,8671	 1	147,52	 84,03	  -8,3	   0,9	   4,7	   8,2	  10,7	  11,5	  10,3	 -10,0
*	    19,3539	 1	150,28	 83,91	  -8,6	   0,6	   4,4	   7,9	  10,4	  11,1	  10,0	 -10,4
s	    17,9570	 3	133,58	111,23	  21,3	  31,1	  34,8	  35,3	  36,9	  38,5	  38,1	  17,1
s	    18,1455	 5	 40,78	136,25	  20,5	  30,3	  34,0	  34,2	  35,8	  38,2	  37,8	  16,8
s	    18,1690	 3	133,39	 68,55	  21,7	  31,7	  35,5	  36,1	  37,6	  39,3	  38,8	  18,5
s	    18,5666	 5	 41,32	 43,67	  20,9	  30,9	  34,7	  34,9	  36,5	  38,9	  38,5	  18,2
s	    18,6399	 5	289,30	121,37	  21,2	  31,4	  35,3	  35,8	  37,3	  38,9	  38,5	  18,2
s	    19,2631	 5	289,44	 56,71	  19,5	  29,7	  33,5	  33,7	  35,3	  37,5	  37,5	  16,4
*	    19,8245	 1	159,97	 99,58	  -6,8	   2,7	   6,5	   7,3	   8,9	   9,7	   8,9	 -11,5
s	    20,5469	 5	244,35	132,68	  19,3	  29,5	  33,3	  33,5	  35,0	  37,5	  37,2	  16,0
s	    20,9461	 5	244,07	 46,17	  19,7	  30,1	  34,0	  34,2	  35,8	  38,2	  37,9	  17,4
s	    21,0310	 5	 99,77	147,33	  20,5	  30,5	  34,2	  34,4	  36,0	  38,6	  37,9	  17,4
s	    21,2107	 4	133,62	120,00	  20,9	  31,1	  34,9	  35,4	  37,0	  38,6	  38,0	  17,5
s	    21,7997	 4	133,34	 59,26	  19,3	  29,4	  33,1	  33,3	  34,9	  37,3	  37,1	  15,7
s	    22,0124	 5	 99,59	 32,57	  18,7	  28,8	  32,4	  32,3	  33,9	  37,2	  36,9	  15,6
s	    22,8428	 2	211,60	 89,47	  21,7	  31,1	  34,8	  34,4	  34,9	  35,9	  35,0	  14,3
s	    23,3911	 3	211,65	 98,45	  21,3	  31,0	  34,7	  34,2	  34,7	  35,7	  34,7	  14,0
s	    23,4225	 6	289,28	129,58	  18,5	  28,8	  32,7	  32,9	  34,4	  36,7	  36,5	  15,0
s	    23,5794	 3	211,55	 79,84	  20,2	  30,5	  34,5	  35,0	  36,6	  38,0	  37,8	  17,1
s	    23,7983	 6	289,47	 49,25	  19,0	  29,4	  33,4	  33,6	  35,1	  37,4	  37,2	  16,4
*	    23,8558	 1	118,62	 86,67	   3,6	  13,1	  16,9	  17,8	  19,4	  20,1	  19,2	  -1,6
s	    24,8037	 6	 41,39	 37,22	  18,0	  28,1	  31,8	  31,7	  33,2	  36,4	  36,2	  14,6
*	    25,1222	 1	170,82	 99,02	  -2,7	   6,8	  10,6	  11,5	  13,0	  13,8	  12,9	  -8,0
*	    25,3503	 1	170,70	 78,64	  -2,8	   6,7	  10,5	  11,4	  12,9	  13,7	  12,7	  -8,2
s	    25,2631	 4	211,70	107,65	  18,9	  29,2	  33,2	  33,6	  35,2	  36,7	  36,3	  14,7
s	    25,4445	 4	211,51	 71,37	  20,4	  30,3	  34,1	  34,6	  36,1	  37,7	  37,0	  16,1
s	    25,7523	 5	133,67	127,99	  18,4	  28,6	  32,4	  32,5	  34,1	  36,5	  36,1	  14,4
s	    26,0113	 6	244,38	138,90	  18,6	  29,2	  33,0	  33,2	  34,7	  37,2	  36,7	  15,8
s	    26,0382	 2	 16,80	 89,77	  21,8	  31,3	  35,2	  36,1	  37,6	  38,2	  37,4	  16,5
s	    26,5526	 3	 16,75	 98,19	  21,5	  31,2	  35,1	  35,9	  37,4	  38,1	  37,2	  16,2
s	    26,7294	 3	 16,85	 80,73	  20,4	  30,2	  34,1	  34,7	  36,2	  37,6	  37,2	  16,1
s	    26,8989	 6	244,03	 39,65	  16,9	  27,4	  31,2	  31,1	  32,6	  35,9	  35,8	  14,0
s	    26,9182	 7	133,87	 51,87	  17,5	  28,5	  32,5	  32,7	  34,2	  36,4	  36,4	  15,4
*	    27,7182	 1	112,51	 95,59	  -8,1	   1,3	   5,2	   6,0	   7,6	   8,3	   7,3	 -13,8
s	    28,0564	 6	 99,79	152,12	  17,5	  27,7	  31,3	  31,1	  32,7	  36,1	  35,5	  13,6
s	    28,0721	 5	211,74	115,43	  19,7	  29,8	  33,6	  34,1	  35,6	  37,2	  36,4	  15,2
s	    28,2248	 3	312,17	 89,43	  20,4	  30,5	  34,5	  35,4	  36,9	  37,4	  36,9	  15,7
s	    28,4851	 4	 16,90	 72,72	  19,7	  29,7	  33,6	  34,1	  35,6	  37,1	  36,5	  15,3
s	    28,5704	 6	 99,58	 28,26	  17,9	  28,3	  31,9	  31,8	  33,4	  36,8	  36,2	  15,0
s	    28,5859	 5	211,46	 63,09	  18,1	  28,1	  31,9	  32,1	  33,5	  35,9	  35,5	  13,5
s	    28,7184	 4	312,13	 97,51	  20,1	  30,4	  34,4	  35,2	  36,7	  37,3	  36,6	  15,5
s	    28,8882	 4	312,20	 80,76	  19,1	  29,4	  33,5	  34,1	  35,5	  36,8	  36,6	  15,4
s	    29,4410	 7	289,49	 42,72	  16,3	  26,9	  30,7	  30,6	  32,1	  35,2	  35,1	  13,1
*	    29,9904	 1	114,29	 83,42	 -10,8	  -1,3	   2,5	   3,4	   5,0	   5,7	   4,6	 -16,7
s	    30,4112	 5	312,10	105,88	  17,9	  28,2	  32,2	  32,7	  34,2	  35,5	  35,2	  13,1
s	    30,5759	 5	312,23	 73,04	  18,4	  28,9	  32,9	  33,5	  34,9	  36,3	  35,9	  14,6
s	    30,7099	 6	133,71	134,14	  17,8	  28,4	  32,2	  32,4	  34,0	  36,4	  35,8	  14,4
s	    30,9705	 5	 16,65	114,30	  19,0	  29,2	  33,1	  33,6	  35,1	  36,6	  35,9	  14,5
s	    31,0370	 7	 40,64	147,88	  17,8	  27,8	  31,6	  31,7	  33,2	  35,5	  34,8	  12,7
s	    31,0370	 7	 41,45	 32,57	  17,3	  27,7	  31,5	  31,3	  32,9	  36,1	  35,6	  14,2
s	    31,4581	 5	 16,95	 64,82	  17,4	  27,5	  31,4	  31,6	  33,1	  35,3	  35,0	  12,8
s	    31,5240	 6	133,25	 45,50	  16,2	  26,7	  30,5	  30,3	  31,9	  35,1	  34,9	  12,7
s	    32,0718	 6	211,79	122,81	  17,3	  27,5	  31,3	  31,4	  32,9	  35,3	  34,7	  12,4
s	    32,4324	 7	244,42	144,20	  15,8	  26,5	  30,3	  30,1	  31,7	  34,9	  34,6	  12,3
s	    32,7145	 6	211,41	 55,86	  17,8	  28,5	  32,5	  33,0	  34,5	  35,9	  35,4	  13,9
s	    32,9077	 7	244,00	 34,85	  16,3	  27,1	  30,9	  30,8	  32,4	  35,6	  35,3	  13,7
s	    32,9719	 6	312,07	113,06	  17,8	  28,5	  32,5	  33,0	  34,5	  35,8	  35,4	  13,8
s	    33,4429	 6	312,27	 65,38	  16,2	  26,8	  30,8	  31,0	  32,4	  34,5	  34,5	  12,1
s	    34,7772	 6	 16,60	121,43	  16,7	  27,0	  30,9	  31,0	  32,5	  34,7	  34,3	  11,8
s	    34,8366	 7	 99,81	155,54	  16,7	  27,3	  30,9	  30,8	  32,4	  35,7	  34,9	  13,2
s	    35,0821	 6	 17,00	 58,30	  17,2	  27,6	  31,5	  31,8	  33,3	  35,5	  35,0	  13,2
s	    35,1972	 8	289,52	 37,81	  15,7	  26,6	  30,5	  30,4	  31,9	  35,0	  34,8	  13,0
s	    35,1972	 8	289,23	141,55	  16,2	  26,7	  30,7	  30,8	  32,2	  34,4	  34,0	  11,4
s	    35,8962	 7	 99,56	 24,67	  15,0	  25,5	  29,1	  28,7	  30,3	  34,3	  33,9	  11,4
s	    36,5236	 7	211,84	128,72	  16,9	  27,5	  31,3	  31,5	  32,9	  35,3	  34,6	  12,7
s	    36,6447	 7	133,76	139,60	  15,2	  25,9	  29,7	  29,5	  31,0	  34,2	  33,8	  11,2
s	    36,6555	 7	312,03	120,02	  15,5	  26,3	  30,3	  30,4	  31,9	  34,0	  33,8	  11,2
s	    36,9512	 7	312,30	 59,01	  16,0	  26,9	  31,0	  31,2	  32,6	  34,7	  34,6	  12,6
s	    37,0552	 8	 40,58	151,32	  16,2	  26,8	  30,5	  30,4	  31,9	  35,1	  34,4	  12,5
s	    37,0879	 7	133,21	 40,55	  15,7	  26,5	  30,3	  30,2	  31,8	  35,0	  34,5	  12,6
s	    37,2619	 7	211,36	 50,09	  15,3	  25,8	  29,5	  29,4	  30,9	  34,0	  33,6	  10,9
s	    38,0777	 8	 41,52	 28,62	  14,5	  25,0	  28,7	  28,3	  29,8	  33,7	  33,5	  10,7
s	    38,7500	 8	244,45	148,15	  15,2	  26,2	  30,1	  29,9	  31,4	  34,7	  34,1	  12,0
s	    39,3948	 7	 16,55	127,62	  17,4	  27,8	  31,8	  32,2	  33,7	  35,0	  34,1	  12,0
s	    39,7458	 8	243,96	 30,70	  13,5	  24,5	  28,3	  27,8	  29,3	  33,3	  33,2	  10,2
s	    40,7986	 8	312,00	125,71	  15,2	  26,4	  30,4	  30,6	  32,0	  34,1	  33,8	  11,5
s	    41,8399	 8	312,34	 52,57	  14,6	  25,4	  29,5	  29,6	  31,0	  33,0	  32,8	   9,7
s	    42,0323	 2	148,80	 89,93	  19,6	  28,6	  32,3	  33,2	  34,6	  35,2	  33,4	  10,2
s	    42,3272	 8	 99,83	158,45	  13,9	  24,6	  28,2	  27,7	  29,3	  33,4	  32,7	   9,6
s	    42,3546	 8	211,32	 45,14	  14,9	  25,8	  29,5	  29,4	  30,9	  34,0	  33,5	  11,0
s	    42,4251	 3	148,84	 96,36	  19,3	  28,5	  32,2	  33,0	  34,5	  35,1	  33,2	  10,0
s	    42,5606	 3	148,77	 83,01	  17,4	  27,2	  31,1	  31,6	  33,1	  34,4	  33,2	  10,1
s	    42,5706	 8	133,80	143,78	  14,7	  25,7	  29,6	  29,4	  30,9	  34,1	  33,5	  11,1
s	    42,8680	 8	 99,54	 22,04	  14,4	  25,2	  28,9	  28,4	  30,0	  34,1	  33,4	  11,0
s	    43,7823	 4	148,87	103,12	  17,9	  27,4	  31,1	  31,6	  33,1	  34,5	  32,9	   9,6
s	    43,9150	 4	148,73	 76,77	  17,0	  27,0	  30,8	  31,4	  32,9	  34,2	  32,9	   9,6
s	    44,2678	 8	 16,50	132,59	  14,0	  24,7	  28,6	  28,4	  29,9	  32,9	  32,4	   9,1
s	    44,6626	 8	 17,10	 47,26	  14,4	  25,3	  29,2	  29,1	  30,6	  33,6	  33,1	  10,5
s	    45,5486	 3	196,51	 89,67	  17,3	  27,3	  31,3	  32,2	  33,6	  34,0	  32,8	   9,3
s	    45,8625	 5	148,90	109,08	  17,9	  27,6	  31,3	  31,8	  33,2	  34,7	  33,2	  10,5
s	    45,9220	 4	196,55	 95,78	  17,0	  27,2	  31,3	  32,1	  33,5	  33,9	  32,6	   9,1
s	    46,0508	 4	196,48	 83,09	  15,9	  26,3	  30,3	  30,9	  32,3	  33,5	  32,6	   9,1
s	    46,2485	 5	148,70	 70,39	  16,3	  25,9	  29,6	  29,8	  31,2	  33,4	  32,4	   8,9
s	    47,2136	 5	196,59	102,22	  15,6	  26,1	  30,1	  30,7	  32,1	  33,3	  32,3	   8,7
s	    47,3400	 5	196,44	 77,14	  15,6	  26,1	  30,1	  30,6	  32,1	  33,3	  32,3	   8,7
*	    48,1090	 1	 71,32	 88,19	 -15,4	  -6,2	  -2,6	  -1,8	  -0,2	   0,6	  -1,4	 -24,3
*	    48,2285	 1	100,59	 94,40	  -9,5	   0,2	   4,9	   6,0	   7,6	   8,4	   6,5	 -16,4
s	    49,1547	 6	148,94	115,47	  15,9	  25,9	  29,9	  30,3	  31,7	  32,9	  31,9	   8,1
s	    49,1547	 6	148,67	 64,89	  16,3	  26,2	  29,9	  30,1	  31,6	  33,8	  32,6	   9,6
s	    49,1979	 6	196,62	107,93	  15,6	  26,3	  30,4	  30,8	  32,3	  33,5	  32,7	   9,6
s	    49,5666	 6	196,40	 71,03	  14,1	  24,7	  28,7	  28,8	  30,3	  32,3	  31,8	   8,0
*	    50,7710	 1	105,43	 87,72	  -8,9	   0,6	   4,4	   5,3	   6,8	   7,4	   5,8	 -17,4
s	    51,3839	 3	  7,31	 89,83	  18,2	  27,3	  31,1	  32,0	  33,3	  33,7	  31,8	   7,8
s	    51,7289	 4	  7,28	 95,48	  18,0	  27,2	  31,0	  31,8	  33,2	  33,7	  31,6	   7,6
s	    51,8480	 4	  7,35	 83,75	  16,0	  25,9	  29,9	  30,4	  31,8	  32,9	  31,7	   7,7
s	    52,2362	 8	149,97	114,39	  13,3	  24,1	  28,2	  28,4	  29,7	  31,6	  31,2	   7,1
s	    52,3485	 7	196,66	114,08	  14,5	  25,1	  29,2	  29,6	  31,0	  32,1	  31,3	   7,2
s	    52,3485	 7	196,37	 65,72	  14,0	  25,0	  29,0	  29,2	  30,6	  32,7	  32,1	   8,8
s	    52,3991	 7	148,97	120,14	  15,7	  25,8	  29,5	  29,7	  31,1	  33,4	  32,0	   8,7
s	    52,9245	 5	  7,24	101,45	  16,6	  26,1	  29,9	  30,4	  31,8	  33,1	  31,3	   7,2
s	    52,9875	 7	148,63	 59,47	  14,1	  24,1	  27,8	  27,7	  29,1	  32,1	  31,1	   7,0
s	    53,0418	 5	  7,38	 78,22	  16,6	  26,1	  29,9	  30,4	  31,8	  33,0	  31,3	   7,2
s	    53,5300	 4	252,83	 77,93	  14,3	  25,0	  29,9	  30,6	  32,2	  33,6	  32,2	   8,8
s	    53,6771	 1	 85,72	 90,13	  18,2	  27,7	  31,5	  32,4	  33,9	  34,5	  32,8	   9,4
*	    56,6849	 1	 73,80	 91,14	  -5,3	   4,2	   8,0	   8,8	  10,3	  10,9	   9,1	 -14,6
*	    53,7015	 1	 85,89	 91,15	  -4,0	   5,5	   9,3	  10,2	  11,7	  12,2	  10,5	 -12,9
*	    56,9709	 1	 97,42	 91,12	  -5,0	   4,5	   8,3	   9,1	  10,6	  11,2	   9,4	 -14,3
*	    55,0615	 1	 78,38	 86,89	 -16,3	  -7,1	  -3,4	  -2,6	  -1,1	  -0,4	   1,5	 -20,4
*	    54,8664	 1	 78,38	 88,95	 -16,2	  -7,0	  -3,4	  -2,6	  -1,0	  -0,3	   1,5	 -20,3
*	    54,5089	 1	 80,44	 86,89	 -16,0	  -6,8	  -3,2	  -2,4	  -0,8	  -0,1	   1,7	 -20,1
*	    54,3115	 1	 80,44	 88,95	 -15,9	  -6,8	  -3,1	  -2,3	  -0,8	  -0,0	   1,8	 -20,0
*	    54,1324	 1	 82,51	 86,89	 -15,8	  -6,7	  -3,0	  -2,2	  -0,6	   0,1	   1,9	 -19,8
*	    53,9331	 1	 82,51	 88,95	 -15,7	  -6,6	  -2,9	  -2,1	  -0,6	   0,1	   2,0	 -19,7
*	    53,9370	 1	 84,56	 86,90	 -15,7	  -6,5	  -2,9	  -2,1	  -0,5	   0,2	   2,0	 -19,7
*	    53,7365	 1	 84,56	 88,96	 -15,6	  -6,5	  -2,8	  -2,0	  -0,4	   0,3	   2,1	 -19,6
*	    53,9263	 1	 86,61	 86,91	 -15,6	  -6,5	  -2,8	  -2,0	  -0,5	   0,2	   2,1	 -19,6
*	    53,7252	 1	 86,61	 88,97	 -15,6	  -6,4	  -2,8	  -2,0	  -0,4	   0,3	   2,2	 -19,5
*	    54,1023	 1	 88,64	 86,94	 -15,7	  -6,5	  -2,9	  -2,1	  -0,5	   0,2	   2,1	 -19,7
*	    53,9012	 1	 88,64	 88,98	 -15,6	  -6,4	  -2,8	  -2,0	  -0,4	   0,3	   2,2	 -19,6
*	    54,4653	 1	 90,65	 86,96	 -15,8	  -6,6	  -3,0	  -2,2	  -0,6	   0,1	   2,0	 -19,8
*	    54,2648	 1	 90,65	 88,98	 -15,7	  -6,5	  -2,9	  -2,1	  -0,5	   0,2	   2,0	 -19,7
*	    55,0134	 1	 92,62	 86,98	 -15,9	  -6,8	  -3,1	  -2,3	  -0,8	  -0,1	   1,8	 -20,1
*	    54,8142	 1	 92,62	 88,99	 -15,9	  -6,7	  -3,1	  -2,2	  -0,7	   0,0	   1,8	 -20,0
*	    55,7433	 1	 94,56	 87,01	 -16,2	  -7,0	  -3,4	  -2,6	  -1,0	  -0,3	   1,5	 -20,4
*	    55,5460	 1	 94,57	 89,00	 -16,1	  -7,0	  -3,3	  -2,5	  -0,9	  -0,2	   1,6	 -20,3
*	    56,6499	 1	 96,47	 87,04	 -16,5	  -7,3	  -3,7	  -2,9	  -1,3	  -0,6	   1,2	 -20,8
*	    56,4550	 1	 96,47	 89,01	 -16,4	  -7,3	  -3,6	  -2,8	  -1,3	  -0,6	   1,2	 -20,7
s	    54,1278	 2	 85,73	 84,22	  17,5	  26,9	  30,6	  31,1	  32,6	  34,1	  31,6	   7,4
s	    54,7672	 6	  7,21	106,77	  15,8	  26,0	  30,0	  30,4	  31,9	  33,0	  31,8	   8,3
s	    55,1103	 6	  7,42	 72,52	  15,1	  24,7	  28,5	  28,7	  30,0	  32,1	  30,9	   6,6
s	    55,1737	 3	 85,72	101,42	  16,6	  26,1	  29,7	  30,1	  31,6	  33,2	  31,3	   7,0
s	    55,3784	 2	 65,98	 90,10	  17,8	  27,4	  31,3	  32,1	  33,6	  34,0	  32,4	   8,8
s	    55,4645	 8	196,69	118,62	  13,5	  24,6	  28,6	  28,8	  30,2	  32,2	  31,5	   7,9
s	    55,8196	 3	 65,99	 84,32	  17,1	  26,5	  30,3	  30,8	  32,3	  33,7	  31,2	   6,9
s	    56,0307	 8	196,33	 60,47	  11,9	  22,9	  26,9	  26,8	  28,2	  31,0	  30,6	   6,3
*	    56,8202	 1	 72,86	 85,09	 -15,3	  -6,2	  -2,5	  -1,6	  -0,1	   0,4	  -0,6	 -22,6
*	    56,5116	 1	 72,86	 86,89	 -15,1	  -6,1	  -2,4	  -1,5	  -0,0	   0,5	  -0,5	 -22,5
*	    56,3381	 1	 72,85	 88,71	 -15,1	  -6,1	  -2,3	  -1,5	   0,0	   0,6	  -0,4	 -22,4
s	    56,7777	 8	149,01	125,09	  13,5	  23,7	  27,3	  27,1	  28,6	  31,6	  30,5	   6,0
s	    56,8440	 4	 65,95	101,16	  16,2	  25,7	  29,4	  29,8	  31,3	  32,7	  31,0	   6,5
s	    56,9659	 4	 85,72	106,61	  16,7	  26,5	  30,2	  30,6	  32,1	  33,7	  31,7	   8,0
s	    57,1125	 8	148,60	 54,93	  13,9	  24,3	  28,0	  27,9	  29,3	  32,3	  31,2	   7,5
s	    57,3000	 4	 85,73	 73,29	  14,4	  24,4	  28,2	  28,4	  29,9	  32,1	  30,9	   6,4
s	    57,4849	 7	  7,17	112,20	  14,6	  24,4	  28,2	  28,3	  29,7	  31,7	  30,5	   6,0
s	    57,7064	 7	  7,45	 67,52	  15,1	  25,1	  28,9	  29,1	  30,5	  32,5	  31,2	   7,5
s	    58,6004	 5	 65,94	106,26	  16,3	  26,2	  29,9	  30,3	  31,8	  33,3	  31,4	   7,5
s	    58,9280	 5	 66,02	 73,60	  14,0	  24,1	  27,9	  28,1	  29,6	  31,6	  30,6	   5,9
s	    58,9458	 5	 85,71	110,73	  12,0	  22,7	  27,6	  28,0	  29,5	  31,7	  30,6	   5,9
s	    59,2844	 2	104,24	 90,13	  16,7	  26,7	  30,6	  31,5	  32,9	  33,4	  31,9	   7,9
s	    59,5972	 3	104,25	 95,26	  16,4	  26,6	  30,5	  31,3	  32,8	  33,3	  31,7	   7,8
s	    59,7053	 3	104,24	 84,62	  15,4	  25,7	  29,6	  30,2	  31,6	  32,9	  31,7	   7,7
*	    59,8274	 1	103,19	 85,46	 -16,1	  -6,6	  -2,8	  -2,0	  -0,5	   0,0	  -1,8	 -25,8
s	    59,8291	 5	 85,73	 68,41	  15,2	  25,2	  28,9	  29,0	  30,6	  32,9	  31,2	   7,3
s	    60,5425	 6	 65,93	110,30	  11,6	  22,4	  27,3	  27,7	  29,2	  31,3	  30,2	   5,4
s	    60,6279	 8	  7,14	116,89	  14,6	  24,8	  28,5	  28,7	  30,1	  32,1	  30,7	   6,7
s	    60,6833	 4	104,26	100,69	  14,3	  24,6	  28,5	  29,0	  30,4	  31,7	  30,4	   5,6
s	    60,7900	 4	104,23	 79,59	  14,8	  25,3	  29,2	  29,7	  31,2	  32,5	  31,2	   7,2
s	    61,1603	 8	  7,49	 62,51	  13,0	  23,1	  26,8	  26,7	  28,1	  30,9	  29,8	   5,0
s	    61,4096	 6	 66,03	 68,80	  14,8	  24,9	  28,6	  28,8	  30,3	  32,5	  30,9	   6,8
s	    61,6028	 7	252,79	 62,29	  10,3	  21,4	  26,3	  26,4	  27,9	  30,9	  30,0	   5,1
s	    62,3087	 2	253,63	 89,48	  16,4	  26,4	  30,3	  31,2	  32,6	  33,0	  31,4	   7,3
s	    62,3628	 5	104,27	105,57	  14,4	  25,1	  29,0	  29,5	  30,9	  32,2	  30,9	   6,7
s	    62,3741	 6	 85,74	 64,58	  10,4	  21,4	  26,2	  26,4	  27,9	  30,9	  30,0	   5,0
s	    62,6108	 3	253,63	 94,43	  16,1	  26,3	  30,2	  31,0	  32,5	  32,9	  31,3	   7,1
s	    62,6763	 5	104,22	 74,36	  12,9	  23,4	  27,3	  27,5	  29,0	  31,0	  30,0	   5,1
s	    62,6801	 6	 85,71	116,51	  14,7	  24,9	  28,6	  28,7	  30,2	  32,6	  30,7	   6,5
s	    62,7151	 3	253,62	 84,16	  15,6	  25,5	  29,3	  29,9	  31,4	  32,7	  30,3	   5,3
s	    63,1515	 8	273,06	 62,80	   9,9	  21,1	  26,0	  26,1	  27,6	  30,5	  29,6	   4,6
s	    63,6600	 4	253,64	 99,68	  14,8	  24,7	  28,5	  28,9	  30,4	  31,8	  30,0	   5,0
s	    63,8451	 3	271,45	 89,47	  16,0	  26,0	  30,1	  30,9	  32,3	  32,6	  31,1	   6,8
s	    63,9094	 7	 66,04	 65,03	  10,0	  21,1	  26,0	  26,1	  27,6	  30,4	  29,7	   4,6
s	    64,1420	 4	271,45	 94,34	  15,7	  26,0	  30,0	  30,8	  32,2	  32,5	  31,0	   6,6
s	    64,2445	 4	271,45	 84,24	  15,2	  25,2	  29,1	  29,6	  31,1	  32,3	  29,9	   4,8
s	    64,8515	 6	104,28	110,59	  12,4	  23,2	  27,1	  27,2	  28,6	  30,7	  29,6	   4,5
s	    65,1282	 5	108,84	 94,95	  12,7	  24,0	  29,2	  30,2	  31,7	  32,1	  30,7	   6,3
s	    65,1734	 5	271,45	 99,50	  14,4	  24,4	  28,2	  28,6	  30,1	  31,3	  29,7	   4,5
s	    65,2615	 6	104,21	 69,38	  13,9	  24,6	  28,6	  29,1	  30,5	  31,7	  30,4	   5,9
s	    65,2842	 5	253,65	104,41	  14,2	  24,8	  28,7	  29,2	  30,6	  31,9	  30,5	   6,0
s	    65,4133	 3	 49,25	 90,07	  15,8	  25,9	  29,9	  30,8	  32,2	  32,4	  30,9	   6,5
s	    65,5876	 5	253,60	 74,22	  13,3	  23,6	  27,3	  27,4	  28,9	  31,1	  29,7	   4,4
s	    65,8059	 4	 49,27	 84,93	  14,6	  24,9	  28,9	  29,5	  30,9	  31,9	  30,8	   6,3
s	    65,9208	 7	 85,74	 60,29	  10,3	  21,7	  26,6	  26,7	  28,3	  31,2	  30,2	   5,7
s	    66,5693	 7	 85,71	121,09	  12,5	  22,9	  26,5	  26,2	  27,8	  30,9	  29,3	   4,0
s	    66,7709	 6	271,45	104,15	  13,8	  24,5	  28,5	  29,0	  30,4	  31,5	  30,2	   5,6
s	    66,8187	 5	 49,29	 80,23	  14,0	  24,5	  28,5	  29,1	  30,4	  31,5	  30,3	   5,7
s	    67,0694	 6	271,45	 74,46	  13,0	  23,3	  27,1	  27,2	  28,7	  30,7	  29,3	   4,0
s	    67,3973	 8	 66,05	 60,79	  10,0	  21,4	  26,4	  26,5	  28,0	  30,8	  29,9	   5,2
s	    67,6012	 3	154,62	 89,97	  15,6	  25,7	  29,7	  30,5	  31,9	  32,2	  30,6	   6,0
s	    67,7456	 7	104,28	114,97	  12,4	  23,5	  27,5	  27,6	  29,1	  31,2	  29,9	   5,3
s	    67,8861	 4	154,65	 94,63	  15,4	  25,6	  29,6	  30,4	  31,8	  32,1	  30,5	   5,8
s	    67,8918	 6	253,59	 69,72	  13,4	  24,0	  27,8	  27,9	  29,4	  31,6	  30,0	   5,4
s	    67,9845	 4	154,60	 84,94	  14,4	  24,7	  28,7	  29,3	  30,7	  31,7	  30,5	   5,8
s	    68,2374	 7	104,21	 65,04	  10,9	  21,9	  25,8	  25,6	  27,1	  29,9	  29,1	   3,6
s	    68,2901	 6	 49,19	104,51	  13,6	  24,3	  28,4	  28,8	  30,2	  31,3	  30,0	   5,3
s	    68,3300	 8	 65,89	120,83	  13,2	  23,3	  27,1	  27,1	  28,6	  30,6	  29,0	   3,5
s	    68,5838	 6	 49,31	 75,31	  12,1	  22,7	  26,7	  26,8	  28,2	  30,1	  29,2	   3,7
s	    68,8460	 3	237,15	 89,54	  14,8	  25,3	  29,4	  30,2	  31,6	  31,9	  30,5	   5,7
s	    68,8765	 5	154,68	 99,59	  14,0	  24,5	  28,6	  29,1	  30,5	  31,6	  30,2	   5,5
s	    68,9739	 5	154,57	 80,35	  14,0	  24,5	  28,6	  29,1	  30,5	  31,5	  30,2	   5,5
s	    69,1272	 4	237,16	 94,14	  14,5	  25,2	  29,3	  30,1	  31,5	  31,8	  30,3	   5,5
s	    69,2243	 4	237,13	 84,58	  13,5	  24,3	  28,4	  28,9	  30,3	  31,4	  30,3	   5,5
s	    69,3375	 7	271,45	 70,03	  13,0	  23,7	  27,6	  27,7	  29,1	  31,2	  29,7	   4,9
s	    69,6149	 8	 85,71	124,05	   9,8	  21,3	  26,2	  26,3	  27,8	  30,8	  29,6	   4,8
s	    70,0778	 8	108,87	109,42	   8,8	  20,7	  25,8	  26,2	  27,6	  29,6	  28,7	   3,1
s	    70,1047	 5	237,18	 99,04	  12,4	  23,2	  27,3	  27,7	  29,1	  30,2	  29,1	   3,4
s	    70,1791	 4	189,14	 89,77	  14,4	  25,0	  29,2	  30,0	  31,3	  31,5	  30,2	   5,3
s	    70,2008	 5	237,12	 80,04	  12,9	  23,9	  28,0	  28,5	  29,9	  31,0	  29,8	   5,0
s	    70,2219	 7	253,58	 66,17	   8,7	  20,2	  25,2	  25,3	  26,8	  29,6	  28,8	   3,2
s	    70,4121	 6	154,70	104,08	  13,7	  24,4	  28,4	  28,9	  30,3	  31,4	  29,9	   5,0
s	    70,4563	 5	189,17	 94,31	  14,2	  24,9	  29,1	  29,9	  31,2	  31,4	  30,0	   5,1
s	    70,5028	 7	253,67	113,56	  12,9	  23,7	  27,5	  27,6	  29,1	  31,3	  29,6	   4,7
s	    70,5521	 5	189,12	 84,88	  13,1	  24,0	  28,2	  28,7	  30,1	  31,0	  30,0	   5,1
s	    70,8160	 7	 49,33	 70,94	  12,2	  23,1	  27,2	  27,3	  28,7	  30,6	  29,5	   4,6
s	    71,3291	 8	 85,74	 55,13	  10,1	  21,1	  24,8	  24,3	  25,8	  29,5	  28,6	   2,8
s	    71,4203	 6	189,20	 99,14	  12,8	  23,9	  28,0	  28,5	  29,9	  30,8	  29,8	   4,8
s	    71,4727	 4	287,41	 89,50	  14,3	  24,9	  29,0	  29,9	  31,2	  31,3	  30,0	   5,0
s	    71,5152	 6	189,09	 80,41	  12,8	  23,9	  28,0	  28,5	  29,9	  30,8	  29,8	   4,8
s	    71,6208	 6	237,19	103,47	  12,6	  23,7	  27,8	  28,3	  29,7	  30,8	  29,6	   4,5
s	    71,6328	 8	271,45	 66,52	   8,3	  19,9	  25,0	  25,1	  26,5	  29,2	  28,5	   2,8
s	    71,7152	 8	104,20	 60,98	  10,8	  22,2	  26,1	  26,0	  27,4	  30,3	  29,3	   4,3
s	    71,7462	 5	287,40	 93,98	  14,1	  24,8	  29,0	  29,8	  31,1	  31,3	  29,9	   4,9
s	    71,8407	 5	287,42	 84,68	  13,0	  23,9	  28,0	  28,6	  29,9	  30,8	  29,9	   4,8
s	    71,9044	 6	237,10	 75,29	  11,0	  22,1	  26,1	  26,3	  27,7	  29,6	  28,7	   2,9
s	    72,7911	 6	287,42	 80,26	  12,5	  23,5	  27,7	  28,2	  29,5	  30,5	  29,4	   4,3
s	    72,8834	 7	154,52	 71,25	  12,0	  22,9	  27,0	  27,2	  28,5	  30,4	  29,3	   4,2
s	    72,9161	 7	189,23	103,51	  12,5	  23,7	  27,9	  28,3	  29,7	  30,6	  29,5	   4,4
s	    73,5801	 8	 49,15	113,73	  12,7	  23,6	  27,7	  28,2	  29,5	  30,5	  29,1	   3,9
s	    73,8771	 7	237,21	108,06	  10,6	  21,9	  25,9	  26,0	  27,4	  29,3	  28,4	   2,4
s	    74,1741	 7	287,38	103,07	  12,1	  23,3	  27,5	  28,0	  29,3	  30,3	  29,1	   3,9
s	    74,2499	 7	237,08	 70,73	  12,1	  23,3	  27,5	  28,0	  29,3	  30,3	  29,1	   3,9
s	    74,3625	 8	253,57	 61,18	  11,3	  22,4	  26,2	  26,0	  27,5	  30,5	  29,0	   3,7
s	    74,4504	 7	287,43	 75,63	  10,6	  21,7	  25,8	  26,0	  27,3	  29,1	  28,3	   2,3
s	    75,2090	 6	219,90	 80,60	  10,5	  21,7	  26,8	  27,5	  29,0	  30,0	  28,3	   2,2
s	    75,3243	 3	118,12	 90,13	  14,2	  24,2	  28,3	  29,1	  30,5	  30,7	  28,6	   2,5
s	    75,3259	 8	189,03	 71,53	  10,8	  22,3	  26,4	  26,6	  28,0	  29,7	  28,9	   3,5
s	    75,3648	 8	154,75	112,81	  11,5	  22,7	  26,7	  26,8	  28,2	  30,1	  28,9	   3,5
s	    75,8195	 8	154,49	 66,87	  10,0	  21,0	  25,0	  24,8	  26,2	  28,9	  28,0	   1,9
s	    76,3737	 8	287,37	107,55	  10,2	  21,5	  25,6	  25,7	  27,1	  28,8	  28,0	   1,8
s	    76,5031	 6	197,42	 89,73	  11,9	  23,5	  28,0	  28,8	  30,0	  29,9	  29,2	   3,7
s	    76,5147	 8	237,22	112,11	  10,7	  22,3	  26,4	  26,5	  27,9	  29,8	  28,7	   3,3
s	    76,5540	 8	287,44	 71,49	  10,7	  22,2	  26,3	  26,5	  27,8	  29,6	  28,7	   3,3
s	    76,7631	 7	197,45	 93,99	  11,7	  23,4	  27,9	  28,7	  29,9	  29,9	  29,0	   3,6
s	    76,8529	 7	197,39	 85,15	  10,7	  22,5	  27,0	  27,5	  28,8	  29,4	  29,0	   3,6
s	    76,9642	 8	237,07	 66,71	   9,1	  20,7	  24,7	  24,5	  25,9	  28,6	  27,9	   1,6
s	    77,2097	 4	  2,68	 89,85	  15,5	  25,1	  29,0	  29,8	  31,1	  31,2	  29,3	   3,7
s	    77,4679	 5	  2,66	 94,08	  15,2	  25,0	  28,9	  29,7	  31,0	  31,2	  29,1	   3,6
s	    77,5572	 5	  2,71	 85,30	  13,3	  23,6	  27,8	  28,3	  29,6	  30,5	  29,2	   3,6
s	    77,5955	 4	119,43	 85,58	  14,0	  24,1	  27,9	  28,4	  29,9	  31,1	  29,0	   3,5
s	    77,6680	 8	197,47	 98,53	  10,4	  22,4	  26,8	  27,4	  28,6	  29,3	  28,8	   3,3
s	    77,7571	 8	197,37	 80,94	  10,4	  22,4	  26,8	  27,3	  28,6	  29,3	  28,8	   3,3
s	    77,9249	 6	118,16	103,20	  13,5	  23,9	  27,8	  28,2	  29,6	  30,8	  28,8	   3,2
s	    78,3667	 6	  2,63	 98,59	  13,9	  23,9	  27,9	  28,4	  29,7	  30,6	  28,9	   3,3
s	    78,4047	 5	119,47	 98,87	  13,7	  24,0	  27,8	  28,2	  29,7	  31,0	  28,8	   3,2
s	    78,4551	 6	  2,74	 81,12	  13,0	  23,5	  27,6	  28,1	  29,5	  30,3	  29,0	   3,3
s	    79,5513	 5	331,41	 89,68	  13,4	  24,0	  28,2	  29,1	  30,4	  30,3	  28,9	   3,2
s	    79,7635	 7	  2,61	102,68	  13,6	  23,8	  27,7	  28,2	  29,5	  30,5	  28,6	   2,9
s	    79,8037	 6	331,39	 93,81	  13,2	  23,9	  28,2	  29,0	  30,2	  30,2	  28,8	   3,1
s	    79,8910	 6	331,43	 85,22	  12,1	  23,0	  27,2	  27,8	  29,1	  29,8	  28,8	   3,0
s	    80,0251	 7	  2,76	 76,73	  12,5	  22,8	  26,8	  27,0	  28,3	  30,0	  28,6	   2,8
s	    80,0626	 6	119,41	 77,01	  11,1	  21,8	  25,7	  25,8	  27,2	  29,2	  27,7	   1,2
s	    80,2201	 7	118,07	 72,77	  12,1	  22,7	  26,6	  26,7	  28,2	  30,1	  28,4	   2,6
s	    80,6827	 7	331,36	 98,22	  11,8	  22,9	  27,1	  27,6	  28,9	  29,7	  28,6	   2,8
s	    80,7692	 7	331,45	 81,14	  11,8	  22,9	  27,1	  27,6	  28,9	  29,7	  28,6	   2,7
s	    81,3573	 7	119,49	106,26	   8,8	  20,2	  25,1	  25,5	  27,0	  28,9	  27,5	   0,8
s	    81,6954	 7	302,96	 81,09	   9,8	  21,0	  26,2	  26,9	  28,3	  29,1	  27,4	   0,8
s	    82,0194	 8	  2,58	107,25	  12,2	  23,0	  27,2	  27,7	  29,0	  29,7	  28,3	   2,4
s	    82,0194	 8	  2,79	 72,79	  11,9	  22,4	  26,3	  26,5	  27,8	  29,6	  28,0	   2,1
s	    82,0493	 8	331,34	102,23	  11,5	  22,7	  27,0	  27,4	  28,7	  29,5	  28,3	   2,4
s	    82,0561	 8	119,39	 73,07	  10,2	  20,9	  24,7	  24,5	  26,0	  28,7	  27,3	   0,6
s	    82,2155	 5	 36,43	 85,69	  13,4	  23,6	  27,5	  27,9	  29,3	  30,4	  28,4	   2,4
s	    82,2299	 4	223,50	 89,61	  12,7	  23,2	  27,4	  28,2	  29,5	  29,6	  27,7	   1,0
s	    82,2832	 8	118,06	 69,57	   7,4	  19,0	  24,0	  24,2	  25,6	  28,2	  27,3	   0,5
s	    82,3054	 8	331,48	 76,84	  10,4	  21,8	  26,0	  26,3	  27,5	  29,1	  28,3	   2,3
s	    82,4761	 5	223,51	 93,64	  12,4	  23,1	  27,3	  28,1	  29,4	  29,5	  27,6	   0,8
s	    82,9902	 6	 36,37	 98,41	  13,1	  23,5	  27,3	  27,8	  29,2	  30,3	  28,2	   2,2
s	    84,3299	 8	119,51	111,02	  11,5	  22,5	  26,3	  26,3	  27,8	  29,9	  27,8	   1,7
s	    84,3579	 5	222,19	 85,35	  11,7	  22,7	  26,8	  27,3	  28,6	  29,6	  28,1	   2,0
s	    84,5788	 7	 36,47	 77,48	  10,5	  21,3	  25,2	  25,4	  26,7	  28,5	  27,1	   0,2
s	    84,6670	 7	223,55	101,86	  11,3	  22,5	  26,6	  27,1	  28,4	  29,3	  27,9	   1,7
s	    85,1176	 6	222,24	 97,82	  11,5	  22,6	  26,7	  27,1	  28,5	  29,5	  27,9	   1,7
s	    85,8208	 8	 36,33	105,51	   8,2	  19,6	  24,7	  25,0	  26,4	  28,3	  26,8	  -0,2
s	    86,6759	 7	222,15	 77,29	   9,6	  20,8	  24,8	  25,0	  26,3	  28,2	  26,9	  -0,3
s	    86,8242	 8	223,42	 73,30	  10,6	  21,7	  25,8	  25,9	  27,2	  29,1	  27,5	   1,2
s	    88,3158	 5	299,28	 89,56	  11,9	  22,5	  26,8	  27,6	  28,9	  28,8	  26,9	  -0,4
s	    88,5488	 6	299,27	 93,37	  11,7	  22,5	  26,7	  27,5	  28,8	  28,7	  26,8	  -0,5
s	    88,5785	 4	157,39	 89,98	  12,9	  23,0	  27,1	  27,9	  29,2	  29,2	  27,0	  -0,3
s	    88,8109	 5	157,41	 93,79	  12,7	  22,9	  27,0	  27,8	  29,1	  29,1	  26,8	  -0,5
s	    88,8913	 5	157,36	 85,88	  11,6	  22,0	  26,1	  26,6	  27,9	  28,7	  26,8	  -0,5
s	    89,2798	 4	112,71	 90,17	  12,1	  22,6	  26,8	  27,6	  28,9	  28,9	  26,9	  -0,4
s	    89,5108	 5	112,72	 93,96	  11,9	  22,6	  26,7	  27,5	  28,8	  28,9	  26,8	  -0,6
s	    89,5907	 5	112,70	 86,09	  10,8	  21,7	  25,8	  26,4	  27,7	  28,5	  26,7	  -0,6
s	    89,6209	 6	157,43	 97,86	  11,3	  21,9	  26,0	  26,5	  27,8	  28,6	  26,6	  -0,7
s	    89,7007	 6	157,34	 82,11	  11,3	  21,9	  26,0	  26,5	  27,8	  28,6	  26,6	  -0,8
s	    90,3159	 6	112,73	 98,00	  10,5	  21,6	  25,7	  26,2	  27,5	  28,3	  26,6	  -0,9
s	    90,3952	 6	112,69	 82,35	  10,5	  21,5	  25,7	  26,2	  27,5	  28,3	  26,5	  -0,9
s	    90,5912	 6	300,44	 85,52	  11,8	  22,5	  26,5	  26,9	  28,3	  29,3	  27,3	   0,6
s	    90,6249	 8	299,24	101,17	  10,6	  21,8	  26,1	  26,5	  27,8	  28,5	  27,1	   0,4
s	    90,8823	 7	157,45	101,57	  11,0	  21,7	  25,9	  26,3	  27,6	  28,4	  26,4	  -1,1
s	    91,1190	 7	157,32	 78,13	  10,0	  20,8	  24,9	  25,1	  26,4	  28,0	  26,4	  -1,1
s	    91,3102	 7	300,41	 97,32	  11,5	  22,4	  26,4	  26,8	  28,1	  29,1	  27,1	   0,4
s	    91,5698	 7	112,74	101,68	  10,7	  21,9	  26,1	  26,5	  27,8	  28,7	  27,1	   0,3
s	    91,8050	 7	112,68	 78,39	   9,2	  20,3	  24,4	  24,6	  25,9	  27,5	  26,3	  -1,3
s	    91,8123	 6	241,65	 93,27	   9,5	  21,3	  26,6	  27,6	  29,0	  29,1	  27,4	   0,6
s	    92,7707	 8	157,47	105,45	   9,6	  20,6	  24,7	  24,9	  26,2	  27,8	  26,1	  -1,6
s	    92,7868	 8	300,47	 77,88	   9,6	  20,6	  24,6	  24,6	  26,0	  27,8	  26,1	  -1,6
s	    92,9260	 8	157,30	 74,54	  10,1	  21,1	  25,2	  25,4	  26,7	  28,3	  26,8	  -0,1
s	    93,1803	 7	314,16	 89,61	  10,4	  22,0	  26,5	  27,4	  28,5	  28,2	  27,2	   0,2
s	    93,3072	 4	 96,81	 90,20	  11,8	  22,8	  27,0	  27,8	  29,1	  29,2	  27,5	   0,5
s	    93,4038	 8	314,15	 93,28	  10,2	  21,9	  26,5	  27,3	  28,4	  28,1	  27,0	   0,1
s	    93,4307	 5	 96,82	 92,96	   9,6	  21,2	  26,6	  27,6	  29,0	  29,0	  27,3	   0,4
s	    93,4810	 8	314,18	 85,67	   9,1	  21,0	  25,5	  26,1	  27,3	  27,7	  27,0	   0,1
s	    93,6017	 8	112,75	105,82	   9,9	  20,9	  25,1	  25,5	  26,8	  27,5	  26,0	  -1,8
s	    93,6017	 8	112,67	 74,81	   9,3	  20,8	  25,0	  25,1	  26,4	  28,1	  26,8	  -0,2
s	    93,6076	 5	 96,81	 86,26	  11,3	  22,2	  26,3	  26,8	  28,1	  29,1	  27,3	   0,4
s	    93,8516	 7	209,79	 82,09	   8,8	  20,5	  25,7	  26,5	  27,8	  28,6	  27,1	   0,1
s	    93,9489	 4	128,23	 90,13	  12,5	  23,0	  27,2	  28,0	  29,3	  29,3	  27,4	   0,4
s	    94,0622	 8	241,60	 78,00	   6,1	  18,3	  23,6	  23,9	  25,3	  27,0	  25,9	  -1,8
s	    94,1496	 6	 96,81	 83,52	   8,8	  20,4	  25,6	  26,3	  27,7	  28,7	  26,9	  -0,1
s	    94,3085	 6	 96,82	 97,76	  10,3	  21,7	  25,9	  26,4	  27,7	  28,6	  27,1	   0,1
s	    96,2961	 5	184,77	 89,83	  11,4	  21,9	  26,2	  27,0	  28,3	  28,1	  26,0	  -2,0
s	    96,5138	 6	184,79	 93,40	  11,1	  21,9	  26,1	  26,9	  28,2	  28,0	  25,9	  -2,1
s	    96,5400	 5	129,15	 86,28	  11,8	  22,4	  26,4	  26,8	  28,2	  29,3	  27,0	  -0,2
s	    96,5891	 6	184,75	 85,99	  10,1	  21,0	  25,2	  25,7	  27,0	  27,6	  25,9	  -2,1
s	    97,2240	 6	129,19	 97,51	  11,5	  22,3	  26,3	  26,7	  28,1	  29,2	  26,8	  -0,5
s	    97,2729	 7	184,81	 97,22	   9,8	  20,9	  25,1	  25,6	  26,9	  27,5	  25,7	  -2,4
s	    97,3378	 8	 96,83	105,08	   8,6	  20,0	  24,0	  24,1	  25,4	  27,2	  25,6	  -2,5
s	    97,3477	 7	184,72	 82,46	   9,8	  20,9	  25,1	  25,6	  26,8	  27,5	  25,7	  -2,4
s	    97,6403	 8	128,28	104,35	   7,6	  19,3	  24,6	  25,4	  26,7	  27,3	  25,5	  -2,5
s	    98,4078	 7	129,21	101,00	  11,2	  22,2	  26,1	  26,5	  27,9	  29,0	  26,6	  -0,8
s	    98,4562	 8	184,83	100,70	   9,5	  20,7	  25,0	  25,4	  26,7	  27,4	  25,4	  -2,7
s	    98,7934	 8	184,70	 78,45	   9,5	  20,6	  24,9	  25,4	  26,6	  27,1	  25,4	  -2,8
s	    99,0923	 3	 83,40	 93,70	  11,8	  22,2	  27,0	  28,1	  29,5	  29,9	  27,0	  -0,5
s	   100,3290	 8	129,11	 75,61	   9,6	  20,9	  24,8	  24,9	  26,3	  28,2	  26,0	  -1,5
s	   101,6141	 5	243,08	 89,56	  10,7	  21,9	  26,1	  26,9	  28,2	  28,2	  25,4	  -3,0
s	   101,6669	 5	 27,51	 90,03	  11,7	  22,4	  26,6	  27,4	  28,7	  28,6	  26,5	  -1,2
s	   101,7295	 6	243,09	 92,14	   8,0	  20,2	  25,6	  26,7	  28,0	  27,9	  26,4	  -1,3
s	   101,8755	 6	 27,50	 93,44	  11,5	  22,4	  26,5	  27,3	  28,6	  28,6	  26,3	  -1,4
s	   101,8949	 6	243,07	 85,88	   9,5	  20,9	  25,2	  25,6	  26,9	  27,7	  25,3	  -3,2
s	   101,9476	 6	 27,53	 86,35	  10,5	  21,5	  25,6	  26,1	  27,4	  28,1	  26,3	  -1,4
s	   102,3012	 6	212,52	 86,02	  10,4	  21,6	  25,6	  26,1	  27,4	  28,3	  26,3	  -1,4
s	   102,4017	 7	243,06	 83,32	   6,5	  19,0	  24,4	  25,2	  26,4	  27,1	  25,9	  -1,8
s	   102,5502	 7	243,10	 96,64	   9,2	  20,9	  25,1	  25,5	  26,8	  27,6	  25,1	  -3,4
s	   102,6027	 7	 27,48	 97,10	  10,2	  21,4	  25,5	  26,0	  27,3	  28,0	  26,1	  -1,6
s	   102,8774	 6	 83,41	 75,98	   8,6	  19,7	  24,6	  25,0	  26,4	  28,4	  26,0	  -1,8
s	   102,9545	 7	212,57	 96,74	  10,2	  21,5	  25,5	  25,9	  27,3	  28,2	  26,1	  -1,7
s	   103,7371	 8	 27,46	100,44	   9,9	  21,3	  25,4	  25,8	  27,1	  27,9	  25,9	  -1,9
s	   103,9502	 8	 27,57	 79,37	   8,9	  20,3	  24,5	  24,6	  25,9	  27,5	  25,9	  -2,0
s	   104,0061	 5	359,88	 89,87	  11,6	  21,7	  25,9	  26,7	  27,9	  27,7	  25,2	  -3,5
s	   104,0859	 8	212,59	100,07	   9,1	  20,9	  25,2	  25,6	  26,8	  27,7	  25,9	  -2,0
s	   104,2108	 6	359,86	 93,23	  11,3	  21,6	  25,8	  26,6	  27,8	  27,6	  25,1	  -3,6
s	   104,2816	 6	359,91	 86,26	  10,3	  20,7	  24,9	  25,4	  26,7	  27,2	  25,1	  -3,6
s	   104,9250	 7	359,84	 96,81	  10,0	  20,6	  24,8	  25,3	  26,5	  27,1	  24,9	  -3,8
s	   104,9954	 7	359,93	 82,93	  10,0	  20,6	  24,8	  25,3	  26,5	  27,1	  24,9	  -3,9
s	   105,8697	 6	335,10	 89,73	  10,5	  21,1	  25,4	  26,3	  27,4	  27,1	  24,9	  -3,9
s	   106,0393	 8	359,82	100,10	   9,7	  20,5	  24,7	  25,1	  26,4	  27,0	  24,7	  -4,2
s	   106,0715	 7	335,08	 93,04	  10,2	  21,0	  25,4	  26,1	  27,3	  27,0	  24,8	  -4,1
s	   106,1413	 7	335,12	 86,17	   9,2	  20,1	  24,5	  25,0	  26,2	  26,6	  24,8	  -4,1
s	   106,2487	 8	359,95	 79,40	   8,7	  19,6	  23,7	  24,0	  25,2	  26,5	  24,6	  -4,2
s	   106,7756	 8	335,06	 96,58	   8,9	  20,0	  24,4	  24,9	  26,0	  26,5	  24,6	  -4,3
s	   106,8450	 8	335,14	 82,89	   8,9	  20,0	  24,4	  24,8	  26,0	  26,5	  24,6	  -4,3
s	   107,1175	 6	308,22	 89,61	  10,4	  21,5	  25,9	  26,7	  27,9	  27,5	  25,8	  -2,4
s	   107,3175	 7	308,21	 92,88	  10,2	  21,4	  25,8	  26,6	  27,8	  27,5	  25,7	  -2,5
s	   107,7381	 4	255,59	 92,81	  10,3	  21,1	  26,1	  27,1	  28,6	  28,7	  26,0	  -2,3
s	   109,3408	 2	 83,08	 90,21	  12,6	  22,6	  26,5	  27,3	  28,7	  28,8	  26,0	  -2,4
s	   109,6054	 3	 83,09	 86,75	  12,1	  22,0	  25,8	  26,3	  27,7	  28,7	  25,9	  -2,5
s	   109,6780	 7	309,08	 86,14	   9,7	  20,9	  25,1	  25,5	  26,8	  27,5	  25,4	  -3,0
s	   110,2234	 4	 83,08	 96,89	  11,1	  21,5	  25,5	  25,9	  27,3	  28,2	  25,7	  -2,7
s	   110,2911	 4	 83,09	 83,55	  11,8	  22,0	  25,7	  26,2	  27,6	  28,6	  25,7	  -2,8
s	   110,2957	 8	309,04	 96,28	   9,5	  20,8	  25,0	  25,4	  26,6	  27,4	  25,3	  -3,2
s	   110,3450	 3	 71,45	 90,20	  12,3	  22,4	  26,4	  27,2	  28,5	  28,5	  25,8	  -2,7
s	   110,5402	 4	 71,45	 93,40	  12,1	  22,3	  26,3	  27,1	  28,4	  28,4	  25,7	  -2,8
s	   110,5405	 8	328,72	 89,70	   9,2	  20,3	  24,7	  25,5	  26,6	  26,1	  24,1	  -5,1
s	   110,9236	 5	134,21	 90,12	  10,4	  21,0	  25,2	  26,0	  27,2	  26,9	  24,5	  -4,8
s	   111,1852	 6	134,19	 86,69	   9,1	  20,0	  24,2	  24,7	  26,0	  26,5	  24,4	  -4,9
s	   111,2211	 5	 71,44	 96,82	  10,8	  21,3	  25,3	  25,8	  27,1	  27,9	  25,5	  -3,0
s	   111,2835	 7	255,56	 76,21	   7,1	  18,7	  23,7	  24,1	  25,5	  27,3	  25,0	  -3,5
s	   111,2945	 5	 83,08	100,05	  11,3	  21,6	  25,4	  25,8	  27,2	  28,3	  25,2	  -3,3
s	   111,4958	 5	 83,09	 80,15	   9,0	  19,6	  23,4	  23,6	  24,9	  26,7	  24,4	  -4,9
s	   111,7961	 7	134,23	 96,72	   8,8	  19,9	  24,1	  24,6	  25,8	  26,4	  24,2	  -5,2
s	   112,2845	 6	 71,43	 99,96	  10,3	  21,0	  25,0	  25,4	  26,7	  27,5	  25,0	  -3,6
s	   112,3339	 5	135,50	 90,12	  10,3	  20,9	  25,1	  25,9	  27,1	  26,8	  24,4	  -5,0
s	   112,5928	 6	135,49	 86,72	   9,0	  19,9	  24,1	  24,6	  25,9	  26,4	  24,2	  -5,2
s	   112,6204	 6	 83,09	 77,81	   7,2	  18,6	  23,6	  24,1	  25,5	  27,2	  25,0	  -3,7
s	   112,8549	 8	134,25	 99,84	   8,5	  19,8	  24,0	  24,5	  25,7	  26,3	  24,0	  -5,5
s	   112,9024	 6	 33,18	 90,07	  10,1	  20,6	  24,8	  24,2	  24,4	  24,3	  22,1	  -6,6
s	   112,9040	 6	 83,07	103,38	   9,5	  19,9	  23,6	  23,6	  25,0	  26,9	  24,2	  -5,3
s	   113,0540	 8	134,16	 80,17	   7,5	  18,8	  23,1	  23,3	  24,5	  25,8	  24,0	  -5,5
s	   113,0940	 7	 33,16	 93,21	   9,9	  20,6	  24,7	  24,1	  24,3	  24,3	  22,0	  -6,7
s	   113,1602	 7	 33,20	 86,69	   8,8	  19,6	  23,8	  23,0	  23,2	  23,8	  22,0	  -6,8
s	   113,1975	 7	135,53	 96,65	   8,8	  19,8	  24,0	  24,5	  25,7	  26,3	  24,0	  -5,4
s	   113,2315	 8	203,16	 83,22	   6,5	  18,2	  23,6	  24,3	  25,6	  26,1	  23,9	  -5,5
s	   113,7624	 8	 33,15	 96,57	   8,6	  19,5	  23,7	  22,8	  23,0	  23,7	  21,8	  -7,0
s	   113,8284	 8	 33,21	 83,57	   8,6	  19,5	  23,7	  22,8	  23,0	  23,7	  21,8	  -7,0
s	   114,0142	 7	 71,48	 77,14	   8,9	  19,9	  23,9	  24,0	  25,4	  27,0	  24,8	  -4,0
s	   114,1021	 6	277,16	 92,66	   8,7	  20,1	  25,3	  26,3	  27,6	  27,5	  25,1	  -3,7
s	   114,2458	 8	135,54	 99,74	   8,5	  19,7	  23,9	  24,4	  25,6	  26,2	  23,8	  -5,7
s	   114,8081	 7	 83,07	106,41	   9,6	  20,4	  24,1	  24,2	  25,6	  27,5	  24,7	  -4,2
s	   115,1350	 7	 83,10	 73,81	   7,3	  18,3	  22,2	  22,0	  23,4	  25,9	  23,9	  -5,8
s	   116,0980	 8	 71,48	 73,91	   7,0	  18,1	  22,0	  21,9	  23,2	  25,6	  23,7	  -6,1
s	   116,6782	 8	 83,07	108,85	   5,0	  16,7	  21,6	  21,7	  23,1	  25,6	  23,6	  -6,2
s	   117,4739	 8	 83,10	 70,90	   8,2	  19,2	  23,0	  22,8	  24,2	  26,9	  24,3	  -4,8
s	   117,7746	 5	159,86	 90,00	  10,7	  21,3	  25,5	  26,3	  27,5	  27,2	  24,8	  -4,3
s	   117,9597	 6	159,88	 93,03	  10,5	  21,2	  25,5	  26,2	  27,4	  27,1	  24,7	  -4,4
s	   118,0033	 3	255,86	 89,55	  11,1	  21,6	  25,7	  26,5	  27,8	  27,7	  25,0	  -4,1
s	   118,2520	 4	255,85	 86,29	  10,6	  21,0	  25,0	  25,4	  26,8	  27,7	  24,9	  -4,2
s	   118,5920	 6	 48,87	 93,16	   8,4	  19,3	  24,5	  25,5	  26,8	  26,7	  23,6	  -6,3
s	   118,6055	 7	159,89	 96,28	   9,2	  20,2	  24,4	  24,9	  26,1	  26,6	  24,5	  -4,6
s	   118,6693	 7	159,82	 83,72	   9,2	  20,2	  24,4	  24,9	  26,1	  26,6	  24,5	  -4,7
s	   118,8329	 5	255,87	 95,82	   9,6	  20,5	  24,6	  25,1	  26,4	  27,2	  24,7	  -4,5
s	   118,8965	 5	255,85	 83,28	  10,3	  21,0	  24,9	  25,3	  26,7	  27,6	  24,7	  -4,5
s	   118,9472	 4	266,79	 89,54	  10,8	  21,4	  25,5	  26,3	  27,6	  27,4	  24,8	  -4,4
s	   119,1942	 5	266,79	 86,30	   9,6	  20,4	  24,5	  25,1	  26,3	  26,9	  24,7	  -4,5
s	   119,3595	 7	220,94	 92,66	   7,4	  19,3	  24,7	  25,7	  26,9	  26,7	  24,5	  -4,8
s	   119,6146	 8	159,91	 99,26	   8,9	  20,1	  24,3	  24,8	  26,0	  26,5	  24,3	  -4,9
s	   119,6915	 7	 93,75	 99,48	   7,6	  19,1	  24,1	  24,7	  26,1	  27,1	  24,2	  -5,1
s	   119,7714	 6	266,79	 95,77	   9,3	  20,3	  24,5	  24,9	  26,2	  26,8	  24,5	  -4,8
s	   119,8044	 8	159,80	 80,52	   7,8	  19,2	  23,4	  23,6	  24,8	  26,1	  24,3	  -5,0
s	   119,8404	 6	255,87	 98,80	   9,8	  20,6	  24,5	  24,9	  26,3	  27,2	  24,3	  -5,0
s	   120,0299	 6	255,85	 80,08	   7,5	  18,6	  22,6	  22,7	  24,0	  25,6	  23,5	  -6,6
s	   120,5953	 5	117,35	 90,19	   9,8	  20,8	  25,1	  25,9	  27,1	  26,8	  24,6	  -4,8
s	   120,6956	 6	117,35	 92,43	   7,5	  19,3	  24,6	  25,7	  26,9	  26,6	  24,5	  -4,9
s	   120,7320	 6	205,98	 89,74	   9,7	  20,3	  24,5	  25,3	  26,4	  26,1	  23,4	  -6,8
s	   120,7724	 7	266,79	 98,73	   8,8	  20,0	  24,1	  24,6	  25,8	  26,5	  24,1	  -5,3
s	   120,9133	 7	206,00	 92,71	   9,5	  20,2	  24,4	  25,2	  26,3	  26,0	  23,2	  -6,9
s	   120,9606	 7	266,79	 80,14	   7,2	  18,4	  22,4	  22,6	  23,8	  25,3	  23,3	  -6,9
s	   120,9760	 7	205,96	 86,54	   8,5	  19,3	  23,5	  24,0	  25,1	  25,6	  23,2	  -6,9
s	   121,3561	 7	255,88	101,95	   8,0	  18,9	  22,7	  22,8	  24,1	  25,9	  23,3	  -6,9
s	   121,4727	 7	117,33	 84,03	   9,0	  20,2	  24,3	  24,7	  26,0	  26,7	  24,3	  -5,2
s	   121,5462	 8	206,01	 95,89	   8,2	  19,2	  23,4	  23,9	  25,0	  25,5	  23,1	  -7,1
s	   122,0884	 4	245,39	 89,58	   9,9	  20,9	  25,1	  25,9	  27,2	  27,0	  24,5	  -5,0
s	   122,2785	 8	266,80	101,86	   6,9	  18,2	  22,3	  22,4	  23,7	  25,1	  23,1	  -7,2
s	   122,3016	 6	182,00	 89,87	  10,4	  21,0	  25,1	  25,9	  27,1	  26,7	  24,2	  -5,3
s	   122,3302	 5	245,39	 86,41	   9,4	  20,3	  24,4	  24,9	  26,2	  26,9	  24,4	  -5,1
s	   122,4027	 8	266,79	 77,23	   7,5	  18,9	  23,1	  23,2	  24,5	  25,9	  23,8	  -5,7
s	   122,4810	 7	182,02	 92,82	  10,1	  20,9	  25,1	  25,8	  27,0	  26,6	  24,1	  -5,4
s	   122,5430	 7	181,98	 86,71	   8,2	  19,6	  23,9	  24,5	  25,6	  25,9	  24,2	  -5,4
s	   122,7202	 6	118,26	 87,03	   9,1	  20,3	  24,3	  24,8	  26,1	  26,8	  24,3	  -5,3
s	   122,8952	 6	245,41	 95,67	   8,4	  19,8	  24,0	  24,5	  25,8	  26,4	  24,2	  -5,3
s	   122,9570	 6	245,38	 83,48	   9,1	  20,3	  24,3	  24,7	  26,0	  26,8	  24,2	  -5,3
s	   123,1071	 8	182,04	 95,96	   8,9	  19,9	  24,1	  24,6	  25,7	  26,1	  23,9	  -5,7
s	   123,1516	 8	255,88	104,81	   7,4	  19,0	  23,1	  23,2	  24,5	  26,1	  23,8	  -5,8
s	   123,1689	 8	181,96	 83,79	   8,8	  19,9	  24,1	  24,6	  25,7	  26,1	  23,9	  -5,7
s	   123,2836	 7	118,29	 96,27	   8,1	  19,8	  24,0	  24,4	  25,7	  26,3	  24,1	  -5,5
s	   123,4602	 8	255,84	 74,09	   6,6	  17,8	  21,6	  21,4	  22,8	  25,3	  22,9	  -7,4
s	   123,8752	 7	245,42	 98,57	   8,6	  19,9	  24,0	  24,4	  25,7	  26,5	  23,8	  -5,9
s	   124,0586	 6	 21,03	 90,01	   9,3	  20,0	  24,3	  25,1	  26,3	  25,7	  23,1	  -7,3
s	   124,0595	 7	245,37	 80,37	   6,3	  17,9	  22,0	  22,2	  23,4	  24,9	  23,0	  -7,4
s	   124,2611	 8	118,30	 99,16	   8,6	  20,1	  24,1	  24,5	  25,8	  26,6	  23,9	  -5,8
s	   124,8547	 8	 21,00	 96,03	   7,8	  18,9	  23,2	  23,7	  24,9	  25,2	  22,8	  -7,7
s	   125,3502	 8	245,42	101,64	   6,8	  18,2	  22,2	  22,2	  23,5	  25,1	  22,8	  -7,8
s	   126,8795	 7	 20,45	 86,93	   7,9	  19,0	  23,2	  23,7	  24,9	  25,3	  22,7	  -7,9
s	   127,4876	 8	 20,47	 84,10	   7,7	  18,9	  23,1	  23,6	  24,7	  25,2	  22,6	  -8,2
s	   127,5297	 6	223,38	 89,66	   8,4	  20,0	  24,4	  25,2	  26,3	  25,9	  23,8	  -6,2
s	   127,5372	 5	 50,88	 90,16	   9,4	  19,9	  24,2	  25,0	  26,2	  25,8	  22,9	  -7,8
s	   127,5507	 6	358,25	 89,88	   9,9	  20,5	  24,8	  25,6	  26,8	  26,3	  23,8	  -6,2
s	   127,6255	 7	223,39	 91,80	   6,2	  18,4	  23,9	  25,0	  26,1	  25,7	  23,7	  -6,3
s	   127,7239	 7	358,23	 92,72	   9,7	  20,5	  24,8	  25,5	  26,7	  26,2	  23,7	  -6,3
s	   127,7704	 6	 50,89	 87,10	   8,1	  19,0	  23,2	  23,7	  24,9	  25,3	  22,8	  -8,0
s	   127,7838	 7	358,27	 86,82	   8,6	  19,5	  23,9	  24,4	  25,5	  25,8	  23,7	  -6,3
s	   128,0134	 8	245,81	 98,33	   6,2	  18,1	  23,3	  23,9	  25,2	  26,0	  23,3	  -6,7
s	   128,0447	 7	108,08	 93,05	   6,1	  18,0	  23,4	  24,4	  25,6	  25,4	  22,6	  -8,2
s	   128,3153	 7	 50,86	 96,04	   7,8	  18,9	  23,1	  23,6	  24,8	  25,2	  22,6	  -8,2
s	   128,3287	 8	358,21	 95,76	   8,4	  19,5	  23,8	  24,2	  25,4	  25,7	  23,5	  -6,5
s	   128,3675	 8	223,35	 83,78	   7,6	  19,3	  23,6	  24,0	  25,2	  25,7	  23,5	  -6,5
s	   128,3750	 7	 50,90	 84,28	   7,8	  18,9	  23,1	  23,6	  24,8	  25,2	  22,6	  -8,2
s	   128,3884	 8	358,28	 84,00	   8,4	  19,5	  23,8	  24,2	  25,4	  25,7	  23,5	  -6,6
s	   129,2609	 8	 50,85	 98,83	   8,1	  19,3	  23,5	  24,0	  25,2	  25,6	  23,2	  -6,9
s	   129,4388	 8	 50,91	 81,27	   6,5	  17,7	  21,9	  22,0	  23,2	  24,4	  22,4	  -8,5
s	   129,5594	 7	222,45	 86,64	   7,0	  19,0	  23,3	  23,8	  25,0	  25,5	  23,5	  -6,7
s	   130,0980	 8	222,49	 95,48	   7,5	  19,3	  23,5	  23,9	  25,2	  25,8	  23,4	  -6,9
s	   130,9732	 5	235,60	 89,61	   9,2	  20,2	  24,5	  25,3	  26,5	  26,1	  23,6	  -6,7
s	   131,2012	 6	235,59	 86,62	   7,9	  19,2	  23,5	  24,0	  25,2	  25,6	  23,5	  -6,8
s	   131,7342	 7	235,62	 95,37	   7,7	  19,2	  23,4	  23,9	  25,1	  25,6	  23,3	  -7,0
s	   131,7926	 7	235,58	 83,86	   7,7	  19,2	  23,4	  23,9	  25,1	  25,5	  23,3	  -7,1
s	   131,9796	 7	337,51	 89,76	   9,6	  20,2	  24,5	  25,3	  26,3	  25,8	  23,2	  -7,2
s	   132,1479	 8	337,49	 92,52	   9,4	  20,2	  24,4	  25,2	  26,2	  25,7	  23,1	  -7,3
s	   132,2062	 8	337,53	 86,79	   7,4	  18,8	  23,3	  23,8	  24,9	  25,0	  23,2	  -7,2
s	   132,6594	 8	235,62	 98,10	   7,1	  18,8	  23,1	  23,5	  24,7	  25,2	  22,9	  -7,6
s	   132,8335	 8	235,57	 80,92	   5,6	  17,2	  21,4	  21,6	  22,8	  24,0	  22,1	  -9,1
s	   133,1147	 5	111,36	 90,21	   9,1	  20,1	  24,4	  25,2	  26,4	  26,0	  23,4	  -7,1
s	   133,3396	 6	111,36	 87,26	   8,5	  19,5	  23,7	  24,1	  25,4	  25,9	  23,3	  -7,2
s	   133,8654	 7	111,38	 95,89	   7,5	  19,0	  23,3	  23,8	  25,0	  25,4	  23,1	  -7,4
s	   133,9230	 7	111,35	 84,54	   8,3	  19,5	  23,6	  24,0	  25,2	  25,8	  23,1	  -7,4
s	   134,7783	 8	111,38	 98,59	   8,0	  19,4	  23,5	  23,9	  25,1	  25,7	  22,9	  -7,7
s	   134,9500	 8	111,35	 81,63	   6,2	  18,0	  22,3	  22,5	  23,7	  24,9	  22,9	  -7,7
s	   136,4870	 5	246,66	 89,58	   8,6	  19,8	  24,0	  24,7	  26,0	  25,7	  22,1	  -9,5
s	   136,7073	 6	246,65	 86,70	   8,1	  19,2	  23,3	  23,7	  25,0	  25,7	  21,9	  -9,6
s	   137,1054	 7	246,65	 84,68	   5,4	  17,5	  22,8	  23,5	  24,7	  25,3	  22,8	  -8,0
s	   137,2222	 7	246,67	 95,14	   7,1	  18,8	  22,9	  23,4	  24,6	  25,2	  21,8	  -9,8
s	   138,2845	 8	246,64	 81,18	   4,6	  16,6	  20,9	  21,0	  22,2	  23,5	  21,6	 -10,1
s	   141,3429	 6	141,29	 90,11	   9,3	  20,0	  24,1	  24,9	  26,0	  25,7	  22,5	  -8,7
s	   142,0324	 6	228,08	 89,65	   7,6	  19,2	  23,6	  24,4	  25,5	  24,9	  22,5	  -8,8
s	   142,0568	 8	141,31	 95,51	   8,5	  19,4	  23,3	  23,7	  24,9	  25,5	  22,2	  -9,1
s	   142,1116	 8	141,26	 84,72	   7,8	  19,0	  23,1	  23,5	  24,6	  25,1	  22,2	  -9,1
s	   142,2454	 7	228,07	 86,85	   7,1	  18,6	  22,9	  23,3	  24,5	  24,9	  22,4	  -8,9
s	   142,7433	 8	228,10	 95,02	   6,1	  18,1	  22,5	  23,0	  24,1	  24,4	  22,2	  -9,1
s	   144,6416	 8	215,76	 89,70	   6,3	  18,1	  22,6	  23,3	  24,4	  23,7	  21,0	 -11,2
s	   145,3462	 7	122,79	 92,73	   6,9	  17,8	  22,9	  23,9	  25,1	  24,7	  21,0	 -11,3
s	   147,5424	 7	 16,34	 90,00	   7,8	  19,1	  23,5	  24,2	  25,3	  24,7	  21,9	  -9,9
s	   147,7234	 6	161,52	 90,01	   9,0	  19,1	  23,2	  24,0	  25,1	  24,5	  20,9	 -11,6
s	   147,7486	 8	 16,36	 87,30	   7,3	  18,5	  22,8	  23,2	  24,3	  24,7	  21,8	 -10,0
s	   147,8764	 7	161,53	 92,52	   8,8	  19,0	  23,2	  23,9	  25,0	  24,5	  20,8	 -11,8
s	   147,9258	 8	247,42	 97,32	   5,1	  17,1	  22,2	  22,8	  24,1	  24,8	  21,5	 -10,3
s	   147,9294	 7	161,50	 87,31	   6,8	  17,7	  22,0	  22,5	  23,6	  23,8	  20,8	 -11,7
s	   148,4110	 8	161,55	 95,21	   7,5	  18,0	  22,2	  22,6	  23,7	  24,0	  20,6	 -12,0
s	   148,4638	 8	161,49	 84,81	   7,5	  18,0	  22,2	  22,6	  23,7	  24,0	  20,6	 -12,0
s	   154,2086	 5	 82,16	 95,28	   6,9	  17,7	  22,6	  23,2	  24,6	  25,4	  20,5	 -12,6
s	   154,6510	 7	356,90	 89,89	   8,4	  18,6	  22,8	  23,6	  24,6	  23,8	  20,2	 -12,9
s	   154,7981	 8	356,89	 92,30	   8,2	  18,5	  22,7	  23,5	  24,5	  23,8	  20,1	 -13,1
s	   154,8490	 8	356,91	 87,29	   6,2	  17,2	  21,6	  22,1	  23,1	  23,1	  20,1	 -13,0
s	   155,2153	 8	 20,86	 90,03	   6,5	  18,1	  22,7	  23,5	  24,5	  23,6	  21,1	 -11,3
s	   155,3212	 8	 72,42	 82,81	   5,2	  16,3	  21,4	  21,7	  23,0	  24,3	  20,9	 -11,6
s	   156,3413	 7	 82,17	 80,26	   4,6	  16,2	  21,2	  21,5	  22,9	  24,3	  20,9	 -11,6
s	   157,4309	 7	229,93	 89,65	   5,9	  17,9	  22,5	  23,3	  24,3	  23,6	  21,1	 -11,6
s	   157,5758	 8	229,94	 92,02	   5,6	  17,9	  22,4	  23,2	  24,2	  23,5	  20,9	 -11,7
s	   157,6242	 7	 36,61	 90,11	   7,5	  18,1	  22,4	  23,2	  24,2	  23,5	  20,0	 -13,5
s	   157,6259	 8	229,92	 87,09	   4,6	  17,0	  21,5	  22,0	  23,0	  23,1	  20,9	 -11,7
s	   158,8612	 8	339,26	 89,79	   6,3	  17,5	  22,0	  22,8	  23,8	  22,8	  19,8	 -13,7
s	   159,5816	 7	220,03	 89,69	   5,8	  17,4	  21,9	  22,6	  23,7	  22,9	  19,9	 -13,7
s	   159,7744	 8	220,02	 87,16	   4,5	  16,4	  20,9	  21,4	  22,4	  22,4	  19,7	 -13,9
s	   159,8866	 8	 35,93	 87,58	   6,0	  17,2	  21,4	  21,8	  23,0	  23,2	  19,7	 -13,9
s	   164,0171	 3	 82,01	 90,25	   9,2	  19,3	  23,2	  24,0	  25,2	  25,0	  19,9	 -14,1
s	   164,1570	 4	 82,00	 92,54	   8,5	  19,1	  23,2	  23,9	  25,1	  24,8	  20,8	 -12,4
s	   164,2054	 4	 82,01	 87,78	   8,7	  18,8	  22,5	  22,9	  24,3	  25,0	  19,8	 -14,2
s	   164,6940	 5	 82,01	 85,50	   7,2	  18,1	  22,2	  22,6	  23,8	  24,3	  20,7	 -12,6
s	   164,7324	 4	 73,73	 90,24	   8,9	  19,1	  23,1	  23,8	  25,1	  24,7	  19,8	 -14,3
s	   164,7497	 8	128,68	 92,46	   4,8	  16,7	  22,2	  23,1	  24,3	  23,6	  20,4	 -12,9
s	   164,8717	 5	 73,72	 92,52	   8,2	  18,9	  23,0	  23,8	  24,9	  24,5	  20,7	 -12,6
s	   164,8836	 8	256,67	 80,05	   3,3	  15,3	  20,4	  20,8	  22,1	  23,4	  20,1	 -13,2
s	   165,1951	 6	 82,00	 96,72	   4,7	  16,3	  21,4	  22,1	  23,4	  23,9	  20,3	 -13,0
s	   165,3586	 6	 73,72	 94,98	   7,4	  18,1	  22,1	  22,5	  23,7	  24,2	  19,5	 -14,6
s	   165,5553	 6	 82,01	 83,06	   7,2	  17,7	  21,5	  21,5	  22,8	  24,4	  19,5	 -14,6
s	   165,9059	 7	 73,71	 96,68	   4,5	  16,1	  21,3	  22,0	  23,2	  23,6	  20,1	 -13,3
s	   165,9362	 7	145,15	 90,11	   7,1	  17,9	  22,1	  22,8	  23,8	  23,2	  19,3	 -14,9
s	   166,0746	 8	145,17	 92,38	   6,9	  17,8	  22,0	  22,7	  23,7	  23,2	  19,1	 -15,0
s	   166,1226	 8	145,14	 87,66	   6,6	  17,3	  21,4	  21,8	  22,8	  23,2	  19,1	 -15,0
s	   166,5669	 7	 82,00	 99,69	   6,4	  16,9	  20,6	  20,6	  21,9	  23,5	  19,3	 -14,9
s	   166,7488	 8	281,66	 89,58	   5,2	  17,3	  22,0	  22,7	  23,7	  22,8	  20,2	 -13,3
s	   167,8035	 8	 82,02	 78,97	   2,3	  14,0	  18,9	  18,9	  20,2	  22,4	  19,1	 -15,2
s	   169,2011	 5	 65,84	 90,23	   7,8	  18,5	  22,6	  23,3	  24,5	  24,0	  19,3	 -15,2
s	   169,3372	 6	 65,83	 92,46	   7,0	  18,2	  22,5	  23,2	  24,4	  23,8	  20,2	 -13,5
s	   169,3843	 6	 65,85	 87,82	   7,3	  17,9	  21,9	  22,3	  23,5	  23,9	  19,2	 -15,3
s	   169,8599	 7	 65,85	 85,60	   5,8	  17,3	  21,5	  22,0	  23,1	  23,3	  20,0	 -13,7
s	   170,3478	 8	 65,82	 96,52	   3,3	  15,4	  20,8	  21,5	  22,6	  22,9	  19,7	 -14,1
s	   170,6986	 8	 65,86	 83,22	   5,7	  16,8	  20,8	  20,9	  22,1	  23,4	  18,8	 -15,7
s	   171,4110	 7	162,47	 90,02	   7,6	  18,3	  22,5	  23,3	  24,3	  23,4	  19,9	 -14,0
s	   171,5457	 8	162,48	 92,22	   7,4	  18,2	  22,5	  23,2	  24,2	  23,4	  19,7	 -14,2
s	   171,5923	 8	162,45	 87,64	   5,5	  16,9	  21,3	  21,8	  22,8	  22,7	  19,8	 -14,1
s	   172,6406	 8	178,75	 89,92	   5,7	  17,3	  21,9	  22,7	  23,7	  22,6	  19,7	 -14,3
s	   172,6880	 4	256,83	 89,58	   7,8	  18,5	  22,5	  23,3	  24,5	  24,1	  19,1	 -15,6
s	   172,8218	 5	256,83	 91,78	   7,1	  18,3	  22,4	  23,2	  24,3	  23,8	  20,0	 -14,0
s	   172,8681	 5	256,82	 87,22	   7,3	  17,9	  21,8	  22,2	  23,5	  24,0	  19,0	 -15,8
s	   172,9907	 6	265,64	 87,22	   7,1	  17,8	  21,7	  22,1	  23,3	  23,7	  18,9	 -15,9
s	   173,3353	 6	256,82	 85,04	   6,6	  17,7	  21,7	  22,1	  23,3	  23,8	  19,9	 -14,2
s	   173,5055	 7	265,64	 84,87	   7,4	  18,3	  22,5	  23,2	  24,3	  23,7	  19,8	 -14,3
s	   173,7414	 8	 89,68	 94,79	   3,1	  15,4	  20,7	  21,3	  22,5	  22,9	  18,6	 -16,3
s	   173,8147	 7	256,84	 95,77	   3,4	  15,5	  20,7	  21,4	  22,6	  22,9	  19,5	 -14,6
s	   173,8335	 7	126,95	 90,19	   5,9	  17,1	  21,3	  20,6	  20,7	  20,3	  16,6	 -17,5
s	   174,0125	 8	126,94	 87,84	   4,7	  16,1	  20,3	  19,4	  19,5	  19,8	  16,5	 -17,6
s	   174,1594	 7	256,82	 82,70	   5,8	  16,9	  20,8	  20,8	  22,1	  23,4	  18,7	 -16,2
s	   175,1275	 8	256,84	 98,62	   4,3	  15,7	  19,7	  19,7	  20,9	  22,1	  18,5	 -16,5
s	   178,6428	 7	 57,50	 87,91	   6,1	  17,3	  21,4	  21,8	  22,9	  23,2	  19,3	 -15,2
s	   178,9612	 8	 30,47	 90,09	   5,4	  17,1	  21,6	  22,4	  23,4	  22,3	  19,2	 -15,4
s	   179,5582	 8	 29,36	 90,09	   6,1	  17,4	  21,9	  22,6	  23,6	  22,7	  19,2	 -15,5
s	   181,2461	 8	355,92	 89,89	   7,0	  17,7	  22,0	  22,8	  23,7	  22,6	  19,0	 -15,8
s	   182,2663	 6	241,70	 89,62	   6,2	  17,4	  21,7	  22,4	  23,5	  22,8	  18,1	 -17,5
s	   182,3939	 7	241,71	 91,71	   5,5	  17,2	  21,6	  22,3	  23,4	  22,6	  19,1	 -15,8
s	   182,4507	 6	104,96	 90,25	   5,7	  17,3	  21,7	  22,4	  23,5	  22,6	  19,2	 -15,7
s	   182,5510	 8	 58,82	 92,30	   4,0	  15,9	  21,4	  22,3	  23,4	  22,6	  18,9	 -16,0
s	   182,5781	 7	104,96	 92,34	   5,5	  17,2	  21,6	  22,3	  23,4	  22,6	  19,0	 -15,8
s	   182,6223	 7	104,96	 88,00	   4,5	  16,3	  20,7	  21,2	  22,2	  22,2	  19,0	 -15,9
s	   182,8838	 8	241,69	 85,28	   4,2	  16,2	  20,6	  21,1	  22,1	  22,1	  18,9	 -16,0
s	   183,0236	 8	104,97	 94,58	   4,2	  16,2	  20,6	  21,1	  22,1	  22,1	  18,9	 -16,0
s	   183,0676	 8	104,95	 85,92	   4,2	  16,2	  20,6	  21,1	  22,1	  22,1	  18,9	 -16,0
s	   183,4661	 6	 89,17	 90,26	   6,4	  17,5	  21,7	  22,4	  23,4	  22,9	  18,0	 -17,7
s	   183,5929	 7	 89,17	 92,34	   5,6	  17,3	  21,6	  22,3	  23,3	  22,6	  18,9	 -16,1
s	   183,6368	 7	 89,17	 88,02	   4,9	  16,6	  20,7	  21,1	  22,3	  22,5	  17,9	 -17,8
s	   184,0800	 8	 89,17	 85,95	   5,1	  16,7	  20,8	  21,2	  22,3	  22,6	  18,7	 -16,3
s	   185,1315	 8	147,48	 90,10	   6,1	  17,2	  21,6	  22,4	  23,3	  22,3	  18,7	 -16,4
s	   185,4815	 7	279,58	 89,58	   5,4	  17,0	  21,4	  22,2	  23,2	  22,2	  18,8	 -16,3
s	   185,6071	 8	279,58	 91,64	   5,1	  16,9	  21,4	  22,1	  23,1	  22,2	  18,7	 -16,5
s	   186,0049	 6	 66,93	 90,23	   5,6	  17,1	  21,5	  22,3	  23,3	  22,5	  18,9	 -16,3
s	   186,1302	 7	 66,93	 92,29	   5,3	  17,1	  21,5	  22,2	  23,2	  22,4	  18,8	 -16,4
s	   186,1735	 7	 66,94	 88,02	   5,1	  16,5	  20,8	  21,2	  22,3	  22,4	  18,8	 -16,4
s	   186,3076	 8	 73,48	 90,25	   7,9	  17,9	  22,1	  22,8	  23,8	  22,9	  17,6	 -18,4
s	   186,6115	 8	 66,94	 85,98	   4,8	  16,5	  20,7	  21,1	  22,2	  22,3	  18,6	 -16,6
s	   186,7160	 8	280,36	 87,38	   4,8	  16,5	  20,7	  21,1	  22,2	  22,3	  18,6	 -16,6
s	   186,9181	 7	 51,34	 90,19	   5,3	  16,9	  21,4	  22,1	  23,1	  22,1	  18,7	 -16,6
s	   187,0428	 8	 51,34	 92,23	   5,1	  16,8	  21,3	  22,0	  23,0	  22,1	  18,6	 -16,7
s	   187,0860	 8	 51,35	 87,99	   4,1	  15,9	  20,4	  20,9	  21,9	  21,7	  18,6	 -16,7
s	   187,2006	 8	148,21	 90,10	   6,0	  17,1	  21,5	  22,3	  23,2	  22,1	  18,5	 -16,8
s	   190,3110	 7	234,75	 89,64	   4,4	  16,5	  21,0	  21,8	  22,8	  21,8	  18,4	 -17,1
s	   190,4338	 8	234,76	 91,66	   4,2	  16,4	  21,0	  21,7	  22,7	  21,7	  18,3	 -17,3
s	   190,4763	 8	234,75	 87,48	   3,9	  15,9	  20,3	  20,7	  21,8	  21,7	  18,3	 -17,3
s	   190,7136	 7	235,65	 89,64	   4,4	  16,5	  21,0	  21,8	  22,7	  21,8	  18,4	 -17,2
s	   190,8362	 8	235,66	 91,65	   4,2	  16,4	  20,9	  21,7	  22,6	  21,7	  18,3	 -17,3
s	   190,8786	 8	235,64	 87,48	   3,2	  15,5	  20,0	  20,5	  21,5	  21,3	  18,3	 -17,3
s	   192,0241	 7	249,94	 89,60	   4,1	  16,3	  20,8	  21,5	  22,5	  21,7	  17,3	 -19,2
s	   192,1459	 8	249,95	 91,60	   3,4	  16,1	  20,7	  21,4	  22,4	  21,5	  18,2	 -17,5
s	   192,1881	 8	249,94	 87,45	   3,6	  15,7	  20,0	  20,4	  21,5	  21,6	  17,2	 -19,3
s	   192,2740	 7	 59,79	 90,22	   5,1	  16,7	  21,2	  21,9	  22,9	  21,9	  18,3	 -17,5
s	   192,4318	 8	131,27	 90,18	   4,1	  15,7	  20,3	  21,1	  22,0	  20,9	  17,1	 -19,4
s	   192,4378	 8	 59,80	 88,07	   5,3	  16,5	  20,7	  21,1	  22,2	  22,2	  18,2	 -17,6
s	   194,4893	 7	271,30	 89,58	   4,3	  16,3	  20,8	  21,6	  22,6	  21,6	  18,1	 -17,8
s	   194,6098	 8	271,30	 91,56	   4,0	  16,3	  20,8	  21,5	  22,5	  21,5	  18,0	 -17,9
s	   194,6515	 8	271,30	 87,46	   3,7	  15,7	  20,1	  20,6	  21,6	  21,5	  18,0	 -18,0
s	   198,6166	 8	163,31	 90,02	   5,5	  16,2	  20,5	  21,3	  22,2	  21,0	  16,6	 -20,5
s	   200,4713	 8	278,19	 89,59	   3,8	  15,9	  20,5	  21,3	  22,2	  21,0	  17,6	 -18,9
s	   202,3823	 8	228,35	 89,67	   4,2	  16,0	  20,5	  21,2	  22,2	  21,1	  17,2	 -19,5
s	   202,5866	 8	 45,43	 90,17	   4,2	  16,0	  20,5	  21,2	  22,1	  21,1	  17,2	 -19,5
s	   206,6363	 8	264,73	 87,57	   4,5	  15,7	  19,9	  20,3	  21,4	  21,3	  16,1	 -21,7
s	   209,8651	 6	 81,49	 94,10	   3,9	  15,1	  20,1	  20,7	  21,9	  22,2	  17,1	 -20,2
s	   210,6516	 7	 88,04	 94,09	   2,1	  14,2	  19,5	  20,1	  21,2	  21,3	  16,9	 -20,5
s	   211,8057	 7	 61,46	 90,23	   5,3	  16,3	  20,6	  21,4	  22,3	  21,2	  16,8	 -20,7
s	   211,9560	 8	 61,47	 88,26	   4,6	  15,8	  20,0	  20,3	  21,4	  21,3	  16,7	 -20,8
s	   215,5243	 8	244,21	 89,62	   3,0	  15,2	  19,8	  20,4	  21,4	  20,3	  15,4	 -23,1
s	   218,5211	 7	257,30	 93,30	   2,6	  14,3	  19,4	  20,0	  21,2	  21,4	  16,4	 -21,7
s	   219,8365	 4	 81,40	 90,27	   5,5	  16,4	  20,6	  21,3	  22,4	  21,6	  16,6	 -21,6
s	   219,9445	 5	 81,40	 92,04	   5,2	  16,4	  20,5	  21,2	  22,3	  21,5	  16,5	 -21,7
s	   219,9819	 5	 81,40	 88,36	   5,7	  16,3	  20,2	  20,5	  21,7	  21,9	  16,5	 -21,7
s	   220,0801	 8	276,63	 89,59	   4,0	  15,6	  20,0	  20,7	  21,6	  20,4	  16,1	 -22,2
s	   220,2120	 6	 81,40	 93,51	   2,7	  14,3	  19,4	  20,1	  21,2	  21,3	  16,3	 -21,9
s	   220,3595	 6	 81,41	 86,60	   4,7	  15,8	  19,8	  20,2	  21,3	  21,4	  16,3	 -21,9
s	   220,3892	 5	 75,01	 90,26	   5,2	  16,2	  20,5	  21,2	  22,2	  21,3	  16,4	 -21,8
s	   220,4970	 6	 75,00	 92,03	   5,0	  16,2	  20,4	  21,1	  22,2	  21,2	  16,3	 -21,9
s	   220,8738	 7	 75,00	 93,93	   4,5	  15,6	  19,7	  20,1	  21,2	  21,2	  16,2	 -22,1
s	   221,0262	 7	 81,41	 84,70	   4,2	  15,2	  19,1	  19,2	  20,3	  21,4	  16,2	 -22,1
s	   221,4648	 8	 75,00	 95,68	   4,2	  15,6	  19,7	  20,0	  21,1	  21,1	  16,0	 -22,3
s	   221,8848	 8	 81,41	 82,95	   3,9	  15,2	  19,0	  19,0	  20,2	  21,3	  16,0	 -22,4
s	   228,5110	 5	257,39	 89,60	   4,2	  15,7	  20,0	  20,7	  21,7	  20,7	  15,9	 -23,1
s	   228,6153	 6	257,39	 91,31	   4,0	  15,6	  19,9	  20,6	  21,6	  20,7	  15,7	 -23,2
s	   228,6514	 6	257,38	 87,76	   4,4	  15,5	  19,5	  19,9	  21,0	  21,1	  15,7	 -23,2
s	   229,0162	 7	257,38	 86,05	   3,5	  15,1	  19,2	  19,6	  20,6	  20,6	  15,6	 -23,4
s	   229,0449	 6	263,56	 89,60	   4,0	  15,5	  19,9	  20,6	  21,6	  20,4	  15,7	 -23,3
s	   229,1490	 7	263,57	 91,30	   3,7	  15,4	  19,8	  20,5	  21,5	  20,4	  15,6	 -23,4
s	   229,5130	 8	263,57	 93,14	   3,2	  14,9	  19,1	  19,5	  20,5	  20,3	  15,5	 -23,6
s	   229,5523	 8	257,39	 94,85	   3,2	  15,0	  19,1	  19,5	  20,5	  20,5	  15,5	 -23,6
s	   229,6602	 8	257,38	 84,22	   2,9	  14,5	  18,5	  18,5	  19,6	  20,5	  15,5	 -23,6
s	   230,2794	 7	 62,80	 90,24	   3,7	  15,3	  19,7	  20,5	  21,4	  20,1	  15,5	 -23,6
s	   230,3830	 8	 62,79	 91,94	   3,5	  15,2	  19,7	  20,4	  21,3	  20,0	  15,4	 -23,7
s	   230,4188	 8	 62,80	 88,41	   3,9	  15,1	  19,3	  19,7	  20,7	  20,5	  15,4	 -23,7
s	   231,9150	 8	 93,53	 91,96	   1,4	  13,8	  19,3	  20,2	  21,2	  20,1	  15,3	 -24,0
s	   242,0457	 8	 92,98	 91,50	   0,3	  13,0	  18,6	  19,6	  20,5	  19,2	  14,6	 -25,6
s	   243,4116	 8	104,52	 90,27	   2,3	  14,4	  19,0	  19,7	  20,5	  19,1	  14,5	 -25,8
s	   244,6628	 8	105,08	 90,27	   2,2	  14,3	  18,9	  19,6	  20,5	  19,0	  14,4	 -26,0
#END
