#HEADER
CATT-Acoustic v8.0b    Copyright © CATT 1988-2003

 Project                : Aula Optica 

 GEOMETRICAL INFORMATION
 Src id and loc     [m] :   E0           9,400        4,600        1,300
 Rec id and loc     [m] :   18           8,000        7,600        1,200

 18        9,6471

 VARIABLE SOURCE DATA
 Directivity
   Type (library)       :  OMNI.SD0
   Dir. Index (DI) [dB] :       0,0      0,0      0,0      0,0      0,0      0,0      0,0      0,0
 Level
   On axis 1m      [dB] :      48,1     57,1     60,8     61,7     63,4     64,6     64,6     48,2
   Total power     [dB] :      59,0     68,0     71,7     72,6     74,3     75,5     75,5     59,1
   Auxiliary delay [ms] :       0,0

 VARIABLE AIR DATA
 Temperature       [°C] :      20
 Relative humidity  [%] :      50
 Density        [kg/m³] :       1,2
 Sound speed      [m/s] :     343
 Impedance      [Ns/m³] :     412
 Diss. coeff. [0.001/m] :      0,10     0,30     0,63     1,07     2,28     6,83    24,23    83,90      (estimated)

#DATAFIELDS
 TYPE DELAY ORDER AZIMUTH ELEVATION SPL125 SPL250 SPL500 SPL1K SPL2K SPL4K SPL8K SPL16K
#DATA
d	     0,0000	 0	181,11	 88,26	  37,7	  46,7	  50,4	  51,3	  53,0	  54,1	  53,8	  36,6
s	     2,4362	 1	181,70	127,04	  35,1	  44,2	  47,9	  48,8	  50,5	  51,6	  51,2	  33,8
*	    37,8456	 1	248,52	 97,45	 -10,7	  -1,5	   2,2	   3,0	   4,6	   5,5	   4,2	 -16,4
*	    36,2477	 1	229,25	 97,32	  -9,6	  -0,5	   3,2	   4,0	   5,6	   6,6	   5,3	 -15,2
*	    40,4197	 1	212,85	 96,57	 -11,8	  -2,6	   1,1	   1,9	   3,5	   4,4	   3,0	 -17,8
*	    22,8583	 1	250,71	101,56	  -0,8	   8,4	  12,0	  12,9	  14,5	  15,5	  14,6	  -4,7
*	    20,3857	 1	222,06	100,92	   1,7	  10,8	  14,5	  15,3	  17,0	  18,0	  17,2	  -1,9
*	    26,2711	 1	201,36	 98,80	  -2,7	   6,5	  10,2	  11,0	  12,6	  13,6	  12,6	  -7,0
*	    10,4621	 1	257,52	113,31	  12,0	  21,2	  24,8	  25,7	  27,4	  28,5	  27,9	   9,7
*	     6,4168	 1	203,79	108,84	  19,0	  28,2	  31,9	  32,7	  34,4	  35,5	  35,1	  17,2
*	    15,5435	 1	181,53	101,75	   7,6	  16,8	  20,5	  21,3	  23,0	  24,1	  23,3	   4,7
*	     6,5077	 1	355,11	151,11	  21,3	  30,4	  34,1	  35,0	  36,6	  37,8	  37,3	  19,5
*	     4,4844	 1	148,34	118,25	  20,9	  30,1	  33,8	  34,7	  36,3	  37,5	  37,0	  19,4
*	    14,6510	 1	151,68	103,51	   7,7	  16,9	  20,6	  21,4	  23,1	  24,1	  23,4	   4,9
*	    17,6406	 1	 53,03	111,28	   4,8	  13,9	  17,6	  18,5	  20,1	  21,2	  20,4	   1,6
*	    16,1973	 1	100,25	108,05	   5,3	  14,4	  18,1	  19,0	  20,6	  21,7	  21,0	   2,3
*	    23,4925	 1	123,07	101,94	  -1,2	   7,9	  11,6	  12,4	  14,1	  15,1	  14,2	  -5,2
*	    32,6545	 1	 58,39	101,91	  -7,4	   1,8	   5,5	   6,3	   7,9	   8,9	   7,7	 -12,4
*	    31,5169	 1	 84,94	101,37	  -6,9	   2,3	   6,0	   6,8	   8,4	   9,4	   8,2	 -11,8
*	    36,5691	 1	104,90	 99,38	 -10,0	  -0,8	   2,9	   3,7	   5,3	   6,2	   5,0	 -15,5
s	     3,1720	 1	180,47	 48,77	  33,0	  42,1	  45,8	  46,3	  48,0	  49,9	  49,9	  31,6
*	    55,6914	 1	219,19	 82,58	 -15,7	  -5,8	  -2,0	  -1,2	   0,4	   1,9	   0,6	 -19,9
*	    51,8602	 1	232,13	 81,86	 -14,2	  -4,3	  -0,4	   0,3	   1,9	   3,5	   2,2	 -17,9
*	    52,3120	 1	246,66	 81,53	 -14,4	  -4,6	  -0,7	   0,1	   1,6	   3,2	   2,0	 -18,3
*	    40,8539	 1	211,71	 80,95	  -8,8	   1,1	   4,9	   5,7	   7,3	   8,9	   8,0	 -11,2
*	    35,8691	 1	227,54	 79,55	  -6,2	   3,6	   7,5	   8,3	   9,9	  11,6	  10,7	  -8,0
*	    36,5382	 1	246,85	 78,88	  -6,8	   3,1	   7,0	   7,7	   9,4	  11,0	  10,2	  -8,6
*	    27,4043	 1	199,67	 78,71	  -0,3	   9,6	  13,4	  14,2	  15,8	  17,6	  17,0	  -1,0
*	    20,4249	 1	218,83	 75,42	   4,9	  14,8	  18,6	  19,4	  21,1	  22,8	  22,4	   5,0
*	    21,5716	 1	247,26	 73,54	   3,4	  13,3	  17,2	  18,0	  19,6	  21,4	  20,9	   3,4
*	    17,6782	 1	179,94	 76,16	   8,5	  18,3	  22,2	  23,0	  24,6	  26,4	  26,1	   9,0
*	     7,1405	 1	198,11	 67,59	  21,6	  31,5	  35,4	  36,2	  37,8	  39,7	  39,6	  23,4
*	     9,2224	 1	248,57	 58,13	  16,7	  26,6	  30,4	  31,2	  32,9	  34,8	  34,6	  18,2
*	    17,0908	 1	152,23	 75,28	   8,4	  18,2	  22,1	  22,9	  24,5	  26,3	  26,0	   8,9
*	     6,0704	 1	148,23	 61,76	  21,6	  31,5	  35,4	  36,2	  37,9	  39,7	  39,7	  23,6
*	     6,0466	 1	 50,45	 14,70	  24,0	  33,8	  37,7	  38,5	  40,2	  42,1	  42,0	  25,9
*	    25,4048	 1	126,10	 77,44	   0,5	  10,4	  14,3	  15,0	  16,7	  18,4	  17,9	   0,1
*	    17,3666	 1	106,46	 71,07	   7,2	  17,1	  21,0	  21,7	  23,4	  25,2	  24,8	   7,7
*	    17,3267	 1	 64,21	 65,56	   8,0	  17,9	  21,7	  22,5	  24,2	  26,0	  25,6	   8,5
*	    37,9190	 1	108,72	 80,35	  -7,5	   2,3	   6,2	   7,0	   8,6	  10,2	   9,3	  -9,6
*	    32,1801	 1	 90,39	 77,98	  -4,2	   5,7	   9,6	  10,3	  12,0	  13,7	  12,9	  -5,5
*	    32,3009	 1	 65,10	 76,72	  -4,0	   5,8	   9,7	  10,5	  12,1	  13,8	  13,1	  -5,4
s	     8,5543	 2	182,33	147,99	  29,7	  39,0	  42,7	  43,2	  44,8	  46,7	  46,6	  27,8
s	     9,0509	 2	179,89	 31,04	  30,0	  39,5	  43,2	  43,7	  45,4	  47,3	  47,1	  29,0
s	     9,4371	 1	323,79	 88,68	  30,6	  39,6	  43,4	  44,3	  45,9	  46,8	  46,2	  27,4
*	    24,2476	 1	 43,27	 96,74	   3,0	  12,0	  15,8	  16,7	  18,3	  19,1	  19,4	   1,6
*	    17,5987	 1	 32,91	 99,16	   9,4	  18,4	  22,2	  23,1	  24,7	  25,6	  26,0	   8,9
*	    12,2095	 1	 10,41	103,22	  16,4	  25,4	  29,2	  30,1	  31,7	  32,6	  33,2	  16,6
*	    12,7793	 1	 10,92	 65,14	  15,4	  24,4	  28,2	  29,1	  30,7	  31,6	  32,1	  15,5
*	     9,7372	 1	326,80	105,15	  19,9	  29,0	  32,7	  33,6	  35,3	  36,2	  36,8	  20,4
*	    10,3960	 1	327,32	 60,41	  18,5	  27,6	  31,4	  32,2	  33,9	  34,8	  35,4	  18,9
*	    11,3465	 1	290,81	100,53	  16,1	  25,1	  28,9	  29,8	  31,4	  32,3	  32,9	  16,3
*	    11,8702	 1	290,97	 67,59	  15,3	  24,3	  28,1	  29,0	  30,6	  31,5	  32,1	  15,5
*	    15,5961	 1	274,41	 96,87	  10,3	  19,3	  23,1	  24,0	  25,6	  26,5	  26,9	  10,0
*	    15,9888	 1	274,43	 74,23	   9,8	  18,9	  22,6	  23,5	  25,1	  26,0	  26,5	   9,5
*	    21,3363	 1	266,41	 94,83	   4,6	  13,7	  17,4	  18,3	  19,9	  20,8	  21,1	   3,6
*	    21,6434	 1	266,40	 78,15	   4,4	  13,4	  17,2	  18,1	  19,7	  20,5	  20,8	   3,3
*	    27,9798	 1	261,84	 93,63	  -0,5	   8,5	  12,3	  13,2	  14,8	  15,6	  15,7	  -2,3
*	    28,2289	 1	261,82	 80,54	  -0,7	   8,4	  12,1	  13,0	  14,6	  15,4	  15,6	  -2,5
*	    35,1765	 1	258,92	 92,84	  -5,1	   4,0	   7,7	   8,6	  10,2	  10,9	  10,9	  -7,8
*	    35,3843	 1	258,89	 82,12	  -5,2	   3,8	   7,6	   8,5	  10,1	  10,8	  10,8	  -7,9
*	    42,7181	 1	256,90	 92,29	  -9,1	  -0,1	   3,7	   4,5	   6,1	   6,8	   6,6	 -12,8
*	    42,8956	 1	256,88	 83,22	  -9,2	  -0,2	   3,6	   4,5	   6,0	   6,7	   6,5	 -12,9
*	    50,4821	 1	255,44	 91,89	 -12,7	  -3,7	   0,1	   0,9	   2,5	   3,1	   2,7	 -17,3
*	    50,6364	 1	255,41	 84,04	 -12,8	  -3,8	   0,0	   0,9	   2,4	   3,1	   2,6	 -17,4
s	    10,7771	 2	323,55	110,44	  30,3	  39,5	  43,3	  44,1	  45,7	  46,7	  46,3	  28,1
s	    11,2209	 2	324,04	 65,68	  28,6	  37,7	  41,4	  42,0	  43,6	  45,3	  45,3	  26,3
s	    14,8974	 3	323,29	128,53	  26,9	  36,3	  40,0	  40,5	  42,1	  43,8	  43,6	  24,3
s	    15,3019	 3	182,91	157,24	  27,3	  36,9	  40,6	  41,1	  42,8	  44,7	  44,3	  25,6
s	    16,3804	 3	179,25	 21,74	  25,4	  34,9	  38,6	  38,8	  40,5	  43,1	  43,1	  23,6
s	    16,5169	 5	324,99	 50,18	  26,4	  36,0	  40,0	  40,5	  42,1	  43,5	  43,6	  24,9
s	    20,2460	 4	323,06	139,89	  25,5	  35,2	  38,9	  39,5	  41,1	  42,8	  42,4	  23,3
s	    21,1518	 4	324,55	 37,85	  23,7	  33,3	  37,0	  37,2	  38,8	  41,3	  41,3	  21,4
s	    22,9764	 4	183,55	162,78	  23,2	  32,9	  36,6	  36,7	  38,4	  41,0	  40,7	  20,7
s	    23,5333	 4	178,67	 16,90	  23,6	  33,5	  37,2	  37,4	  39,0	  41,7	  41,4	  22,0
s	    26,1221	 1	162,66	 89,76	  25,1	  34,6	  38,4	  39,3	  40,9	  41,8	  41,2	  21,6
*	    31,3436	 1	184,56	 84,90	   6,3	  15,8	  19,7	  20,5	  22,1	  22,9	  22,2	   2,2
*	    26,5847	 1	157,59	 84,56	   9,5	  19,0	  22,9	  23,7	  25,3	  26,2	  25,6	   6,0
*	    26,6037	 1	145,29	 99,85	  -0,6	   8,9	  12,7	  13,6	  15,1	  16,0	  15,4	  -4,2
*	    26,6881	 1	 38,37	 83,39	   2,7	  11,8	  15,5	  16,3	  18,0	  19,0	  18,0	  -1,7
*	    36,6601	 1	 46,54	 85,44	  -4,0	   5,2	   8,8	   9,7	  11,3	  12,2	  10,9	  -9,6
s	    26,8546	 2	162,81	101,73	  24,7	  34,4	  38,2	  39,1	  40,6	  41,5	  40,9	  21,2
s	    26,8965	 5	322,80	148,07	  22,0	  31,8	  35,5	  35,7	  37,2	  39,7	  39,5	  19,1
s	    27,1048	 2	162,49	 76,94	  23,6	  33,4	  37,2	  37,8	  39,4	  41,1	  40,8	  21,1
s	    27,3945	 5	324,79	 30,57	  22,4	  32,3	  36,1	  36,3	  37,9	  40,4	  40,2	  20,5
s	    29,3101	 3	162,97	113,57	  22,2	  32,0	  35,7	  36,2	  37,8	  39,5	  39,1	  18,5
s	    29,5446	 3	162,34	 66,10	  22,6	  32,6	  36,4	  36,9	  38,5	  40,2	  39,8	  19,9
*	    29,5627	 1	145,77	 78,71	 -12,9	  -3,4	   0,4	   1,3	   2,9	   3,7	   3,1	 -16,8
s	    30,2738	 5	184,13	165,99	  21,7	  31,8	  35,5	  35,7	  37,3	  40,0	  39,4	  19,5
s	    31,1212	 2	185,46	 89,52	  23,0	  33,0	  37,0	  37,9	  39,4	  40,1	  39,8	  19,7
s	    31,4053	 5	178,03	 13,59	  20,0	  30,0	  33,6	  33,5	  35,1	  38,5	  38,3	  17,5
*	    31,5970	 1	190,38	 97,82	  -3,7	   5,8	   9,6	  10,5	  12,1	  12,9	  12,2	  -7,9
s	    31,7654	 3	185,59	100,06	  22,7	  32,8	  36,8	  37,6	  39,2	  39,9	  39,5	  19,4
*	    31,8219	 1	184,73	 97,83	  -9,3	   0,2	   4,0	   4,9	   6,4	   7,3	   6,5	 -13,6
s	    31,9860	 3	185,31	 78,22	  21,6	  31,9	  35,8	  36,4	  38,0	  39,5	  39,4	  19,3
s	    32,1264	 2	 78,35	100,77	  22,1	  31,9	  36,7	  37,7	  39,4	  40,4	  39,3	  19,2
s	    32,8832	 4	163,12	122,97	  21,7	  31,8	  35,6	  36,1	  37,7	  39,4	  38,9	  18,7
s	    33,5247	 4	162,18	 56,17	  20,0	  30,1	  33,9	  34,1	  35,6	  38,1	  37,9	  16,9
s	    33,9451	 4	185,74	110,67	  20,2	  30,5	  34,4	  34,9	  36,4	  38,0	  37,8	  16,8
s	    34,1548	 4	185,17	 68,48	  20,7	  31,2	  35,1	  35,7	  37,2	  38,7	  38,6	  18,3
s	    34,5846	 6	325,06	 25,12	  19,1	  29,1	  32,9	  32,7	  34,3	  37,5	  37,5	  16,4
s	    35,2547	 3	 41,14	 99,83	  21,2	  31,1	  36,0	  37,0	  38,6	  39,5	  38,4	  18,0
s	    35,9744	 2	330,99	 89,27	  22,8	  32,3	  36,2	  37,1	  38,6	  39,3	  38,6	  18,2
*	    36,7074	 1	192,73	 97,07	  -9,2	  -0,0	   3,8	   7,3	   9,8	  10,5	   9,3	 -11,2
*	    38,2644	 1	194,69	 96,85	 -10,1	  -0,9	   2,9	   6,4	   8,9	   9,6	   8,4	 -12,3
*	    39,8924	 1	196,56	 96,64	 -11,0	  -1,8	   2,0	   5,5	   8,0	   8,7	   7,4	 -13,4
*	    41,5840	 1	198,33	 96,43	 -11,9	  -2,8	   1,1	   4,6	   7,0	   7,7	   6,4	 -14,5
*	    36,3723	 1	192,69	 94,57	  -9,0	   0,2	   4,0	   7,5	  10,0	  10,7	   9,5	 -11,0
*	    37,9416	 1	194,66	 94,42	  -9,9	  -0,7	   3,1	   6,6	   9,1	   9,8	   8,6	 -12,1
*	    39,5814	 1	196,53	 94,28	 -10,8	  -1,7	   2,2	   5,7	   8,1	   8,9	   7,6	 -13,2
*	    41,2844	 1	198,30	 94,13	 -11,8	  -2,6	   1,2	   4,7	   7,2	   7,9	   6,6	 -14,3
*	    36,1684	 1	192,66	 92,06	  -8,9	   0,3	   4,1	   7,6	  10,1	  10,9	   9,7	 -10,8
*	    37,7453	 1	194,63	 91,98	  -9,8	  -0,6	   3,2	   6,7	   9,2	   9,9	   8,7	 -11,9
*	    39,3924	 1	196,50	 91,90	 -10,7	  -1,6	   2,3	   5,8	   8,3	   9,0	   7,7	 -13,1
*	    41,1024	 1	198,27	 91,82	 -11,7	  -2,5	   1,3	   4,8	   7,3	   8,0	   6,7	 -14,2
*	    36,0977	 1	192,63	 89,54	  -8,8	   0,4	   4,2	   7,7	  10,2	  10,9	   9,7	 -10,8
*	    37,6773	 1	194,60	 89,51	  -9,8	  -0,6	   3,2	   6,7	   9,2	  10,0	   8,7	 -11,9
*	    39,3271	 1	196,47	 89,50	 -10,7	  -1,5	   2,3	   5,8	   8,3	   9,0	   7,7	 -13,0
*	    41,0397	 1	198,24	 89,49	 -11,6	  -2,5	   1,4	   4,9	   7,4	   8,0	   6,7	 -14,2
*	    36,1610	 1	192,60	 87,02	  -8,9	   0,3	   4,1	   7,6	  10,1	  10,9	   9,7	 -10,8
*	    37,7384	 1	194,57	 87,06	  -9,8	  -0,6	   3,2	   6,7	   9,2	   9,9	   8,7	 -11,9
*	    39,3861	 1	196,44	 87,12	 -10,7	  -1,5	   2,3	   5,8	   8,3	   9,0	   7,7	 -13,1
*	    41,0966	 1	198,22	 87,16	 -11,7	  -2,5	   1,3	   4,8	   7,3	   8,0	   6,7	 -14,2
*	    36,3577	 1	192,57	 84,51	  -9,0	   0,2	   4,0	   7,5	  10,0	  10,7	   9,6	 -10,9
*	    37,9281	 1	194,54	 84,62	  -9,9	  -0,7	   3,1	   6,6	   9,1	   9,8	   8,6	 -12,1
*	    39,5689	 1	196,41	 84,73	 -10,8	  -1,6	   2,2	   5,7	   8,2	   8,9	   7,6	 -13,2
*	    41,2728	 1	198,19	 84,85	 -11,8	  -2,6	   1,2	   4,7	   7,2	   7,9	   6,6	 -14,3
s	    36,5510	 3	330,88	 98,71	  22,4	  32,2	  36,1	  36,9	  38,4	  39,1	  38,4	  17,9
s	    36,7489	 3	331,11	 79,15	  21,4	  31,2	  35,1	  35,7	  37,2	  38,7	  38,3	  17,8
s	    37,1657	 5	185,88	119,37	  19,9	  30,5	  34,5	  35,0	  36,5	  38,1	  37,8	  17,2
s	    37,7493	 5	185,02	 59,26	  18,2	  28,8	  32,7	  32,9	  34,4	  36,8	  36,9	  15,5
*	    40,0828	 1	 95,38	 96,81	 -19,4	  -9,7	  -4,9	  -3,8	  -2,2	  -1,3	  -2,6	 -23,4
*	    37,7918	 1	 81,55	 97,43	 -18,1	  -8,4	  -3,7	  -2,6	  -0,9	   0,0	  -1,2	 -21,8
*	    38,3594	 1	 65,64	 97,61	 -18,3	  -8,6	  -3,9	  -2,8	  -1,1	  -0,2	  -1,4	 -22,1
s	    37,7940	 5	163,29	131,29	  19,0	  29,2	  33,0	  33,1	  34,7	  37,2	  36,8	  15,5
s	    38,2284	 6	184,76	168,34	  18,4	  28,6	  32,2	  32,0	  33,7	  37,0	  36,6	  15,2
s	    38,5674	 5	162,02	 48,12	  20,4	  30,6	  34,5	  35,0	  36,5	  38,0	  37,5	  16,8
s	    38,7045	 4	331,22	 70,29	  20,6	  30,6	  34,5	  35,0	  36,5	  38,0	  37,6	  16,9
s	    38,7991	 6	177,45	 11,49	  18,8	  29,2	  32,8	  32,7	  34,3	  37,7	  37,3	  16,6
*	    40,1318	 1	110,68	 98,55	  -5,0	   4,7	   9,4	  10,5	  12,2	  13,1	  11,8	  -9,0
s	    41,4480	 5	330,66	116,40	  19,9	  30,0	  34,0	  34,5	  36,0	  37,5	  36,9	  15,9
s	    41,5210	 7	325,31	 21,46	  18,1	  28,5	  32,3	  32,2	  33,7	  37,0	  36,6	  15,7
s	    41,5211	 7	322,30	157,65	  18,6	  28,6	  32,4	  32,5	  34,1	  36,4	  35,8	  14,1
s	    41,6684	 6	186,03	127,32	  17,3	  28,1	  32,0	  32,1	  33,7	  36,0	  35,9	  14,2
s	    41,7823	 1	 75,90	 90,40	  22,0	  31,5	  35,3	  36,1	  37,7	  38,5	  37,5	  16,5
*	    44,8142	 1	 54,10	 92,37	   1,2	  10,7	  14,5	  15,4	  17,0	  17,7	  16,6	  -4,6
*	    41,9373	 1	 80,17	 92,48	   2,5	  12,0	  15,8	  16,7	  18,2	  19,0	  18,0	  -3,0
*	    47,4987	 1	101,62	 92,20	  -0,2	   9,3	  13,1	  13,9	  15,5	  16,2	  15,1	  -6,4
*	    43,0222	 1	 64,00	 83,17	  -9,5	  -0,4	   3,3	   4,1	   5,7	   6,6	   9,2	 -10,2
*	    42,7358	 1	 63,98	 87,65	  -9,4	  -0,2	   3,4	   4,3	   5,9	   6,8	   9,3	 -10,1
*	    42,4715	 1	 68,52	 83,19	  -9,3	  -0,1	   3,5	   4,4	   6,0	   6,9	   9,4	  -9,9
*	    42,1828	 1	 68,50	 87,67	  -9,1	   0,0	   3,7	   4,5	   6,1	   7,0	   9,6	  -9,7
*	    42,1744	 1	 73,01	 83,26	  -9,2	  -0,0	   3,7	   4,5	   6,1	   7,0	   9,6	  -9,8
*	    41,8848	 1	 72,99	 87,71	  -9,0	   0,1	   3,8	   4,6	   6,2	   7,1	   9,7	  -9,6
*	    42,1333	 1	 77,42	 83,36	  -9,2	  -0,0	   3,7	   4,5	   6,1	   7,0	   9,5	  -9,8
*	    41,8443	 1	 77,41	 87,76	  -9,0	   0,1	   3,8	   4,6	   6,2	   7,1	   9,7	  -9,6
*	    42,3474	 1	 81,69	 83,50	  -9,3	  -0,1	   3,5	   4,3	   6,0	   6,8	   9,4	  -9,9
*	    42,0604	 1	 81,68	 87,83	  -9,2	   0,0	   3,7	   4,5	   6,1	   7,0	   9,6	  -9,7
*	    42,8125	 1	 85,80	 83,66	  -9,6	  -0,4	   3,3	   4,1	   5,7	   6,6	   9,1	 -10,2
*	    42,5288	 1	 85,79	 87,90	  -9,4	  -0,3	   3,4	   4,2	   5,8	   6,7	   9,3	 -10,0
*	    43,5214	 1	 89,70	 83,86	  -9,9	  -0,8	   2,9	   3,7	   5,3	   6,2	   8,8	 -10,7
*	    43,2420	 1	 89,70	 87,98	  -9,8	  -0,6	   3,1	   3,9	   5,5	   6,4	   8,9	 -10,5
*	    44,4644	 1	 93,38	 84,07	 -10,4	  -1,2	   2,4	   3,3	   4,9	   5,7	   8,3	 -11,3
*	    44,1904	 1	 93,38	 88,05	 -10,3	  -1,1	   2,6	   3,4	   5,0	   5,9	   8,4	 -11,1
*	    45,6298	 1	 96,84	 84,28	 -11,0	  -1,8	   1,9	   2,7	   4,3	   5,2	   7,6	 -12,0
*	    45,3619	 1	 96,84	 88,14	 -10,8	  -1,7	   2,0	   2,8	   4,4	   5,3	   7,8	 -11,8
*	    47,0044	 1	100,07	 84,49	 -11,6	  -2,4	   1,2	   2,1	   3,7	   4,5	   7,0	 -12,8
*	    46,7433	 1	100,07	 88,23	 -11,5	  -2,3	   1,4	   2,2	   3,8	   4,6	   7,1	 -12,6
s	    41,9832	 5	331,34	 61,72	  18,2	  28,4	  32,2	  32,4	  33,9	  36,2	  36,0	  14,2
s	    42,0661	 2	 75,88	 96,74	  19,5	  29,6	  34,5	  35,6	  37,2	  38,0	  37,1	  16,1
s	    42,3842	 6	184,87	 51,52	  18,7	  29,4	  33,5	  34,0	  35,4	  36,8	  36,6	  15,5
s	    42,4706	 2	 75,92	 81,40	  20,6	  29,9	  33,5	  34,0	  35,6	  37,3	  36,2	  14,4
*	    42,9227	 1	 51,44	 89,11	  -8,0	   1,0	   4,8	   5,7	   7,2	   7,9	   7,7	 -11,7
*	    42,9665	 1	 51,41	 93,18	  -8,0	   1,0	   4,8	   5,6	   7,2	   7,9	   7,7	 -11,7
*	    43,2117	 1	 51,38	 97,22	  -8,1	   0,9	   4,6	   5,5	   7,1	   7,8	   7,5	 -11,9
s	    43,0791	 6	163,44	137,50	  18,3	  28,9	  32,8	  32,9	  34,5	  36,9	  36,4	  15,3
*	    43,2811	 1	 53,69	 91,05	 -17,5	  -8,4	  -4,7	  -3,8	  -2,3	  -1,5	  -1,8	 -21,2
*	    43,4197	 1	 53,66	 95,06	 -17,5	  -8,5	  -4,7	  -3,9	  -2,3	  -1,6	  -1,9	 -21,3
*	    43,7569	 1	 53,62	 99,03	 -17,7	  -8,7	  -4,9	  -4,1	  -2,5	  -1,8	  -2,0	 -21,5
s	    43,9409	 6	161,87	 42,10	  16,7	  27,2	  31,0	  30,8	  32,4	  35,6	  35,5	  13,5
s	    44,0485	 3	 75,84	107,43	  19,4	  29,2	  32,9	  33,4	  35,0	  36,5	  35,8	  13,8
s	    44,2188	 3	 75,95	 73,42	  20,6	  30,2	  33,9	  34,4	  36,0	  37,7	  36,5	  15,3
*	    44,2250	 1	117,67	 86,01	  -1,4	   8,1	  12,0	  12,8	  14,4	  15,1	  14,1	  -7,1
s	    44,3541	 2	 45,92	 90,23	  21,3	  30,9	  34,8	  35,6	  37,1	  37,7	  36,8	  15,6
s	    44,4953	 3	107,62	 98,44	  19,1	  29,4	  34,3	  35,4	  37,0	  37,8	  36,7	  15,5
*	    45,2932	 1	 52,06	 79,41	  -8,9	   0,2	   3,9	   4,8	   6,3	   7,0	   6,7	 -12,9
*	    44,8463	 1	 52,03	 83,22	  -8,7	   0,4	   4,1	   5,0	   6,6	   7,3	   7,0	 -12,6
*	    44,5913	 1	 52,00	 87,11	  -8,5	   0,5	   4,3	   5,1	   6,7	   7,4	   7,1	 -12,4
s	    44,6244	 3	 45,86	 96,27	  18,8	  29,0	  34,0	  35,1	  36,7	  37,3	  36,4	  15,2
*	    44,9614	 1	201,44	 96,06	 -10,6	  -1,1	   2,8	   3,6	   5,2	   5,9	   4,8	 -16,4
s	    45,6028	 6	330,54	123,97	  17,4	  27,7	  31,6	  31,7	  33,2	  35,5	  35,1	  13,1
s	    45,6672	 7	185,34	169,92	  17,4	  28,0	  31,6	  31,5	  33,1	  36,5	  35,8	  14,5
s	    45,9335	 6	331,44	 54,80	  17,9	  28,3	  32,2	  32,5	  34,0	  36,2	  35,9	  14,5
s	    46,1158	 3	 43,04	 81,80	  19,0	  28,8	  32,6	  33,1	  34,6	  36,2	  35,4	  13,2
*	    46,1341	 1	205,70	 95,93	 -12,2	  -2,7	   1,1	   2,0	   3,5	   4,3	   3,2	 -18,2
s	    46,4126	 4	 75,97	 67,27	  15,7	  26,3	  31,2	  31,6	  33,2	  35,6	  35,2	  13,1
s	    46,5165	 4	 45,77	106,49	  18,8	  28,6	  32,4	  32,9	  34,4	  35,8	  35,2	  13,0
s	    46,5905	 7	186,17	133,46	  16,8	  27,9	  31,9	  32,0	  33,6	  35,9	  35,6	  14,2
s	    46,6945	 4	 75,81	114,83	  20,0	  29,8	  33,5	  33,9	  35,5	  37,2	  35,9	  14,5
s	    46,8148	 7	176,82	  9,85	  15,7	  26,2	  29,8	  29,4	  30,9	  35,1	  34,8	  12,6
s	    47,3993	 7	184,73	 45,55	  15,2	  26,2	  30,1	  30,0	  31,5	  34,6	  34,7	  12,4
s	    47,9185	 4	 43,12	 73,75	  20,1	  30,0	  33,9	  34,7	  36,2	  36,8	  35,7	  14,2
s	    48,0661	 8	322,09	160,24	  16,8	  27,4	  31,2	  31,0	  32,6	  35,8	  35,2	  13,7
s	    49,0514	 5	 45,69	113,62	  18,7	  28,8	  32,7	  33,2	  34,7	  36,2	  35,4	  13,8
s	    49,1670	 8	325,58	 18,50	  15,1	  25,7	  29,4	  28,9	  30,5	  34,4	  34,2	  11,9
s	    49,7954	 7	161,72	 37,22	  16,1	  26,9	  30,7	  30,6	  32,2	  35,4	  35,0	  13,3
s	    49,8337	 5	 76,00	 60,57	  15,5	  26,4	  31,3	  31,8	  33,4	  35,8	  35,2	  13,5
s	    50,4879	 5	 75,78	121,94	  17,7	  27,6	  31,2	  31,3	  32,9	  35,4	  34,3	  11,8
s	    50,5809	 7	330,43	130,39	  18,0	  28,4	  32,4	  32,8	  34,3	  35,6	  34,9	  13,1
s	    50,9304	 1	237,82	 89,09	  20,5	  30,0	  33,8	  34,7	  36,2	  36,9	  35,7	  13,9
*	    54,0227	 1	254,89	 84,89	  -0,7	   8,8	  12,6	  13,5	  15,0	  15,7	  14,4	  -7,7
*	    51,2854	 1	233,74	 85,07	   0,5	  10,0	  13,8	  14,7	  16,2	  16,9	  15,7	  -6,1
*	    57,4537	 1	215,44	 85,75	  -1,9	   7,6	  11,4	  12,3	  13,8	  14,4	  13,1	  -9,3
s	    51,3658	 2	237,87	 96,22	  20,3	  29,9	  33,7	  34,6	  36,1	  36,8	  35,5	  13,7
s	    51,4535	 4	 17,52	 97,07	  17,8	  28,2	  33,2	  34,2	  35,8	  36,4	  35,3	  13,5
s	    51,5157	 2	237,76	 81,43	  19,2	  29,0	  32,8	  33,4	  34,9	  36,4	  35,5	  13,7
*	    52,2271	 1	110,70	 82,28	 -12,5	  -3,0	   0,8	   1,7	   3,2	   3,9	   2,6	 -19,3
s	    52,2509	 2	101,15	 90,46	  19,4	  29,4	  33,3	  34,2	  35,7	  36,3	  35,4	  13,5
s	    52,4868	 3	101,16	 95,74	  17,1	  27,8	  32,9	  33,9	  35,5	  36,1	  35,2	  13,3
s	    52,8239	 3	101,13	 82,96	  18,8	  28,8	  32,6	  33,1	  34,6	  36,2	  35,2	  13,2
s	    52,8657	 3	237,92	103,66	  18,0	  27,8	  31,6	  32,1	  33,6	  35,1	  34,1	  11,4
s	    52,9311	 8	184,59	 40,59	  14,6	  26,0	  30,0	  29,9	  31,4	  34,4	  34,4	  12,4
s	    52,9948	 6	 46,22	 60,09	  16,8	  27,3	  31,2	  31,4	  32,9	  35,1	  34,6	  12,6
s	    53,0121	 3	237,71	 74,55	  18,5	  28,5	  32,3	  32,8	  34,4	  35,9	  34,9	  12,9
s	    53,1285	 2	263,39	 88,99	  20,0	  29,5	  33,4	  34,3	  35,8	  36,3	  35,2	  13,2
s	    53,3998	 2	159,82	 89,99	  19,2	  28,8	  32,7	  33,5	  35,0	  35,6	  34,1	  11,4
s	    53,5487	 3	263,40	 95,87	  19,7	  29,4	  33,3	  34,2	  35,7	  36,2	  35,0	  13,0
s	    53,6352	 6	 75,76	126,37	  14,8	  25,8	  30,7	  31,2	  32,8	  35,1	  34,5	  12,4
s	    53,6935	 3	263,38	 81,59	  18,7	  28,5	  32,4	  33,0	  34,5	  35,8	  35,0	  13,0
s	    53,7139	 8	185,97	171,20	  14,5	  25,1	  28,7	  28,3	  29,8	  34,0	  33,4	  10,6
s	    53,8182	 3	159,90	 96,85	  18,9	  28,7	  32,6	  33,4	  34,9	  35,5	  34,0	  11,2
s	    53,9624	 3	159,73	 82,63	  17,9	  27,7	  31,6	  32,2	  33,7	  35,0	  33,9	  11,1
s	    54,1462	 4	101,19	104,74	  16,9	  27,2	  31,1	  31,6	  33,1	  34,5	  33,8	  11,0
*	    54,2512	 1	208,05	 95,21	  -8,9	   0,6	   4,4	   5,3	   6,8	   7,5	   6,2	 -15,9
*	    54,4144	 1	207,91	 82,54	  -8,9	   0,5	   4,4	   5,2	   6,8	   7,4	   6,1	 -16,0
s	    54,2547	 7	 43,28	 60,12	  15,9	  26,3	  30,2	  30,4	  31,8	  33,9	  33,4	  10,6
s	    54,2897	 8	176,23	  8,69	  14,9	  25,7	  29,4	  29,0	  30,5	  34,7	  34,1	  12,0
s	    54,2897	 4	101,11	 76,22	  18,1	  28,3	  32,1	  32,6	  34,1	  35,7	  34,6	  12,5
s	    54,4129	 3	145,26	 90,17	  18,1	  28,2	  32,2	  33,1	  34,5	  34,9	  33,9	  11,0
s	    54,8248	 4	145,34	 96,91	  17,8	  28,1	  32,1	  32,9	  34,4	  34,8	  33,7	  10,8
s	    54,9668	 4	145,18	 82,92	  16,8	  27,1	  31,2	  31,7	  33,2	  34,4	  33,7	  10,7
s	    54,9981	 4	263,41	103,07	  17,5	  27,4	  31,2	  31,7	  33,2	  34,5	  33,7	  10,7
s	    55,1527	 4	237,97	110,17	  18,0	  28,2	  32,0	  32,5	  34,0	  35,5	  34,4	  12,3
s	    55,2615	 4	160,00	104,02	  17,5	  27,5	  31,4	  31,9	  33,4	  34,8	  33,6	  10,7
s	    55,4025	 4	159,65	 76,00	  17,5	  27,5	  31,4	  31,9	  33,4	  34,8	  33,6	  10,6
s	    55,4469	 6	 76,03	 52,92	  15,7	  25,9	  29,5	  29,4	  30,9	  34,2	  33,4	  10,4
s	    55,5146	 8	163,76	146,92	  15,0	  26,1	  29,9	  29,7	  31,3	  34,5	  33,9	  11,7
s	    55,5755	 4	237,66	 67,61	  16,4	  26,5	  30,2	  30,4	  32,0	  34,3	  33,6	  10,6
s	    55,6301	 6	264,38	 74,52	  17,5	  27,6	  31,7	  32,2	  33,6	  34,7	  34,1	  11,9
s	    55,7771	 8	330,32	135,42	  14,5	  25,2	  29,1	  28,9	  30,4	  33,4	  33,1	  10,1
s	    56,1959	 8	331,67	 43,50	  14,9	  25,9	  29,8	  29,6	  31,1	  34,2	  33,8	  11,5
s	    56,2461	 5	145,41	103,97	  16,4	  26,9	  30,9	  31,5	  32,9	  34,2	  33,3	  10,3
s	    56,3850	 5	145,11	 76,39	  16,4	  26,9	  30,9	  31,5	  32,9	  34,2	  33,3	  10,3
s	    56,3889	 5	101,20	111,13	  17,6	  27,9	  31,8	  32,2	  33,7	  35,3	  34,1	  11,8
s	    56,9823	 8	161,55	 32,70	  14,3	  25,1	  28,9	  28,7	  30,2	  33,3	  32,9	   9,8
s	    57,2122	 5	263,42	109,39	  17,5	  27,7	  31,6	  32,1	  33,6	  35,0	  34,0	  11,6
s	    57,4669	 5	160,08	110,31	  17,5	  27,7	  31,6	  32,1	  33,5	  34,9	  33,9	  11,5
s	    57,4973	 7	 46,30	 54,08	  14,5	  25,1	  28,9	  28,8	  30,3	  33,2	  32,9	   9,8
s	    57,6220	 5	263,35	 68,19	  15,9	  26,0	  29,9	  30,1	  31,6	  33,7	  33,1	  10,0
s	    57,8753	 5	159,55	 69,28	  15,9	  26,0	  29,9	  30,0	  31,5	  33,7	  33,1	   9,9
s	    58,4196	 6	145,49	110,18	  16,4	  27,1	  31,1	  31,6	  33,1	  34,3	  33,7	  11,2
s	    58,4209	 3	 24,24	 90,06	  18,3	  28,4	  32,4	  33,3	  34,7	  35,1	  34,2	  11,8
s	    58,4767	 5	238,02	116,59	  15,8	  26,1	  29,8	  30,0	  31,5	  33,8	  33,0	   9,7
s	    58,6355	 4	 24,18	 94,86	  16,1	  26,8	  31,9	  33,0	  34,5	  34,9	  34,1	  11,6
s	    58,7095	 7	 75,73	131,93	  12,3	  23,5	  28,4	  28,5	  30,0	  33,2	  32,7	   9,5
s	    58,7452	 5	237,61	 61,71	  16,3	  26,7	  30,5	  30,7	  32,3	  34,6	  33,7	  11,2
s	    58,8222	 6	145,03	 69,75	  14,8	  25,4	  29,4	  29,6	  31,1	  33,1	  32,8	   9,5
s	    58,9423	 4	 24,32	 83,23	  17,8	  27,8	  31,7	  32,2	  33,7	  35,0	  34,0	  11,5
s	    59,3420	 6	101,08	 64,53	  14,3	  25,5	  30,6	  31,4	  32,8	  34,1	  33,5	  11,0
s	    59,6536	 6	101,22	117,46	  15,5	  25,9	  29,6	  29,7	  31,3	  33,6	  32,7	   9,3
s	    60,2800	 5	 24,39	 77,06	  17,1	  27,3	  31,2	  31,7	  33,2	  34,6	  33,5	  10,8
s	    60,3455	 7	 76,06	 48,01	  15,4	  25,9	  29,6	  29,4	  31,0	  34,3	  33,2	  10,6
s	    60,4385	 6	263,43	115,66	  15,4	  25,6	  29,5	  29,6	  31,1	  33,3	  32,5	   9,1
s	    60,6995	 6	263,34	 62,43	  15,8	  26,3	  30,2	  30,4	  31,9	  34,0	  33,3	  10,6
s	    60,9417	 6	160,18	116,98	  16,3	  26,4	  30,3	  30,7	  32,2	  33,4	  32,5	   9,0
s	    60,9417	 6	159,47	 63,53	  15,8	  26,3	  30,2	  30,4	  31,8	  34,0	  33,2	  10,6
s	    61,2700	 8	103,71	 65,28	  11,8	  23,8	  29,1	  29,6	  31,0	  32,9	  33,0	  10,3
s	    61,8481	 7	144,96	 64,06	  14,7	  25,7	  29,7	  29,9	  31,4	  33,4	  33,0	  10,2
s	    61,8481	 7	145,57	116,79	  15,2	  25,8	  29,9	  30,3	  31,7	  32,8	  32,2	   8,7
s	    61,9836	 6	 24,46	 72,16	  12,4	  23,5	  28,6	  29,1	  30,6	  32,6	  32,3	   8,8
s	    62,2044	 6	 24,00	108,98	  16,7	  27,0	  30,9	  31,4	  32,8	  34,3	  33,0	  10,3
s	    62,2563	 8	 46,37	 49,22	  14,2	  25,1	  29,0	  28,9	  30,3	  33,3	  32,8	  10,0
s	    62,2573	 6	238,07	121,96	  15,6	  26,2	  30,0	  30,2	  31,7	  34,1	  33,0	  10,2
s	    62,8831	 7	101,24	122,15	  12,6	  24,2	  29,2	  29,7	  31,2	  33,4	  32,8	  10,0
s	    62,8916	 6	237,55	 55,99	  14,0	  24,6	  28,3	  28,2	  29,7	  32,8	  32,1	   8,5
s	    63,1005	 8	 42,48	131,25	  14,6	  25,2	  29,1	  29,1	  30,6	  32,8	  31,9	   8,3
s	    63,2849	 3	332,91	 89,43	  17,7	  27,3	  31,3	  32,2	  33,6	  33,9	  32,4	   8,8
s	    63,6469	 4	332,84	 95,36	  17,5	  27,2	  31,2	  32,0	  33,5	  33,8	  32,2	   8,6
s	    63,7718	 4	332,99	 83,05	  16,4	  26,3	  30,3	  30,8	  32,3	  33,4	  32,2	   8,5
s	    63,9980	 7	101,06	 57,93	  13,7	  24,4	  28,1	  27,9	  29,5	  32,6	  31,9	   8,2
s	    64,1789	 8	159,96	115,73	  13,7	  24,6	  28,6	  28,8	  30,2	  32,1	  31,7	   8,0
s	    64,3497	 7	160,26	121,82	  15,2	  25,8	  29,7	  29,9	  31,3	  33,5	  32,6	   9,6
s	    64,6915	 7	 24,53	 66,61	  12,4	  23,8	  29,0	  29,5	  30,9	  32,9	  32,5	   9,5
s	    64,7371	 7	263,33	 56,81	  13,6	  24,2	  28,0	  27,9	  29,3	  32,3	  31,7	   8,0
s	    64,7568	 8	 76,08	 44,45	  10,3	  21,8	  26,7	  26,5	  28,0	  31,9	  31,6	   7,9
s	    64,9002	 5	332,77	101,61	  16,1	  26,1	  30,1	  30,6	  32,1	  33,2	  31,9	   8,2
s	    64,9662	 7	159,38	 57,93	  13,6	  24,1	  28,0	  27,8	  29,3	  32,2	  31,7	   7,9
s	    65,0230	 5	333,06	 77,27	  16,1	  26,1	  30,1	  30,6	  32,0	  33,2	  31,9	   8,1
s	    65,2148	 8	145,64	121,59	  14,1	  25,2	  29,3	  29,4	  30,9	  33,0	  32,4	   9,3
s	    65,2159	 7	 23,92	114,91	  14,6	  25,0	  28,9	  29,0	  30,4	  32,6	  31,7	   7,9
s	    65,3654	 4	123,58	 96,19	  15,3	  25,7	  30,6	  31,7	  33,2	  33,7	  32,0	   8,2
s	    65,8242	 8	144,88	 58,51	  12,5	  23,6	  27,6	  27,4	  28,8	  31,7	  31,5	   7,6
s	    66,8282	 6	332,70	107,17	  16,1	  26,4	  30,3	  30,8	  32,2	  33,4	  32,3	   9,1
s	    66,8970	 8	101,26	126,77	  10,4	  22,1	  27,1	  27,2	  28,7	  31,6	  31,3	   7,3
s	    66,9599	 7	238,12	127,11	  13,3	  24,0	  27,8	  27,6	  29,1	  32,2	  31,4	   7,4
s	    67,1868	 6	333,13	 71,32	  14,6	  24,7	  28,6	  28,8	  30,3	  32,2	  31,5	   7,5
s	    67,3178	 7	237,50	 51,28	  13,8	  24,7	  28,5	  28,4	  29,9	  33,0	  32,2	   8,9
s	    68,0459	 8	 23,86	119,13	  12,8	  24,2	  29,4	  30,1	  31,6	  32,7	  31,9	   8,6
s	    68,3615	 8	101,04	 53,25	  13,5	  24,5	  28,3	  28,1	  29,7	  32,8	  31,9	   8,5
s	    68,9271	 8	160,35	126,90	  12,9	  23,6	  27,5	  27,3	  28,8	  31,7	  31,0	   6,9
s	    69,0596	 8	263,32	 52,16	  13,4	  24,3	  28,2	  28,1	  29,5	  32,5	  31,8	   8,4
s	    69,0596	 8	263,45	126,36	  13,9	  24,4	  28,3	  28,4	  29,9	  31,9	  31,0	   6,8
s	    69,2762	 8	159,30	 53,28	  13,4	  24,3	  28,2	  28,0	  29,5	  32,5	  31,8	   8,3
s	    69,6643	 7	332,63	112,80	  14,1	  24,4	  28,3	  28,5	  29,9	  31,8	  31,0	   6,8
s	    69,8950	 7	333,20	 66,14	  14,5	  25,0	  29,0	  29,2	  30,6	  32,6	  31,8	   8,3
s	    71,1417	 3	117,26	 90,46	  16,1	  26,1	  30,2	  31,0	  32,4	  32,8	  31,2	   6,9
s	    71,3226	 4	117,29	 94,50	  13,9	  24,6	  29,7	  30,8	  32,2	  32,6	  31,1	   6,7
s	    71,8160	 8	238,17	131,33	  13,1	  24,1	  27,9	  27,8	  29,3	  32,4	  31,4	   7,7
s	    72,5996	 8	237,45	 46,80	  11,5	  22,4	  26,2	  25,7	  27,2	  31,1	  30,5	   6,0
s	    72,7142	 5	117,19	 79,45	  15,2	  25,4	  29,3	  29,7	  31,2	  32,5	  30,8	   6,3
s	    72,9343	 8	332,56	117,63	  14,0	  24,7	  28,7	  28,8	  30,2	  32,2	  31,2	   7,5
s	    73,4872	 8	333,28	 60,98	  12,4	  23,0	  26,9	  26,8	  28,2	  30,9	  30,4	   5,8
s	    73,9497	 4	118,54	 84,86	  15,8	  25,9	  29,7	  30,2	  31,7	  33,1	  31,5	   7,7
s	    74,3542	 6	117,36	106,56	  15,3	  25,7	  29,6	  30,0	  31,5	  32,8	  31,2	   7,4
s	    74,9424	 5	118,64	101,17	  14,7	  25,4	  29,3	  29,8	  31,2	  32,6	  31,3	   7,3
s	    76,4626	 6	118,48	 75,64	  10,8	  22,1	  27,0	  27,5	  29,0	  31,0	  30,2	   5,3
s	    77,1556	 7	117,13	 69,21	  13,0	  24,0	  28,0	  28,2	  29,6	  31,6	  30,8	   6,6
s	    78,0850	 4	 10,02	 89,94	  15,2	  25,2	  29,4	  30,2	  31,6	  31,7	  30,2	   5,2
s	    78,4902	 5	 10,08	 84,63	  13,9	  24,2	  28,4	  28,9	  30,3	  31,2	  30,0	   5,0
s	    79,3756	 8	118,44	 69,76	  11,1	  22,1	  26,1	  26,0	  27,4	  30,1	  29,6	   4,5
s	    79,4323	 6	  9,88	100,11	  13,6	  24,1	  28,2	  28,7	  30,1	  31,1	  29,8	   4,7
s	    79,5351	 6	 10,15	 79,78	  13,5	  24,1	  28,2	  28,7	  30,1	  31,0	  29,7	   4,7
s	    80,1570	 3	158,72	 90,09	  15,9	  26,0	  30,0	  30,8	  32,2	  32,5	  31,0	   6,6
s	    80,4512	 4	158,77	 94,91	  15,7	  25,9	  29,9	  30,7	  32,1	  32,4	  30,9	   6,5
s	    80,4588	 8	117,09	 64,38	  11,7	  22,4	  26,3	  26,1	  27,5	  30,4	  29,4	   4,2
s	    80,5529	 4	158,65	 84,90	  14,6	  25,0	  29,0	  29,5	  30,9	  32,0	  30,9	   6,4
s	    81,0519	 7	  9,82	104,83	  13,7	  24,4	  28,5	  29,0	  30,4	  31,4	  30,2	   5,8
s	    81,4737	 5	158,84	100,02	  14,3	  24,8	  28,9	  29,4	  30,8	  31,9	  30,6	   6,1
s	    81,5742	 5	158,59	 80,16	  14,3	  24,8	  28,8	  29,4	  30,8	  31,8	  30,6	   6,1
s	    83,0346	 8	 10,26	 71,32	  10,3	  21,7	  27,0	  27,4	  28,8	  30,6	  29,9	   5,2
s	    83,0576	 6	158,90	104,64	  14,0	  24,6	  28,7	  29,1	  30,5	  31,6	  30,3	   5,7
s	    83,4557	 8	  9,75	109,69	  11,7	  22,5	  26,6	  26,7	  28,1	  29,9	  29,0	   3,6
s	    84,6696	 4	296,66	 89,15	  14,5	  24,6	  28,7	  29,6	  30,9	  31,0	  29,3	   3,7
s	    84,9498	 5	296,63	 93,75	  14,3	  24,5	  28,7	  29,5	  30,8	  30,9	  29,2	   3,6
s	    85,0467	 5	296,68	 84,21	  13,2	  23,6	  27,7	  28,3	  29,6	  30,5	  29,1	   3,6
s	    85,6033	 7	158,47	 70,80	  12,2	  23,2	  27,2	  27,4	  28,8	  30,7	  29,6	   4,8
s	    85,9242	 6	296,60	 98,63	  12,9	  23,5	  27,6	  28,1	  29,5	  30,4	  28,9	   3,3
s	    86,0200	 6	296,71	 79,69	  12,9	  23,5	  27,6	  28,1	  29,5	  30,4	  28,9	   3,2
s	    87,4355	 7	296,57	103,04	  13,1	  23,8	  27,9	  28,4	  29,7	  30,7	  29,4	   4,4
s	    87,7182	 7	296,74	 74,95	  11,5	  22,2	  26,2	  26,4	  27,8	  29,5	  28,6	   2,8
s	    88,0377	 4	 71,27	 99,80	  11,9	  22,4	  27,2	  27,9	  29,4	  30,7	  28,9	   3,0
s	    88,1557	 8	159,02	113,60	  11,8	  22,9	  26,9	  27,1	  28,5	  30,4	  29,2	   4,1
s	    88,6230	 8	158,41	 66,32	  10,2	  21,3	  25,2	  25,1	  26,5	  29,1	  28,4	   2,5
s	    88,9264	 5	132,02	 94,79	  12,7	  23,6	  28,7	  29,7	  31,1	  31,4	  29,7	   4,5
s	    89,5168	 5	 71,25	104,13	  12,1	  22,9	  27,8	  28,5	  30,0	  31,3	  29,4	   4,1
s	    89,6850	 8	296,54	107,62	  11,1	  22,0	  26,0	  26,2	  27,5	  29,2	  28,2	   2,2
s	    89,8693	 8	296,77	 70,73	  11,6	  22,6	  26,7	  26,9	  28,3	  30,0	  29,0	   3,7
s	    90,0509	 4	333,77	 89,50	  14,8	  24,9	  29,0	  29,8	  31,2	  31,2	  29,6	   4,4
s	    90,3160	 5	333,72	 93,85	  14,5	  24,8	  28,9	  29,7	  31,1	  31,2	  29,5	   4,2
s	    90,4077	 5	333,83	 84,83	  13,5	  23,9	  28,0	  28,5	  29,9	  30,7	  29,5	   4,2
s	    90,6947	 5	343,02	 89,62	  13,8	  24,4	  28,6	  29,5	  30,7	  30,7	  29,5	   4,1
s	    90,9581	 6	342,97	 93,93	  13,5	  24,3	  28,6	  29,3	  30,6	  30,6	  29,3	   4,0
s	    91,0492	 6	343,08	 84,97	  12,5	  23,4	  27,6	  28,2	  29,5	  30,2	  29,3	   3,9
s	    91,2386	 6	333,67	 98,47	  13,2	  23,8	  27,9	  28,4	  29,7	  30,6	  29,3	   3,9
s	    91,3293	 6	333,88	 80,54	  13,2	  23,8	  27,9	  28,4	  29,7	  30,6	  29,3	   3,9
s	    91,8748	 7	342,91	 98,53	  12,2	  23,2	  27,5	  28,0	  29,3	  30,1	  29,1	   3,7
s	    91,9650	 7	343,13	 80,71	  12,2	  23,2	  27,5	  28,0	  29,3	  30,1	  29,1	   3,6
s	    92,6714	 7	333,62	102,66	  12,9	  23,6	  27,7	  28,2	  29,5	  30,4	  29,0	   3,5
s	    92,9397	 7	333,93	 76,04	  11,8	  22,6	  26,8	  27,0	  28,3	  30,0	  29,0	   3,4
s	    93,2988	 8	342,85	102,70	  11,8	  23,1	  27,3	  27,8	  29,1	  29,9	  28,8	   3,3
s	    93,5655	 8	343,19	 76,24	  10,8	  22,1	  26,4	  26,6	  27,9	  29,5	  28,8	   3,2
s	    94,9835	 8	333,56	107,33	  12,5	  23,2	  27,4	  27,9	  29,2	  29,9	  28,6	   2,9
s	    94,9835	 8	333,99	 72,01	  11,2	  22,2	  26,3	  26,5	  27,8	  29,5	  28,4	   2,7
s	    95,8385	 4	190,74	 89,70	  13,6	  24,1	  28,3	  29,1	  30,4	  30,5	  28,9	   3,2
s	    96,0892	 5	190,79	 93,81	  13,3	  24,0	  28,2	  29,0	  30,3	  30,4	  28,8	   3,0
s	    96,1546	 4	241,26	 80,63	  11,8	  22,4	  27,3	  28,0	  29,5	  30,7	  28,7	   2,9
s	    96,1758	 5	190,68	 85,28	  12,3	  23,1	  27,3	  27,8	  29,1	  30,0	  28,8	   3,0
s	    96,9617	 6	190,85	 98,19	  12,0	  23,0	  27,2	  27,7	  29,0	  29,9	  28,6	   2,7
s	    97,2574	 2	 70,80	 90,55	  14,6	  24,6	  28,6	  29,4	  30,8	  31,1	  29,0	   3,1
s	    97,5047	 3	 70,78	 94,60	  14,4	  24,6	  28,5	  29,3	  30,7	  31,0	  28,9	   2,9
s	    97,5901	 3	 70,82	 86,19	  14,1	  24,0	  27,8	  28,3	  29,8	  31,0	  28,9	   2,9
s	    97,7258	 7	256,85	 80,38	  11,0	  21,7	  26,9	  27,6	  29,0	  29,8	  28,2	   2,2
s	    98,0174	 6	358,04	 93,85	  11,7	  22,6	  27,8	  28,8	  30,2	  30,3	  28,5	   2,5
s	    98,1152	 4	 70,77	 97,94	  11,1	  22,0	  27,1	  27,8	  29,3	  30,4	  28,7	   2,7
s	    98,3187	 7	190,90	102,17	  11,7	  22,8	  27,0	  27,5	  28,8	  29,7	  28,3	   2,3
s	    98,4506	 4	 70,84	 82,18	  13,6	  23,7	  27,5	  27,9	  29,4	  30,6	  28,4	   2,4
s	    98,5730	 7	190,57	 76,95	  10,6	  21,9	  26,1	  26,3	  27,6	  29,3	  28,3	   2,3
s	    99,0807	 7	 40,67	102,71	  10,1	  21,5	  26,6	  27,3	  28,7	  29,7	  28,0	   1,9
s	    99,4083	 4	 54,65	 86,17	  13,0	  23,4	  27,4	  27,9	  29,3	  30,4	  28,5	   2,4
s	    99,9564	 5	 70,86	 77,96	  11,7	  21,9	  25,7	  25,8	  27,2	  29,3	  27,3	   0,4
s	   100,3410	 5	 54,68	 81,93	  13,5	  23,9	  27,9	  28,6	  30,0	  30,2	  28,1	   1,9
s	   100,3458	 8	190,96	106,32	   9,5	  20,8	  24,9	  25,0	  26,3	  28,0	  27,0	   0,0
s	   100,5123	 8	190,52	 73,11	  10,0	  21,5	  25,6	  25,8	  27,1	  28,8	  27,7	   1,5
s	   101,6110	 7	 54,71	 78,37	  10,9	  21,8	  25,9	  26,0	  27,4	  29,2	  27,7	   1,4
s	   101,7072	 6	 70,73	106,96	  10,6	  21,3	  25,2	  25,3	  26,7	  28,7	  27,0	  -0,0
s	   101,8717	 6	 70,87	 74,17	  11,8	  22,4	  26,2	  26,3	  27,8	  29,8	  27,8	   1,5
s	   104,0594	 7	 70,71	110,63	  11,4	  22,2	  26,0	  26,1	  27,5	  29,6	  27,4	   0,9
s	   104,4616	 7	 70,89	 70,24	   9,1	  20,1	  24,0	  23,9	  25,3	  28,0	  26,6	  -0,7
s	   105,1377	 6	  2,45	 85,81	  12,1	  22,8	  26,8	  27,2	  28,6	  29,6	  27,7	   1,0
s	   105,3875	 2	241,75	 89,20	  14,5	  24,2	  27,9	  28,7	  30,2	  30,5	  27,0	  -0,3
s	   105,6174	 3	241,78	 92,96	  13,8	  23,9	  27,8	  28,6	  30,0	  30,3	  27,9	   1,3
s	   105,6968	 3	241,73	 85,14	  13,2	  23,2	  27,0	  27,5	  28,9	  30,1	  26,9	  -0,5
s	   105,8627	 7	  2,29	 97,71	  11,1	  22,3	  26,4	  26,9	  28,2	  29,0	  27,5	   0,8
s	   105,9725	 8	 54,46	110,49	  11,3	  22,4	  26,4	  26,8	  28,1	  29,2	  27,1	   0,4
s	   106,1839	 4	 43,02	 90,37	  12,7	  23,3	  27,4	  28,3	  29,6	  29,6	  27,8	   1,1
s	   106,2548	 4	241,71	 82,33	  10,2	  21,2	  26,2	  27,0	  28,4	  29,4	  27,5	   0,8
s	   106,4122	 5	 42,98	 94,11	  12,5	  23,2	  27,4	  28,2	  29,5	  29,5	  27,6	   0,9
s	   106,4183	 4	241,80	 96,98	  13,0	  23,1	  26,9	  27,3	  28,8	  30,0	  26,7	  -0,8
s	   106,5601	 3	255,34	 89,13	  14,2	  23,9	  27,8	  28,5	  29,9	  30,2	  26,8	  -0,7
s	   106,5812	 8	 70,90	 67,60	   7,3	  19,1	  24,1	  24,3	  25,7	  28,4	  27,0	   0,3
s	   106,7876	 4	255,36	 92,86	  13,4	  23,7	  27,7	  28,4	  29,8	  29,9	  27,7	   0,9
s	   106,8663	 4	255,33	 85,12	  12,9	  22,9	  26,8	  27,3	  28,7	  29,7	  26,7	  -0,9
s	   107,0901	 8	 70,69	114,39	   9,4	  20,3	  24,0	  23,8	  25,2	  28,1	  26,2	  -1,3
s	   107,1163	 8	  2,24	101,40	  11,5	  22,5	  26,5	  26,9	  28,3	  29,3	  27,2	   0,4
s	   107,4187	 5	255,32	 82,33	   9,9	  20,9	  26,0	  26,8	  28,2	  29,1	  27,3	   0,5
s	   107,5145	 4	158,11	 90,14	  12,6	  22,7	  26,8	  27,6	  29,0	  28,9	  26,6	  -1,0
s	   107,5806	 5	255,37	 96,84	  12,6	  22,8	  26,7	  27,1	  28,5	  29,6	  26,5	  -1,1
s	   107,7094	 5	 41,69	 86,37	  11,4	  22,3	  26,4	  26,9	  28,3	  29,2	  27,5	   0,6
s	   107,7402	 5	158,15	 93,84	  12,4	  22,7	  26,8	  27,5	  28,8	  28,8	  26,5	  -1,1
s	   107,8183	 5	158,06	 86,16	  11,4	  21,7	  25,8	  26,4	  27,7	  28,4	  26,4	  -1,2
s	   107,9000	 5	241,68	 77,47	  11,1	  21,3	  25,0	  25,2	  26,6	  28,6	  26,4	  -1,2
s	   108,4962	 6	 41,73	 82,70	  10,9	  22,0	  26,1	  26,5	  27,9	  28,9	  27,1	   0,1
s	   108,5268	 6	158,20	 97,78	  11,1	  21,6	  25,7	  26,2	  27,5	  28,3	  26,3	  -1,4
s	   108,6043	 6	158,01	 82,49	  11,1	  21,6	  25,7	  26,2	  27,5	  28,3	  26,2	  -1,4
s	   109,0477	 6	255,30	 77,52	  10,8	  21,0	  24,9	  25,0	  26,4	  28,2	  26,2	  -1,5
s	   109,5342	 6	241,85	104,50	  10,7	  21,1	  24,9	  24,9	  26,4	  28,4	  26,1	  -1,6
s	   109,6879	 6	241,66	 73,91	  11,2	  21,8	  25,6	  25,7	  27,2	  29,2	  26,9	  -0,1
s	   109,7524	 7	158,25	101,39	  10,8	  21,5	  25,6	  26,1	  27,4	  28,2	  26,0	  -1,8
s	   109,8755	 7	 41,77	 78,83	   9,0	  20,2	  24,3	  24,4	  25,7	  27,5	  26,0	  -1,8
s	   110,1015	 7	157,96	 78,35	  10,8	  21,3	  25,5	  26,0	  27,3	  27,9	  26,0	  -1,8
s	   110,3031	 8	 42,87	105,57	   8,7	  20,0	  24,1	  24,3	  25,6	  27,2	  25,8	  -2,0
s	   110,6664	 7	255,39	104,29	  10,4	  20,9	  24,7	  24,8	  26,2	  28,0	  25,9	  -1,9
s	   110,8186	 7	255,29	 74,00	  10,9	  21,6	  25,4	  25,6	  26,9	  28,8	  26,7	  -0,4
s	   111,5885	 8	158,29	105,17	   9,4	  20,4	  24,5	  24,7	  26,0	  27,6	  25,7	  -2,2
s	   111,7348	 7	241,87	107,95	  10,9	  21,6	  25,4	  25,5	  26,9	  29,0	  26,6	  -0,6
s	   111,7396	 8	157,92	 75,12	   9,4	  20,4	  24,5	  24,7	  26,0	  27,5	  25,7	  -2,3
s	   111,7880	 8	 41,80	 75,06	  10,2	  21,5	  25,7	  26,1	  27,4	  28,3	  26,5	  -0,7
s	   111,8779	 7	 28,86	 97,66	   8,6	  19,8	  25,0	  25,8	  27,1	  27,9	  25,8	  -2,2
s	   113,0411	 8	 55,67	101,43	  10,8	  21,7	  25,8	  26,2	  27,5	  28,4	  26,3	  -1,0
s	   113,0700	 8	 28,82	101,17	   8,8	  20,2	  25,4	  26,1	  27,4	  28,2	  26,3	  -1,0
s	   113,7272	 4	267,72	 89,12	  12,2	  22,7	  26,9	  27,7	  29,0	  28,9	  26,9	  -0,4
s	   113,8867	 8	241,89	110,72	   6,2	  17,9	  22,9	  22,9	  24,4	  27,0	  25,5	  -2,7
s	   113,9416	 5	267,73	 92,63	  12,0	  22,7	  26,8	  27,6	  28,9	  28,9	  26,8	  -0,6
s	   114,0157	 5	267,72	 85,34	  10,9	  21,7	  25,9	  26,4	  27,7	  28,5	  26,8	  -0,6
s	   114,0881	 4	 96,68	 90,61	  11,4	  22,0	  26,1	  26,9	  28,2	  28,2	  25,9	  -2,3
s	   114,3019	 5	 96,68	 94,11	  11,2	  21,9	  26,1	  26,8	  28,1	  28,1	  25,7	  -2,4
s	   114,3758	 5	 96,67	 86,84	  10,9	  21,4	  25,4	  25,9	  27,2	  28,1	  25,7	  -2,5
s	   114,7994	 8	241,61	 66,91	   8,7	  20,0	  23,9	  23,8	  25,2	  27,8	  26,2	  -1,3
s	   114,8300	 6	 96,68	 97,00	   7,9	  19,4	  24,6	  25,4	  26,7	  27,5	  25,6	  -2,7
s	   115,1205	 6	 96,66	 83,37	  10,6	  21,3	  25,3	  25,8	  27,1	  28,0	  25,5	  -2,7
s	   116,0732	 7	267,72	 78,17	   8,6	  19,7	  23,8	  23,9	  25,2	  26,8	  25,3	  -3,0
s	   116,4274	 7	 96,66	 79,69	   9,3	  20,1	  24,0	  24,1	  25,5	  27,2	  25,3	  -3,1
s	   117,4122	 5	334,28	 89,54	  11,7	  21,8	  26,0	  26,8	  28,1	  27,8	  25,4	  -3,0
s	   117,6025	 8	267,73	103,43	   8,2	  19,5	  23,6	  23,7	  25,0	  26,6	  25,1	  -3,4
s	   117,6203	 6	334,24	 92,95	  11,5	  21,8	  26,0	  26,7	  28,0	  27,8	  25,3	  -3,2
s	   117,6923	 6	334,32	 85,87	  10,4	  20,8	  25,0	  25,6	  26,8	  27,3	  25,3	  -3,2
s	   117,7464	 8	267,72	 74,82	   8,7	  20,2	  24,3	  24,5	  25,8	  27,4	  25,8	  -1,9
s	   118,0959	 8	 96,70	105,13	   9,2	  20,3	  24,5	  24,9	  26,1	  26,8	  25,0	  -3,5
s	   118,0959	 8	 96,65	 76,35	   9,5	  20,6	  24,6	  24,7	  26,0	  27,8	  25,8	  -2,0
s	   118,3462	 7	334,19	 96,60	  10,2	  20,8	  24,9	  25,4	  26,7	  27,2	  25,1	  -3,4
s	   118,4177	 7	334,36	 82,49	  10,2	  20,8	  24,9	  25,4	  26,7	  27,2	  25,1	  -3,5
s	   119,4055	 5	 31,76	 90,26	  10,8	  21,4	  25,7	  26,5	  27,7	  27,5	  25,2	  -3,4
s	   119,4786	 8	334,15	 99,94	   9,9	  20,6	  24,8	  25,3	  26,5	  27,1	  24,9	  -3,8
s	   119,6105	 6	 31,73	 93,62	  10,6	  21,4	  25,6	  26,4	  27,6	  27,4	  25,1	  -3,6
s	   119,6813	 6	 31,80	 86,65	  10,3	  20,8	  24,9	  25,4	  26,7	  27,4	  25,1	  -3,6
s	   119,6913	 8	334,40	 78,90	   8,8	  19,7	  23,9	  24,1	  25,3	  26,7	  24,8	  -3,8
s	   120,1170	 7	 31,69	 96,40	   7,3	  18,8	  24,2	  25,0	  26,2	  26,8	  24,9	  -3,8
s	   120,6339	 6	 45,70	 90,41	   9,8	  21,3	  25,8	  26,6	  27,8	  27,5	  26,0	  -2,0
s	   120,8369	 7	 45,67	 93,73	   9,5	  21,3	  25,7	  26,5	  27,7	  27,4	  25,9	  -2,1
s	   120,9997	 6	133,21	 86,84	   9,5	  20,5	  24,6	  25,1	  26,4	  27,1	  24,9	  -3,8
s	   121,2803	 5	202,86	 89,58	  11,4	  22,2	  26,3	  27,1	  28,4	  28,3	  26,0	  -2,0
s	   121,4823	 6	202,90	 92,89	  10,5	  21,7	  26,0	  26,8	  28,0	  27,8	  25,9	  -2,2
s	   121,7069	 7	133,18	 83,54	   9,2	  20,4	  24,5	  25,0	  26,3	  27,0	  24,8	  -4,1
s	   121,9921	 7	 44,49	 86,85	   8,4	  20,4	  24,8	  25,3	  26,5	  27,1	  25,7	  -2,4
s	   122,1158	 7	 30,74	 83,40	   9,9	  20,8	  24,8	  25,2	  26,5	  27,4	  24,7	  -4,2
s	   122,6935	 7	109,19	 97,41	   8,0	  19,1	  24,1	  23,5	  23,8	  24,8	  22,6	  -5,6
s	   122,6939	 8	 44,53	 83,57	   8,2	  20,3	  24,7	  25,1	  26,3	  27,0	  25,6	  -2,6
s	   122,7414	 8	133,33	100,55	   8,9	  20,3	  24,4	  24,8	  26,1	  26,9	  24,5	  -4,4
s	   123,3539	 8	 30,78	 79,91	   8,6	  19,6	  23,5	  23,6	  24,9	  26,6	  24,5	  -4,5
s	   123,7890	 8	109,20	100,64	   7,7	  18,9	  23,9	  23,3	  23,6	  24,7	  22,3	  -5,9
s	   127,0861	 6	357,87	 89,85	  10,1	  20,7	  25,1	  25,9	  27,1	  26,6	  24,3	  -5,0
s	   127,3465	 7	357,92	 86,44	   8,8	  19,7	  24,1	  24,6	  25,8	  26,2	  24,2	  -5,2
s	   127,5285	 8	 20,84	 96,73	   7,4	  18,6	  23,7	  23,0	  23,3	  24,2	  22,0	  -6,6
s	   127,9545	 8	357,79	 96,41	   8,6	  19,7	  24,0	  24,5	  25,7	  26,1	  24,0	  -5,4
s	   128,0211	 8	357,96	 83,29	   8,6	  19,7	  24,0	  24,5	  25,7	  26,1	  24,0	  -5,4
s	   128,1546	 6	310,33	 89,31	  10,0	  20,7	  25,0	  25,8	  27,0	  26,5	  24,2	  -5,2
s	   128,3466	 7	310,31	 92,45	   9,8	  20,6	  24,9	  25,7	  26,9	  26,5	  24,1	  -5,4
s	   128,4130	 7	310,36	 85,92	   8,8	  19,7	  24,0	  24,5	  25,7	  26,1	  24,1	  -5,4
s	   128,9736	 6	356,40	 89,83	  10,7	  21,0	  25,2	  26,0	  27,2	  26,9	  24,1	  -5,4
s	   129,0163	 8	310,28	 95,82	   8,5	  19,6	  23,9	  24,4	  25,6	  26,0	  23,9	  -5,6
s	   129,6378	 5	106,21	 90,60	  10,2	  20,7	  24,8	  24,2	  24,5	  24,5	  22,1	  -6,7
s	   129,8277	 6	106,22	 93,71	  10,0	  20,7	  24,7	  24,1	  24,4	  24,4	  22,0	  -6,9
s	   129,8302	 8	356,32	 96,31	   9,2	  20,0	  24,1	  24,6	  25,8	  26,3	  23,8	  -5,7
s	   129,8448	 7	357,12	 86,49	   9,4	  20,0	  24,2	  24,7	  25,9	  26,4	  23,9	  -5,6
s	   129,8933	 6	106,20	 87,25	   9,0	  19,7	  23,8	  23,0	  23,2	  24,0	  21,9	  -6,9
s	   130,5074	 8	357,16	 83,40	   9,2	  19,9	  24,1	  24,5	  25,8	  26,3	  23,8	  -5,9
s	   130,5557	 7	106,19	 84,16	   8,7	  19,6	  23,7	  22,8	  23,1	  23,9	  21,8	  -7,1
s	   132,6583	 6	 57,36	 87,23	   9,5	  20,5	  24,6	  25,1	  26,4	  27,0	  24,8	  -4,3
s	   132,8287	 6	 69,63	100,00	   6,7	  18,2	  24,1	  25,0	  26,5	  27,6	  24,5	  -4,5
s	   133,3743	 7	 57,38	 83,96	  10,2	  21,2	  25,4	  26,1	  27,3	  27,1	  24,6	  -4,5
s	   134,2981	 5	157,74	 90,17	  10,6	  21,2	  25,4	  26,2	  27,5	  27,1	  24,7	  -4,5
s	   134,4818	 6	157,77	 93,18	  10,4	  21,2	  25,4	  26,1	  27,4	  27,1	  24,6	  -4,6
s	   134,5454	 6	157,70	 86,93	   9,4	  20,2	  24,5	  25,0	  26,2	  26,6	  24,6	  -4,6
s	   135,1232	 7	157,81	 96,40	   9,1	  20,1	  24,4	  24,9	  26,1	  26,6	  24,4	  -4,8
s	   135,1865	 7	157,66	 83,93	   9,1	  20,1	  24,4	  24,9	  26,1	  26,6	  24,4	  -4,8
s	   135,4068	 8	289,85	 82,96	   6,9	  18,6	  23,9	  24,6	  25,9	  26,4	  24,3	  -5,0
s	   135,8535	 8	  2,78	 89,92	   8,4	  19,7	  24,2	  24,9	  26,0	  25,5	  23,2	  -6,9
s	   135,9711	 5	208,08	 89,53	  10,5	  21,2	  25,4	  26,1	  27,4	  27,2	  24,6	  -4,8
s	   136,1253	 8	157,85	 99,37	   8,8	  20,0	  24,3	  24,7	  25,9	  26,5	  24,2	  -5,1
s	   136,1528	 6	208,11	 92,51	   9,5	  20,8	  25,1	  25,8	  27,0	  26,8	  24,5	  -4,9
s	   136,2131	 6	 23,04	 90,18	   9,6	  20,1	  24,3	  23,7	  23,9	  23,8	  21,3	  -8,0
s	   136,2156	 6	208,04	 86,33	   9,3	  20,3	  24,4	  24,9	  26,1	  26,8	  24,5	  -4,9
s	   136,3138	 8	157,62	 80,75	   7,8	  19,1	  23,3	  23,5	  24,7	  26,0	  24,2	  -5,2
s	   136,3944	 7	 23,00	 93,15	   9,4	  20,1	  24,2	  23,6	  23,8	  23,7	  21,2	  -8,2
s	   136,4572	 7	 23,08	 86,98	   9,1	  19,6	  23,6	  22,7	  22,9	  23,7	  21,2	  -8,2
s	   136,6558	 7	264,23	 92,11	   7,3	  19,2	  24,6	  25,6	  26,8	  26,6	  24,3	  -5,1
s	   136,6573	 7	208,02	 84,10	   6,3	  18,3	  23,6	  24,4	  25,7	  26,2	  24,3	  -5,1
s	   136,7868	 7	208,15	 95,70	   9,0	  20,2	  24,3	  24,8	  26,0	  26,7	  24,3	  -5,1
s	   136,8430	 8	 22,97	 95,61	   6,1	  17,6	  22,8	  22,2	  22,4	  23,1	  21,1	  -8,4
s	   137,0899	 8	 23,11	 84,03	   8,8	  19,5	  23,5	  22,6	  22,8	  23,6	  21,0	  -8,4
s	   137,1264	 7	140,23	 93,32	   8,0	  19,4	  24,8	  25,8	  27,0	  26,7	  24,3	  -5,2
s	   142,2726	 6	287,09	 89,17	   9,9	  20,7	  24,9	  25,7	  26,9	  26,5	  23,9	  -6,0
s	   142,4467	 7	287,08	 92,03	   9,0	  20,2	  24,6	  25,4	  26,5	  26,1	  23,8	  -6,2
s	   142,5069	 7	287,10	 86,10	   8,7	  19,7	  23,9	  24,4	  25,6	  26,1	  23,8	  -6,2
s	   142,8979	 6	 69,39	 98,67	   5,4	  17,2	  23,3	  24,2	  25,6	  26,5	  23,6	  -6,4
s	   143,0546	 8	287,07	 95,09	   8,4	  19,6	  23,9	  24,3	  25,5	  26,0	  23,6	  -6,4
s	   144,0521	 7	 59,01	 99,25	   7,1	  18,4	  23,5	  24,2	  25,5	  26,2	  23,4	  -6,7
s	   144,1975	 6	334,60	 89,57	   9,8	  20,4	  24,8	  25,6	  26,7	  26,2	  23,7	  -6,4
s	   144,3695	 7	334,56	 92,39	   9,6	  20,4	  24,7	  25,5	  26,6	  26,1	  23,6	  -6,5
s	   144,4289	 7	334,63	 86,54	   8,6	  19,5	  23,8	  24,3	  25,5	  25,7	  23,6	  -6,5
s	   144,6064	 7	 69,37	102,36	   6,3	  17,3	  22,1	  22,4	  23,8	  25,6	  22,5	  -8,4
s	   144,7005	 8	 89,26	 99,32	   4,8	  16,8	  23,0	  23,9	  25,3	  26,0	  23,2	  -6,9
s	   144,7251	 7	 69,48	 78,83	   6,8	  18,0	  22,9	  23,2	  24,6	  26,4	  23,3	  -6,8
s	   145,0291	 8	334,67	 83,73	   8,3	  19,4	  23,7	  24,2	  25,3	  25,6	  23,4	  -6,8
s	   145,6008	 8	 59,15	 78,84	   5,8	  17,4	  22,5	  22,8	  24,2	  25,7	  23,1	  -7,1
s	   145,7654	 6	137,08	 90,40	   9,0	  20,2	  24,5	  25,2	  26,4	  26,1	  23,6	  -6,7
s	   145,7691	 8	198,43	 83,85	   5,5	  17,2	  22,5	  23,3	  24,5	  24,9	  22,3	  -8,7
s	   145,8595	 7	137,10	 92,51	   6,8	  18,7	  24,0	  25,0	  26,3	  25,9	  23,4	  -6,8
s	   146,2271	 6	178,73	 89,91	   9,0	  20,1	  24,4	  25,2	  26,4	  25,9	  23,5	  -6,8
s	   146,3969	 7	178,77	 92,69	   8,7	  20,0	  24,4	  25,1	  26,3	  25,8	  23,4	  -6,9
s	   146,4556	 7	178,69	 86,92	   7,7	  19,1	  23,4	  24,0	  25,1	  25,4	  23,4	  -6,9
s	   146,4746	 6	263,03	 89,15	   8,2	  19,8	  24,2	  25,0	  26,1	  25,6	  23,5	  -6,8
s	   146,5219	 6	113,09	 90,58	   8,2	  19,3	  23,7	  24,5	  25,6	  25,1	  22,5	  -8,6
s	   146,5886	 8	137,03	 84,62	   8,2	  19,6	  23,7	  24,1	  25,3	  26,0	  23,3	  -7,0
s	   146,6913	 7	113,11	 93,36	   8,0	  19,2	  23,6	  24,4	  25,5	  25,0	  22,3	  -8,7
s	   146,7027	 7	263,03	 86,16	   7,7	  19,2	  23,5	  23,9	  25,1	  25,6	  23,4	  -6,9
s	   146,7498	 7	113,08	 87,59	   6,9	  18,3	  22,7	  23,2	  24,3	  24,6	  22,3	  -8,7
s	   146,9894	 8	178,80	 95,67	   7,4	  19,0	  23,4	  23,8	  25,0	  25,3	  23,2	  -7,1
s	   147,0479	 8	178,65	 84,15	   7,4	  19,0	  23,4	  23,8	  25,0	  25,3	  23,2	  -7,1
s	   147,3411	 8	113,07	 84,83	   6,7	  18,2	  22,6	  23,1	  24,2	  24,5	  22,2	  -9,0
s	   149,3828	 8	137,49	 96,08	   7,3	  19,1	  23,3	  23,7	  24,9	  25,6	  23,0	  -7,5
s	   149,4759	 8	350,73	 92,50	   7,1	  18,6	  24,0	  25,0	  26,1	  25,6	  23,0	  -7,6
s	   150,8382	 4	243,00	 91,93	   8,7	  19,5	  24,5	  25,5	  26,8	  26,8	  23,3	  -7,4
s	   151,6807	 5	252,76	 91,87	   8,4	  19,3	  24,3	  25,3	  26,6	  26,5	  23,1	  -7,6
s	   151,8947	 3	 69,21	 90,60	  10,6	  20,7	  24,6	  25,4	  26,7	  26,7	  22,3	  -9,2
s	   152,0585	 4	 69,20	 93,28	   9,8	  20,5	  24,5	  25,3	  26,6	  26,4	  23,2	  -7,6
s	   152,1151	 4	 69,23	 87,71	  10,1	  20,2	  23,9	  24,4	  25,7	  26,6	  22,2	  -9,4
s	   152,4854	 6	242,94	 80,76	   5,3	  16,5	  21,5	  21,8	  23,2	  24,8	  21,9	  -9,7
s	   152,5134	 5	 69,24	 85,69	   7,3	  18,4	  23,4	  24,1	  25,5	  26,2	  23,1	  -7,8
s	   152,7023	 7	314,45	 89,36	   8,4	  19,5	  24,0	  24,8	  25,9	  25,2	  22,8	  -8,0
s	   152,7317	 4	 59,52	 90,54	  10,3	  20,5	  24,5	  25,3	  26,5	  26,3	  22,1	  -9,5
s	   152,8652	 8	314,42	 92,03	   8,2	  19,5	  23,9	  24,7	  25,8	  25,1	  22,7	  -8,2
s	   152,8947	 5	 59,50	 93,21	   9,6	  20,3	  24,4	  25,2	  26,4	  26,1	  23,0	  -7,8
s	   152,9216	 8	314,48	 86,49	   7,1	  18,5	  23,0	  23,5	  24,6	  24,7	  22,7	  -8,2
s	   152,9510	 5	 59,54	 87,67	   9,0	  19,5	  23,5	  24,0	  25,3	  25,9	  22,0	  -9,6
s	   153,0411	 6	 69,18	 97,51	   4,1	  16,2	  22,4	  23,4	  24,8	  25,4	  22,7	  -8,2
s	   153,3194	 7	252,72	 80,75	   5,0	  16,3	  21,3	  21,7	  23,0	  24,4	  21,7	  -9,9
s	   153,3473	 6	 59,55	 85,66	   6,3	  17,8	  23,0	  23,8	  25,0	  25,5	  22,9	  -8,0
s	   153,4636	 6	 59,48	 96,08	   8,8	  19,5	  23,5	  23,9	  25,1	  25,8	  21,8	  -9,8
s	   153,6934	 6	 69,25	 82,19	   7,2	  18,0	  21,8	  21,9	  23,2	  24,8	  21,8	  -9,9
s	   154,5213	 7	 59,58	 82,18	   6,2	  17,3	  21,4	  21,5	  22,8	  24,1	  21,6	 -10,1
s	   155,0151	 7	222,44	 86,55	   6,5	  18,5	  22,8	  23,3	  24,4	  24,9	  22,6	  -8,4
s	   155,1310	 8	 88,75	 98,12	   3,5	  15,9	  22,2	  23,1	  24,4	  25,0	  22,3	  -8,8
s	   155,1588	 7	354,03	 89,82	   8,3	  19,5	  23,9	  24,6	  25,8	  25,2	  22,6	  -8,5
s	   155,2475	 8	354,00	 91,80	   6,0	  18,0	  23,4	  24,4	  25,6	  25,1	  22,5	  -8,6
s	   155,2868	 8	243,07	102,92	   5,2	  17,0	  22,0	  22,3	  23,7	  25,3	  22,2	  -8,8
s	   155,5213	 8	222,52	 94,86	   6,2	  18,4	  22,7	  23,1	  24,3	  24,8	  22,5	  -8,6
s	   155,6953	 8	 59,45	101,51	   6,7	  17,6	  21,6	  21,6	  22,9	  24,4	  21,4	 -10,5
s	   156,1225	 7	 16,11	 90,11	   7,5	  18,6	  23,0	  23,8	  24,9	  24,2	  21,5	 -10,4
s	   156,2821	 8	 16,08	 92,72	   7,2	  18,5	  23,0	  23,7	  24,8	  24,1	  21,4	 -10,6
s	   156,3373	 8	 16,15	 87,29	   6,2	  17,6	  22,1	  22,6	  23,7	  23,7	  21,4	 -10,6
s	   156,7500	 8	 69,28	 76,82	   6,4	  17,2	  20,9	  20,6	  22,0	  24,5	  21,3	 -10,6
s	   158,2561	 8	353,74	 87,03	   7,6	  18,9	  23,1	  23,4	  24,7	  25,2	  22,2	  -9,1
s	   161,1442	 3	243,18	 89,23	   9,6	  20,1	  24,1	  24,9	  26,1	  25,9	  22,5	  -9,1
s	   161,3527	 4	243,16	 86,50	   8,3	  19,1	  23,1	  23,6	  24,9	  25,4	  22,4	  -9,2
s	   161,4785	 7	294,03	 89,22	   7,9	  18,7	  23,0	  23,8	  24,9	  24,3	  21,0	 -11,4
s	   161,6331	 8	294,01	 91,75	   6,9	  18,3	  22,7	  23,5	  24,5	  23,8	  20,9	 -11,5
s	   161,6681	 6	157,48	 90,19	   8,1	  18,8	  23,1	  23,9	  25,0	  24,3	  21,1	 -11,3
s	   161,8225	 7	157,51	 92,72	   7,9	  18,7	  23,0	  23,8	  24,9	  24,3	  21,0	 -11,4
s	   161,8402	 5	243,21	 94,50	   8,8	  19,4	  23,3	  23,7	  25,0	  25,8	  22,2	  -9,4
s	   161,8760	 7	157,45	 87,46	   6,9	  17,8	  22,1	  22,6	  23,7	  23,8	  21,0	 -11,4
s	   161,8936	 5	243,15	 83,97	   8,8	  19,4	  23,3	  23,7	  25,0	  25,8	  22,2	  -9,4
s	   161,9361	 4	252,35	 89,19	   9,3	  19,8	  24,0	  24,8	  26,0	  25,6	  22,3	  -9,3
s	   162,1437	 5	252,34	 86,47	   8,1	  18,9	  23,0	  23,5	  24,7	  25,1	  22,2	  -9,5
s	   162,3620	 8	157,54	 95,44	   6,6	  17,7	  22,0	  22,5	  23,6	  23,8	  20,8	 -11,6
s	   162,4152	 8	157,41	 84,94	   6,6	  17,7	  22,0	  22,5	  23,6	  23,8	  20,8	 -11,6
s	   162,5080	 6	224,68	 91,90	   6,8	  18,2	  23,4	  24,4	  25,7	  25,4	  22,1	  -9,7
s	   162,5951	 6	243,13	 81,89	   4,8	  16,5	  21,6	  22,1	  23,4	  24,7	  22,1	  -9,7
s	   162,6290	 6	252,37	 94,43	   8,6	  19,2	  23,2	  23,6	  24,9	  25,5	  22,1	  -9,7
s	   162,6870	 6	243,22	 97,01	   8,6	  19,3	  23,2	  23,6	  24,9	  25,7	  22,0	  -9,7
s	   162,8671	 8	252,71	 83,76	   7,4	  18,4	  22,7	  23,2	  24,3	  24,5	  21,8	  -9,9
s	   163,3804	 7	252,32	 81,88	   4,5	  16,3	  21,5	  22,0	  23,2	  24,4	  21,9	  -9,9
s	   163,4719	 7	252,38	 96,92	   8,3	  19,1	  23,1	  23,5	  24,7	  25,4	  21,9	  -9,9
s	   163,9437	 8	294,71	 86,53	   7,1	  18,3	  22,5	  22,9	  24,1	  24,4	  21,5	 -10,4
s	   163,9642	 7	243,24	 99,67	   5,7	  17,0	  21,0	  21,0	  22,3	  23,7	  20,8	 -11,8
s	   164,0446	 8	224,58	 81,47	   3,5	  15,3	  20,5	  20,8	  22,1	  23,3	  20,7	 -11,9
s	   164,0698	 7	243,12	 78,80	   7,0	  18,1	  22,0	  22,1	  23,4	  24,9	  21,6	 -10,3
s	   164,7434	 8	252,39	 99,58	   5,5	  16,8	  20,8	  20,9	  22,1	  23,4	  20,6	 -12,0
s	   164,8212	 6	 88,35	 87,97	   7,7	  18,8	  22,9	  23,3	  24,5	  25,1	  21,9	 -10,1
s	   164,8484	 8	252,31	 78,80	   6,7	  17,9	  21,8	  21,9	  23,2	  24,6	  21,4	 -10,5
s	   165,0793	 8	243,25	101,52	   4,0	  16,1	  21,2	  21,6	  22,9	  24,3	  21,4	 -10,6
s	   165,7436	 8	243,10	 76,18	   4,4	  15,9	  19,9	  19,7	  21,0	  23,1	  20,5	 -12,2
s	   166,1418	 5	260,11	 89,17	   8,1	  19,2	  23,5	  24,2	  25,4	  24,9	  21,9	 -10,2
s	   166,2855	 8	 88,35	 82,85	   5,4	  16,8	  20,8	  20,8	  22,1	  23,5	  20,5	 -12,3
s	   166,3443	 6	260,11	 86,51	   6,9	  18,2	  22,5	  23,0	  24,1	  24,4	  21,7	 -10,3
s	   166,8180	 7	260,12	 94,28	   7,4	  18,5	  22,7	  23,1	  24,3	  24,7	  21,6	 -10,5
s	   166,8699	 7	260,10	 84,06	   7,4	  18,5	  22,7	  23,1	  24,3	  24,7	  21,6	 -10,5
s	   167,3561	 8	119,04	 87,92	   6,4	  18,1	  22,3	  22,7	  23,9	  24,3	  21,4	 -10,7
s	   167,5517	 8	260,10	 82,03	   3,4	  15,6	  21,0	  21,4	  22,6	  23,7	  21,4	 -10,8
s	   167,6411	 8	260,13	 96,72	   7,1	  18,5	  22,6	  23,0	  24,2	  24,7	  21,4	 -10,8
s	   168,6999	 7	 86,79	 93,09	   5,6	  17,5	  22,8	  23,8	  25,0	  24,5	  21,4	 -10,8
s	   168,9533	 6	234,64	 91,73	   5,8	  17,6	  22,9	  23,9	  25,1	  24,8	  21,5	 -10,8
s	   169,5456	 7	 51,38	 90,49	   8,0	  19,0	  23,2	  23,9	  25,0	  24,5	  20,3	 -12,8
s	   169,6933	 8	 51,36	 92,91	   7,3	  18,7	  23,1	  23,8	  24,9	  24,3	  21,2	 -11,1
s	   170,3316	 8	 12,41	 90,07	   6,5	  18,2	  22,8	  23,5	  24,5	  23,6	  21,2	 -11,2
s	   170,4350	 8	234,57	 81,67	   3,2	  15,6	  20,9	  21,3	  22,5	  23,8	  21,2	 -11,3
s	   170,9542	 8	279,59	 89,17	   5,7	  17,8	  22,5	  23,3	  24,3	  23,4	  21,1	 -11,3
s	   170,9613	 7	280,75	 89,17	   8,4	  19,1	  23,3	  24,0	  25,1	  24,6	  21,2	 -11,3
s	   171,1078	 8	280,74	 91,57	   8,2	  19,1	  23,3	  23,9	  25,0	  24,5	  21,0	 -11,4
s	   171,5686	 7	334,83	 89,59	   7,4	  18,1	  22,5	  23,3	  24,3	  23,5	  20,2	 -13,1
s	   171,7146	 8	334,80	 91,98	   7,2	  18,0	  22,4	  23,2	  24,2	  23,4	  20,0	 -13,3
s	   171,7651	 8	334,86	 87,01	   6,2	  17,1	  21,5	  22,0	  23,1	  23,0	  20,0	 -13,3
s	   171,8067	 7	175,40	 89,97	   7,6	  18,2	  22,5	  23,3	  24,3	  23,5	  20,1	 -13,2
s	   171,9525	 8	175,43	 92,36	   7,4	  18,2	  22,4	  23,2	  24,2	  23,5	  19,9	 -13,4
s	   172,0029	 8	175,37	 87,39	   6,3	  17,2	  21,5	  22,0	  23,0	  23,1	  19,9	 -13,4
s	   172,1537	 5	225,86	 89,37	   7,8	  18,9	  23,2	  23,9	  25,1	  24,5	  21,4	 -11,2
s	   172,1756	 8	139,89	 87,82	   5,4	  17,1	  21,3	  21,8	  22,9	  23,2	  20,0	 -13,3
s	   172,3495	 6	225,84	 86,80	   6,6	  17,9	  22,2	  22,7	  23,8	  24,1	  21,2	 -11,4
s	   172,4031	 5	 77,37	 90,64	   7,1	  18,6	  22,9	  23,7	  24,8	  24,3	  21,3	 -11,3
s	   172,5484	 6	 77,36	 93,02	   6,9	  18,5	  22,9	  23,6	  24,7	  24,3	  21,2	 -11,4
s	   172,5976	 8	280,44	 86,61	   6,1	  17,7	  22,0	  22,5	  23,6	  23,7	  21,0	 -11,6
s	   172,5987	 6	 77,38	 88,07	   6,6	  18,0	  22,2	  22,7	  23,8	  24,3	  21,2	 -11,4
s	   172,8077	 7	225,91	 94,32	   7,1	  18,3	  22,4	  22,8	  24,0	  24,4	  21,1	 -11,6
s	   172,8579	 7	225,82	 84,43	   7,1	  18,2	  22,4	  22,8	  24,0	  24,4	  21,1	 -11,6
s	   173,0562	 7	 77,35	 95,58	   5,6	  17,5	  21,9	  22,3	  23,5	  23,8	  21,1	 -11,6
s	   173,1063	 7	 77,38	 85,70	   6,3	  18,0	  22,1	  22,5	  23,7	  24,2	  21,1	 -11,6
s	   173,5174	 8	225,80	 82,47	   3,1	  15,3	  20,7	  21,1	  22,3	  23,4	  20,9	 -11,8
s	   173,6038	 8	225,93	 96,68	   6,8	  18,2	  22,3	  22,7	  23,8	  24,3	  20,9	 -11,8
s	   173,6269	 8	 77,35	 97,36	   3,3	  16,0	  21,4	  22,1	  23,3	  23,6	  20,9	 -11,8
s	   174,0010	 8	 77,39	 83,17	   5,0	  16,9	  21,1	  21,3	  22,4	  23,7	  20,9	 -11,9
s	   174,4552	 7	194,65	 89,72	   7,5	  18,7	  22,9	  23,6	  24,7	  24,2	  20,9	 -11,9
s	   174,5989	 8	194,68	 92,08	   7,2	  18,6	  22,9	  23,5	  24,6	  24,1	  20,8	 -12,0
s	   174,6486	 8	194,62	 87,18	   6,2	  17,7	  21,9	  22,4	  23,4	  23,7	  20,7	 -12,0
s	   175,8136	 6	269,23	 89,16	   7,4	  18,5	  22,9	  23,7	  24,8	  24,0	  20,9	 -12,0
s	   176,0057	 7	269,23	 86,64	   6,2	  17,6	  21,9	  22,4	  23,5	  23,6	  20,8	 -12,1
s	   176,4548	 8	269,23	 94,01	   6,7	  17,9	  22,1	  22,5	  23,7	  23,9	  20,7	 -12,3
s	   176,5040	 8	269,23	 84,31	   6,7	  17,9	  22,1	  22,5	  23,7	  23,9	  20,7	 -12,3
s	   178,3983	 6	 85,66	 90,66	   6,6	  18,1	  22,5	  23,3	  24,4	  23,7	  20,7	 -12,4
s	   178,5877	 7	 85,66	 88,17	   6,1	  17,6	  21,8	  22,3	  23,4	  23,7	  20,6	 -12,5
s	   179,0307	 8	 85,65	 95,44	   5,8	  17,5	  21,8	  22,2	  23,3	  23,6	  20,5	 -12,7
s	   179,0792	 8	 85,66	 85,88	   6,6	  17,9	  22,0	  22,4	  23,6	  24,0	  20,4	 -12,7
s	   179,0923	 5	235,26	 89,30	   7,3	  18,5	  22,6	  23,4	  24,5	  24,1	  19,8	 -14,2
s	   179,1698	 6	235,27	 91,03	   4,5	  16,7	  22,1	  23,1	  24,3	  23,8	  20,7	 -12,5
s	   179,2810	 6	235,24	 86,82	   6,8	  17,9	  21,9	  22,3	  23,5	  24,1	  19,6	 -14,3
s	   179,7224	 7	235,29	 94,06	   6,5	  17,8	  21,9	  22,2	  23,4	  24,0	  19,5	 -14,5
s	   179,7708	 7	235,22	 84,53	   6,0	  17,6	  21,8	  22,2	  23,4	  23,8	  20,5	 -12,8
s	   179,9377	 7	 34,41	 90,33	   6,3	  17,9	  22,4	  23,2	  24,2	  23,4	  20,5	 -12,8
s	   180,0772	 8	 34,39	 92,62	   6,1	  17,8	  22,3	  23,1	  24,1	  23,3	  20,4	 -12,9
s	   180,1255	 8	 34,44	 87,87	   5,8	  17,3	  21,7	  22,1	  23,2	  23,3	  20,4	 -12,9
s	   180,2730	 8	235,31	 95,78	   3,5	  15,8	  21,1	  21,7	  23,0	  23,4	  20,1	 -13,2
s	   181,1819	 8	317,81	 89,41	   6,9	  17,6	  21,9	  22,7	  23,7	  22,7	  19,2	 -15,0
s	   181,9332	 8	 42,79	 90,42	   6,0	  17,7	  22,2	  23,0	  24,0	  23,2	  20,2	 -13,2
s	   187,3721	 6	227,49	 89,36	   6,7	  17,9	  22,2	  22,9	  24,0	  23,4	  19,0	 -15,7
s	   187,5064	 7	227,51	 91,56	   5,9	  17,7	  22,1	  22,8	  23,9	  23,2	  19,9	 -14,1
s	   187,8784	 7	276,40	 89,17	   5,9	  17,5	  22,0	  22,8	  23,8	  22,9	  19,8	 -14,1
s	   188,0221	 8	227,45	 84,80	   4,7	  16,7	  21,1	  21,5	  22,6	  22,7	  19,7	 -14,3
s	   188,1133	 7	 84,67	 92,86	   5,6	  17,0	  22,1	  23,1	  24,2	  23,7	  19,8	 -14,2
s	   188,4583	 7	157,29	 90,20	   6,7	  17,8	  22,2	  23,0	  24,0	  23,1	  19,8	 -14,2
s	   188,5919	 8	157,32	 92,39	   6,4	  17,7	  22,2	  22,9	  23,9	  23,0	  19,7	 -14,4
s	   188,6381	 8	157,27	 87,85	   5,4	  16,8	  21,2	  21,7	  22,7	  22,6	  19,7	 -14,4
s	   188,8203	 8	209,95	 91,73	   3,7	  15,6	  21,0	  22,0	  23,1	  22,4	  18,6	 -16,2
s	   189,2040	 8	 68,62	 99,71	   1,1	  13,2	  19,2	  19,7	  21,0	  22,4	  18,6	 -16,2
s	   189,6756	 7	102,09	 90,65	   5,9	  17,1	  21,5	  22,2	  23,2	  22,5	  18,7	 -16,2
s	   189,8083	 8	102,10	 92,82	   4,9	  16,6	  21,1	  21,9	  22,9	  22,0	  18,6	 -16,3
s	   191,6471	 8	102,78	 88,32	   4,3	  16,3	  20,7	  21,1	  22,2	  22,2	  19,2	 -15,1
s	   191,6670	 8	190,85	 89,78	   4,8	  16,4	  21,0	  21,8	  22,7	  21,7	  18,4	 -16,7
s	   192,0566	 8	124,23	 90,54	   4,8	  16,4	  21,0	  21,8	  22,7	  21,7	  18,4	 -16,7
s	   193,6405	 8	 36,77	 90,37	   4,7	  16,8	  21,4	  22,2	  23,2	  22,1	  19,3	 -15,2
s	   194,5024	 8	173,19	 90,01	   5,4	  17,1	  21,6	  22,4	  23,4	  22,3	  19,2	 -15,4
s	   194,9106	 8	141,77	 90,38	   5,4	  17,2	  21,7	  22,4	  23,4	  22,5	  19,2	 -15,4
s	   197,2429	 7	211,64	 89,53	   4,8	  16,4	  20,9	  21,6	  22,6	  21,7	  18,1	 -17,5
s	   197,3435	 8	243,61	 80,51	   1,3	  13,5	  19,5	  20,1	  21,5	  22,8	  18,8	 -16,1
s	   197,9464	 6	 83,75	 90,66	   5,7	  17,3	  21,7	  22,4	  23,5	  22,6	  19,2	 -15,7
s	   198,1180	 7	 83,76	 88,41	   6,0	  17,1	  21,2	  21,6	  22,8	  23,0	  19,0	 -15,8
s	   198,3595	 8	334,99	 89,60	   6,0	  17,2	  21,7	  22,5	  23,4	  22,3	  18,9	 -16,0
s	   198,5194	 8	 83,75	 95,00	   5,0	  16,6	  20,9	  21,3	  22,4	  22,5	  18,9	 -16,0
s	   198,5634	 8	 83,76	 86,33	   5,0	  16,6	  20,9	  21,3	  22,4	  22,5	  18,9	 -16,0
s	   199,0949	 8	202,54	 89,63	   4,5	  16,1	  20,5	  19,9	  19,9	  19,1	  15,7	 -19,2
s	   199,2872	 8	 68,49	 98,76	   0,7	  13,2	  19,4	  20,1	  21,3	  22,5	  18,8	 -16,2
s	   203,8703	 8	 99,37	 90,66	   3,5	  15,6	  20,3	  21,0	  22,0	  20,9	  17,5	 -18,7
s	   204,5798	 8	107,27	 90,64	   5,0	  16,8	  21,2	  22,0	  23,0	  22,0	  18,4	 -17,0
s	   205,4941	 5	243,79	 91,27	   5,1	  16,4	  21,6	  22,5	  23,7	  23,2	  18,7	 -16,9
s	   207,6993	 4	 68,42	 90,62	   6,5	  17,5	  21,7	  22,4	  23,5	  22,9	  18,6	 -17,1
s	   207,8632	 5	 68,43	 88,47	   6,7	  17,3	  21,2	  21,6	  22,8	  23,2	  18,5	 -17,2
s	   208,2467	 6	 68,40	 94,76	   5,8	  16,9	  20,9	  21,3	  22,4	  22,8	  18,4	 -17,4
s	   208,2887	 6	 68,44	 86,48	   5,8	  16,9	  20,9	  21,3	  22,4	  22,8	  18,4	 -17,4
s	   208,3222	 5	 61,21	 90,58	   6,3	  17,3	  21,5	  22,3	  23,4	  22,6	  18,5	 -17,3
s	   208,4856	 6	 61,22	 88,44	   5,8	  16,7	  20,8	  21,3	  22,4	  22,5	  18,3	 -17,5
s	   208,6871	 5	 75,48	 90,65	   5,5	  17,0	  21,3	  22,1	  23,1	  22,4	  18,4	 -17,4
s	   208,7254	 7	 68,39	 96,25	   3,5	  15,3	  20,4	  21,0	  22,2	  22,6	  18,2	 -17,6
s	   208,8083	 6	 75,47	 92,63	   5,3	  16,9	  21,3	  22,0	  23,0	  22,3	  18,3	 -17,5
s	   208,8503	 6	 75,49	 88,51	   5,0	  16,4	  20,6	  21,0	  22,1	  22,3	  18,3	 -17,5
s	   208,8680	 7	 61,18	 94,71	   5,5	  16,7	  20,8	  21,2	  22,3	  22,5	  18,2	 -17,6
s	   209,0395	 7	 68,45	 84,35	   4,5	  15,9	  19,9	  20,0	  21,2	  22,3	  18,2	 -17,7
s	   209,2320	 7	 75,47	 94,77	   4,0	  16,0	  20,3	  20,7	  21,8	  21,8	  18,2	 -17,7
s	   209,2739	 7	 75,49	 86,53	   4,8	  16,4	  20,5	  20,9	  22,0	  22,3	  18,2	 -17,7
s	   209,4241	 8	 68,38	 97,89	  -0,5	  12,4	  18,7	  19,4	  20,6	  21,6	  18,1	 -17,8
s	   209,5332	 8	 61,17	 96,68	   5,3	  16,6	  20,7	  21,1	  22,2	  22,4	  18,0	 -17,9
s	   209,6586	 8	 61,25	 84,33	   3,5	  15,3	  19,5	  19,7	  20,7	  21,6	  18,0	 -17,9
s	   209,7086	 8	 75,46	 96,26	   1,8	  14,4	  19,8	  20,5	  21,6	  21,7	  18,0	 -17,9
s	   210,0057	 8	 68,46	 82,39	   4,7	  16,0	  19,8	  19,9	  21,1	  22,4	  17,8	 -18,2
s	   210,0213	 8	 75,50	 84,41	   3,5	  15,4	  19,5	  19,6	  20,8	  21,8	  18,0	 -17,9
s	   213,5049	 8	205,96	 89,60	   4,0	  15,5	  19,9	  19,3	  19,2	  18,4	  14,6	 -21,6
s	   215,5074	 8	222,63	 89,42	   3,1	  15,6	  20,3	  21,1	  22,0	  20,8	  17,6	 -18,8
s	   215,8325	 8	157,15	 90,22	   4,6	  15,7	  20,2	  21,0	  21,9	  20,7	  16,5	 -20,7
s	   215,8485	 4	243,89	 89,25	   6,7	  17,3	  21,4	  22,1	  23,2	  22,7	  17,0	 -20,2
s	   216,0064	 5	243,88	 87,18	   6,2	  16,8	  20,7	  21,0	  22,2	  22,6	  16,9	 -20,4
s	   216,3761	 6	243,91	 93,24	   5,2	  16,3	  20,3	  20,7	  21,9	  22,1	  16,7	 -20,5
s	   216,4166	 6	243,87	 85,26	   5,4	  16,5	  20,6	  20,9	  22,1	  22,4	  17,8	 -18,8
s	   216,4489	 5	250,84	 89,22	   6,5	  17,1	  21,3	  22,0	  23,1	  22,4	  16,8	 -20,4
s	   216,4531	 6	 82,27	 90,67	   5,0	  16,5	  20,9	  21,7	  22,7	  21,7	  17,7	 -18,8
s	   216,5643	 8	 54,50	 92,45	   2,5	  14,9	  20,4	  21,3	  22,4	  21,5	  17,5	 -19,0
s	   216,5659	 6	250,85	 91,14	   5,7	  16,9	  21,2	  21,9	  22,9	  22,1	  17,7	 -18,8
s	   216,6064	 6	250,83	 87,15	   5,2	  16,2	  20,3	  20,7	  21,8	  21,9	  16,7	 -20,6
s	   216,6107	 7	 82,27	 88,60	   5,2	  16,4	  20,5	  20,9	  22,0	  22,1	  17,6	 -18,9
s	   216,8376	 7	243,92	 94,69	   3,2	  15,0	  20,1	  20,7	  21,9	  22,2	  17,6	 -18,9
s	   216,9751	 7	250,86	 93,20	   5,0	  16,1	  20,2	  20,6	  21,7	  21,8	  16,6	 -20,7
s	   216,9793	 8	 82,26	 94,65	   4,2	  15,9	  20,1	  20,5	  21,6	  21,6	  17,5	 -19,1
s	   217,0197	 8	 82,28	 86,69	   4,2	  15,9	  20,1	  20,5	  21,6	  21,6	  17,5	 -19,1
s	   217,1405	 7	243,86	 83,21	   3,9	  15,3	  19,3	  19,4	  20,6	  21,6	  16,6	 -20,8
s	   217,4354	 8	250,86	 94,64	   2,2	  14,4	  19,7	  20,4	  21,5	  21,5	  17,5	 -19,1
s	   217,5825	 8	243,85	 82,24	  -1,0	  11,8	  18,2	  18,8	  20,0	  20,9	  17,2	 -19,4
s	   217,7375	 8	250,82	 83,19	   3,7	  15,1	  19,2	  19,3	  20,4	  21,3	  16,4	 -21,0
s	   217,9918	 8	243,94	 97,20	   3,9	  15,5	  19,5	  19,5	  20,7	  21,8	  17,4	 -19,2
s	   219,6569	 6	256,80	 89,20	   5,4	  16,6	  20,8	  21,5	  22,6	  21,7	  16,5	 -21,1
s	   219,8122	 7	256,79	 87,16	   4,9	  16,0	  20,1	  20,5	  21,6	  21,7	  16,4	 -21,2
s	   220,1757	 8	256,81	 93,12	   3,9	  15,5	  19,8	  20,2	  21,2	  21,2	  16,2	 -21,4
s	   220,2156	 8	256,79	 85,28	   4,1	  15,8	  20,0	  20,4	  21,4	  21,4	  17,2	 -19,6
s	   222,1790	 8	224,13	 91,28	   2,3	  14,7	  20,2	  21,1	  22,2	  21,2	  17,1	 -19,9
s	   223,5850	 8	237,36	 91,16	   1,5	  14,4	  19,9	  20,8	  21,9	  21,0	  17,0	 -20,1
s	   224,2975	 6	230,51	 89,35	   5,2	  16,4	  20,6	  21,3	  22,4	  21,5	  16,1	 -21,8
s	   224,4107	 7	230,53	 91,21	   4,5	  16,2	  20,6	  21,3	  22,3	  21,3	  17,1	 -20,2
s	   224,4498	 7	230,49	 87,35	   3,9	  15,4	  19,7	  20,1	  21,1	  21,1	  16,0	 -22,0
s	   224,8062	 8	230,54	 93,20	   3,7	  15,4	  19,6	  20,0	  21,0	  21,0	  15,9	 -22,1
s	   224,8452	 8	230,48	 85,51	   3,2	  15,2	  19,6	  20,0	  21,0	  20,8	  16,9	 -20,4
s	   226,9547	 8	257,19	 91,03	   2,1	  14,5	  20,0	  20,9	  22,0	  21,0	  16,8	 -20,7
s	   227,1530	 7	264,02	 89,19	   4,9	  16,1	  20,4	  21,1	  22,1	  21,1	  15,8	 -22,4
s	   231,4315	 8	 81,24	 90,67	   2,5	  15,0	  19,7	  20,4	  21,3	  20,1	  16,4	 -21,4
s	   233,8399	 7	237,72	 89,30	   3,1	  15,3	  19,7	  20,4	  21,4	  20,4	  15,3	 -23,5
s	   233,9861	 8	237,71	 87,38	   2,6	  14,7	  19,0	  19,4	  20,4	  20,4	  15,2	 -23,6
s	   235,5530	 8	269,34	 89,18	   3,1	  15,2	  19,8	  20,5	  21,4	  20,1	  16,1	 -22,1
s	   237,1413	 7	256,72	 89,20	   3,2	  15,3	  19,8	  20,5	  21,5	  20,3	  16,1	 -22,2
s	   237,2857	 8	256,72	 87,31	   2,7	  14,7	  19,1	  19,5	  20,5	  20,2	  16,0	 -22,4
s	   239,0632	 8	 87,26	 90,68	   2,2	  14,8	  19,4	  20,2	  21,0	  19,7	  15,9	 -22,6
s	   244,6794	 7	 74,14	 90,65	   2,2	  14,7	  19,3	  20,0	  21,0	  19,8	  15,6	 -23,4
s	   244,7834	 8	 74,14	 92,36	   2,0	  14,7	  19,3	  20,0	  20,9	  19,7	  15,5	 -23,6
s	   244,8194	 8	 74,15	 88,82	   1,7	  14,2	  18,6	  19,0	  20,0	  19,7	  15,5	 -23,6
s	   252,0437	 6	 68,02	 92,29	   2,5	  14,3	  19,5	  20,4	  21,5	  20,6	  15,2	 -24,5
s	   252,5612	 7	 62,02	 92,25	   2,2	  14,1	  19,4	  20,3	  21,4	  20,3	  15,0	 -24,7
s	   253,0571	 8	 68,05	 85,41	   1,2	  12,9	  17,8	  18,1	  19,3	  20,2	  13,9	 -26,7
s	   261,6731	 7	244,24	 85,94	   1,6	  13,4	  18,5	  19,1	  20,2	  20,2	  14,4	 -26,1
s	   262,8936	 7	 67,97	 87,32	   3,6	  14,9	  18,9	  19,2	  20,2	  20,2	  14,3	 -26,3
s	   263,3937	 8	 67,93	 95,53	   1,9	  14,0	  18,3	  18,6	  19,6	  19,3	  14,2	 -26,5
#END
