#HEADER
CATT-Acoustic v8.0b    Copyright © CATT 1988-2003

 Project                : Aula Optica 

 GEOMETRICAL INFORMATION
 Src id and loc     [m] :   E0           9,400        4,600        1,300
 Rec id and loc     [m] :   12          10,500        4,600        1,200

 12        3,2172

 VARIABLE SOURCE DATA
 Directivity
   Type (library)       :  OMNI.SD0
   Dir. Index (DI) [dB] :       0,0      0,0      0,0      0,0      0,0      0,0      0,0      0,0
 Level
   On axis 1m      [dB] :      48,1     57,1     60,8     61,7     63,4     64,6     64,6     48,2
   Total power     [dB] :      59,0     68,0     71,7     72,6     74,3     75,5     75,5     59,1
   Auxiliary delay [ms] :       0,0

 VARIABLE AIR DATA
 Temperature       [°C] :      20
 Relative humidity  [%] :      50
 Density        [kg/m³] :       1,2
 Sound speed      [m/s] :     343
 Impedance      [Ns/m³] :     412
 Diss. coeff. [0.001/m] :      0,10     0,30     0,63     1,07     2,28     6,83    24,23    83,90      (estimated)

#DATAFIELDS
 TYPE DELAY ORDER AZIMUTH ELEVATION SPL125 SPL250 SPL500 SPL1K SPL2K SPL4K SPL8K SPL16K
#DATA
d	     0,0000	 0	 89,40	 85,41	  47,2	  56,2	  59,9	  60,8	  62,5	  63,7	  63,6	  46,9
s	     4,7383	 1	 89,38	156,85	  38,7	  47,9	  51,6	  52,4	  54,1	  55,3	  55,0	  37,9
*	    39,6164	 1	299,04	 99,53	  -7,9	   1,2	   4,9	   5,7	   7,3	   8,3	   7,1	 -13,1
*	    34,4792	 1	274,13	101,08	  -4,6	   4,6	   8,3	   9,1	  10,7	  11,7	  10,7	  -9,1
*	    36,3935	 1	246,69	100,45	  -5,9	   3,3	   7,0	   7,8	   9,4	  10,4	   9,3	 -10,6
*	    26,5806	 1	318,13	104,32	   1,5	  10,7	  14,4	  15,2	  16,9	  17,9	  17,1	  -2,0
*	    18,5111	 1	280,45	111,41	   9,9	  19,1	  22,8	  23,7	  25,3	  26,4	  25,8	   7,4
*	    21,7131	 1	230,40	107,78	   6,2	  15,4	  19,1	  19,9	  21,6	  22,7	  22,0	   3,3
*	    19,1770	 1	356,96	108,73	   8,9	  18,1	  21,8	  22,6	  24,3	  25,4	  24,7	   6,3
*	     6,1811	 1	354,27	151,00	  31,8	  41,0	  44,7	  45,5	  47,2	  48,4	  48,1	  30,9
*	    12,1621	 1	178,58	118,56	  18,7	  27,9	  31,6	  32,4	  34,1	  35,2	  34,8	  17,0
*	    22,6066	 1	 36,29	105,17	   5,2	  14,4	  18,1	  18,9	  20,6	  21,6	  20,9	   2,2
*	    12,6264	 1	 74,39	112,93	  18,3	  27,4	  31,1	  32,0	  33,6	  34,8	  34,3	  16,5
*	    16,7790	 1	125,51	108,93	  12,0	  21,2	  24,9	  25,7	  27,4	  28,5	  27,9	   9,7
*	    34,0460	 1	 55,79	100,63	  -4,3	   4,9	   8,5	   9,4	  11,0	  12,0	  11,0	  -8,8
*	    27,9918	 1	 80,94	102,38	   0,4	   9,5	  13,2	  14,1	  15,7	  16,7	  15,9	  -3,3
*	    30,2742	 1	108,73	101,65	  -1,5	   7,7	  11,4	  12,2	  13,8	  14,8	  13,9	  -5,5
*	    48,4613	 1	 65,17	 97,92	 -12,9	  -3,7	  -0,0	   0,8	   2,4	   3,3	   1,9	 -19,1
*	    44,2946	 1	 83,15	 98,53	 -10,7	  -1,5	   2,2	   3,0	   4,6	   5,6	   4,3	 -16,4
*	    45,8187	 1	102,02	 98,30	 -11,5	  -2,3	   1,4	   2,2	   3,8	   4,7	   3,4	 -17,4
s	     5,8169	 1	 89,41	 21,38	  36,0	  45,2	  48,8	  49,4	  51,0	  53,0	  53,1	  35,1
*	    52,1772	 1	252,57	 79,82	 -11,5	  -1,6	   2,2	   3,0	   4,6	   6,2	   5,1	 -14,5
*	    50,1478	 1	271,26	 79,38	 -10,5	  -0,6	   3,2	   4,0	   5,6	   7,2	   6,2	 -13,3
*	    53,1324	 1	289,57	 80,01	 -11,9	  -2,1	   1,8	   2,6	   4,2	   5,8	   4,6	 -15,1
*	    36,8052	 1	244,95	 75,86	  -3,0	   6,9	  10,8	  11,5	  13,2	  14,9	  14,2	  -4,1
*	    33,9377	 1	272,20	 74,55	  -1,0	   8,8	  12,7	  13,5	  15,1	  16,9	  16,2	  -1,8
*	    38,1196	 1	298,31	 76,38	  -3,8	   6,0	   9,9	  10,7	  12,3	  14,0	  13,3	  -5,1
*	    22,9210	 1	226,93	 68,04	   8,2	  18,0	  21,9	  22,7	  24,3	  26,2	  25,8	   8,8
*	    18,2447	 1	275,03	 61,45	  13,4	  23,3	  27,2	  28,0	  29,6	  31,5	  31,2	  14,6
*	    24,8963	 1	317,43	 69,92	   6,2	  16,1	  20,0	  20,8	  22,4	  24,2	  23,8	   6,6
*	    14,4907	 1	178,53	 59,66	  18,2	  28,1	  32,0	  32,7	  34,4	  36,3	  36,2	  19,9
*	     6,4338	 1	  7,32	 10,52	  34,1	  44,0	  47,9	  48,7	  50,3	  52,3	  52,4	  36,8
*	    17,2781	 1	  0,10	 64,27	  14,4	  24,3	  28,1	  28,9	  30,6	  32,4	  32,3	  15,7
*	    18,7171	 1	131,08	 69,11	  12,7	  22,6	  26,5	  27,3	  28,9	  30,8	  30,6	  13,9
*	    12,8246	 1	 83,91	 63,03	  21,2	  31,1	  34,9	  35,7	  37,4	  39,3	  39,2	  23,1
*	    21,0385	 1	 42,11	 70,87	  10,1	  20,0	  23,8	  24,6	  26,3	  28,1	  27,8	  11,0
*	    31,3583	 1	113,54	 77,04	   0,8	  10,7	  14,6	  15,4	  17,0	  18,8	  18,2	   0,4
*	    27,9853	 1	 86,62	 75,87	   3,6	  13,4	  17,3	  18,1	  19,7	  21,5	  21,1	   3,6
*	    32,8740	 1	 60,80	 77,51	  -0,3	   9,6	  13,5	  14,2	  15,9	  17,6	  17,0	  -0,9
*	    46,3700	 1	106,07	 81,02	  -8,6	   1,3	   5,1	   5,9	   7,5	   9,2	   8,2	 -10,9
*	    44,0898	 1	 87,55	 80,63	  -7,4	   2,5	   6,4	   7,1	   8,8	  10,4	   9,6	  -9,4
*	    47,4357	 1	 69,38	 81,18	  -9,1	   0,7	   4,6	   5,3	   7,0	   8,6	   7,6	 -11,6
s	    12,5491	 2	 89,36	168,88	  31,0	  40,3	  43,9	  44,4	  46,1	  48,0	  47,9	  29,3
s	    13,1199	 2	 89,43	 11,91	  31,2	  40,6	  44,3	  44,9	  46,6	  48,5	  48,4	  30,5
s	    20,0151	 3	 89,35	172,68	  27,9	  37,5	  41,2	  41,7	  43,4	  45,3	  44,9	  26,5
s	    21,1696	 3	 89,44	  8,15	  25,9	  35,5	  39,1	  39,4	  41,0	  43,7	  43,7	  24,4
s	    23,7721	 1	172,57	 89,46	  27,6	  37,1	  40,9	  41,8	  43,4	  44,3	  44,0	  25,2
*	    26,8690	 1	198,81	 80,92	  11,5	  21,0	  24,8	  25,7	  27,3	  28,2	  27,8	   8,7
*	    25,8952	 1	152,80	 81,84	  12,4	  21,9	  25,7	  26,6	  28,2	  29,1	  28,7	   9,7
*	    49,4169	 1	116,93	 80,85	 -20,4	 -11,3	  -7,6	  -6,7	  -5,1	  -4,4	  -4,7	 -24,1
*	    45,8222	 1	119,14	 80,14	 -18,5	  -9,5	  -5,7	  -4,8	  -3,3	  -2,6	  -2,7	 -21,8
*	    42,3401	 1	121,69	 79,35	 -16,6	  -7,6	  -3,8	  -2,9	  -1,3	  -0,6	  -0,6	 -19,4
*	    38,9989	 1	124,64	 78,46	 -14,6	  -5,6	  -1,8	  -0,9	   0,7	   1,4	   1,5	 -17,0
*	    35,8349	 1	128,13	 77,47	 -12,6	  -3,5	   0,2	   1,1	   2,7	   3,5	   3,6	 -14,6
*	    27,9362	 1	142,75	 73,86	  -6,7	   2,3	   6,1	   7,0	   8,6	   9,5	   9,8	  -7,7
*	    26,0718	 1	149,44	 72,58	  -5,1	   3,9	   7,7	   8,6	  10,2	  11,1	  11,4	  -5,9
*	    24,7300	 1	157,17	 71,38	  -3,9	   5,2	   8,9	   9,8	  11,4	  12,3	  12,7	  -4,5
*	    23,9848	 1	165,85	 70,43	  -3,2	   5,8	   9,6	  10,5	  12,1	  13,0	  13,4	  -3,7
*	    23,8829	 1	175,20	 69,87	  -3,1	   5,9	   9,7	  10,6	  12,2	  13,1	  13,5	  -3,6
*	    24,4308	 1	184,79	 69,81	  -3,6	   5,4	   9,2	  10,1	  11,7	  12,6	  13,0	  -4,2
*	    25,5931	 1	194,09	 70,26	  -4,7	   4,4	   8,1	   9,0	  10,6	  11,5	  11,9	  -5,4
*	    29,4752	 1	210,25	 72,17	  -7,9	   1,1	   4,9	   5,7	   7,3	   8,2	   8,5	  -9,1
*	    32,0278	 1	216,82	 73,35	  -9,9	  -0,9	   2,9	   3,8	   5,4	   6,2	   6,4	 -11,4
*	    34,8845	 1	222,40	 74,55	 -11,9	  -2,9	   0,9	   1,7	   3,3	   4,1	   4,3	 -13,8
*	    37,9824	 1	227,13	 75,67	 -14,0	  -4,9	  -1,2	  -0,3	   1,3	   2,1	   2,1	 -16,2
*	    44,7112	 1	234,53	 77,64	 -17,9	  -8,9	  -5,1	  -4,3	  -2,7	  -1,9	  -2,1	 -21,0
*	    48,2722	 1	237,44	 78,48	 -19,8	 -10,8	  -7,0	  -6,1	  -4,6	  -3,9	  -4,1	 -23,3
*	    51,9305	 1	239,94	 79,22	 -21,6	 -12,6	  -8,8	  -7,9	  -6,4	  -5,7	  -6,0	 -25,6
s	    24,3505	 1	  6,08	 89,46	  27,4	  36,4	  40,2	  41,1	  42,7	  43,6	  42,7	  23,1
*	    41,3314	 1	 53,70	 93,89	  -0,4	   8,6	  12,4	  13,2	  14,8	  15,6	  15,5	  -3,1
*	    35,1201	 1	 46,74	 94,38	   3,5	  12,5	  16,3	  17,1	  18,7	  19,5	  19,7	   1,6
*	    29,8927	 1	 37,31	 94,96	   7,3	  16,3	  20,1	  21,0	  22,6	  23,4	  23,7	   6,0
*	    30,1704	 1	 37,43	 81,20	   7,1	  16,1	  19,9	  20,8	  22,3	  23,2	  23,4	   5,8
*	    26,1732	 1	 24,68	 95,51	  10,4	  19,4	  23,2	  24,1	  25,7	  26,5	  26,9	   9,6
*	    26,4865	 1	 24,83	 79,78	  10,1	  19,1	  22,9	  23,8	  25,4	  26,3	  26,6	   9,3
*	    24,5562	 1	  8,81	 95,83	  11,8	  20,9	  24,6	  25,5	  27,1	  28,0	  28,4	  11,2
*	    24,8898	 1	  8,99	 78,68	  11,5	  20,6	  24,3	  25,2	  26,8	  27,7	  28,1	  10,9
*	    25,3859	 1	351,40	 95,67	  11,1	  20,1	  23,9	  24,8	  26,4	  27,2	  27,6	  10,4
*	    25,7129	 1	351,58	 78,45	  10,8	  19,8	  23,6	  24,5	  26,1	  26,9	  27,3	  10,0
*	    28,4786	 1	335,31	 95,07	   8,4	  17,5	  21,2	  22,1	  23,7	  24,6	  24,9	   7,3
*	    28,7762	 1	335,46	 79,16	   8,2	  17,2	  21,0	  21,9	  23,5	  24,3	  24,6	   7,1
*	    33,2783	 1	322,39	 94,28	   4,8	  13,8	  17,6	  18,4	  20,0	  20,8	  21,0	   3,1
*	    33,5378	 1	322,51	 80,34	   4,6	  13,6	  17,4	  18,2	  19,8	  20,7	  20,8	   2,9
*	    39,2156	 1	312,72	 93,56	   0,8	   9,9	  13,6	  14,5	  16,1	  16,9	  16,9	  -1,6
*	    39,4390	 1	312,81	 81,56	   0,7	   9,7	  13,5	  14,4	  15,9	  16,7	  16,7	  -1,8
*	    45,8799	 1	305,59	 92,96	  -3,0	   6,0	   9,8	  10,7	  12,2	  13,0	  12,8	  -6,2
*	    46,0728	 1	305,65	 82,61	  -3,1	   5,9	   9,7	  10,6	  12,1	  12,9	  12,7	  -6,4
*	    53,0122	 1	300,25	 92,47	  -6,5	   2,5	   6,3	   7,1	   8,7	   9,4	   9,0	 -10,7
*	    53,1805	 1	300,30	 83,49	  -6,6	   2,4	   6,2	   7,1	   8,6	   9,3	   8,9	 -10,8
s	    24,7356	 2	172,74	105,18	  27,0	  36,7	  40,5	  41,4	  43,0	  43,9	  43,5	  24,6
s	    25,2409	 2	172,38	 71,58	  26,1	  35,7	  39,6	  40,5	  42,0	  42,8	  42,3	  22,6
s	    25,2945	 2	  5,91	104,86	  26,9	  36,1	  39,9	  40,7	  42,3	  43,2	  42,3	  22,6
*	    26,9480	 1	209,03	104,00	   1,5	  11,0	  14,8	  15,7	  17,3	  18,2	  17,7	  -1,4
*	    27,4548	 1	199,04	103,61	  -6,2	   3,3	   7,2	   8,0	   9,6	  10,5	  10,1	  -9,0
s	    27,8737	 3	172,92	119,85	  24,1	  33,9	  37,7	  38,2	  39,8	  41,5	  41,3	  21,4
s	    28,1129	 4	 89,33	174,73	  23,5	  33,3	  36,9	  37,1	  38,7	  41,4	  41,1	  21,2
s	    28,1670	 3	172,22	 59,39	  24,5	  34,5	  38,3	  38,9	  40,5	  42,2	  42,0	  22,8
s	    28,3772	 3	  5,74	119,31	  24,7	  34,1	  37,8	  38,3	  39,9	  41,6	  41,2	  21,2
*	    28,4736	 1	136,14	102,43	   0,1	   9,6	  13,4	  14,3	  15,9	  16,8	  16,3	  -2,9
s	    28,6650	 4	173,21	 73,62	  23,7	  34,0	  38,1	  38,7	  40,2	  41,6	  42,0	  22,8
s	    28,6659	 3	  6,42	 59,90	  25,2	  34,7	  38,4	  39,0	  40,6	  42,3	  41,9	  22,6
s	    28,6925	 4	 89,45	  6,37	  23,9	  33,8	  37,5	  37,7	  39,4	  42,0	  41,8	  22,5
*	    31,1406	 1	139,19	 75,49	  -5,3	   4,2	   8,0	   8,9	  10,5	  11,4	  10,8	  -8,6
*	    31,9465	 1	213,71	101,84	  -4,7	   4,5	   8,3	  11,9	  14,4	  15,2	  14,3	  -5,3
*	    33,4671	 1	217,10	101,30	  -5,8	   3,4	   7,2	  10,8	  13,3	  14,1	  13,1	  -6,6
*	    35,0815	 1	220,21	100,78	  -6,9	   2,3	   6,1	   9,6	  12,1	  12,9	  11,9	  -7,9
*	    36,7783	 1	223,05	100,28	  -8,0	   1,2	   5,0	   8,5	  11,0	  11,8	  10,7	  -9,2
*	    31,5252	 1	213,67	 97,68	  -4,3	   4,8	   8,7	  12,2	  14,7	  15,5	  14,6	  -4,9
*	    33,0635	 1	217,07	 97,31	  -5,5	   3,7	   7,5	  11,0	  13,6	  14,4	  13,4	  -6,2
*	    34,6950	 1	220,18	 96,97	  -6,6	   2,6	   6,4	   9,9	  12,4	  13,2	  12,2	  -7,6
*	    36,4084	 1	223,02	 96,62	  -7,8	   1,4	   5,2	   8,7	  11,2	  12,0	  11,0	  -8,9
*	    31,2703	 1	213,63	 93,44	  -4,2	   5,0	   8,9	  12,4	  14,9	  15,7	  14,8	  -4,7
*	    32,8194	 1	217,04	 93,26	  -5,3	   3,9	   7,7	  11,2	  13,7	  14,5	  13,6	  -6,0
*	    34,4615	 1	220,15	 93,07	  -6,5	   2,7	   6,5	  10,1	  12,6	  13,4	  12,4	  -7,4
*	    36,1850	 1	222,99	 92,90	  -7,6	   1,6	   5,4	   8,9	  11,4	  12,2	  11,1	  -8,8
*	    31,1853	 1	213,60	 89,16	  -4,1	   5,1	   8,9	  12,4	  14,9	  15,8	  14,9	  -4,6
*	    32,7381	 1	217,00	 89,16	  -5,2	   3,9	   7,8	  11,3	  13,8	  14,6	  13,7	  -5,9
*	    34,3837	 1	220,12	 89,14	  -6,4	   2,8	   6,6	  10,1	  12,6	  13,4	  12,4	  -7,3
*	    36,1106	 1	222,96	 89,14	  -7,6	   1,6	   5,4	   8,9	  11,4	  12,2	  11,2	  -8,7
*	    31,2716	 1	213,56	 84,89	  -4,2	   5,0	   8,9	  12,4	  14,9	  15,7	  14,8	  -4,7
*	    32,8207	 1	216,97	 85,05	  -5,3	   3,9	   7,7	  11,2	  13,7	  14,5	  13,6	  -6,0
*	    34,4627	 1	220,09	 85,22	  -6,5	   2,7	   6,5	  10,1	  12,6	  13,4	  12,4	  -7,4
*	    36,1862	 1	222,93	 85,40	  -7,6	   1,6	   5,4	   8,9	  11,4	  12,2	  11,1	  -8,8
*	    31,5278	 1	213,52	 80,66	  -4,3	   4,8	   8,7	  12,2	  14,7	  15,5	  14,6	  -4,9
*	    33,0660	 1	216,93	 81,01	  -5,5	   3,7	   7,5	  11,0	  13,6	  14,3	  13,4	  -6,2
*	    34,6974	 1	220,05	 81,35	  -6,6	   2,6	   6,4	   9,9	  12,4	  13,2	  12,2	  -7,6
*	    36,4107	 1	222,90	 81,68	  -7,8	   1,4	   5,2	   8,7	  11,2	  12,0	  11,0	  -8,9
s	    32,6291	 4	173,10	131,24	  24,2	  34,1	  38,0	  38,8	  40,3	  41,2	  40,6	  21,0
s	    33,0152	 4	172,04	 48,23	  21,5	  31,6	  35,4	  35,6	  37,2	  39,7	  39,7	  19,3
s	    33,0666	 4	  5,56	130,62	  24,8	  34,3	  38,1	  38,9	  40,5	  41,2	  40,5	  20,9
s	    33,4481	 4	  6,60	 48,82	  22,2	  31,8	  35,5	  35,7	  37,3	  39,8	  39,6	  19,2
s	    33,9346	 5	146,81	 76,26	  21,4	  32,2	  36,4	  37,0	  38,5	  39,8	  40,4	  20,7
s	    33,9536	 6	  5,31	129,46	  23,2	  32,9	  36,9	  37,4	  38,9	  40,3	  40,0	  20,3
s	    35,4036	 6	173,85	127,72	  21,3	  32,0	  36,1	  36,6	  38,1	  39,6	  39,6	  19,8
s	    35,6539	 5	 89,31	175,88	  22,0	  32,0	  35,7	  35,9	  37,5	  40,2	  39,7	  19,8
s	    36,8152	 5	 89,47	  5,19	  20,2	  30,2	  33,8	  33,7	  35,3	  38,7	  38,6	  17,9
s	    38,0095	 5	173,27	139,18	  20,2	  30,4	  34,2	  34,4	  36,0	  38,5	  38,3	  17,5
s	    38,3905	 5	  5,39	138,57	  20,9	  30,6	  34,4	  34,5	  36,1	  38,6	  38,2	  17,3
s	    38,4517	 5	171,88	 40,45	  20,6	  31,0	  34,9	  35,1	  36,7	  39,1	  39,0	  18,9
s	    38,8287	 5	  6,76	 41,03	  21,3	  31,2	  35,0	  35,2	  36,8	  39,3	  38,9	  18,7
s	    39,5433	 2	230,59	 89,14	  22,6	  32,6	  36,6	  37,4	  39,0	  39,7	  39,3	  19,1
s	    39,8566	 7	147,27	123,54	  19,4	  30,6	  34,8	  35,3	  36,8	  38,1	  38,4	  18,2
s	    40,1579	 3	230,65	 99,20	  22,3	  32,4	  36,4	  37,2	  38,8	  39,5	  39,0	  18,8
*	    40,2047	 1	227,80	 99,39	  -6,6	   2,9	   6,7	   7,6	   9,2	  10,0	   9,2	 -11,1
s	    40,4852	 3	230,51	 77,61	  21,4	  31,5	  35,5	  36,4	  37,9	  38,5	  37,9	  16,9
*	    41,5433	 1	234,29	 99,07	  -9,1	   0,4	   4,2	   5,1	   6,7	   7,5	   6,7	 -13,7
s	    42,2436	 4	230,73	109,38	  19,8	  30,1	  34,1	  34,5	  36,1	  37,6	  37,4	  16,2
s	    42,4447	 4	230,45	 69,00	  20,3	  30,8	  34,8	  35,3	  36,8	  38,4	  38,1	  17,7
s	    42,7884	 5	226,93	 78,24	  19,5	  30,4	  34,6	  35,2	  36,6	  37,8	  38,2	  17,7
s	    43,7865	 6	 89,29	176,69	  18,6	  28,7	  32,4	  32,2	  33,8	  37,2	  36,8	  15,5
*	    43,9704	 1	 51,54	 86,50	  -1,1	   8,1	  11,7	  12,6	  14,2	  15,1	  13,8	  -6,8
*	    53,4262	 1	 58,53	 87,19	  -5,9	   3,3	   7,0	   7,8	   9,4	  10,2	   8,7	 -12,7
s	    43,9954	 6	173,44	145,21	  19,3	  29,9	  33,7	  33,9	  35,5	  38,0	  37,6	  17,0
s	    44,3285	 6	  5,23	144,62	  20,0	  30,1	  33,9	  34,1	  35,6	  38,1	  37,5	  16,9
s	    44,3677	 6	 89,48	  4,46	  19,0	  29,3	  33,0	  32,9	  34,5	  37,9	  37,5	  16,9
s	    44,8149	 2	 89,40	 99,32	  20,8	  30,7	  35,5	  36,5	  38,2	  39,1	  37,8	  17,2
s	    45,4397	 6	171,68	 33,77	  18,5	  28,8	  32,7	  32,8	  34,4	  36,7	  36,5	  15,0
s	    45,6192	 5	230,80	118,42	  20,5	  31,0	  35,0	  35,8	  37,3	  37,9	  37,3	  16,6
s	    45,7629	 6	  6,95	 34,32	  19,2	  29,0	  32,8	  33,0	  34,5	  36,8	  36,4	  14,9
s	    45,9033	 5	230,37	 60,05	  17,9	  28,5	  32,4	  32,6	  34,1	  36,4	  36,5	  15,0
s	    46,4236	 8	  6,65	 35,42	  17,6	  27,8	  31,7	  31,6	  33,0	  35,9	  36,0	  14,5
s	    47,5184	 8	172,59	 37,14	  15,9	  27,0	  31,0	  30,9	  32,4	  35,4	  35,8	  14,1
s	    47,6906	 7	227,23	117,17	  18,0	  29,2	  33,4	  33,9	  35,3	  36,6	  36,7	  15,8
*	    48,1152	 1	109,03	 97,97	  -4,3	   5,4	  10,1	  11,2	  12,9	  13,8	  12,5	  -8,5
s	    49,4452	 1	269,40	 89,08	  21,8	  31,3	  35,1	  35,9	  37,5	  38,2	  37,2	  16,1
*	    56,3404	 1	298,38	 84,45	  -0,0	   9,5	  13,3	  14,1	  15,7	  16,4	  15,2	  -6,5
*	    49,7688	 1	273,42	 83,68	   3,0	  12,5	  16,3	  17,2	  18,8	  19,5	  18,5	  -2,6
*	    53,4713	 1	246,94	 84,14	   1,3	  10,7	  14,6	  15,4	  17,0	  17,7	  16,6	  -4,9
s	    49,6948	 6	230,87	125,62	  17,1	  27,8	  31,7	  31,9	  33,4	  35,7	  35,6	  13,7
*	    49,7474	 1	236,82	 97,49	  -6,4	   3,1	   7,0	   7,8	   9,4	  10,1	   9,1	 -12,0
*	    49,9572	 1	236,71	 79,30	  -6,5	   3,0	   6,9	   7,7	   9,3	  10,0	   9,0	 -12,1
s	    49,9454	 2	269,40	 97,27	  21,2	  30,9	  34,7	  35,5	  37,1	  37,9	  36,8	  15,6
s	    50,0401	 6	230,30	 52,94	  17,5	  28,4	  32,4	  32,6	  34,1	  36,4	  36,3	  15,2
s	    50,0605	 4	 89,40	 63,62	  16,9	  27,2	  31,9	  32,3	  34,0	  36,4	  35,7	  13,8
s	    50,1175	 2	269,40	 80,28	  19,7	  29,3	  33,0	  33,5	  35,1	  36,6	  35,9	  14,0
*	    50,6231	 1	117,71	 85,87	  -3,5	   6,0	   9,8	  10,7	  12,2	  12,9	  11,9	  -9,3
*	    50,8593	 1	 95,56	 95,73	 -21,5	 -11,9	  -7,1	  -6,0	  -4,4	  -3,5	  -4,9	 -26,1
*	    50,8294	 1	 83,50	 95,73	 -21,5	 -11,8	  -7,1	  -6,0	  -4,3	  -3,5	  -4,8	 -26,0
*	    53,3892	 1	 71,94	 95,50	 -22,7	 -13,1	  -8,3	  -7,2	  -5,6	  -4,7	  -6,1	 -27,6
s	    50,8884	 7	173,62	150,15	  16,4	  27,1	  30,8	  30,7	  32,2	  35,5	  35,2	  13,3
s	    51,0544	 2	  2,78	 89,72	  21,3	  30,8	  34,7	  35,6	  37,1	  37,7	  36,8	  15,6
s	    51,0544	 2	176,01	 89,73	  20,5	  30,1	  34,0	  34,8	  36,3	  36,9	  35,8	  13,8
s	    51,1793	 7	  5,05	149,61	  17,1	  27,3	  31,0	  30,8	  32,4	  35,6	  35,2	  13,2
s	    51,3444	 7	 89,27	177,24	  17,5	  28,1	  31,8	  31,6	  33,2	  36,6	  35,9	  14,7
s	    51,3941	 7	171,53	 29,70	  16,8	  27,7	  31,5	  31,4	  32,9	  36,2	  35,9	  14,7
s	    51,5399	 3	  2,70	 97,67	  21,0	  30,7	  34,6	  35,4	  36,9	  37,6	  36,6	  15,3
s	    51,5399	 3	176,09	 97,68	  20,2	  29,9	  33,9	  34,7	  36,2	  36,8	  35,6	  13,5
s	    51,6604	 3	269,40	105,74	  19,2	  29,0	  32,7	  33,2	  34,8	  36,3	  35,5	  13,5
s	    51,6823	 7	  7,10	 30,21	  17,5	  27,9	  31,7	  31,5	  33,1	  36,3	  35,9	  14,6
s	    51,7070	 3	175,92	 81,20	  19,2	  29,0	  32,9	  33,5	  35,0	  36,4	  35,5	  13,5
s	    51,7070	 3	  2,88	 81,18	  19,9	  29,7	  33,6	  34,2	  35,7	  37,1	  36,6	  15,3
s	    51,8271	 3	269,39	 72,48	  19,7	  29,6	  33,4	  34,0	  35,5	  37,1	  36,3	  15,0
s	    52,5075	 7	 89,49	  3,90	  15,8	  26,3	  29,9	  29,5	  31,1	  35,2	  34,9	  12,8
s	    53,2065	 4	176,18	105,92	  18,7	  28,7	  32,6	  33,2	  34,7	  36,1	  35,1	  13,0
s	    53,3686	 4	  2,96	 73,58	  19,2	  29,2	  33,1	  33,6	  35,2	  36,6	  35,9	  14,5
s	    54,2520	 4	269,40	113,00	  19,1	  29,2	  33,0	  33,5	  35,1	  36,7	  35,7	  14,2
s	    54,4809	 7	230,93	131,71	  16,6	  27,7	  31,7	  31,8	  33,3	  35,7	  35,4	  13,8
s	    54,7284	 4	269,39	 64,74	  17,5	  27,5	  31,3	  31,5	  33,0	  35,4	  34,8	  12,5
s	    54,7462	 1	 89,40	 90,32	  20,9	  30,4	  34,2	  35,1	  36,6	  37,4	  36,2	  14,6
*	    60,9264	 1	 65,27	 91,80	  -2,0	   7,5	  11,3	  12,1	  13,7	  14,3	  13,0	  -9,1
*	    55,0638	 1	 83,98	 91,96	   0,5	  10,0	  13,8	  14,7	  16,2	  16,9	  15,7	  -5,8
*	    56,8869	 1	103,86	 91,91	  -0,3	   9,2	  13,0	  13,8	  15,4	  16,1	  14,9	  -6,9
*	    58,1378	 1	 71,96	 85,10	 -12,5	  -3,3	   0,4	   1,2	   2,8	   3,6	   5,9	 -14,2
*	    57,8971	 1	 71,95	 88,37	 -12,4	  -3,2	   0,5	   1,3	   2,9	   3,7	   6,0	 -14,1
*	    57,0826	 1	 75,14	 85,03	 -12,0	  -2,8	   0,8	   1,6	   3,2	   4,1	   6,4	 -13,6
*	    56,8377	 1	 75,14	 88,35	 -11,9	  -2,7	   0,9	   1,7	   3,3	   4,2	   6,5	 -13,5
*	    56,2377	 1	 78,43	 84,95	 -11,6	  -2,5	   1,2	   2,0	   3,6	   4,4	   6,8	 -13,2
*	    55,9892	 1	 78,42	 88,32	 -11,5	  -2,4	   1,3	   2,1	   3,7	   4,6	   6,9	 -13,0
*	    55,6121	 1	 81,79	 84,91	 -11,4	  -2,2	   1,5	   2,3	   3,9	   4,7	   7,1	 -12,8
*	    55,3610	 1	 81,78	 88,32	 -11,2	  -2,1	   1,6	   2,4	   4,0	   4,8	   7,2	 -12,7
*	    55,2131	 1	 85,20	 84,88	 -11,2	  -2,0	   1,7	   2,5	   4,1	   4,9	   7,3	 -12,6
*	    54,9603	 1	 85,19	 88,30	 -11,1	  -1,9	   1,8	   2,6	   4,2	   5,0	   7,4	 -12,4
*	    55,0453	 1	 88,63	 84,86	 -11,1	  -1,9	   1,7	   2,5	   4,1	   5,0	   7,4	 -12,5
*	    54,7918	 1	 88,63	 88,30	 -11,0	  -1,8	   1,8	   2,7	   4,3	   5,1	   7,5	 -12,3
*	    55,1108	 1	 92,08	 84,87	 -11,1	  -2,0	   1,7	   2,5	   4,1	   5,0	   7,4	 -12,5
*	    54,8575	 1	 92,08	 88,30	 -11,0	  -1,9	   1,8	   2,6	   4,2	   5,1	   7,5	 -12,4
*	    55,4088	 1	 95,51	 84,89	 -11,3	  -2,1	   1,6	   2,4	   4,0	   4,8	   7,2	 -12,7
*	    55,1568	 1	 95,51	 88,31	 -11,2	  -2,0	   1,7	   2,5	   4,1	   4,9	   7,3	 -12,6
*	    55,9357	 1	 98,89	 84,94	 -11,5	  -2,3	   1,3	   2,1	   3,7	   4,6	   7,0	 -13,0
*	    55,6860	 1	 98,89	 88,33	 -11,4	  -2,2	   1,4	   2,3	   3,9	   4,7	   7,1	 -12,9
*	    56,6854	 1	102,21	 85,00	 -11,8	  -2,7	   1,0	   1,8	   3,4	   4,2	   6,6	 -13,4
*	    56,4388	 1	102,22	 88,34	 -11,7	  -2,6	   1,1	   1,9	   3,5	   4,4	   6,7	 -13,3
s	    54,9981	 2	 89,40	 95,94	  18,7	  28,8	  33,7	  34,8	  36,4	  37,2	  36,0	  14,5
s	    55,3577	 2	 89,40	 82,31	  19,6	  29,4	  33,2	  33,8	  35,3	  36,8	  36,0	  14,4
s	    55,6685	 7	230,22	 46,10	  15,9	  26,7	  30,7	  30,8	  32,3	  34,5	  34,3	  11,9
s	    55,7302	 5	  2,53	113,00	  18,6	  28,8	  32,7	  33,2	  34,7	  36,1	  35,3	  13,7
s	    55,7302	 5	176,27	113,02	  18,6	  28,8	  32,7	  33,2	  34,7	  36,1	  35,3	  13,7
s	    55,8708	 2	242,43	 89,18	  19,8	  29,8	  33,7	  34,6	  36,1	  36,7	  35,9	  14,2
s	    56,1373	 2	296,87	 89,18	  19,7	  29,3	  33,2	  34,0	  35,6	  36,1	  34,8	  12,4
s	    56,1947	 5	  3,05	 66,02	  17,0	  27,1	  31,0	  31,2	  32,7	  34,9	  34,5	  12,0
s	    56,1947	 5	175,74	 66,03	  17,0	  27,1	  31,0	  31,2	  32,7	  34,9	  34,5	  12,0
s	    56,3171	 3	242,46	 96,49	  19,5	  29,7	  33,6	  34,5	  36,0	  36,6	  35,7	  14,0
s	    56,5560	 3	242,38	 80,78	  18,7	  28,8	  32,8	  33,7	  35,1	  35,6	  34,6	  12,1
s	    56,5816	 3	296,84	 96,46	  19,5	  29,2	  33,1	  33,9	  35,4	  36,0	  34,6	  12,1
s	    56,7660	 3	 89,40	105,52	  19,2	  28,6	  32,2	  32,7	  34,2	  35,9	  34,6	  12,1
s	    56,8356	 6	  2,40	105,50	  17,7	  28,3	  32,4	  33,0	  34,4	  35,5	  35,3	  13,5
s	    56,9185	 3	 89,40	 75,15	  19,6	  29,3	  32,9	  33,4	  35,0	  36,7	  35,3	  13,6
s	    57,8534	 4	242,50	104,11	  17,3	  27,6	  31,5	  32,0	  33,5	  34,9	  34,3	  11,7
s	    57,9755	 5	269,40	120,01	  16,8	  27,0	  30,8	  30,9	  32,5	  34,8	  34,1	  11,5
s	    58,0032	 4	242,35	 74,30	  17,8	  28,2	  32,2	  32,7	  34,2	  35,7	  35,0	  13,2
s	    58,0921	 8	173,80	153,96	  16,6	  27,4	  31,3	  31,4	  32,9	  35,2	  34,6	  12,7
s	    58,1112	 4	296,80	104,04	  18,0	  27,8	  31,7	  32,1	  33,6	  35,0	  34,2	  11,6
s	    58,2600	 5	239,35	 81,04	  17,0	  27,8	  32,0	  32,6	  34,0	  35,2	  35,1	  13,2
s	    58,2604	 4	296,94	 74,36	  18,5	  28,5	  32,4	  32,9	  34,4	  35,8	  35,0	  13,1
s	    58,2743	 5	269,39	 58,31	  17,2	  27,6	  31,5	  31,7	  33,2	  35,6	  34,9	  13,0
s	    58,3490	 8	  4,87	153,46	  17,3	  27,6	  31,5	  31,6	  33,1	  35,4	  34,5	  12,7
s	    58,6157	 8	171,35	 25,96	  13,9	  24,9	  28,7	  28,2	  29,8	  33,8	  33,7	  11,0
s	    58,8704	 8	  7,28	 26,43	  14,7	  25,2	  28,9	  28,4	  30,0	  33,9	  33,7	  11,0
s	    58,8913	 4	 89,40	 69,55	  14,9	  25,4	  30,3	  30,7	  32,3	  34,6	  34,1	  11,4
s	    59,0587	 2	114,88	 90,28	  19,3	  29,3	  33,3	  34,1	  35,6	  36,2	  35,3	  13,4
s	    59,1458	 4	 89,39	112,26	  19,1	  28,9	  32,6	  33,0	  34,6	  36,3	  34,8	  12,9
*	    59,2836	 1	 63,04	 89,51	 -11,5	  -2,5	   1,3	   2,2	   3,7	   4,3	   3,8	 -16,4
*	    59,3227	 1	 63,03	 92,34	 -11,5	  -2,5	   1,3	   2,1	   3,7	   4,3	   3,8	 -16,4
*	    59,5285	 1	 63,02	 95,17	 -11,6	  -2,6	   1,2	   2,1	   3,6	   4,2	   3,7	 -16,5
s	    59,3658	 6	  2,44	119,89	  16,3	  26,6	  30,5	  30,6	  32,1	  34,3	  33,8	  11,1
s	    59,3658	 6	176,36	119,91	  16,3	  26,6	  30,5	  30,6	  32,1	  34,3	  33,8	  11,1
*	    59,4503	 1	 64,70	 90,87	 -17,7	  -8,6	  -4,9	  -4,0	  -2,5	  -1,8	  -2,3	 -22,6
*	    59,5683	 1	 64,69	 93,69	 -17,7	  -8,7	  -4,9	  -4,1	  -2,5	  -1,9	  -2,4	 -22,7
*	    59,8520	 1	 64,67	 96,48	 -17,8	  -8,8	  -5,0	  -4,2	  -2,6	  -2,0	  -2,5	 -22,8
s	    59,4823	 3	114,91	 97,22	  19,0	  29,2	  33,2	  34,0	  35,5	  36,1	  35,1	  13,1
s	    59,4877	 8	 89,24	177,67	  14,6	  25,2	  28,8	  28,3	  29,9	  34,0	  33,5	  10,8
s	    59,6579	 6	  3,13	 59,70	  16,8	  27,3	  31,2	  31,4	  32,9	  35,1	  34,5	  12,5
s	    59,6579	 6	175,66	 59,72	  16,8	  27,3	  31,2	  31,4	  32,9	  35,1	  34,5	  12,5
s	    59,7092	 3	114,85	 82,30	  19,0	  29,1	  33,1	  34,0	  35,4	  35,9	  35,1	  13,1
*	    59,7244	 1	113,63	 82,41	 -11,7	  -2,2	   1,6	   2,5	   4,0	   4,7	   3,4	 -18,6
s	    59,9288	 2	 60,61	 90,26	  20,0	  29,2	  32,9	  33,7	  35,3	  36,0	  34,1	  11,4
s	    60,0695	 8	 89,50	  3,50	  15,0	  25,8	  29,5	  29,1	  30,6	  34,8	  34,2	  12,2
s	    60,2451	 8	231,01	137,17	  14,0	  25,2	  29,1	  28,9	  30,4	  33,5	  33,4	  10,6
s	    60,3466	 3	 60,57	 97,10	  19,7	  29,1	  32,8	  33,6	  35,1	  35,8	  33,9	  11,1
s	    60,4061	 5	242,54	111,23	  18,2	  28,6	  32,7	  33,5	  34,9	  35,4	  34,5	  12,4
s	    60,6244	 5	242,31	 67,21	  15,6	  26,2	  30,1	  30,3	  31,8	  34,0	  33,7	  10,8
s	    60,6537	 5	296,76	111,14	  19,0	  28,9	  32,9	  33,7	  35,1	  35,6	  34,5	  12,4
s	    60,6767	 8	230,16	 41,54	  14,5	  25,8	  29,8	  29,7	  31,2	  34,2	  34,1	  12,0
s	    60,8711	 5	296,98	 67,30	  16,4	  26,5	  30,3	  30,5	  32,0	  34,2	  33,6	  10,8
*	    61,4624	 1	 63,74	 82,60	 -12,1	  -3,1	   0,7	   1,5	   3,1	   3,7	   3,1	 -17,3
*	    61,0910	 1	 63,73	 85,34	 -12,0	  -2,9	   0,8	   1,7	   3,2	   3,9	   3,3	 -17,1
*	    60,8807	 1	 63,72	 88,09	 -11,9	  -2,8	   0,9	   1,8	   3,3	   3,9	   3,4	 -17,0
s	    60,9428	 4	114,95	104,47	  16,9	  27,1	  31,0	  31,5	  33,0	  34,4	  33,7	  10,9
s	    61,0855	 4	114,82	 76,12	  17,3	  27,8	  31,8	  32,3	  33,8	  35,2	  34,5	  12,4
s	    61,1617	 7	297,75	110,96	  17,4	  27,7	  31,8	  32,2	  33,7	  34,8	  34,2	  12,0
s	    61,3300	 5	117,77	 82,49	  16,6	  27,4	  31,6	  32,2	  33,6	  34,7	  34,6	  12,4
s	    61,9285	 4	 60,68	 76,29	  18,7	  28,4	  32,1	  32,6	  34,2	  35,7	  34,4	  12,2
s	    62,0096	 7	239,51	110,69	  15,8	  27,0	  31,2	  31,7	  33,1	  34,3	  34,0	  11,8
s	    62,0924	 3	 61,39	 82,58	  19,4	  28,7	  32,5	  33,3	  34,8	  35,4	  33,6	  10,7
s	    62,1582	 6	269,40	125,74	  16,5	  27,1	  30,9	  31,0	  32,6	  35,0	  34,1	  11,9
s	    62,8552	 6	269,39	 52,24	  14,8	  25,4	  29,1	  29,0	  30,5	  33,6	  33,2	  10,2
s	    62,8708	 5	 89,40	 61,89	  17,3	  27,4	  31,1	  31,3	  32,8	  35,3	  34,1	  11,8
s	    63,2819	 4	 61,28	103,95	  18,0	  27,5	  31,2	  31,7	  33,2	  34,7	  33,3	  10,3
s	    63,3772	 5	114,98	111,30	  17,8	  28,2	  32,3	  33,1	  34,5	  35,0	  34,0	  11,7
s	    63,4613	 7	176,44	125,56	  16,1	  26,7	  30,6	  30,8	  32,3	  34,5	  33,8	  11,4
s	    63,4613	 7	  2,35	125,55	  16,1	  26,7	  30,6	  30,8	  32,3	  34,5	  33,8	  11,4
s	    63,5856	 6	242,57	117,27	  15,0	  25,8	  29,7	  29,8	  31,3	  33,5	  33,1	  10,0
s	    63,5858	 5	114,79	 69,33	  15,3	  25,8	  29,7	  29,9	  31,4	  33,6	  33,2	  10,1
s	    63,8214	 6	296,73	117,17	  15,7	  26,0	  29,9	  30,0	  31,5	  33,7	  33,0	   9,9
s	    63,8594	 6	242,28	 61,22	  15,5	  26,4	  30,4	  30,6	  32,1	  34,3	  33,8	  11,4
s	    64,0942	 6	297,02	 61,32	  16,2	  26,7	  30,6	  30,8	  32,3	  34,5	  33,8	  11,4
s	    64,1448	 7	  3,22	 53,71	  14,5	  25,0	  28,9	  28,7	  30,2	  33,2	  32,9	   9,7
s	    64,1448	 7	175,57	 53,72	  14,5	  25,0	  28,9	  28,7	  30,2	  33,2	  32,9	   9,7
s	    64,1476	 5	 58,22	 82,81	  18,2	  27,9	  31,8	  32,3	  33,7	  35,1	  33,9	  11,5
s	    64,3977	 5	 60,72	 69,58	  16,6	  26,4	  30,1	  30,3	  31,8	  34,1	  33,0	   9,9
s	    64,9109	 7	117,91	110,79	  15,4	  26,6	  30,8	  31,3	  32,7	  33,9	  33,5	  11,1
s	    65,1599	 5	120,94	 96,63	  15,1	  26,5	  31,7	  32,7	  34,2	  34,7	  33,9	  11,5
s	    65,4808	 6	 89,39	123,07	  14,0	  25,1	  30,0	  30,5	  32,0	  34,4	  33,5	  11,0
s	    65,6336	 5	 61,25	110,57	  19,0	  28,7	  32,5	  33,2	  34,7	  35,3	  33,6	  11,1
s	    66,0553	 5	122,26	 95,77	  13,0	  24,9	  31,1	  32,4	  34,0	  34,5	  33,8	  11,2
s	    66,4212	 6	115,01	117,13	  14,7	  25,4	  29,3	  29,5	  30,9	  33,2	  32,6	   9,3
s	    66,6839	 6	114,76	 63,53	  15,1	  26,1	  30,0	  30,2	  31,7	  33,9	  33,4	  10,7
s	    67,1532	 6	 89,40	 56,06	  15,0	  25,2	  28,8	  28,7	  30,2	  33,5	  32,5	   9,1
s	    67,2004	 6	 60,46	116,79	  16,1	  26,0	  29,7	  29,8	  31,3	  33,7	  32,5	   9,1
s	    67,2975	 7	269,40	131,08	  14,1	  24,8	  28,5	  28,3	  29,9	  33,0	  32,4	   8,9
s	    67,4369	 7	242,61	122,71	  14,8	  25,9	  29,9	  30,0	  31,5	  33,8	  33,1	  10,4
s	    67,5861	 7	 58,06	109,98	  17,3	  27,4	  31,2	  31,6	  33,1	  34,5	  33,1	  10,4
s	    67,6599	 7	296,69	122,59	  15,5	  26,2	  30,1	  30,2	  31,7	  33,9	  33,1	  10,4
s	    67,6862	 7	269,39	 47,36	  14,5	  25,4	  29,2	  29,1	  30,6	  33,7	  33,1	  10,4
s	    68,4100	 7	242,23	 55,05	  14,2	  25,0	  29,0	  29,1	  30,6	  32,6	  32,2	   8,6
s	    68,6300	 7	297,06	 55,16	  14,9	  25,3	  29,2	  29,3	  30,8	  32,8	  32,1	   8,6
s	    68,8895	 8	176,54	131,22	  14,7	  25,2	  29,1	  29,2	  30,6	  32,7	  32,0	   8,4
s	    68,9413	 7	120,80	 70,94	  11,4	  23,1	  28,3	  28,7	  30,2	  32,2	  32,1	   8,5
s	    69,1854	 4	 40,58	 96,16	  16,3	  26,7	  31,7	  32,7	  34,3	  34,8	  33,4	  10,6
s	    69,2744	 8	  3,31	 48,51	  15,1	  25,8	  29,8	  30,0	  31,4	  33,4	  32,7	   9,9
s	    69,2744	 8	175,48	 48,52	  15,1	  25,8	  29,8	  30,0	  31,4	  33,4	  32,7	   9,9
s	    69,5743	 7	122,12	 71,89	   9,3	  21,6	  27,8	  28,5	  30,0	  32,1	  32,0	   8,4
s	    70,0732	 4	247,95	 89,21	  16,0	  27,0	  31,2	  32,1	  33,5	  33,8	  33,3	  10,4
s	    70,1238	 7	115,04	122,43	  14,5	  25,6	  29,6	  29,7	  31,2	  33,4	  32,7	   9,8
s	    70,4335	 5	247,97	 95,12	  15,7	  26,9	  31,1	  32,0	  33,3	  33,7	  33,1	  10,2
s	    70,5405	 7	 89,40	 52,40	  12,9	  24,0	  28,7	  28,8	  30,4	  33,7	  32,6	   9,7
s	    70,6267	 5	247,92	 82,42	  15,7	  26,8	  31,1	  31,9	  33,3	  33,4	  33,1	  10,1
s	    70,8640	 7	 60,43	122,05	  15,9	  26,2	  30,0	  30,1	  31,6	  33,9	  32,6	   9,6
s	    71,0617	 7	114,72	 57,52	  13,9	  24,7	  28,7	  28,8	  30,2	  32,3	  31,8	   8,0
s	    71,3399	 7	 89,39	129,58	  14,3	  24,7	  28,3	  28,1	  29,6	  32,9	  31,7	   7,9
s	    71,6808	 6	248,00	101,34	  13,6	  24,9	  29,1	  29,5	  30,9	  32,1	  31,8	   8,0
s	    71,8030	 6	247,90	 77,11	  14,1	  25,5	  29,8	  30,3	  31,7	  32,8	  32,6	   9,5
s	    72,0127	 7	245,34	 82,56	  13,3	  25,2	  29,6	  30,2	  31,5	  32,4	  32,6	   9,6
s	    72,2175	 8	242,65	127,90	  12,5	  23,7	  27,6	  27,4	  28,9	  31,9	  31,5	   7,6
s	    72,3366	 3	315,21	 89,35	  17,5	  27,0	  30,8	  30,3	  30,7	  31,4	  29,9	   6,8
s	    72,3366	 3	223,58	 89,36	  17,6	  27,1	  31,0	  31,8	  33,2	  33,7	  31,9	   8,1
s	    72,4264	 8	296,65	127,77	  13,2	  24,0	  27,8	  27,6	  29,1	  32,1	  31,4	   7,6
s	    72,5452	 8	269,40	135,36	  13,7	  24,8	  28,6	  28,4	  29,9	  33,1	  32,2	   9,1
s	    72,5810	 8	242,20	 50,68	  13,0	  24,3	  28,3	  28,2	  29,6	  32,6	  32,2	   9,1
s	    72,6861	 4	315,17	 95,08	  17,2	  26,9	  30,7	  30,2	  30,6	  31,3	  29,8	   6,6
s	    72,6861	 4	223,63	 95,09	  17,3	  27,1	  30,9	  31,7	  33,1	  33,6	  31,8	   7,9
s	    72,7668	 6	 40,78	 71,84	  12,7	  23,4	  28,4	  28,8	  30,3	  32,4	  31,6	   7,7
s	    72,7889	 8	297,09	 50,81	  13,7	  24,6	  28,5	  28,4	  29,8	  32,8	  32,2	   9,0
s	    72,8067	 4	315,26	 83,20	  16,2	  26,0	  29,7	  29,0	  29,4	  30,9	  29,7	   6,6
s	    72,8068	 4	223,53	 83,21	  16,3	  26,1	  30,0	  30,5	  31,9	  33,2	  31,8	   7,8
s	    72,9092	 7	118,96	 95,31	   9,0	  22,0	  29,5	  31,1	  32,6	  33,0	  32,5	   9,3
s	    73,0912	 7	 61,53	 58,49	  15,1	  25,1	  28,9	  29,0	  30,5	  32,6	  31,5	   7,5
s	    73,3871	 8	269,39	 42,83	  12,1	  23,1	  26,8	  26,4	  27,9	  31,8	  31,3	   7,3
s	    73,7764	 7	248,02	107,28	  14,6	  26,1	  30,4	  31,2	  32,5	  32,7	  32,1	   8,9
s	    73,8970	 5	223,67	101,13	  16,0	  25,9	  29,8	  30,3	  31,7	  33,0	  31,5	   7,5
s	    73,9569	 7	247,87	 71,19	  12,1	  23,7	  27,8	  28,0	  29,4	  31,3	  31,3	   7,3
s	    74,0157	 5	315,30	 77,60	  16,5	  26,4	  30,3	  30,8	  32,2	  33,5	  32,3	   9,0
s	    74,7397	 8	115,08	127,53	  12,2	  23,4	  27,3	  27,1	  28,6	  31,6	  31,1	   7,0
s	    75,0915	 8	114,69	 53,23	  12,7	  24,1	  28,0	  27,9	  29,4	  32,3	  31,8	   8,5
s	    75,4800	 4	 66,67	 90,34	  16,8	  27,1	  31,1	  31,9	  33,3	  33,7	  32,5	   9,1
s	    75,7623	 6	315,08	106,51	  16,0	  26,2	  30,1	  30,5	  31,9	  33,2	  31,9	   8,5
s	    75,7623	 6	223,72	106,52	  16,0	  26,2	  30,1	  30,5	  31,9	  33,2	  31,9	   8,5
s	    75,7853	 8	 60,83	 53,59	  14,1	  24,7	  28,4	  28,3	  29,8	  32,9	  31,7	   8,3
s	    75,8157	 5	 66,64	 95,84	  16,6	  27,0	  31,0	  31,8	  33,2	  33,6	  32,3	   8,9
s	    75,8442	 8	 89,40	 47,75	   9,8	  21,3	  26,1	  25,9	  27,5	  31,3	  30,9	   6,7
s	    76,1096	 6	315,35	 71,83	  14,5	  24,6	  28,4	  28,5	  29,9	  32,0	  31,1	   6,8
s	    76,1096	 6	223,44	 71,84	  13,5	  24,2	  28,1	  28,3	  29,7	  31,7	  31,1	   6,9
s	    76,1226	 3	 46,33	 90,23	  17,0	  27,0	  31,1	  31,9	  33,3	  33,7	  32,5	   9,0
s	    76,3068	 4	 46,30	 94,34	  14,8	  25,5	  30,6	  31,7	  33,1	  33,5	  32,3	   8,9
s	    76,3213	 8	 89,39	133,82	  14,0	  24,8	  28,4	  28,2	  29,8	  33,0	  31,7	   8,2
s	    76,4239	 8	248,05	112,48	  11,6	  23,3	  27,5	  27,7	  29,0	  31,0	  30,9	   6,6
s	    76,5908	 7	316,97	101,17	  14,3	  25,3	  29,6	  30,1	  31,5	  32,4	  32,0	   8,5
s	    76,6496	 4	132,48	 84,37	  15,5	  25,9	  29,9	  30,4	  31,8	  33,2	  32,1	   8,5
s	    76,6537	 8	247,85	 66,02	  12,0	  24,0	  28,2	  28,4	  29,8	  31,7	  31,6	   8,1
s	    76,6759	 8	 61,14	126,47	  13,5	  23,9	  27,6	  27,4	  28,9	  32,0	  30,8	   6,6
s	    77,0935	 6	 66,71	 79,05	  15,0	  25,6	  29,7	  30,2	  31,6	  32,8	  31,8	   8,2
s	    77,8013	 5	132,61	101,85	  16,4	  26,4	  30,3	  31,0	  32,5	  33,1	  31,0	   6,6
s	    77,8196	 3	177,13	 89,82	  16,8	  26,9	  30,9	  31,7	  33,2	  33,5	  32,2	   8,6
s	    78,1456	 4	177,19	 95,16	  16,6	  26,8	  30,8	  31,6	  33,0	  33,4	  32,1	   8,4
s	    78,2581	 4	177,07	 84,08	  15,5	  25,8	  29,9	  30,4	  31,9	  33,0	  32,1	   8,4
s	    78,4017	 3	  1,65	 89,81	  16,8	  26,3	  30,3	  31,2	  32,6	  32,9	  31,1	   6,7
s	    78,5116	 7	223,76	112,00	  14,0	  24,3	  28,1	  28,2	  29,6	  31,7	  30,6	   6,2
s	    78,5116	 7	315,03	111,99	  14,0	  24,3	  28,1	  28,2	  29,6	  31,7	  30,6	   6,2
s	    78,6575	 4	 44,82	 84,50	  15,5	  25,9	  29,9	  30,4	  31,9	  33,2	  32,0	   8,3
s	    78,7254	 4	  1,59	 95,12	  16,5	  26,3	  30,2	  31,0	  32,5	  32,8	  31,0	   6,5
s	    78,7355	 7	315,39	 66,78	  14,5	  24,9	  28,8	  29,0	  30,3	  32,4	  31,4	   7,7
s	    78,7355	 7	223,40	 66,79	  14,5	  24,9	  28,8	  29,0	  30,3	  32,4	  31,4	   7,7
s	    79,1091	 7	 66,74	 73,48	  13,0	  23,8	  27,8	  27,9	  29,3	  31,3	  30,6	   6,1
s	    79,2761	 6	132,41	 74,75	  11,2	  22,4	  27,4	  27,8	  29,3	  31,4	  30,7	   6,2
s	    79,2764	 5	177,25	100,82	  15,2	  25,7	  29,7	  30,2	  31,7	  32,8	  31,8	   8,1
s	    79,3874	 5	177,01	 78,85	  15,2	  25,7	  29,7	  30,2	  31,6	  32,8	  31,8	   8,0
s	    79,3915	 6	 46,21	106,61	  15,5	  25,8	  29,7	  30,1	  31,6	  32,9	  31,4	   7,7
s	    79,8483	 5	  1,53	100,73	  15,1	  25,2	  29,1	  29,7	  31,1	  32,2	  30,7	   6,1
s	    79,8957	 5	 44,86	 78,90	  16,7	  26,7	  30,6	  31,3	  32,8	  33,3	  31,5	   7,7
s	    79,9585	 5	  1,76	 78,91	  15,1	  25,2	  29,1	  29,7	  31,1	  32,2	  30,7	   6,1
s	    80,1839	 7	 44,40	101,50	  14,6	  25,4	  29,5	  30,0	  31,3	  32,4	  31,5	   7,6
s	    81,2216	 6	 44,89	 75,10	  11,0	  22,2	  27,2	  27,6	  29,1	  31,2	  30,4	   5,7
s	    81,4261	 8	 66,57	112,16	  12,5	  23,5	  27,5	  27,6	  29,0	  31,0	  30,1	   5,5
s	    81,6886	 8	223,81	116,73	  13,9	  24,6	  28,4	  28,6	  29,9	  32,0	  30,8	   6,9
s	    81,6886	 8	314,99	116,72	  13,9	  24,6	  28,4	  28,6	  29,9	  32,0	  30,8	   6,9
s	    81,7427	 6	  1,47	106,14	  16,2	  26,2	  30,3	  31,1	  32,4	  32,6	  31,1	   7,2
s	    82,2264	 8	223,35	 61,74	  12,3	  22,9	  26,7	  26,6	  27,9	  30,8	  30,0	   5,2
s	    82,2264	 8	315,44	 61,73	  12,3	  22,9	  26,7	  26,6	  27,9	  30,8	  30,0	   5,2
s	    82,3124	 7	132,36	 68,66	  13,9	  24,7	  28,5	  28,6	  30,1	  32,4	  30,9	   6,9
s	    83,6056	 7	177,36	111,07	  12,5	  23,3	  27,3	  27,4	  28,8	  30,8	  30,0	   5,1
s	    83,8164	 7	176,90	 68,64	  13,0	  24,0	  28,0	  28,2	  29,6	  31,6	  30,7	   6,6
s	    84,1491	 7	  1,42	110,92	  13,2	  23,5	  27,5	  27,6	  29,0	  30,9	  29,9	   5,0
s	    84,3586	 7	  1,88	 68,76	  13,7	  24,2	  28,2	  28,4	  29,8	  31,7	  30,6	   6,5
s	    85,2155	 8	  1,38	105,49	  13,7	  24,5	  28,7	  29,1	  30,4	  31,3	  30,4	   6,2
s	    85,5918	 8	 46,54	 63,74	  11,8	  22,6	  26,4	  26,2	  27,7	  30,5	  29,6	   4,5
s	    86,1800	 8	 44,58	114,78	  10,6	  22,3	  27,4	  27,7	  29,2	  31,4	  30,3	   5,9
s	    86,6025	 8	177,42	115,58	  12,5	  23,7	  27,7	  27,8	  29,2	  31,2	  30,2	   5,8
s	    87,1280	 8	  1,36	115,41	  13,2	  23,9	  27,9	  28,0	  29,4	  31,3	  30,2	   5,7
s	    87,8911	 8	  1,95	 63,64	  12,6	  23,0	  27,0	  27,1	  28,5	  30,3	  29,3	   4,0
s	    89,3509	 4	252,57	 89,24	  13,9	  25,0	  29,2	  30,0	  31,4	  31,6	  30,5	   5,9
s	    89,6364	 5	252,58	 93,92	  13,7	  24,9	  29,1	  29,9	  31,3	  31,5	  30,4	   5,7
s	    89,7898	 5	252,55	 83,85	  13,7	  24,7	  29,1	  29,9	  31,2	  31,2	  30,4	   5,7
s	    90,6289	 6	252,60	 98,89	  11,6	  22,9	  27,1	  27,5	  28,9	  29,9	  29,1	   3,6
s	    90,7264	 6	252,54	 79,61	  12,1	  23,6	  27,8	  28,3	  29,7	  30,7	  29,9	   5,2
s	    90,9461	 4	213,40	 89,49	  15,5	  25,5	  29,5	  30,3	  31,6	  31,9	  30,3	   5,5
s	    91,2268	 5	213,44	 94,09	  15,2	  25,4	  29,4	  30,2	  31,5	  31,8	  30,1	   5,3
s	    92,2027	 6	213,48	 98,98	  13,9	  24,4	  28,4	  28,9	  30,2	  31,2	  29,9	   5,0
s	    92,2986	 6	213,31	 80,01	  12,9	  24,0	  28,1	  28,6	  30,0	  30,9	  30,0	   5,1
s	    92,3097	 7	252,61	103,72	  12,8	  24,2	  28,5	  29,2	  30,5	  30,7	  29,6	   4,7
s	    92,4553	 7	252,52	 74,79	  10,2	  21,8	  25,9	  26,1	  27,5	  29,3	  28,8	   3,1
s	    93,2053	 4	105,53	 90,41	  14,1	  24,8	  28,9	  29,7	  31,0	  31,3	  29,0	   3,3
s	    93,4795	 5	105,55	 94,90	  13,3	  24,5	  28,8	  29,6	  30,9	  31,1	  29,9	   4,9
s	    93,6268	 5	105,52	 85,23	  13,8	  24,6	  28,7	  29,5	  30,9	  31,0	  28,9	   3,1
s	    93,7164	 7	213,52	103,40	  13,5	  24,2	  28,2	  28,6	  29,9	  31,0	  29,6	   4,6
s	    93,8633	 4	326,55	 89,50	  14,3	  24,4	  28,5	  29,3	  30,7	  30,7	  28,9	   3,2
s	    93,9165	 5	 71,09	 85,24	  15,3	  25,2	  29,2	  30,0	  31,3	  31,6	  28,8	   3,0
s	    94,0101	 4	142,80	 90,19	  14,3	  24,8	  29,0	  29,8	  31,2	  31,3	  30,0	   4,9
s	    94,1355	 5	326,51	 93,96	  14,0	  24,3	  28,4	  29,2	  30,5	  30,7	  28,8	   3,0
s	    94,1605	 5	142,83	 93,55	  12,0	  23,3	  28,5	  29,6	  31,0	  31,1	  29,8	   4,8
s	    94,4561	 8	252,63	108,03	   9,8	  21,6	  25,7	  25,8	  27,2	  29,0	  28,4	   2,6
s	    94,6436	 8	252,51	 70,49	  10,3	  22,2	  26,4	  26,6	  28,0	  29,8	  29,2	   4,1
s	    94,6877	 7	107,56	 85,28	  11,0	  22,9	  27,3	  27,9	  29,1	  29,8	  29,5	   4,4
s	    94,8137	 7	 71,10	 81,17	  12,2	  22,5	  26,5	  26,6	  28,0	  29,8	  28,5	   2,6
s	    94,9573	 4	145,08	 90,18	  14,9	  25,1	  29,2	  30,0	  31,3	  31,6	  29,8	   4,7
s	    95,0322	 4	269,40	 80,01	  12,4	  23,0	  27,9	  28,6	  30,2	  31,5	  29,6	   4,5
s	    95,0826	 6	326,47	 98,70	  12,7	  23,2	  27,4	  27,9	  29,2	  30,1	  28,6	   2,7
s	    95,1757	 6	326,63	 80,30	  12,7	  23,2	  27,3	  27,9	  29,2	  30,1	  28,6	   2,7
s	    95,3101	 7	 68,76	 85,30	  13,2	  23,9	  28,0	  28,5	  29,8	  30,8	  29,5	   4,3
s	    95,3206	 6	142,72	 81,01	  12,7	  23,7	  27,9	  28,4	  29,7	  30,6	  29,6	   4,4
s	    95,9692	 8	213,57	107,98	  11,3	  22,1	  26,0	  26,2	  27,5	  29,3	  28,2	   2,2
s	    96,0493	 7	105,57	104,33	  12,4	  23,9	  28,2	  28,9	  30,2	  30,3	  29,1	   3,9
s	    96,1538	 8	213,23	 71,04	  10,9	  22,4	  26,5	  26,7	  28,1	  29,8	  29,0	   3,8
s	    96,1894	 7	105,49	 76,51	  10,6	  21,9	  25,9	  26,0	  27,4	  29,3	  28,3	   2,3
s	    96,2553	 6	145,01	 81,08	  13,3	  24,0	  28,0	  28,5	  29,9	  31,0	  29,5	   4,2
s	    96,3320	 7	 71,02	104,28	  13,9	  24,5	  28,6	  29,3	  30,7	  30,9	  29,1	   3,8
s	    96,6885	 7	326,43	103,33	  13,9	  24,4	  28,6	  29,3	  30,6	  30,6	  29,1	   3,8
s	    97,1469	 6	144,33	 99,20	  13,3	  23,9	  28,0	  28,4	  29,8	  30,9	  29,3	   4,0
s	    98,1166	 8	105,59	108,49	   9,5	  21,2	  25,4	  25,5	  26,9	  28,7	  28,0	   1,8
s	    98,2972	 8	105,48	 72,36	  10,7	  22,3	  26,4	  26,5	  27,9	  29,8	  28,8	   3,3
s	    98,7428	 8	326,39	107,47	  10,9	  21,7	  25,8	  25,9	  27,3	  29,0	  27,9	   1,7
s	    98,7757	 5	285,20	 80,38	  11,9	  22,5	  27,5	  28,2	  29,7	  30,8	  29,0	   3,5
s	    98,9224	 8	326,71	 71,56	  11,4	  22,4	  26,5	  26,7	  28,0	  29,7	  28,7	   3,2
s	   101,2719	 4	 89,40	 99,10	  11,4	  21,8	  26,6	  27,3	  28,8	  30,1	  28,0	   1,6
s	   104,2034	 2	269,40	 89,24	  15,1	  24,8	  28,5	  29,3	  30,8	  31,2	  27,9	   1,2
s	   104,4495	 3	269,40	 93,27	  14,3	  24,5	  28,4	  29,2	  30,6	  31,0	  28,8	   2,8
s	   104,5346	 3	269,40	 84,90	  13,8	  23,8	  27,6	  28,1	  29,5	  30,7	  27,8	   1,0
s	   104,7995	 5	 74,53	 98,80	  10,8	  21,3	  26,2	  26,9	  28,4	  29,5	  27,5	   0,7
s	   105,1828	 4	177,70	 89,87	  13,3	  23,4	  27,5	  28,3	  29,7	  29,7	  27,6	   0,8
s	   105,1828	 4	  1,09	 89,86	  14,1	  24,1	  28,3	  29,1	  30,4	  30,4	  28,6	   2,6
s	   105,3066	 4	269,40	 97,57	  13,0	  23,5	  27,4	  27,9	  29,3	  30,4	  28,6	   2,5
s	   105,4267	 5	177,74	 93,87	  13,1	  23,3	  27,4	  28,2	  29,6	  29,6	  27,4	   0,6
s	   105,4267	 5	  1,05	 93,85	  13,8	  24,1	  28,2	  29,0	  30,3	  30,3	  28,5	   2,4
s	   105,5110	 5	177,66	 85,57	  12,0	  22,4	  26,5	  27,1	  28,4	  29,2	  27,4	   0,6
s	   105,5111	 5	  1,14	 85,56	  12,8	  23,1	  27,3	  27,8	  29,1	  29,9	  28,5	   2,4
s	   105,8772	 5	352,71	 89,77	  13,0	  23,6	  27,9	  28,7	  30,0	  29,9	  28,4	   2,3
s	   106,1195	 6	352,67	 93,74	  12,8	  23,6	  27,8	  28,6	  29,9	  29,8	  28,3	   2,1
s	   106,2033	 6	352,76	 85,50	  11,8	  22,6	  26,9	  27,4	  28,7	  29,4	  28,3	   2,1
s	   106,2761	 6	177,79	 98,13	  11,8	  22,3	  26,4	  26,9	  28,2	  29,1	  27,2	   0,3
s	   106,2762	 6	  1,00	 98,12	  12,5	  23,0	  27,2	  27,7	  29,0	  29,8	  28,3	   2,1
s	   106,3598	 6	177,61	 81,62	  11,7	  22,3	  26,4	  26,9	  28,2	  29,1	  27,2	   0,3
s	   106,3598	 6	  1,18	 81,61	  12,5	  23,0	  27,1	  27,7	  29,0	  29,8	  28,2	   2,1
s	   106,6399	 5	269,40	101,49	  12,5	  23,1	  27,0	  27,5	  28,9	  30,0	  28,1	   1,9
s	   106,8898	 5	269,40	 76,71	  11,7	  21,9	  25,6	  25,7	  27,2	  29,2	  27,3	   0,3
s	   106,9636	 7	352,63	 97,98	  11,5	  22,5	  26,8	  27,3	  28,6	  29,3	  28,1	   1,9
s	   107,0467	 7	352,80	 81,57	  11,5	  22,5	  26,8	  27,3	  28,6	  29,3	  28,1	   1,9
s	   107,2935	 5	136,51	 90,26	  12,2	  22,7	  26,8	  26,3	  26,6	  26,8	  25,1	  -1,1
s	   107,4953	 3	255,39	 89,27	  13,9	  24,0	  28,0	  28,7	  30,2	  30,5	  27,4	   0,4
s	   107,5328	 6	136,54	 94,18	  12,0	  22,7	  26,7	  26,2	  26,5	  26,7	  25,0	  -1,3
s	   107,5977	 7	177,83	102,01	  11,4	  22,1	  26,3	  26,7	  28,0	  28,9	  27,0	  -0,0
s	   107,5978	 7	  0,96	102,00	  12,2	  22,9	  27,0	  27,5	  28,8	  29,6	  28,0	   1,7
s	   107,6155	 6	136,48	 86,04	  11,0	  21,7	  25,8	  25,0	  25,3	  26,3	  25,0	  -1,3
s	   107,6377	 3	283,70	 89,26	  14,6	  24,3	  28,2	  29,0	  30,4	  30,6	  27,4	   0,4
s	   107,7341	 4	255,40	 93,18	  13,1	  23,8	  27,9	  28,6	  30,0	  30,2	  28,3	   2,0
s	   107,8455	 7	177,57	 77,45	  10,4	  21,2	  25,3	  25,5	  26,9	  28,5	  26,9	  -0,1
s	   107,8455	 7	  1,23	 77,44	  11,1	  22,0	  26,1	  26,3	  27,6	  29,2	  28,0	   1,7
s	   107,8625	 4	255,38	 84,75	  13,6	  23,8	  27,8	  28,6	  30,0	  30,2	  27,3	   0,2
s	   107,8762	 4	283,69	 93,17	  13,8	  24,1	  28,1	  28,9	  30,2	  30,4	  28,3	   2,0
s	   108,2770	 8	352,59	101,83	  11,2	  22,4	  26,6	  27,1	  28,4	  29,1	  27,8	   1,5
s	   108,3661	 7	136,57	 98,37	  10,6	  22,1	  26,4	  26,9	  28,2	  29,0	  27,9	   1,6
s	   108,4482	 7	136,45	 82,17	  10,7	  21,6	  25,7	  24,9	  25,1	  26,2	  24,8	  -1,6
s	   108,5233	 8	352,85	 77,43	  10,1	  21,4	  25,7	  25,9	  27,2	  28,7	  27,8	   1,4
s	   108,5660	 5	255,41	 97,35	  11,8	  22,8	  26,8	  27,3	  28,7	  29,7	  28,1	   1,8
s	   108,6328	 6	269,40	105,58	  11,3	  21,7	  25,4	  25,5	  27,0	  29,0	  27,0	  -0,1
s	   108,7071	 5	283,68	 97,34	  12,5	  23,0	  27,0	  27,6	  28,9	  29,9	  28,1	   1,7
s	   108,7965	 6	269,39	 72,93	  11,8	  22,4	  26,2	  26,3	  27,7	  29,8	  27,7	   1,4
s	   109,7361	 8	  1,27	 73,69	  10,5	  21,5	  25,6	  25,8	  27,1	  28,8	  27,4	   1,0
s	   109,9603	 8	 56,19	 82,07	  12,7	  23,1	  27,0	  27,4	  28,7	  29,7	  27,6	   1,1
s	   109,9808	 6	255,42	101,45	  12,3	  23,2	  27,3	  28,1	  29,4	  29,5	  27,6	   1,1
s	   110,1037	 6	255,36	 77,10	  10,4	  21,2	  25,0	  25,2	  26,6	  28,5	  26,8	  -0,4
s	   110,1201	 6	283,67	101,43	  13,0	  23,4	  27,5	  28,3	  29,6	  29,6	  27,6	   1,1
s	   110,2428	 6	283,73	 77,11	  11,2	  21,4	  25,3	  25,4	  26,8	  28,7	  26,8	  -0,5
s	   110,4072	 8	284,25	101,40	  11,5	  22,3	  26,5	  26,9	  28,2	  28,9	  27,3	   0,8
s	   110,5093	 8	 89,40	 65,93	   8,2	  19,7	  24,6	  24,7	  26,2	  29,0	  27,3	   0,8
s	   110,6113	 2	 89,40	 90,46	  14,1	  24,1	  28,0	  28,8	  30,2	  30,5	  28,2	   1,7
s	   110,7395	 7	269,39	 69,90	   7,1	  18,6	  23,6	  23,7	  25,2	  27,9	  26,6	  -0,7
s	   110,8436	 3	 89,40	 94,26	  13,8	  24,0	  27,9	  28,7	  30,1	  30,4	  28,1	   1,5
s	   110,9239	 3	 89,40	 86,36	  13,6	  23,5	  27,3	  27,8	  29,2	  30,4	  28,1	   1,5
s	   110,9747	 7	269,40	109,23	  11,4	  22,2	  25,9	  26,0	  27,5	  29,6	  27,4	   0,8
s	   111,7327	 4	 89,40	 82,59	  12,3	  22,7	  26,7	  27,2	  28,6	  29,6	  27,6	   1,0
s	   111,7979	 7	255,43	105,14	  10,1	  21,0	  24,9	  24,9	  26,3	  28,3	  26,5	  -0,9
s	   111,9350	 7	283,66	105,12	  10,8	  21,3	  25,1	  25,2	  26,6	  28,5	  26,5	  -0,9
s	   111,9571	 7	255,35	 73,42	  10,6	  21,7	  25,6	  25,7	  27,1	  29,1	  27,3	   0,6
s	   112,0941	 7	283,74	 73,43	  11,3	  21,9	  25,8	  25,9	  27,3	  29,2	  27,3	   0,6
s	   112,9134	 5	 89,40	102,03	  12,0	  22,6	  26,5	  27,0	  28,4	  29,5	  27,4	   0,7
s	   113,1499	 5	 89,40	 78,61	  11,2	  21,4	  25,1	  25,2	  26,7	  28,7	  26,6	  -0,9
s	   113,2595	 8	269,40	112,14	   6,7	  18,4	  23,4	  23,4	  24,9	  27,6	  26,2	  -1,3
s	   113,7230	 3	102,64	 90,45	  12,9	  23,4	  27,4	  28,3	  29,6	  29,7	  27,7	   0,9
s	   113,8578	 3	 75,87	 90,44	  13,6	  23,6	  27,7	  28,5	  29,8	  29,9	  27,7	   0,9
s	   113,9491	 4	102,65	 94,15	  12,6	  23,3	  27,4	  28,2	  29,5	  29,7	  27,6	   0,8
s	   113,9824	 8	283,75	 70,47	   6,7	  18,2	  23,3	  23,4	  24,8	  27,3	  26,1	  -1,4
s	   114,0383	 8	255,34	 70,18	   6,9	  18,7	  23,9	  24,3	  25,7	  27,3	  26,1	  -1,5
s	   114,0707	 4	102,63	 86,17	  13,4	  23,6	  27,6	  28,4	  29,7	  29,9	  27,6	   0,8
s	   114,0767	 8	255,44	108,70	  10,2	  21,5	  25,4	  25,5	  26,9	  28,8	  26,9	   0,1
s	   114,0837	 4	 75,86	 94,14	  13,4	  23,6	  27,6	  28,4	  29,7	  29,9	  27,6	   0,8
s	   114,2112	 8	283,65	108,68	  10,9	  21,7	  25,6	  25,7	  27,1	  29,0	  26,9	   0,1
s	   114,2271	 8	269,39	 65,55	   9,9	  20,9	  24,7	  24,5	  26,0	  28,8	  26,9	   0,1
s	   114,8004	 6	 89,40	105,92	  10,8	  21,2	  25,0	  25,0	  26,5	  28,5	  26,3	  -1,4
s	   114,8148	 5	102,63	 82,79	  11,1	  22,0	  26,1	  26,6	  28,0	  28,9	  27,2	   0,3
s	   114,9484	 5	 75,89	 82,79	  11,8	  22,3	  26,3	  26,8	  28,2	  29,1	  27,2	   0,2
s	   114,9556	 6	 89,40	 75,02	  11,3	  21,9	  25,7	  25,8	  27,3	  29,3	  27,0	   0,1
s	   115,3041	 6	155,77	 93,77	  10,1	  21,0	  26,2	  27,2	  28,6	  28,6	  26,2	  -1,5
s	   115,3041	 6	 23,02	 93,76	  10,8	  21,8	  27,0	  28,0	  29,3	  29,3	  27,2	   0,3
s	   115,5340	 4	296,54	 89,32	  12,5	  23,1	  27,2	  28,0	  29,3	  29,3	  27,4	   0,5
s	   115,7566	 5	296,52	 92,97	  12,3	  23,0	  27,2	  27,9	  29,2	  29,3	  27,3	   0,3
s	   115,8336	 5	296,56	 85,39	  11,3	  22,1	  26,2	  26,8	  28,1	  28,8	  27,3	   0,3
s	   116,0788	 6	102,67	101,99	  11,8	  22,7	  26,9	  27,6	  28,9	  29,0	  26,9	  -0,1
s	   116,1785	 4	240,77	 89,33	  12,5	  22,7	  26,7	  27,5	  28,8	  28,9	  26,3	  -1,4
s	   116,1954	 6	102,62	 78,91	  10,0	  20,7	  24,6	  24,7	  26,1	  28,0	  26,1	  -1,7
s	   116,2110	 6	 75,84	101,98	  12,5	  23,0	  27,1	  27,8	  29,1	  29,1	  26,9	  -0,1
s	   116,3274	 6	 75,90	 78,92	  10,7	  21,0	  24,8	  24,9	  26,3	  28,1	  26,1	  -1,7
s	   116,3999	 5	240,79	 92,96	  12,2	  22,6	  26,6	  27,4	  28,7	  28,9	  26,2	  -1,6
s	   116,4272	 5	226,80	 89,42	  11,5	  22,5	  26,8	  27,7	  28,9	  28,8	  27,2	   0,2
s	   116,4835	 8	 75,29	101,95	  11,0	  21,8	  26,0	  26,5	  27,7	  28,4	  26,7	  -0,4
s	   116,6093	 6	296,58	 81,78	  10,7	  21,7	  25,9	  26,4	  27,7	  28,5	  26,9	  -0,2
s	   116,6482	 6	226,83	 93,04	  11,2	  22,5	  26,8	  27,6	  28,8	  28,7	  27,1	   0,0
s	   116,7989	 7	 89,40	 72,12	   6,7	  18,2	  23,2	  23,3	  24,7	  27,3	  25,9	  -1,9
s	   117,0223	 7	 89,39	109,40	  11,0	  21,7	  25,5	  25,6	  27,0	  29,1	  26,7	  -0,4
s	   117,0917	 4	242,63	 89,33	  11,7	  22,2	  26,4	  27,2	  28,5	  28,4	  26,2	  -1,6
s	   117,2480	 6	240,73	 81,83	  11,4	  22,1	  26,1	  26,6	  27,9	  28,9	  26,8	  -0,3
s	   117,2550	 5	333,48	 89,59	  12,2	  22,8	  27,0	  27,8	  29,1	  28,9	  27,1	   0,0
s	   117,3115	 5	242,65	 92,93	  11,4	  22,1	  26,3	  27,1	  28,4	  28,4	  26,1	  -1,8
s	   117,3876	 5	242,61	 85,45	  10,4	  21,2	  25,4	  25,9	  27,2	  28,0	  26,1	  -1,8
s	   117,4745	 6	333,44	 93,19	  11,9	  22,7	  27,0	  27,7	  29,0	  28,8	  27,0	  -0,1
s	   117,5252	 8	155,62	 78,70	   7,4	  18,9	  24,1	  24,6	  25,9	  27,5	  25,8	  -2,1
s	   117,5252	 8	 23,17	 78,69	   8,2	  19,7	  24,9	  25,3	  26,7	  28,2	  26,8	  -0,4
s	   117,5504	 6	333,52	 85,72	  10,9	  21,8	  26,0	  26,6	  27,8	  28,4	  27,0	  -0,1
s	   117,7424	 7	296,49	100,43	  10,4	  21,6	  25,8	  26,2	  27,5	  28,4	  26,6	  -0,5
s	   117,8044	 7	102,68	105,51	   9,6	  20,6	  24,4	  24,5	  25,9	  27,8	  25,8	  -2,1
s	   117,9347	 7	 75,83	105,49	  10,4	  20,8	  24,6	  24,7	  26,1	  28,0	  25,8	  -2,1
s	   117,9557	 7	102,61	 75,40	  10,1	  21,2	  25,1	  25,3	  26,7	  28,6	  26,6	  -0,6
s	   117,9694	 7	296,60	 77,95	   8,9	  20,0	  24,1	  24,3	  25,6	  27,1	  25,8	  -2,1
s	   118,0096	 5	241,14	 85,48	  11,1	  21,6	  25,6	  26,1	  27,4	  28,3	  26,0	  -1,9
s	   118,0777	 6	242,67	 96,78	  10,1	  21,1	  25,3	  25,8	  27,1	  27,9	  25,9	  -2,0
s	   118,0859	 7	 75,91	 75,41	  10,9	  21,5	  25,4	  25,5	  26,9	  28,7	  26,6	  -0,6
s	   118,2397	 7	333,41	 97,03	  10,6	  21,7	  25,9	  26,4	  27,7	  28,3	  26,8	  -0,4
s	   118,2849	 8	298,03	 97,04	   9,7	  21,2	  25,6	  26,1	  27,3	  27,9	  26,7	  -0,5
s	   118,3151	 7	333,55	 82,16	  10,6	  21,7	  25,9	  26,4	  27,7	  28,3	  26,8	  -0,4
s	   118,3752	 7	240,82	100,38	  11,1	  22,0	  26,0	  26,4	  27,7	  28,7	  26,6	  -0,7
s	   118,7714	 6	241,20	 97,02	  11,8	  22,3	  26,4	  27,1	  28,4	  28,4	  25,8	  -2,2
s	   118,9024	 6	102,19	 97,85	   9,3	  20,6	  25,6	  26,3	  27,8	  28,8	  25,8	  -2,2
s	   119,2721	 7	242,68	100,29	  10,3	  21,5	  25,7	  26,1	  27,4	  28,2	  26,5	  -0,8
s	   119,4098	 8	 89,40	 68,77	   6,8	  18,6	  23,7	  23,8	  25,2	  27,9	  26,3	  -1,0
s	   119,4324	 8	333,37	100,54	  10,3	  21,6	  25,8	  26,2	  27,5	  28,2	  26,6	  -0,7
s	   119,4963	 7	242,58	 78,10	   8,8	  19,9	  24,0	  24,1	  25,4	  27,0	  25,7	  -2,4
s	   119,5552	 8	296,47	104,17	   8,5	  19,8	  23,9	  24,1	  25,3	  27,0	  25,5	  -2,5
s	   119,6563	 8	333,59	 78,38	   9,3	  20,6	  24,9	  25,1	  26,3	  27,8	  26,6	  -0,8
s	   119,6647	 5	151,25	 90,15	  11,3	  21,8	  26,1	  26,9	  28,2	  28,0	  25,9	  -2,2
s	   119,7044	 8	296,61	 74,49	   9,0	  20,5	  24,7	  24,8	  26,1	  27,7	  26,3	  -1,0
s	   119,7837	 6	151,28	 92,81	   9,0	  20,3	  25,6	  26,7	  28,0	  27,8	  25,7	  -2,4
s	   119,8922	 8	 89,39	112,99	   9,0	  19,9	  23,6	  23,3	  24,8	  27,6	  25,5	  -2,6
s	   119,9356	 8	102,60	 72,31	   6,5	  18,3	  23,5	  23,9	  25,2	  26,8	  25,5	  -2,6
s	   119,9721	 8	102,69	108,92	   9,8	  21,0	  25,0	  25,0	  26,4	  28,4	  26,3	  -1,1
s	   120,1002	 8	 75,82	108,89	  10,5	  21,3	  25,2	  25,3	  26,6	  28,5	  26,3	  -1,1
s	   120,1077	 7	241,11	 78,17	   9,5	  20,3	  24,2	  24,3	  25,7	  27,4	  25,6	  -2,5
s	   120,1948	 6	 48,03	 90,31	  11,0	  21,8	  26,0	  26,8	  28,0	  27,9	  25,7	  -2,4
s	   120,6302	 7	151,32	 97,45	  10,5	  21,2	  25,3	  25,7	  27,0	  27,8	  25,5	  -2,6
s	   120,7936	 8	239,48	 96,90	  10,7	  21,6	  25,7	  26,1	  27,4	  28,3	  26,2	  -1,2
s	   121,0626	 8	242,70	103,99	   8,4	  19,7	  23,8	  23,9	  25,2	  26,8	  25,4	  -2,8
s	   121,2099	 8	242,56	 74,68	   8,9	  20,4	  24,6	  24,7	  26,0	  27,6	  26,2	  -1,3
s	   121,2705	 4	115,20	 90,41	  12,1	  22,7	  26,8	  27,6	  28,9	  28,9	  26,8	  -0,7
s	   121,4829	 5	115,21	 93,89	  11,9	  22,6	  26,8	  27,5	  28,8	  28,8	  26,7	  -0,8
s	   121,5564	 5	115,18	 86,66	  10,8	  21,7	  25,8	  26,4	  27,6	  28,4	  26,7	  -0,8
s	   121,6734	 8	151,16	 80,00	   6,4	  18,2	  23,6	  24,0	  25,3	  26,7	  25,3	  -3,0
s	   121,8407	 4	 62,17	 90,40	  12,8	  23,0	  27,0	  27,8	  29,2	  29,2	  26,8	  -0,8
s	   122,0521	 5	 62,16	 93,87	  12,6	  23,0	  27,0	  27,7	  29,0	  29,2	  26,6	  -0,9
s	   122,2237	 6	115,23	 97,61	  10,6	  21,6	  25,7	  26,2	  27,5	  28,3	  26,5	  -1,1
s	   122,3439	 5	 26,89	 90,14	  11,8	  22,5	  26,7	  27,5	  28,8	  28,7	  26,6	  -1,0
s	   122,4604	 6	 26,86	 92,74	   9,6	  21,0	  26,2	  27,2	  28,6	  28,6	  26,5	  -1,1
s	   122,6273	 6	151,87	 86,44	   9,8	  20,8	  25,0	  25,4	  26,7	  27,5	  25,4	  -2,9
s	   122,6274	 6	 26,92	 86,42	  10,5	  21,5	  25,7	  26,2	  27,5	  28,2	  26,5	  -1,1
s	   123,2890	 7	 26,82	 97,28	  11,0	  21,9	  25,9	  26,3	  27,6	  28,6	  26,3	  -1,4
s	   123,3614	 7	151,84	 83,01	  10,3	  21,1	  25,1	  25,5	  26,9	  27,8	  25,2	  -3,2
s	   123,3614	 7	 26,96	 83,00	  11,0	  21,9	  25,9	  26,3	  27,6	  28,6	  26,3	  -1,4
s	   123,3789	 7	115,24	101,02	  10,0	  21,2	  25,4	  25,8	  27,1	  27,9	  26,0	  -1,6
s	   123,5958	 7	115,15	 79,56	   8,5	  19,6	  23,7	  23,9	  25,1	  26,7	  25,2	  -3,2
s	   123,6783	 5	 62,55	 86,72	  11,4	  21,9	  25,9	  26,4	  27,8	  28,6	  26,5	  -1,2
s	   123,9396	 7	 62,12	100,96	  10,7	  21,6	  25,6	  26,0	  27,3	  28,3	  26,0	  -1,7
s	   124,2940	 4	257,26	 89,28	  11,2	  22,2	  26,4	  27,2	  28,5	  28,4	  26,5	  -1,2
s	   124,3104	 8	 26,98	 80,20	   7,0	  18,9	  24,2	  24,6	  25,9	  27,5	  26,1	  -1,7
s	   124,4346	 8	152,00	100,67	  10,0	  21,0	  25,0	  25,4	  26,7	  27,7	  25,0	  -3,5
s	   124,4346	 8	 26,79	100,66	  10,7	  21,7	  25,8	  26,1	  27,5	  28,4	  26,1	  -1,7
s	   124,4708	 7	309,52	 82,33	   8,2	  19,4	  24,6	  25,3	  26,7	  27,4	  25,1	  -3,4
s	   124,4808	 6	 62,57	 83,06	  12,0	  22,4	  26,5	  27,2	  28,5	  28,5	  26,0	  -1,7
s	   124,5014	 5	257,27	 92,68	  10,9	  22,1	  26,3	  27,1	  28,4	  28,4	  26,4	  -1,4
s	   124,6130	 5	257,26	 85,36	  10,9	  22,0	  26,3	  27,1	  28,3	  28,1	  26,4	  -1,4
s	   125,1121	 8	115,26	104,60	   8,2	  19,5	  23,5	  23,7	  24,9	  26,5	  25,0	  -3,6
s	   125,1317	 6	326,99	 89,54	  10,7	  21,8	  26,1	  27,0	  28,1	  27,8	  26,2	  -1,6
s	   125,2248	 6	257,28	 96,31	   9,6	  21,1	  25,3	  25,8	  27,1	  27,8	  26,2	  -1,6
s	   125,2548	 8	115,13	 76,24	   8,7	  20,1	  24,3	  24,4	  25,7	  27,3	  25,7	  -2,1
s	   125,2961	 6	257,25	 82,25	   9,6	  21,1	  25,3	  25,8	  27,1	  27,8	  26,2	  -1,7
s	   125,3378	 7	326,96	 92,92	  10,4	  21,7	  26,1	  26,9	  28,0	  27,8	  26,1	  -1,8
s	   125,4090	 7	327,02	 85,91	   9,4	  20,8	  25,2	  25,7	  26,9	  27,3	  26,1	  -1,8
s	   125,4186	 7	255,68	 85,39	   8,6	  20,5	  24,9	  25,5	  26,6	  27,2	  26,1	  -1,8
s	   125,6842	 7	 62,59	 79,73	   9,1	  19,9	  23,8	  23,9	  25,3	  26,9	  25,0	  -3,6
s	   125,8074	 8	 62,25	 76,29	   9,4	  20,5	  24,5	  24,6	  26,0	  27,7	  25,7	  -2,2
s	   126,0564	 8	326,92	 96,53	   9,1	  20,7	  25,1	  25,6	  26,7	  27,2	  25,9	  -2,0
s	   126,1273	 8	327,05	 82,56	   9,1	  20,7	  25,1	  25,5	  26,7	  27,2	  25,9	  -2,0
s	   126,4139	 8	 60,91	 83,17	  10,6	  21,5	  25,6	  26,0	  27,3	  28,0	  25,8	  -2,1
s	   126,4580	 7	257,29	 99,89	  10,1	  21,5	  25,8	  26,5	  27,8	  27,7	  25,7	  -2,2
s	   126,5652	 7	257,24	 78,68	   7,5	  19,1	  23,3	  23,4	  24,7	  26,3	  24,9	  -3,8
s	   127,1762	 8	 62,47	104,36	   8,8	  19,7	  23,7	  23,7	  25,1	  26,8	  24,7	  -4,0
s	   128,0472	 8	257,30	103,15	   7,2	  19,0	  23,1	  23,2	  24,5	  26,1	  24,7	  -4,2
s	   128,1694	 4	101,17	 90,46	  11,4	  22,1	  26,1	  26,9	  28,2	  28,3	  25,1	  -3,8
s	   128,1867	 8	257,23	 75,43	   7,7	  19,6	  23,8	  24,0	  25,3	  26,9	  25,4	  -2,7
s	   128,3707	 5	101,17	 93,76	  10,7	  21,8	  26,1	  26,8	  28,1	  28,1	  26,0	  -2,1
s	   128,4790	 5	101,16	 86,66	  11,9	  22,3	  26,3	  27,0	  28,4	  28,4	  24,9	  -3,9
s	   128,9295	 6	101,15	 84,44	   7,9	  19,5	  24,7	  25,4	  26,8	  27,6	  25,6	  -2,6
s	   129,2611	 7	102,69	 86,68	   9,6	  20,8	  25,0	  25,4	  26,7	  27,5	  24,6	  -4,3
s	   129,3319	 7	 51,07	 97,16	   7,9	  19,1	  24,3	  25,0	  26,3	  27,0	  24,6	  -4,3
s	   129,5705	 5	233,39	 89,39	  11,3	  22,0	  26,2	  27,0	  28,2	  28,2	  25,9	  -2,4
s	   129,7697	 6	233,41	 92,65	  10,3	  21,6	  25,9	  26,6	  27,9	  27,7	  25,7	  -2,5
s	   129,8386	 6	233,37	 85,88	  10,1	  21,1	  25,2	  25,7	  27,0	  27,7	  25,7	  -2,5
s	   130,3748	 7	101,14	 80,17	   8,8	  19,7	  23,6	  23,6	  25,0	  26,8	  24,5	  -4,5
s	   130,4646	 7	233,43	 96,15	   9,1	  20,6	  24,9	  25,3	  26,6	  27,2	  25,5	  -2,8
s	   130,6983	 7	 32,98	 86,71	   9,8	  21,0	  25,1	  25,6	  26,8	  27,6	  25,5	  -2,8
s	   131,3203	 8	 32,89	 96,92	   8,8	  20,5	  24,8	  25,2	  26,4	  27,1	  25,3	  -3,0
s	   131,5492	 8	233,45	 99,35	   8,5	  20,2	  24,5	  24,9	  26,2	  26,8	  25,1	  -3,3
s	   131,5670	 6	244,28	 89,33	  10,2	  21,5	  25,8	  26,5	  27,7	  27,6	  25,5	  -2,9
s	   131,6549	 5	306,61	 89,39	  11,2	  21,4	  25,5	  26,3	  27,6	  27,4	  24,6	  -4,5
s	   131,7632	 7	244,30	 92,55	  10,0	  21,4	  25,7	  26,4	  27,6	  27,5	  25,4	  -3,0
s	   131,8149	 8	101,19	103,94	   8,5	  19,6	  23,4	  23,4	  24,8	  26,6	  24,3	  -4,9
s	   131,8510	 6	306,59	 92,61	  10,2	  21,0	  25,2	  26,0	  27,2	  27,0	  24,5	  -4,7
s	   131,8585	 8	233,32	 78,95	   9,5	  20,7	  24,9	  25,4	  26,6	  27,2	  25,3	  -3,1
s	   131,9506	 8	101,14	 77,01	   8,2	  19,8	  23,9	  24,0	  25,3	  27,0	  25,0	  -3,4
s	   131,9702	 5	178,04	 89,90	  11,2	  21,8	  26,0	  26,8	  28,0	  27,8	  25,6	  -2,8
s	   132,1658	 6	178,07	 93,10	  10,9	  21,7	  25,9	  26,7	  27,9	  27,7	  25,5	  -3,0
s	   132,2335	 6	178,00	 86,45	   9,9	  20,8	  25,0	  25,5	  26,8	  27,3	  25,5	  -3,0
s	   132,5153	 8	244,25	 82,68	   8,7	  20,4	  24,7	  25,1	  26,3	  27,0	  25,2	  -3,3
s	   132,5525	 5	  0,75	 89,88	  11,1	  21,3	  25,4	  26,2	  27,5	  27,2	  24,5	  -4,7
s	   132,7473	 6	  0,72	 93,08	  10,9	  21,2	  25,4	  26,1	  27,4	  27,1	  24,4	  -4,9
s	   132,8147	 6	  0,79	 86,45	   9,9	  20,3	  24,5	  25,0	  26,2	  26,7	  24,4	  -4,9
s	   132,8484	 7	178,11	 96,53	   9,6	  20,7	  24,9	  25,4	  26,6	  27,2	  25,3	  -3,2
s	   132,9157	 7	177,97	 83,26	   9,6	  20,7	  24,9	  25,4	  26,6	  27,2	  25,3	  -3,2
s	   133,4270	 7	  0,68	 96,49	   9,6	  20,2	  24,4	  24,9	  26,1	  26,6	  24,2	  -5,1
s	   133,4941	 7	  0,82	 83,28	   9,6	  20,2	  24,4	  24,9	  26,1	  26,6	  24,2	  -5,1
s	   133,7025	 8	306,54	 99,44	  10,2	  21,1	  25,5	  26,2	  27,4	  27,0	  24,9	  -3,7
s	   133,7683	 6	307,64	 85,99	  10,3	  21,0	  25,0	  25,4	  26,7	  27,6	  25,1	  -3,5
s	   134,1145	 8	177,93	 79,88	   8,3	  19,6	  23,9	  24,1	  25,3	  26,6	  25,1	  -3,6
s	   134,3763	 7	307,57	 95,96	   9,3	  20,5	  24,6	  25,1	  26,3	  27,1	  24,9	  -3,7
s	   134,4883	 8	  0,65	 99,63	   9,3	  20,1	  24,3	  24,7	  25,9	  26,5	  24,0	  -5,4
s	   134,6878	 8	  0,86	 79,91	   8,3	  19,1	  23,3	  23,5	  24,7	  26,0	  24,0	  -5,4
s	   135,7311	 8	307,68	 79,26	   9,2	  20,1	  24,2	  24,6	  25,9	  26,6	  23,9	  -5,6
s	   136,8122	 5	 53,78	 90,37	  10,1	  20,7	  24,9	  25,7	  27,0	  26,7	  24,1	  -5,5
s	   137,0011	 6	 53,76	 93,46	   9,9	  20,6	  24,9	  25,6	  26,9	  26,6	  24,0	  -5,7
s	   138,7855	 8	 53,71	100,05	   9,8	  20,8	  25,2	  25,9	  27,0	  26,7	  24,4	  -4,7
s	   139,1197	 6	201,11	 89,67	   9,8	  20,8	  25,2	  26,0	  27,2	  26,8	  24,8	  -4,3
s	   139,3055	 7	201,14	 92,71	   9,5	  20,8	  25,2	  25,9	  27,1	  26,7	  24,7	  -4,4
s	   139,3698	 7	201,08	 86,39	   8,5	  19,9	  24,2	  24,8	  25,9	  26,3	  24,7	  -4,4
s	   139,4995	 7	 52,82	 84,04	   8,5	  19,7	  23,8	  24,2	  25,5	  26,2	  23,6	  -6,2
s	   139,6610	 6	337,77	 89,66	  10,6	  20,8	  24,9	  25,7	  26,8	  26,5	  23,6	  -6,2
s	   139,8047	 8	257,09	 85,79	   7,3	  19,3	  23,7	  24,2	  25,4	  25,8	  23,5	  -6,4
s	   139,8462	 7	337,74	 92,69	  10,4	  20,7	  24,8	  25,6	  26,7	  26,4	  23,5	  -6,4
s	   139,9102	 7	337,80	 86,39	   8,5	  19,4	  23,7	  24,2	  25,4	  25,7	  23,6	  -6,3
s	   139,9541	 8	201,17	 95,97	   8,2	  19,8	  24,2	  24,6	  25,8	  26,2	  24,5	  -4,6
s	   140,0180	 8	201,05	 83,36	   8,2	  19,8	  24,2	  24,6	  25,8	  26,2	  24,5	  -4,7
s	   140,2135	 7	160,07	 93,12	   8,2	  19,6	  25,0	  26,0	  27,2	  27,0	  24,6	  -4,6
s	   140,4923	 8	337,71	 95,94	   8,2	  19,3	  23,6	  24,1	  25,3	  25,6	  23,4	  -6,5
s	   140,5560	 8	337,83	 83,37	   9,1	  19,7	  23,8	  24,3	  25,4	  25,9	  23,3	  -6,6
s	   140,9023	 8	221,94	 83,21	   7,1	  18,3	  23,4	  24,2	  25,4	  26,0	  23,3	  -6,7
s	   141,0637	 8	 51,65	 86,88	   8,2	  19,4	  23,6	  24,1	  25,3	  25,8	  23,4	  -6,6
s	   142,8981	 8	 53,76	 96,55	   6,6	  18,4	  23,7	  24,3	  25,6	  26,3	  24,0	  -5,4
s	   143,0468	 8	317,63	 83,31	   6,8	  18,5	  23,8	  24,5	  25,8	  26,3	  24,2	  -5,2
s	   143,8373	 6	156,18	 90,13	   9,5	  20,6	  24,9	  25,7	  26,9	  26,4	  24,3	  -5,1
s	   145,2263	 8	135,02	 96,40	   6,8	  18,0	  23,2	  23,9	  25,1	  25,7	  22,9	  -7,5
s	   145,2263	 8	 43,77	 96,39	   6,7	  17,9	  23,0	  22,3	  22,6	  23,4	  20,9	  -8,7
s	   145,7537	 6	302,59	 89,38	   8,6	  19,7	  24,1	  24,9	  26,0	  25,6	  23,1	  -7,3
s	   145,7966	 8	246,82	 89,33	   7,4	  19,7	  24,2	  25,0	  26,1	  25,6	  23,9	  -5,7
s	   145,9313	 7	302,58	 92,29	   8,4	  19,6	  24,0	  24,8	  25,9	  25,5	  23,0	  -7,4
s	   146,0598	 8	101,17	 87,12	   7,1	  19,1	  23,6	  24,0	  25,2	  25,6	  23,9	  -5,8
s	   146,1809	 6	 89,40	 99,46	   6,3	  17,8	  23,7	  24,6	  26,1	  27,1	  23,9	  -5,8
s	   146,5512	 8	302,56	 95,41	   7,1	  18,6	  23,0	  23,5	  24,6	  25,0	  22,8	  -7,6
s	   146,6123	 8	302,63	 83,35	   7,1	  18,6	  23,0	  23,5	  24,6	  25,0	  22,8	  -7,7
s	   147,4001	 7	 22,10	 87,01	   8,0	  19,1	  23,3	  23,8	  25,0	  25,4	  22,9	  -7,7
s	   147,4188	 8	156,70	 96,12	   8,5	  19,9	  24,0	  24,4	  25,7	  26,3	  23,8	  -6,0
s	   147,9534	 8	 22,01	 96,09	   7,8	  19,0	  23,2	  23,6	  24,8	  25,3	  22,7	  -7,9
s	   148,7583	 7	 78,87	 99,52	   7,0	  18,2	  24,4	  25,5	  26,9	  26,9	  23,5	  -6,4
s	   149,3587	 6	224,15	 89,47	  10,1	  20,3	  24,4	  25,1	  26,3	  26,0	  22,7	  -8,0
s	   149,3587	 6	314,65	 89,46	  10,8	  21,1	  25,1	  25,9	  27,0	  26,8	  23,8	  -6,2
s	   149,5321	 7	224,17	 92,31	   9,1	  19,9	  24,0	  24,8	  25,9	  25,6	  22,6	  -8,1
s	   149,5321	 7	314,63	 92,30	   9,8	  20,6	  24,8	  25,5	  26,6	  26,3	  23,6	  -6,4
s	   149,6572	 7	157,05	 87,07	   7,9	  19,5	  23,7	  24,1	  25,4	  26,0	  23,7	  -6,3
s	   149,7562	 4	269,40	 92,13	   9,1	  19,9	  24,9	  25,9	  27,3	  27,3	  24,0	  -6,0
s	   150,8008	 7	150,74	 90,19	   8,1	  19,7	  24,2	  25,0	  26,1	  25,5	  23,6	  -6,5
s	   151,4834	 6	269,40	 80,41	   5,7	  16,9	  21,9	  22,3	  23,6	  25,2	  22,6	  -8,3
s	   151,7331	 8	 67,73	 90,45	   7,1	  19,3	  23,9	  24,6	  25,7	  25,2	  23,4	  -6,8
s	   151,7547	 7	223,33	 86,46	   9,2	  19,9	  23,8	  24,2	  25,4	  26,1	  23,2	  -7,0
s	   151,7547	 7	315,46	 86,45	   8,5	  19,7	  23,8	  24,3	  25,5	  26,1	  23,5	  -6,7
s	   151,9422	 6	132,21	 90,34	   9,2	  19,8	  23,9	  24,7	  25,8	  25,4	  22,5	  -8,5
s	   152,1127	 7	132,23	 93,13	   8,9	  19,7	  23,9	  24,6	  25,7	  25,4	  22,4	  -8,6
s	   152,2924	 8	223,40	 95,28	   8,2	  19,4	  23,5	  23,9	  25,0	  25,6	  23,0	  -7,2
s	   152,2924	 8	315,39	 95,27	   8,4	  19,6	  23,7	  24,1	  25,3	  25,9	  23,3	  -7,0
s	   153,9361	 6	 45,81	 90,33	   9,0	  19,5	  23,6	  23,1	  23,2	  23,0	  20,3	 -10,1
s	   154,1044	 7	 45,79	 93,09	   8,7	  19,4	  23,6	  23,0	  23,1	  22,9	  20,1	 -10,2
s	   154,2429	 7	133,00	 87,37	   7,6	  18,8	  22,9	  23,4	  24,6	  25,2	  22,2	  -8,9
s	   154,4170	 8	269,40	103,62	   5,6	  17,4	  22,4	  22,7	  24,1	  25,8	  22,9	  -7,5
s	   154,7313	 8	 70,21	 98,94	   4,6	  16,6	  22,8	  23,7	  25,1	  25,8	  22,9	  -7,6
s	   154,8301	 8	132,98	 84,62	   7,5	  18,7	  22,8	  23,2	  24,4	  25,0	  22,0	  -9,2
s	   156,2633	 7	 45,04	 87,39	   8,3	  18,9	  22,8	  21,9	  22,2	  23,0	  20,0	 -10,6
s	   156,8431	 8	 45,06	 84,68	   7,3	  18,4	  22,5	  21,6	  21,8	  22,5	  19,8	 -10,8
s	   158,0401	 7	 89,40	 79,25	   6,4	  17,6	  22,5	  22,8	  24,2	  26,0	  22,7	  -8,1
s	   159,3430	 6	178,27	 89,92	   8,6	  19,2	  23,5	  24,3	  25,5	  24,9	  21,9	  -9,7
s	   159,3430	 6	  0,53	 89,90	   9,3	  20,0	  24,3	  25,1	  26,2	  25,6	  22,9	  -8,0
s	   159,5058	 7	178,29	 92,58	   8,4	  19,2	  23,5	  24,2	  25,4	  24,8	  21,8	  -9,9
s	   159,5058	 7	  0,50	 92,57	   9,1	  19,9	  24,2	  25,0	  26,1	  25,6	  22,8	  -8,1
s	   159,5621	 7	178,24	 87,04	   7,3	  18,2	  22,6	  23,1	  24,2	  24,4	  21,8	  -9,9
s	   159,5621	 7	  0,56	 87,03	   8,1	  19,0	  23,3	  23,8	  24,9	  25,1	  22,8	  -8,1
s	   160,0688	 3	269,40	 89,29	  10,0	  20,5	  24,5	  25,3	  26,6	  26,4	  23,2	  -7,8
s	   160,0741	 8	178,32	 95,44	   7,1	  18,2	  22,5	  23,0	  24,1	  24,3	  21,6	 -10,1
s	   160,0741	 8	  0,47	 95,43	   7,8	  18,9	  23,2	  23,7	  24,8	  25,1	  22,6	  -8,3
s	   160,1302	 8	178,21	 84,39	   7,1	  18,2	  22,5	  22,9	  24,1	  24,3	  21,6	 -10,1
s	   160,1302	 8	  0,59	 84,38	   7,8	  18,9	  23,2	  23,7	  24,8	  25,1	  22,6	  -8,3
s	   160,1584	 4	269,40	 91,30	   7,7	  18,9	  24,0	  25,1	  26,4	  26,2	  23,1	  -7,9
s	   160,2868	 4	269,40	 86,44	   8,7	  19,5	  23,5	  24,0	  25,3	  25,9	  23,0	  -7,9
s	   160,3479	 8	 79,59	 79,40	   6,1	  17,3	  22,3	  22,6	  24,0	  25,6	  22,4	  -8,6
s	   160,4581	 7	  6,18	 89,96	   8,3	  19,4	  23,9	  24,7	  25,8	  25,1	  22,7	  -8,3
s	   160,5071	 8	227,96	 89,45	   6,6	  18,4	  22,9	  23,6	  24,7	  24,1	  21,6	 -10,2
s	   160,5287	 4	259,98	 89,30	   9,0	  20,0	  24,2	  25,0	  26,2	  25,9	  23,0	  -7,9
s	   160,6198	 8	  6,16	 92,61	   8,1	  19,4	  23,9	  24,6	  25,7	  25,0	  22,6	  -8,4
s	   160,6757	 8	  6,21	 87,11	   7,1	  18,5	  22,9	  23,4	  24,5	  24,6	  22,6	  -8,4
s	   160,6902	 5	259,98	 91,95	   8,7	  19,9	  24,1	  24,9	  26,1	  25,8	  22,9	  -8,1
s	   160,7772	 5	259,97	 86,25	   8,7	  19,8	  24,1	  24,9	  26,0	  25,6	  22,9	  -8,1
s	   160,7966	 5	269,40	 94,80	   9,2	  19,8	  23,7	  24,1	  25,5	  26,2	  22,9	  -8,1
s	   160,8525	 5	269,40	 83,79	   9,2	  19,8	  23,7	  24,1	  25,5	  26,2	  22,9	  -8,1
s	   161,2545	 6	259,99	 94,79	   7,5	  18,9	  23,1	  23,6	  24,8	  25,3	  22,7	  -8,3
s	   161,3102	 6	259,97	 83,82	   7,5	  18,9	  23,1	  23,6	  24,8	  25,3	  22,7	  -8,3
s	   161,5858	 6	269,40	 81,62	   5,2	  16,9	  22,0	  22,5	  23,8	  25,2	  22,7	  -8,4
s	   161,6818	 6	269,40	 97,42	   8,0	  19,1	  23,1	  23,5	  24,8	  25,5	  22,5	  -8,6
s	   162,2193	 7	259,99	 97,61	   8,0	  19,4	  23,7	  24,4	  25,5	  25,2	  22,3	  -8,8
s	   162,2634	 5	280,01	 86,28	  10,2	  20,4	  24,5	  25,2	  26,5	  26,1	  22,8	  -8,4
s	   162,3034	 7	259,96	 81,01	   5,4	  17,0	  21,1	  21,2	  22,5	  23,8	  21,5	 -10,4
s	   163,0162	 7	269,40	100,20	   6,9	  17,8	  21,6	  21,7	  23,0	  24,6	  21,4	 -10,5
s	   163,1263	 7	269,40	 78,39	   6,6	  18,0	  22,1	  22,2	  23,5	  24,9	  22,2	  -9,0
s	   163,4679	 8	260,00	100,18	   5,1	  16,9	  21,0	  21,1	  22,3	  23,7	  21,3	 -10,7
s	   163,4689	 8	 15,94	 92,67	   6,7	  18,2	  23,6	  24,5	  25,7	  25,2	  22,3	  -8,9
s	   163,5778	 8	259,96	 78,43	   5,6	  17,6	  21,7	  21,9	  23,1	  24,5	  22,1	  -9,2
s	   163,6927	 7	279,99	 97,53	   9,4	  20,0	  24,1	  24,7	  26,0	  25,7	  22,2	  -9,1
s	   163,7456	 7	281,18	 91,91	   6,9	  18,3	  23,6	  24,6	  25,8	  25,4	  22,4	  -8,8
s	   164,1804	 8	269,40	102,12	   4,4	  16,4	  21,6	  21,9	  23,2	  24,7	  22,0	  -9,3
s	   164,8737	 8	269,40	 75,66	   5,5	  16,7	  20,6	  20,3	  21,6	  24,0	  21,2	 -10,9
s	   165,3699	 3	 89,40	 90,50	  10,2	  20,4	  24,3	  25,0	  26,3	  26,2	  21,7	 -10,5
s	   165,5268	 4	 89,40	 93,08	   9,5	  20,1	  24,2	  24,9	  26,2	  26,0	  22,6	  -8,8
s	   165,5811	 4	 89,40	 87,73	   9,7	  19,8	  23,6	  24,0	  25,3	  26,2	  21,6	 -10,6
s	   165,9151	 5	 89,40	 95,21	   6,7	  17,8	  22,8	  23,5	  24,9	  25,6	  21,4	 -10,8
s	   166,2601	 8	163,14	 92,64	   5,8	  17,3	  22,7	  23,6	  24,8	  24,2	  21,1	 -11,2
s	   167,0942	 6	 89,40	 82,44	   6,9	  18,1	  22,2	  22,3	  23,6	  25,0	  22,2	  -9,3
s	   167,5787	 4	 80,17	 90,50	   9,9	  20,1	  24,1	  24,8	  26,1	  25,8	  21,4	 -11,0
s	   167,6301	 7	341,45	 89,71	   8,9	  19,5	  23,8	  24,5	  25,6	  24,9	  22,0	  -9,6
s	   167,7336	 5	 80,17	 93,04	   9,1	  19,8	  24,0	  24,7	  25,9	  25,6	  22,3	  -9,3
s	   167,7850	 8	341,42	 92,25	   8,6	  19,4	  23,7	  24,4	  25,5	  24,9	  21,9	  -9,7
s	   167,8386	 8	341,47	 86,98	   7,6	  18,5	  22,8	  23,3	  24,3	  24,4	  21,9	  -9,7
s	   168,1169	 6	 80,16	 95,14	   6,4	  17,5	  22,6	  23,3	  24,6	  25,2	  21,1	 -11,3
s	   168,2261	 7	 89,40	101,08	   6,6	  17,5	  21,4	  21,4	  22,7	  24,2	  21,0	 -11,4
s	   168,8430	 8	230,34	 91,96	   4,9	  16,8	  22,3	  23,3	  24,4	  23,9	  20,8	 -11,6
s	   168,8431	 8	308,45	 91,95	   5,7	  17,1	  22,3	  22,0	  22,1	  21,9	  18,7	 -13,0
s	   169,2809	 7	 80,19	 82,54	   6,5	  17,8	  22,0	  22,1	  23,3	  24,6	  21,9	  -9,8
s	   169,5137	 7	217,85	 89,53	   8,0	  19,2	  23,5	  24,2	  25,3	  24,8	  21,8	  -9,9
s	   169,6669	 8	217,87	 92,04	   7,8	  19,2	  23,4	  24,1	  25,2	  24,8	  21,7	 -10,1
s	   169,7199	 8	217,83	 86,83	   6,8	  18,3	  22,5	  23,0	  24,0	  24,4	  21,7	 -10,1
s	   169,7632	 8	 89,40	103,54	   6,1	  17,6	  21,7	  21,8	  23,0	  24,5	  21,5	 -10,3
s	   170,0278	 8	 89,40	 77,29	   6,0	  16,9	  20,6	  20,3	  21,6	  24,1	  20,7	 -11,8
s	   170,3986	 8	 80,15	100,94	   6,3	  17,2	  21,2	  21,2	  22,4	  23,8	  20,7	 -11,9
s	   172,1048	 6	279,39	 89,31	   9,4	  19,7	  23,9	  24,6	  25,8	  25,2	  21,8	 -10,2
s	   172,1939	 7	160,10	 90,11	   7,0	  18,2	  22,6	  23,3	  24,4	  23,8	  20,6	 -12,1
s	   172,1939	 7	 18,69	 90,10	   7,7	  19,0	  23,3	  24,1	  25,2	  24,6	  21,7	 -10,3
s	   172,2557	 7	279,38	 91,78	   9,2	  19,7	  23,8	  24,5	  25,7	  25,2	  21,7	 -10,3
s	   172,2774	 8	160,12	 91,97	   4,7	  16,7	  22,1	  23,1	  24,3	  23,7	  20,5	 -12,2
s	   172,2774	 8	 18,67	 91,96	   5,5	  17,4	  22,9	  23,9	  25,0	  24,4	  21,6	 -10,5
s	   173,8609	 5	107,21	 90,48	   8,6	  19,3	  23,4	  24,2	  25,4	  25,0	  20,7	 -12,2
s	   173,9268	 7	 39,38	 90,29	   6,9	  18,0	  22,5	  23,2	  24,3	  23,5	  20,5	 -12,4
s	   174,0103	 6	107,22	 92,93	   7,8	  19,1	  23,3	  24,1	  25,2	  24,7	  21,6	 -10,5
s	   174,0762	 8	 39,36	 92,74	   6,6	  18,0	  22,4	  23,1	  24,2	  23,5	  20,4	 -12,6
s	   174,1278	 8	 39,40	 87,65	   5,6	  17,0	  21,5	  22,0	  23,0	  23,0	  20,4	 -12,6
s	   174,4978	 8	279,28	 94,39	   7,8	  18,6	  22,8	  23,2	  24,3	  24,6	  21,4	 -10,8
s	   175,2556	 8	160,40	 87,49	   5,6	  17,2	  21,5	  21,9	  23,1	  23,4	  20,3	 -12,8
s	   175,2556	 8	 18,40	 87,48	   6,3	  18,0	  22,3	  22,7	  23,8	  24,2	  21,3	 -11,0
s	   176,9510	 7	306,37	 89,42	   6,7	  18,3	  22,8	  23,6	  24,7	  23,9	  21,3	 -11,2
s	   177,7412	 6	296,19	 89,37	   6,9	  18,0	  22,4	  23,1	  24,2	  23,6	  20,3	 -13,0
s	   177,8874	 7	296,18	 91,76	   6,7	  17,9	  22,3	  23,0	  24,1	  23,5	  20,2	 -13,1
s	   178,0821	 6	241,79	 89,38	   7,6	  18,9	  23,1	  23,9	  25,0	  24,5	  21,3	 -11,2
s	   178,2281	 7	241,80	 91,77	   7,4	  18,8	  23,1	  23,8	  24,9	  24,5	  21,2	 -11,4
s	   178,3982	 8	296,16	 94,33	   5,4	  17,0	  21,3	  21,8	  22,9	  23,0	  20,0	 -13,3
s	   178,4487	 8	296,21	 84,40	   5,4	  17,0	  21,3	  21,8	  22,9	  23,0	  20,0	 -13,3
s	   178,7379	 8	241,82	 94,34	   6,1	  17,8	  22,1	  22,5	  23,6	  24,0	  21,0	 -11,6
s	   178,9845	 8	307,15	 86,86	   5,4	  17,4	  21,8	  22,3	  23,4	  23,5	  21,0	 -11,6
s	   180,3328	 8	242,02	 84,46	   6,1	  17,7	  22,0	  22,4	  23,6	  23,9	  20,9	 -11,9
s	   180,6630	 6	115,52	 90,45	   6,8	  18,3	  22,7	  23,5	  24,6	  23,9	  21,1	 -11,7
s	   180,8069	 7	115,54	 92,81	   6,5	  18,3	  22,7	  23,4	  24,5	  23,9	  20,9	 -11,8
s	   180,8567	 7	115,51	 87,91	   5,5	  17,3	  21,8	  22,3	  23,3	  23,5	  20,9	 -11,8
s	   181,3096	 8	115,55	 95,34	   5,3	  17,3	  21,7	  22,1	  23,2	  23,4	  20,8	 -12,0
s	   181,3593	 8	115,50	 85,57	   5,3	  17,3	  21,7	  22,1	  23,2	  23,4	  20,8	 -12,0
s	   182,1406	 6	 61,19	 90,44	   8,2	  18,6	  22,7	  23,4	  24,6	  24,1	  19,9	 -13,7
s	   182,2834	 7	 61,18	 92,78	   8,0	  18,6	  22,6	  23,3	  24,5	  24,1	  19,8	 -13,9
s	   182,8632	 6	 97,68	 90,51	   6,4	  18,1	  22,4	  23,2	  24,3	  23,8	  19,9	 -13,9
s	   183,0054	 7	 97,68	 92,84	   5,7	  17,9	  22,4	  23,1	  24,2	  23,6	  20,8	 -12,2
s	   183,0599	 6	 62,39	 90,44	   7,4	  18,2	  22,4	  23,1	  24,2	  23,7	  19,8	 -13,9
s	   183,0819	 7	 97,67	 87,82	   7,0	  18,3	  22,6	  23,3	  24,4	  23,9	  19,7	 -14,0
s	   183,2019	 7	 62,38	 92,77	   7,2	  18,1	  22,3	  23,0	  24,1	  23,6	  19,7	 -14,0
s	   183,3573	 8	 97,68	 94,77	   2,9	  15,6	  21,0	  21,7	  22,9	  23,2	  19,6	 -14,2
s	   183,5513	 8	 97,67	 85,68	   5,2	  17,3	  21,6	  22,0	  23,2	  23,5	  20,6	 -12,4
s	   184,3188	 8	 61,42	 95,25	   6,6	  17,5	  21,6	  21,9	  23,1	  23,5	  19,5	 -14,3
s	   184,3676	 8	 61,47	 85,63	   6,6	  17,5	  21,6	  21,9	  23,1	  23,5	  19,5	 -14,3
s	   185,3003	 8	 62,66	 85,66	   5,8	  17,0	  21,3	  21,7	  22,8	  23,0	  19,4	 -14,5
s	   186,1353	 7	178,43	 89,93	   7,0	  18,2	  22,6	  23,4	  24,4	  23,6	  20,5	 -12,7
s	   186,2751	 8	178,45	 92,22	   6,8	  18,1	  22,6	  23,3	  24,3	  23,5	  20,4	 -12,9
s	   186,3234	 8	178,40	 87,46	   5,8	  17,2	  21,6	  22,1	  23,2	  23,1	  20,4	 -12,9
s	   186,7178	 7	  0,36	 89,92	   7,0	  17,7	  22,1	  22,8	  23,9	  23,0	  19,4	 -14,6
s	   186,8571	 8	  0,34	 92,20	   6,8	  17,6	  22,0	  22,7	  23,8	  22,9	  19,3	 -14,8
s	   186,9053	 8	  0,39	 87,46	   5,8	  16,7	  21,1	  21,6	  22,6	  22,5	  19,3	 -14,8
s	   188,2089	 8	212,90	 89,59	   6,2	  17,3	  21,7	  22,5	  23,4	  22,5	  19,1	 -15,1
s	   189,1099	 8	278,49	 89,32	   6,7	  18,0	  22,4	  23,2	  24,2	  23,3	  20,2	 -13,4
s	   189,5886	 7	301,52	 89,40	   6,1	  17,7	  22,2	  23,0	  24,0	  23,2	  20,2	 -13,3
s	   189,6645	 8	301,51	 91,10	   3,9	  16,2	  21,8	  22,8	  23,9	  23,0	  20,1	 -13,5
s	   189,7733	 8	301,54	 86,98	   4,9	  16,8	  21,3	  21,7	  22,8	  22,7	  20,1	 -13,5
s	   190,4912	 8	195,17	 89,76	   5,9	  17,5	  22,1	  22,9	  23,9	  22,9	  20,0	 -13,6
s	   192,7484	 7	235,83	 89,42	   5,3	  16,8	  21,3	  22,1	  23,1	  22,3	  18,9	 -15,6
s	   192,8231	 8	235,84	 91,08	   3,0	  15,3	  20,9	  21,9	  23,0	  22,1	  18,8	 -15,8
s	   192,9301	 8	235,81	 87,03	   4,0	  15,9	  20,4	  20,9	  21,9	  21,8	  18,8	 -15,8
s	   193,2818	 8	285,41	 91,54	   3,8	  16,1	  21,6	  22,6	  23,7	  23,0	  19,8	 -14,1
s	   193,5250	 8	244,12	 89,37	   5,0	  17,2	  21,8	  22,5	  23,5	  22,7	  19,8	 -14,1
s	   193,8571	 8	343,90	 89,75	   6,7	  17,3	  21,7	  22,4	  23,4	  22,4	  18,7	 -16,0
s	   194,2306	 8	226,20	 89,48	   5,0	  16,6	  21,0	  20,4	  20,4	  19,7	  16,6	 -17,4
s	   195,4508	 8	 16,36	 90,09	   5,7	  17,0	  21,4	  22,1	  23,1	  22,3	  18,6	 -16,2
s	   196,3967	 8	269,40	 80,25	   1,6	  13,8	  19,9	  20,5	  21,8	  23,2	  19,3	 -14,8
s	   196,4498	 7	278,17	 86,81	   6,6	  17,8	  22,2	  22,9	  24,0	  23,2	  19,7	 -14,5
s	   196,5353	 6	261,69	 89,32	   5,3	  17,3	  21,8	  22,5	  23,6	  22,9	  19,8	 -14,4
s	   196,6678	 7	261,69	 91,49	   5,1	  17,3	  21,7	  22,4	  23,5	  22,8	  19,7	 -14,5
s	   196,7391	 7	261,68	 86,82	   5,1	  17,1	  21,7	  22,4	  23,5	  22,6	  19,7	 -14,5
s	   197,1307	 8	261,69	 93,82	   3,8	  16,3	  20,7	  21,2	  22,2	  22,3	  19,5	 -14,7
s	   197,1765	 8	261,68	 84,82	   3,8	  16,3	  20,7	  21,2	  22,2	  22,3	  19,5	 -14,7
s	   197,1869	 7	 56,67	 90,42	   5,8	  17,4	  21,9	  22,7	  23,7	  22,8	  19,6	 -14,6
s	   197,3190	 8	 56,65	 92,58	   5,6	  17,3	  21,8	  22,6	  23,6	  22,7	  19,5	 -14,7
s	   198,2673	 8	 97,04	 90,52	   3,8	  16,5	  21,1	  21,8	  22,8	  22,0	  18,4	 -16,7
s	   198,5748	 8	 64,61	 90,46	   5,5	  17,3	  21,8	  22,5	  23,5	  22,6	  19,4	 -15,0
s	   202,6366	 8	 89,40	 99,31	   0,8	  12,8	  18,9	  19,4	  20,7	  22,0	  18,0	 -17,4
s	   204,4691	 5	269,40	 91,41	   5,4	  16,8	  21,9	  22,8	  24,1	  23,6	  19,3	 -15,6
s	   206,2661	 6	276,91	 91,39	   5,1	  16,5	  21,7	  22,7	  23,8	  23,3	  19,0	 -16,0
s	   206,4818	 8	269,40	 81,20	   0,4	  12,9	  19,2	  19,8	  21,1	  22,2	  18,5	 -16,5
s	   207,1274	 7	104,32	 90,50	   5,1	  16,9	  21,3	  22,0	  23,0	  22,2	  17,8	 -18,1
s	   207,2532	 8	104,33	 92,57	   4,4	  16,6	  21,2	  21,9	  22,9	  22,0	  18,7	 -16,4
s	   207,2967	 8	104,32	 88,28	   4,6	  16,3	  20,6	  21,0	  22,0	  22,2	  17,7	 -18,2
s	   209,1905	 8	309,16	 89,45	   4,3	  16,1	  20,6	  21,3	  22,3	  21,3	  17,5	 -18,5
s	   210,8723	 8	291,79	 89,36	   4,3	  16,4	  21,0	  21,7	  22,7	  21,6	  18,4	 -17,0
s	   211,4189	 7	254,77	 91,36	   4,0	  15,8	  21,2	  22,1	  23,3	  22,5	  18,5	 -17,0
s	   211,9831	 7	 89,40	 96,74	   4,4	  15,8	  20,8	  21,4	  22,7	  23,2	  18,5	 -17,1
s	   212,7464	 8	 89,40	 98,40	   0,4	  12,9	  19,1	  19,8	  21,0	  22,1	  18,3	 -17,3
s	   212,8542	 8	128,12	 90,40	   4,9	  16,7	  21,2	  21,9	  22,9	  21,9	  18,3	 -17,3
s	   213,5112	 8	178,55	 89,94	   4,9	  16,1	  20,6	  21,3	  22,3	  21,1	  17,2	 -19,2
s	   213,5112	 8	  0,24	 89,93	   5,6	  16,8	  21,3	  22,1	  23,0	  21,8	  18,2	 -17,4
s	   213,7804	 8	 82,10	 96,84	   4,4	  16,0	  21,3	  22,2	  23,3	  22,6	  18,2	 -17,5
s	   214,8274	 4	269,40	 89,32	   7,0	  17,6	  21,7	  22,4	  23,5	  23,0	  17,5	 -19,0
s	   214,9907	 5	269,40	 87,18	   6,5	  17,1	  21,0	  21,3	  22,6	  23,0	  17,4	 -19,1
s	   215,3729	 6	269,40	 93,45	   5,5	  16,6	  20,6	  21,0	  22,2	  22,5	  17,3	 -19,3
s	   215,4149	 6	269,40	 85,19	   5,7	  16,8	  20,9	  21,2	  22,4	  22,7	  18,3	 -17,5
s	   215,8501	 7	269,40	 94,94	   3,5	  15,3	  20,4	  21,0	  22,2	  22,5	  18,2	 -17,7
s	   216,1633	 7	269,40	 83,07	   4,2	  15,6	  19,6	  19,7	  20,9	  22,0	  17,1	 -19,6
s	   216,5396	 5	276,55	 89,32	   6,7	  17,4	  21,5	  22,2	  23,3	  22,7	  17,3	 -19,4
s	   217,0432	 8	269,40	 97,53	   3,5	  15,3	  19,5	  19,6	  20,7	  21,7	  18,0	 -18,0
s	   217,0810	 7	276,55	 93,42	   5,2	  16,4	  20,5	  20,9	  22,0	  22,1	  17,0	 -19,7
s	   217,1225	 7	276,56	 85,23	   4,7	  16,2	  20,4	  20,9	  21,9	  22,0	  18,1	 -17,9
s	   217,5545	 8	276,55	 94,90	   2,5	  14,6	  20,0	  20,6	  21,7	  21,8	  17,9	 -18,1
s	   217,8652	 8	276,56	 83,12	   3,9	  15,4	  19,5	  19,6	  20,7	  21,6	  16,9	 -19,9
s	   219,5325	 8	 96,31	 90,52	   2,9	  15,6	  20,2	  20,9	  21,9	  21,0	  16,8	 -20,2
s	   221,2353	 4	 89,40	 90,53	   6,2	  17,2	  21,4	  22,1	  23,2	  22,5	  18,1	 -18,3
s	   221,3940	 5	 89,40	 88,45	   6,5	  17,1	  20,9	  21,3	  22,5	  22,9	  18,0	 -18,4
s	   221,4570	 6	255,44	 89,34	   5,5	  16,7	  21,0	  21,7	  22,8	  22,0	  16,8	 -20,3
s	   221,4570	 6	283,35	 89,34	   5,5	  16,7	  21,0	  21,7	  22,8	  22,0	  16,8	 -20,3
s	   221,6155	 7	255,44	 87,26	   5,0	  16,2	  20,3	  20,7	  21,8	  21,9	  16,7	 -20,5
s	   221,6155	 7	283,36	 87,26	   5,0	  16,2	  20,3	  20,7	  21,8	  21,9	  16,7	 -20,5
s	   221,7653	 6	 89,40	 94,54	   5,5	  16,6	  20,6	  21,0	  22,1	  22,4	  17,8	 -18,6
s	   221,8061	 6	 89,40	 86,52	   5,5	  16,6	  20,6	  21,0	  22,1	  22,4	  17,8	 -18,6
s	   221,9865	 8	255,45	 93,35	   4,0	  15,7	  20,0	  20,3	  21,4	  21,4	  16,6	 -20,6
s	   222,0272	 8	283,36	 85,33	   4,3	  15,9	  20,2	  20,6	  21,6	  21,7	  17,6	 -18,8
s	   222,2290	 7	 89,40	 95,99	   3,2	  15,0	  20,1	  20,7	  21,9	  22,2	  17,7	 -18,8
s	   222,5333	 7	 89,40	 84,46	   4,2	  15,6	  19,6	  19,7	  20,9	  21,9	  17,7	 -18,8
s	   222,8990	 5	 82,44	 90,52	   5,9	  17,0	  21,2	  22,0	  23,0	  22,2	  17,9	 -18,7
s	   223,0160	 6	 82,44	 92,44	   5,7	  16,9	  21,2	  21,9	  22,9	  22,1	  17,7	 -18,8
s	   223,4252	 7	 82,44	 94,50	   4,5	  15,9	  20,2	  20,6	  21,7	  21,6	  17,6	 -19,0
s	   223,4656	 7	 82,45	 86,55	   5,2	  16,3	  20,5	  20,8	  21,9	  22,1	  17,6	 -19,0
s	   223,4693	 8	 89,40	 82,55	   3,0	  14,9	  19,0	  19,1	  20,2	  21,2	  17,2	 -19,3
s	   223,8855	 8	 82,43	 95,94	   2,2	  14,4	  19,7	  20,4	  21,5	  21,5	  17,5	 -19,2
s	   224,1875	 8	 82,45	 84,50	   3,9	  15,3	  19,5	  19,6	  20,7	  21,6	  17,4	 -19,2
s	   227,6810	 6	 75,83	 90,51	   4,8	  16,3	  20,7	  21,5	  22,5	  21,5	  17,4	 -19,6
s	   227,8353	 7	 75,83	 88,49	   5,0	  16,2	  20,3	  20,7	  21,8	  21,9	  17,3	 -19,7
s	   228,2359	 8	 75,84	 86,62	   4,0	  15,7	  20,0	  20,3	  21,4	  21,4	  17,1	 -19,9
s	   228,3791	 7	249,70	 89,36	   3,8	  15,8	  20,4	  21,1	  22,1	  21,0	  17,2	 -19,8
s	   228,5329	 8	249,69	 87,35	   3,3	  15,3	  19,7	  20,1	  21,1	  20,9	  17,1	 -19,9
s	   229,5804	 7	289,91	 89,36	   4,5	  16,1	  20,6	  21,3	  22,3	  21,1	  17,1	 -20,0
s	   230,8111	 8	290,61	 87,37	   3,9	  15,6	  19,9	  20,2	  21,3	  21,3	  16,9	 -20,3
s	   231,9862	 8	 76,07	 92,36	   2,2	  14,6	  20,0	  21,0	  22,0	  21,1	  16,9	 -20,5
s	   232,2603	 6	262,86	 89,33	   3,9	  15,9	  20,3	  21,1	  22,1	  21,1	  17,1	 -20,3
s	   232,3727	 7	262,86	 91,17	   3,6	  15,8	  20,3	  21,0	  22,0	  21,0	  16,9	 -20,4
s	   232,4332	 7	262,86	 87,21	   3,6	  15,7	  20,2	  21,0	  21,9	  20,8	  16,9	 -20,4
s	   232,7656	 8	262,87	 93,15	   2,4	  14,8	  19,3	  19,7	  20,7	  20,6	  16,8	 -20,6
s	   232,8044	 8	262,86	 85,51	   2,4	  14,8	  19,3	  19,7	  20,7	  20,6	  16,8	 -20,6
s	   237,1401	 8	296,19	 89,39	   3,2	  15,3	  20,0	  20,7	  21,6	  20,3	  16,5	 -21,3
s	   237,4109	 8	295,39	 89,39	   3,2	  15,3	  19,9	  20,7	  21,6	  20,3	  16,5	 -21,3
s	   238,2271	 7	256,43	 89,34	   3,4	  15,5	  20,0	  20,7	  21,7	  20,5	  16,5	 -21,4
s	   238,2271	 7	282,36	 89,34	   3,4	  15,5	  20,0	  20,7	  21,7	  20,5	  16,5	 -21,4
s	   238,3367	 8	256,43	 91,14	   3,2	  15,4	  20,0	  20,6	  21,6	  20,5	  16,4	 -21,5
s	   238,3746	 8	256,42	 87,41	   2,9	  14,9	  19,3	  19,7	  20,7	  20,5	  16,4	 -21,5
s	   238,3746	 8	282,37	 87,41	   2,9	  14,9	  19,3	  19,7	  20,7	  20,5	  16,4	 -21,5
s	   238,3907	 8	241,13	 89,40	   4,0	  15,4	  19,7	  20,4	  21,3	  20,3	  15,4	 -23,3
s	   238,8593	 6	 95,75	 90,53	   4,1	  15,8	  20,1	  20,8	  21,8	  21,0	  15,6	 -23,1
s	   238,9686	 7	 95,75	 92,32	   3,4	  15,6	  20,0	  20,7	  21,7	  20,7	  16,5	 -21,5
s	   239,0275	 7	 95,75	 88,46	   4,7	  16,0	  20,3	  20,9	  22,0	  21,1	  15,4	 -23,3
s	   239,2966	 8	242,05	 89,40	   3,2	  14,9	  19,4	  20,1	  21,0	  19,9	  15,3	 -23,4
s	   239,3508	 8	 95,76	 94,25	   2,7	  14,8	  19,1	  19,4	  20,5	  20,4	  15,3	 -23,4
s	   239,3886	 8	 95,75	 86,81	   2,9	  15,0	  19,3	  19,7	  20,7	  20,7	  16,3	 -21,7
s	   242,0890	 7	 76,64	 90,52	   3,8	  15,5	  19,9	  20,6	  21,6	  20,5	  15,2	 -23,8
s	   242,2342	 8	 76,64	 88,61	   4,0	  15,4	  19,5	  19,8	  20,9	  20,9	  15,1	 -23,9
s	   242,8769	 8	115,52	 90,48	   2,3	  14,4	  19,0	  19,7	  20,6	  19,3	  15,0	 -24,0
s	   243,1868	 8	114,73	 90,48	   3,0	  15,1	  19,7	  20,5	  21,4	  20,0	  16,0	 -22,3
s	   244,0532	 8	 61,83	 90,46	   4,5	  15,9	  20,2	  20,9	  21,9	  20,8	  16,0	 -22,4
s	   244,5385	 8	288,62	 89,36	   3,0	  15,1	  19,7	  20,4	  21,3	  20,0	  16,0	 -22,5
s	   248,2985	 7	263,28	 89,33	   2,8	  15,0	  19,4	  20,1	  21,1	  20,1	  14,8	 -24,8
s	   248,4037	 8	263,28	 91,06	   2,1	  14,8	  19,4	  20,1	  21,0	  19,8	  15,7	 -23,1
s	   248,4604	 8	263,28	 87,35	   2,6	  14,8	  19,4	  20,0	  21,0	  19,8	  14,6	 -24,9
s	   250,8187	 8	 70,67	 90,50	   3,3	  15,0	  19,5	  20,2	  21,1	  19,9	  14,5	 -25,3
s	   254,6709	 7	 95,36	 90,54	   2,1	  14,6	  19,2	  19,9	  20,8	  19,6	  15,3	 -24,0
s	   254,7735	 8	 95,36	 92,22	   1,9	  14,6	  19,1	  19,8	  20,7	  19,6	  15,2	 -24,1
s	   254,8287	 8	 95,36	 88,60	   2,6	  14,8	  19,4	  20,0	  21,0	  19,7	  15,2	 -24,1
s	   260,6589	 7	269,40	 92,75	   1,9	  13,6	  18,7	  19,3	  20,5	  20,5	  14,9	 -24,9
s	   262,0755	 8	275,33	 92,74	   1,6	  13,4	  18,6	  19,2	  20,3	  20,1	  14,7	 -25,3
s	   264,0973	 8	287,16	 89,36	   2,3	  14,4	  19,0	  19,7	  20,6	  19,1	  14,6	 -25,6
s	   265,6067	 6	 89,40	 92,16	   2,2	  14,0	  19,3	  20,2	  21,2	  20,3	  14,7	 -25,6
s	   269,2757	 8	263,75	 89,34	   0,7	  13,7	  18,4	  19,1	  19,9	  18,5	  14,2	 -26,4
s	   270,6928	 5	269,40	 89,34	   3,5	  15,0	  19,3	  20,0	  21,0	  19,8	  14,5	 -26,3
s	   270,7894	 6	269,40	 90,92	   3,3	  15,0	  19,2	  19,9	  20,9	  19,8	  14,3	 -26,4
s	   270,8228	 6	269,40	 87,63	   3,8	  14,9	  18,8	  19,2	  20,3	  20,2	  14,3	 -26,4
s	   271,6575	 8	269,40	 94,20	   1,8	  13,9	  18,2	  18,5	  19,5	  19,2	  14,1	 -26,8
#END
