#HEADER
CATT-Acoustic v8.0b    Copyright © CATT 1988-2003

 Project                : Aula Optica 

 GEOMETRICAL INFORMATION
 Src id and loc     [m] :   E0           9,400        4,600        1,300
 Rec id and loc     [m] :   09           3,000        4,600        1,200

 09       18,6435

 VARIABLE SOURCE DATA
 Directivity
   Type (library)       :  OMNI.SD0
   Dir. Index (DI) [dB] :       0,0      0,0      0,0      0,0      0,0      0,0      0,0      0,0
 Level
   On axis 1m      [dB] :      48,1     57,1     60,8     61,7     63,4     64,6     64,6     48,2
   Total power     [dB] :      59,0     68,0     71,7     72,6     74,3     75,5     75,5     59,1
   Auxiliary delay [ms] :       0,0

 VARIABLE AIR DATA
 Temperature       [°C] :      20
 Relative humidity  [%] :      50
 Density        [kg/m³] :       1,2
 Sound speed      [m/s] :     343
 Impedance      [Ns/m³] :     412
 Diss. coeff. [0.001/m] :      0,10     0,30     0,63     1,07     2,28     6,83    24,23    83,90      (estimated)

#DATAFIELDS
 TYPE DELAY ORDER AZIMUTH ELEVATION SPL125 SPL250 SPL500 SPL1K SPL2K SPL4K SPL8K SPL16K
#DATA
d	     0,0000	 0	267,13	 86,25	  32,0	  41,0	  44,7	  45,5	  47,2	  48,3	  47,8	  29,7
s	     1,3695	 1	267,19	108,48	  30,7	  39,8	  43,5	  44,4	  46,0	  47,2	  46,6	  28,4
*	    44,4966	 1	281,15	 92,17	 -17,1	  -7,9	  -4,3	  -3,4	  -1,9	  -1,0	  -2,7	 -24,8
*	    40,6650	 1	269,20	 92,30	 -15,2	  -6,0	  -2,3	  -1,5	   0,1	   0,9	  -0,7	 -22,4
*	    41,8571	 1	256,92	 92,33	 -15,8	  -6,7	  -3,0	  -2,2	  -0,6	   0,3	  -1,4	 -23,2
*	    29,7857	 1	285,19	 93,43	  -9,6	  -0,5	   3,2	   4,0	   5,6	   6,6	   5,2	 -15,5
*	    24,3348	 1	270,28	 93,70	  -5,5	   3,6	   7,3	   8,1	   9,8	  10,7	   9,5	 -10,7
*	    26,1272	 1	254,66	 93,71	  -7,1	   2,1	   5,8	   6,6	   8,2	   9,2	   7,9	 -12,5
*	    17,6397	 1	291,81	 95,46	  -1,8	   7,3	  11,0	  11,9	  13,5	  14,5	  13,5	  -6,1
*	     9,1017	 1	272,13	 96,14	   9,4	  18,6	  22,2	  23,1	  24,7	  25,8	  25,0	   6,1
*	    12,3381	 1	250,78	 96,07	   3,8	  13,0	  16,7	  17,5	  19,2	  20,2	  19,3	   0,2
*	    11,3091	 1	304,04	 98,96	   1,8	  11,0	  14,6	  15,5	  17,1	  18,2	  17,3	  -1,7
*	     2,2493	 1	276,19	101,36	  12,6	  21,7	  25,4	  26,3	  27,9	  29,0	  28,4	  10,2
*	     5,4333	 1	242,67	100,81	   7,9	  17,1	  20,8	  21,6	  23,3	  24,3	  23,6	   5,1
*	    11,3898	 1	329,29	104,61	   1,6	  10,7	  14,4	  15,3	  16,9	  18,0	  17,1	  -2,0
*	     2,2502	 1	291,46	118,32	  12,4	  21,6	  25,3	  26,1	  27,8	  28,9	  28,3	  10,0
*	     5,1712	 1	218,50	112,53	   8,4	  17,6	  21,3	  22,1	  23,8	  24,9	  24,2	   5,6
*	    17,7289	 1	 10,48	107,56	  -2,1	   7,1	  10,7	  11,6	  13,2	  14,2	  13,2	  -6,4
*	     8,9504	 1	 43,82	132,45	   9,5	  18,7	  22,4	  23,2	  24,9	  25,9	  25,1	   6,3
*	    11,7755	 1	147,83	119,65	   4,9	  14,0	  17,7	  18,6	  20,2	  21,3	  20,4	   1,3
s	     1,8222	 1	267,07	 62,77	  28,9	  38,1	  41,7	  42,2	  43,9	  45,8	  45,6	  26,6
*	    57,9240	 1	257,96	 81,91	 -19,2	  -9,3	  -5,5	  -4,8	  -3,2	  -1,7	  -3,4	 -24,9
*	    56,3822	 1	268,11	 81,78	 -18,6	  -8,7	  -4,9	  -4,2	  -2,6	  -1,1	  -2,7	 -24,1
*	    58,6562	 1	278,20	 81,90	 -19,5	  -9,6	  -5,8	  -5,0	  -3,5	  -2,0	  -3,7	 -25,2
*	    42,0556	 1	256,02	 80,83	 -12,7	  -2,9	   1,0	   1,7	   3,3	   4,9	   3,7	 -16,4
*	    40,0244	 1	268,33	 80,63	 -11,7	  -1,8	   2,1	   2,8	   4,4	   6,0	   4,8	 -15,1
*	    43,0051	 1	280,52	 80,85	 -13,2	  -3,3	   0,5	   1,3	   2,9	   4,4	   3,2	 -17,0
*	    26,8431	 1	253,06	 79,22	  -4,4	   5,5	   9,3	  10,1	  11,7	  13,4	  12,6	  -6,2
*	    23,8640	 1	268,65	 78,87	  -2,0	   7,9	  11,8	  12,5	  14,2	  15,9	  15,1	  -3,4
*	    28,1723	 1	284,04	 79,30	  -5,4	   4,5	   8,3	   9,1	  10,7	  12,4	  11,5	  -7,3
*	    13,8511	 1	247,99	 76,60	   5,2	  15,1	  19,0	  19,7	  21,4	  23,1	  22,7	   5,1
*	     8,7920	 1	269,24	 75,80	  13,1	  23,0	  26,9	  27,6	  29,3	  31,1	  30,7	  13,6
*	    15,7775	 1	289,95	 76,81	   3,1	  13,0	  16,8	  17,6	  19,2	  21,0	  20,4	   2,7
*	     7,3275	 1	237,76	 71,76	   9,0	  18,8	  22,7	  23,5	  25,1	  27,0	  26,6	   9,6
*	     2,1824	 1	270,55	 69,25	  15,8	  25,7	  29,6	  30,4	  32,0	  33,9	  33,7	  17,2
*	     9,3966	 1	301,43	 72,52	   6,8	  16,6	  20,5	  21,3	  22,9	  24,7	  24,4	   7,2
*	     7,3333	 1	211,05	 62,90	   8,9	  18,7	  22,6	  23,4	  25,0	  26,9	  26,5	   9,5
*	     2,2555	 1	276,10	 47,70	  15,5	  25,4	  29,3	  30,0	  31,7	  33,6	  33,4	  16,8
*	     9,3906	 1	328,11	 65,82	   6,7	  16,6	  20,5	  21,2	  22,9	  24,7	  24,3	   7,1
*	    13,7786	 1	153,76	 62,72	   5,2	  15,0	  18,9	  19,7	  21,3	  23,1	  22,6	   5,0
*	     8,7782	 1	 73,31	 38,27	  12,8	  22,7	  26,6	  27,4	  29,0	  30,8	  30,4	  13,3
*	    15,6967	 1	 16,75	 66,23	   3,1	  12,9	  16,8	  17,6	  19,2	  21,0	  20,4	   2,7
s	     5,5599	 2	267,25	126,77	  27,3	  36,5	  40,2	  40,7	  42,3	  44,2	  43,9	  24,6
s	     5,9356	 2	267,01	 46,47	  27,6	  37,1	  40,8	  41,3	  43,0	  44,9	  44,5	  25,9
s	    10,9701	 3	267,30	138,13	  25,8	  35,4	  39,1	  39,6	  41,3	  43,2	  42,6	  23,6
s	    11,6555	 1	215,05	 87,81	  26,6	  36,1	  39,9	  40,8	  42,4	  43,3	  42,8	  23,7
*	    12,5861	 1	219,11	100,56	   0,5	  10,0	  13,8	  14,7	  16,3	  17,2	  16,7	  -2,5
s	    11,8842	 3	266,94	 34,78	  24,0	  33,6	  37,2	  37,4	  39,1	  41,7	  41,5	  21,6
s	    12,5169	 2	215,63	101,86	  26,1	  35,8	  39,6	  40,4	  42,0	  43,0	  42,4	  23,3
s	    12,8095	 2	214,42	 72,79	  24,2	  33,9	  37,6	  38,2	  39,8	  41,4	  41,3	  21,4
*	    14,4366	 1	112,78	112,32	  -4,3	   5,4	  10,2	  11,3	  13,0	  14,0	  13,2	  -6,2
*	    14,3679	 1	 62,37	112,35	  -4,2	   5,5	  10,3	  11,4	  13,1	  14,1	  13,3	  -6,1
*	    19,4619	 1	 32,62	104,65	 -10,1	  -0,4	   4,4	   5,5	   7,1	   8,1	   7,2	 -12,6
*	    24,9622	 1	148,77	 73,38	 -14,2	  -5,1	  -1,4	  -0,5	   1,1	   1,8	   1,8	 -16,7
*	    22,2994	 1	156,69	 71,96	 -12,6	  -3,5	   0,2	   1,1	   2,7	   3,5	   3,5	 -14,8
*	    19,9634	 1	165,53	 70,79	 -11,2	  -2,1	   1,6	   2,5	   4,1	   4,9	   5,0	 -13,1
*	    17,9971	 1	174,95	 70,00	 -10,0	  -1,0	   2,8	   3,7	   5,3	   6,1	   6,2	 -11,7
*	    16,4278	 1	184,50	 69,73	  -9,1	  -0,1	   3,7	   4,5	   6,1	   7,0	   7,2	 -10,6
*	    15,2632	 1	193,65	 69,95	  -8,6	   0,5	   4,3	   5,1	   6,7	   7,6	   7,8	  -9,9
*	    14,4958	 1	202,02	 70,55	  -8,2	   0,8	   4,6	   5,5	   7,1	   7,9	   8,2	  -9,4
*	    14,4662	 1	221,14	 73,41	  -8,2	   0,9	   4,7	   5,5	   7,1	   8,0	   8,2	  -9,4
*	    15,2150	 1	225,70	 74,38	  -8,5	   0,5	   4,3	   5,2	   6,8	   7,6	   7,9	  -9,8
*	    16,3627	 1	229,57	 75,28	  -9,1	  -0,0	   3,7	   4,6	   6,2	   7,0	   7,2	 -10,6
*	    17,9178	 1	232,86	 76,11	  -9,9	  -0,9	   2,9	   3,7	   5,3	   6,2	   6,3	 -11,6
*	    19,8732	 1	235,69	 76,85	 -11,1	  -2,0	   1,7	   2,6	   4,2	   5,0	   5,1	 -13,0
*	    22,2016	 1	238,11	 77,53	 -12,5	  -3,4	   0,3	   1,2	   2,8	   3,6	   3,6	 -14,7
*	    24,8596	 1	240,22	 78,13	 -14,1	  -5,0	  -1,3	  -0,4	   1,2	   1,9	   1,9	 -16,6
*	    34,3077	 1	245,11	 79,60	 -19,4	 -10,3	  -6,6	  -5,7	  -4,1	  -3,4	  -3,7	 -23,1
*	    37,8010	 1	246,37	 80,00	 -21,1	 -12,1	  -8,3	  -7,5	  -5,9	  -5,2	  -5,6	 -25,3
s	    14,4806	 1	322,94	 87,77	  25,8	  34,8	  38,6	  39,5	  41,1	  41,9	  40,9	  20,8
*	    16,4209	 1	345,43	 94,99	   6,3	  15,3	  19,1	  20,0	  21,6	  22,4	  22,6	   4,8
*	    14,8510	 1	329,97	 93,76	   7,0	  16,1	  19,8	  20,7	  22,3	  23,1	  23,4	   5,7
*	    14,7659	 1	317,80	 92,60	   7,1	  16,1	  19,9	  20,7	  22,3	  23,2	  23,4	   5,8
*	    15,0407	 1	318,31	 79,07	   6,8	  15,9	  19,7	  20,5	  22,1	  23,0	  23,2	   5,5
*	    16,1575	 1	308,75	 91,65	   6,4	  15,4	  19,2	  20,1	  21,7	  22,5	  22,7	   4,9
*	    16,4207	 1	309,12	 80,02	   6,2	  15,2	  19,0	  19,9	  21,5	  22,3	  22,5	   4,7
*	    19,0935	 1	302,07	 90,92	   4,8	  13,8	  17,6	  18,5	  20,1	  20,9	  21,0	   3,0
*	    19,3404	 1	302,33	 80,89	   4,6	  13,7	  17,4	  18,3	  19,9	  20,7	  20,8	   2,8
*	    23,5192	 1	297,05	 90,37	   2,2	  11,2	  15,0	  15,9	  17,4	  18,2	  18,3	  -0,2
*	    23,7429	 1	297,25	 81,62	   2,0	  11,1	  14,8	  15,7	  17,3	  18,1	  18,1	  -0,4
*	    29,1526	 1	293,21	 89,94	  -1,1	   8,0	  11,7	  12,6	  14,2	  14,9	  14,8	  -4,1
*	    29,3501	 1	293,36	 82,23	  -1,2	   7,9	  11,6	  12,5	  14,1	  14,8	  14,7	  -4,3
*	    35,6310	 1	290,18	 89,60	  -4,5	   4,5	   8,3	   9,2	  10,7	  11,4	  11,1	  -8,4
*	    35,8042	 1	290,30	 82,73	  -4,6	   4,4	   8,2	   9,1	  10,6	  11,3	  11,0	  -8,5
*	    42,6620	 1	287,77	 89,33	  -7,8	   1,2	   4,9	   5,8	   7,4	   8,0	   7,5	 -12,6
*	    42,8143	 1	287,86	 83,15	  -7,9	   1,1	   4,9	   5,7	   7,3	   7,9	   7,5	 -12,7
*	    50,0524	 1	285,79	 89,12	 -11,0	  -1,9	   1,8	   2,7	   4,2	   4,8	   4,2	 -16,7
*	    50,1875	 1	285,86	 83,50	 -11,0	  -2,0	   1,8	   2,6	   4,2	   4,7	   4,1	 -16,7
*	    57,6821	 1	284,14	 88,94	 -13,8	  -4,8	  -1,1	  -0,2	   1,3	   1,9	   1,0	 -20,5
*	    57,8033	 1	284,20	 83,80	 -13,9	  -4,9	  -1,1	  -0,3	   1,3	   1,8	   1,0	 -20,5
s	    15,2703	 2	322,42	100,66	  25,4	  34,6	  38,3	  39,2	  40,8	  41,7	  40,6	  20,4
s	    15,3602	 3	216,25	115,33	  23,3	  33,1	  36,9	  37,4	  39,0	  40,7	  40,4	  20,3
s	    15,6286	 3	213,82	 60,51	  23,8	  33,7	  37,6	  38,1	  39,7	  41,4	  41,2	  21,7
*	    26,9158	 1	240,26	 83,24	   2,0	  11,5	  15,3	  16,2	  17,8	  18,6	  17,7	  -2,7
*	    15,6884	 1	225,41	 81,69	   8,5	  18,0	  21,8	  22,7	  24,3	  25,2	  24,6	   5,2
s	    15,8015	 4	 87,00	134,77	  22,3	  32,6	  37,3	  38,1	  39,8	  41,6	  41,0	  21,5
*	    15,8555	 1	156,95	110,99	  -0,3	   9,4	  14,2	  15,3	  17,0	  18,0	  17,1	  -2,4
s	    17,4751	 1	 87,14	 92,39	  25,0	  34,5	  38,4	  39,2	  40,8	  41,7	  41,1	  21,5
*	    28,2420	 1	 29,54	 93,99	   2,0	  11,5	  15,3	  16,1	  17,7	  18,5	  17,6	  -2,9
*	    18,1444	 1	 68,66	 97,21	  10,7	  20,2	  24,0	  24,9	  26,5	  27,4	  26,7	   7,1
*	    21,6626	 1	129,35	 95,78	   7,1	  16,6	  20,4	  21,3	  22,9	  23,7	  23,0	   3,0
*	    23,8545	 1	 39,89	 78,52	  -6,4	   2,7	   6,4	   7,2	   8,9	   9,8	  12,6	  -5,8
*	    23,4371	 1	 39,58	 86,41	  -6,1	   3,1	   6,8	   7,6	   9,2	  10,2	  13,0	  -5,4
*	    22,0418	 1	 45,97	 77,33	  -4,9	   4,3	   8,0	   8,8	  10,4	  11,4	  14,2	  -4,1
*	    21,5900	 1	 45,66	 86,04	  -4,5	   4,7	   8,4	   9,2	  10,8	  11,8	  14,7	  -3,6
*	    20,5045	 1	 53,44	 76,08	  -3,4	   5,7	   9,4	  10,2	  11,9	  12,8	  15,7	  -2,4
*	    20,0167	 1	 53,14	 85,65	  -2,9	   6,2	   9,9	  10,7	  12,4	  13,3	  16,3	  -1,9
*	    19,3016	 1	 62,46	 74,87	  -2,2	   7,0	  10,6	  11,5	  13,1	  14,1	  17,0	  -1,1
*	    18,7796	 1	 62,21	 85,26	  -1,6	   7,5	  11,2	  12,0	  13,7	  14,7	  17,6	  -0,4
*	    18,4978	 1	 72,99	 73,94	  -1,3	   7,8	  11,5	  12,4	  14,0	  15,0	  17,9	  -0,1
*	    17,9489	 1	 72,82	 84,97	  -0,7	   8,5	  12,2	  13,0	  14,6	  15,6	  18,6	   0,6
*	    18,1498	 1	 84,57	 73,50	  -0,9	   8,2	  11,9	  12,8	  14,4	  15,4	  18,3	   0,4
*	    17,5880	 1	 84,51	 84,85	  -0,2	   8,9	  12,6	  13,4	  15,1	  16,1	  19,1	   1,1
*	    18,2864	 1	 96,38	 73,72	  -1,1	   8,1	  11,8	  12,6	  14,2	  15,2	  18,2	   0,2
*	    17,7298	 1	 96,44	 84,95	  -0,4	   8,8	  12,4	  13,3	  14,9	  15,9	  18,9	   0,9
*	    18,8960	 1	107,43	 74,52	  -1,8	   7,4	  11,1	  11,9	  13,5	  14,5	  17,5	  -0,6
*	    18,3609	 1	107,60	 85,22	  -1,2	   8,0	  11,7	  12,5	  14,2	  15,2	  18,1	   0,1
*	    19,9317	 1	117,14	 75,67	  -2,9	   6,3	  10,0	  10,8	  12,4	  13,4	  16,3	  -1,8
*	    19,4284	 1	117,37	 85,62	  -2,3	   6,8	  10,5	  11,3	  13,0	  14,0	  16,9	  -1,2
*	    21,3301	 1	125,26	 76,96	  -4,2	   4,9	   8,6	   9,4	  11,1	  12,0	  14,9	  -3,3
*	    20,8626	 1	125,53	 86,05	  -3,8	   5,4	   9,1	   9,9	  11,5	  12,5	  15,4	  -2,8
s	    17,6718	 4	267,35	146,26	  22,3	  32,0	  35,6	  35,8	  37,4	  40,1	  39,7	  19,3
s	    17,9001	 3	321,87	113,24	  23,5	  32,8	  36,5	  37,0	  38,6	  40,2	  39,7	  19,3
s	    18,1499	 3	324,04	 62,49	  23,9	  33,4	  37,2	  37,7	  39,3	  41,0	  40,5	  20,8
s	    18,1730	 4	266,87	 27,56	  22,7	  32,6	  36,2	  36,5	  38,1	  40,7	  40,3	  20,7
s	    18,4485	 2	 87,17	 79,69	  23,6	  32,8	  36,5	  37,0	  38,6	  40,4	  39,7	  19,2
*	    19,1953	 1	348,86	 83,06	   5,0	  14,2	  17,9	  18,7	  20,4	  21,3	  20,3	   0,5
*	    24,0375	 1	 10,69	 84,24	   2,4	  11,6	  15,2	  16,1	  17,7	  18,7	  17,5	  -2,7
s	    19,9401	 3	 87,08	113,45	  20,2	  30,5	  35,4	  36,2	  37,8	  39,4	  39,2	  18,6
s	    20,1172	 4	213,17	 49,81	  21,0	  31,0	  34,8	  35,0	  36,6	  39,1	  39,0	  18,4
s	    20,1952	 6	216,05	125,76	  21,3	  32,0	  36,0	  36,5	  38,0	  39,5	  39,6	  19,7
*	    20,8017	 1	164,10	 81,26	   5,7	  15,2	  19,1	  19,9	  21,5	  22,3	  21,7	   1,8
s	    20,8673	 3	 87,20	 68,94	  23,3	  32,9	  36,6	  37,1	  38,7	  40,5	  39,7	  19,8
s	    21,7086	 5	 86,95	143,42	  19,1	  29,5	  34,3	  34,7	  36,3	  39,0	  38,5	  17,8
s	    22,0227	 4	321,33	123,71	  23,8	  33,3	  37,1	  37,9	  39,5	  40,2	  39,3	  19,3
s	    22,3635	 4	324,62	 52,18	  21,2	  30,8	  34,5	  34,7	  36,3	  38,7	  38,5	  17,7
s	    22,8161	 6	322,46	122,97	  22,2	  32,0	  35,9	  36,4	  37,9	  39,3	  38,9	  18,8
s	    23,2089	 4	 87,05	123,20	  19,8	  30,5	  35,4	  36,2	  37,8	  39,5	  39,0	  18,9
s	    24,3471	 5	267,40	151,45	  21,1	  31,2	  34,9	  35,0	  36,7	  39,3	  38,7	  18,4
s	    24,8181	 4	 87,23	 59,06	  20,7	  30,4	  34,1	  34,2	  35,9	  38,4	  37,9	  16,8
s	    24,8220	 5	217,41	134,12	  19,7	  30,0	  33,7	  33,9	  35,5	  38,0	  37,8	  16,7
s	    25,2416	 5	212,55	 42,07	  20,2	  30,6	  34,4	  34,6	  36,2	  38,7	  38,4	  18,1
s	    25,3073	 5	134,73	124,52	  20,2	  30,8	  35,8	  36,8	  38,4	  39,2	  38,4	  18,1
s	    25,3999	 5	266,79	 22,18	  19,3	  29,4	  33,0	  32,9	  34,5	  37,9	  37,6	  16,5
s	    26,3300	 2	123,73	 92,01	  22,2	  32,2	  36,1	  37,0	  38,5	  39,2	  38,8	  18,4
s	    26,6795	 2	 49,95	 91,82	  22,1	  31,6	  35,5	  36,4	  37,9	  38,6	  37,7	  16,5
s	    26,8365	 5	320,84	131,49	  20,1	  29,9	  33,6	  33,7	  35,3	  37,7	  37,3	  16,1
s	    26,9148	 3	124,00	101,57	  21,8	  32,0	  36,0	  36,8	  38,3	  39,1	  38,5	  18,1
*	    27,0733	 1	 27,16	 91,97	  -8,2	   0,9	   4,6	   5,5	   7,1	   7,8	   7,8	 -11,0
*	    27,2434	 1	 26,90	 97,79	  -8,3	   0,8	   4,5	   5,4	   7,0	   7,7	   7,7	 -11,1
s	    27,2266	 3	123,43	 81,03	  21,8	  31,5	  35,4	  36,2	  37,7	  38,4	  37,4	  16,2
s	    27,2377	 5	325,17	 44,53	  20,5	  30,5	  34,2	  34,5	  36,0	  38,5	  38,0	  17,5
*	    27,3722	 1	240,53	 94,21	  -8,0	   1,5	   5,3	   6,2	   7,7	   8,5	   7,7	 -12,8
*	    27,4858	 1	 24,33	 89,13	  -8,4	   0,7	   4,4	   5,3	   6,9	   7,6	   7,5	 -11,3
*	    27,5360	 1	 24,07	 94,79	  -8,4	   0,6	   4,4	   5,3	   6,8	   7,6	   7,5	 -11,3
*	    27,8320	 1	 23,81	100,39	  -8,6	   0,4	   4,2	   5,1	   6,6	   7,4	   7,3	 -11,5
*	    27,5954	 1	146,05	 74,88	  -8,3	   1,2	   5,1	   5,9	   7,5	   8,3	   7,4	 -13,1
s	    27,5981	 5	 35,86	122,38	  20,5	  30,7	  35,6	  36,6	  38,2	  39,1	  37,9	  17,4
s	    27,5981	 7	138,31	122,60	  17,5	  28,9	  34,1	  34,8	  36,3	  37,8	  37,7	  17,2
s	    28,2344	 5	 87,25	 53,25	  18,3	  28,9	  33,7	  34,1	  35,8	  38,4	  37,8	  17,2
s	    28,3327	 4	124,23	109,17	  17,6	  28,4	  33,4	  34,1	  35,7	  37,2	  37,1	  15,7
*	    28,5541	 1	244,58	 93,85	  -8,8	   0,7	   4,5	   5,4	   6,9	   7,7	   6,8	 -13,8
*	    29,6053	 1	 27,61	 75,71	  -9,0	   0,0	   3,8	   4,6	   6,2	   6,9	   6,8	 -12,2
*	    29,0562	 1	 27,37	 80,97	  -8,7	   0,4	   4,1	   5,0	   6,6	   7,3	   7,2	 -11,7
*	    28,7395	 1	 27,12	 86,39	  -8,5	   0,6	   4,3	   5,2	   6,8	   7,5	   7,4	 -11,5
s	    29,0971	 4	123,19	 72,78	  20,7	  30,8	  34,6	  35,1	  36,7	  38,4	  37,7	  17,0
s	    29,4260	 5	126,94	 81,45	  19,9	  30,4	  34,4	  35,0	  36,5	  37,9	  37,7	  17,1
s	    29,4260	 3	 47,38	 81,27	  22,1	  31,5	  35,3	  36,0	  37,6	  38,4	  36,9	  15,5
s	    29,7957	 6	135,15	132,09	  16,6	  27,5	  32,3	  32,7	  34,4	  36,8	  36,5	  15,1
s	    30,1204	 6	 38,35	131,54	  17,3	  27,7	  32,5	  32,9	  34,5	  37,0	  36,5	  15,0
s	    30,4826	 4	 46,44	108,12	  17,9	  28,4	  33,2	  34,0	  35,6	  37,2	  36,6	  15,1
s	    30,5362	 6	217,96	140,27	  18,9	  29,5	  33,4	  33,5	  35,1	  37,6	  37,2	  16,4
s	    31,2141	 5	 47,66	 73,36	  19,3	  29,1	  32,8	  32,9	  34,5	  36,9	  36,3	  14,7
s	    31,3032	 5	124,53	118,15	  18,3	  29,3	  34,4	  35,4	  37,0	  37,6	  37,1	  16,3
s	    31,5262	 7	 35,44	129,26	  17,3	  28,1	  33,0	  33,4	  35,0	  37,4	  36,8	  16,0
s	    31,8201	 6	267,45	155,47	  17,9	  28,1	  31,7	  31,6	  33,2	  36,6	  36,1	  14,4
s	    31,9243	 6	211,83	 35,23	  18,2	  28,5	  32,3	  32,5	  34,0	  36,3	  36,1	  14,4
s	    32,1832	 5	 43,70	 81,74	  20,7	  30,5	  34,3	  34,7	  36,3	  37,9	  36,9	  16,0
s	    32,2582	 8	211,06	 35,76	  15,9	  27,0	  31,0	  30,9	  32,3	  35,3	  35,8	  14,1
s	    32,3253	 6	320,35	137,69	  19,4	  29,5	  33,3	  33,5	  35,0	  37,4	  36,8	  15,8
s	    32,3619	 6	266,72	 18,58	  18,4	  28,7	  32,4	  32,3	  33,9	  37,3	  36,8	  15,8
s	    32,4151	 5	122,91	 64,13	  18,3	  28,6	  32,3	  32,5	  34,1	  36,5	  36,1	  14,4
s	    32,7232	 5	 50,90	 64,13	  19,0	  28,8	  32,5	  32,7	  34,2	  36,6	  36,0	  14,3
s	    33,3303	 5	 46,09	116,79	  18,7	  29,3	  34,3	  35,3	  36,9	  37,6	  36,7	  15,7
s	    33,6659	 6	325,81	 37,62	  18,6	  28,5	  32,3	  32,4	  33,9	  36,2	  35,7	  13,9
s	    33,8112	 6	 87,28	 46,37	  14,9	  25,9	  30,7	  30,9	  32,5	  35,7	  35,7	  13,9
s	    34,2850	 8	326,87	 38,48	  17,1	  27,2	  31,1	  31,0	  32,5	  35,4	  35,4	  13,5
*	    35,7915	 1	244,61	 93,14	 -15,0	  -5,8	  -2,0	   1,5	   4,0	   4,7	   3,3	 -18,0
*	    37,7717	 1	245,35	 92,95	 -15,9	  -6,8	  -3,0	   0,5	   3,0	   3,7	   2,2	 -19,2
*	    39,7922	 1	246,04	 92,76	 -16,9	  -7,7	  -3,9	  -0,4	   2,0	   2,7	   1,2	 -20,4
*	    35,4917	 1	244,57	 91,17	 -14,8	  -5,6	  -1,8	   1,7	   4,2	   4,8	   3,4	 -17,8
*	    37,4836	 1	245,31	 91,02	 -15,8	  -6,6	  -2,8	   0,7	   3,2	   3,8	   2,4	 -19,0
*	    39,5152	 1	246,01	 90,91	 -16,8	  -7,6	  -3,8	  -0,3	   2,2	   2,8	   1,3	 -20,2
*	    35,3088	 1	244,53	 89,17	 -14,7	  -5,5	  -1,7	   1,8	   4,3	   4,9	   3,5	 -17,7
*	    37,3080	 1	245,27	 89,10	 -15,7	  -6,5	  -2,7	   0,8	   3,3	   3,9	   2,5	 -18,9
*	    39,3465	 1	245,97	 89,04	 -16,7	  -7,5	  -3,7	  -0,2	   2,3	   2,9	   1,4	 -20,1
*	    35,2446	 1	244,49	 87,18	 -14,7	  -5,5	  -1,7	   1,8	   4,3	   5,0	   3,6	 -17,6
*	    37,2464	 1	245,23	 87,17	 -15,7	  -6,5	  -2,7	   0,8	   3,3	   4,0	   2,5	 -18,9
*	    39,2874	 1	245,93	 87,16	 -16,6	  -7,5	  -3,7	  -0,2	   2,3	   3,0	   1,5	 -20,1
*	    35,2997	 1	244,44	 85,19	 -14,7	  -5,5	  -1,7	   1,8	   4,3	   5,0	   3,6	 -17,6
*	    37,2994	 1	245,19	 85,24	 -15,7	  -6,5	  -2,7	   0,8	   3,3	   3,9	   2,5	 -18,9
*	    39,3384	 1	245,89	 85,29	 -16,7	  -7,5	  -3,7	  -0,2	   2,3	   2,9	   1,4	 -20,1
*	    35,4736	 1	244,40	 83,20	 -14,8	  -5,6	  -1,8	   1,7	   4,2	   4,9	   3,5	 -17,8
*	    37,4666	 1	245,15	 83,31	 -15,8	  -6,6	  -2,8	   0,7	   3,2	   3,8	   2,4	 -19,0
*	    39,4991	 1	245,85	 83,43	 -16,8	  -7,6	  -3,8	  -0,3	   2,2	   2,9	   1,3	 -20,2
s	    36,4064	 6	122,65	 57,17	  18,0	  28,6	  32,4	  32,5	  34,1	  36,5	  36,0	  14,7
s	    37,1868	 7	218,54	145,42	  16,1	  26,8	  30,6	  30,4	  31,9	  35,2	  34,9	  12,8
s	    37,6770	 7	211,24	 30,98	  16,5	  27,4	  31,2	  31,1	  32,7	  35,9	  35,6	  14,2
s	    38,6507	 2	338,19	 88,65	  20,8	  30,3	  34,2	  35,1	  36,6	  37,2	  36,2	  14,7
s	    38,6507	 2	196,09	 88,92	  20,1	  29,6	  33,5	  34,4	  35,9	  36,4	  35,2	  12,9
s	    38,7691	 7	319,83	142,98	  16,6	  26,8	  30,5	  30,4	  31,9	  35,1	  34,6	  12,3
s	    38,9255	 7	267,50	158,25	  17,1	  27,6	  31,3	  31,1	  32,7	  36,1	  35,4	  13,9
s	    39,1109	 3	337,84	 96,17	  20,5	  30,2	  34,1	  34,9	  36,5	  37,1	  36,0	  14,5
s	    39,1109	 3	196,45	 96,44	  19,8	  29,5	  33,4	  34,2	  35,7	  36,3	  35,0	  12,7
s	    39,2459	 7	326,34	 33,25	  17,0	  27,4	  31,2	  31,1	  32,6	  35,8	  35,3	  13,8
s	    39,2693	 3	195,70	 80,83	  18,7	  28,5	  32,4	  33,0	  34,5	  35,9	  35,0	  12,6
s	    39,5372	 7	 87,30	 41,23	  14,2	  25,6	  30,5	  30,7	  32,3	  35,5	  35,3	  13,7
s	    40,0290	 7	266,63	 15,67	  15,4	  25,8	  29,5	  29,0	  30,6	  34,7	  34,4	  12,0
s	    40,5473	 7	 86,94	145,25	  15,6	  26,3	  30,0	  29,9	  31,4	  34,6	  34,3	  11,9
s	    40,6373	 7	122,43	 51,74	  13,8	  25,1	  30,2	  30,7	  32,2	  34,3	  34,3	  11,8
s	    40,6933	 4	196,84	104,27	  18,3	  28,3	  32,2	  32,7	  34,2	  35,6	  34,6	  12,1
s	    42,1125	 3	339,49	 81,00	  19,0	  29,0	  32,8	  33,3	  34,9	  36,4	  35,5	  13,7
s	    42,3551	 7	 48,56	 52,83	  14,3	  25,3	  30,2	  30,6	  32,2	  34,4	  34,0	  11,4
s	    43,0980	 5	337,12	110,79	  18,2	  28,4	  32,3	  32,8	  34,3	  35,7	  34,8	  12,9
s	    43,0981	 5	197,20	111,06	  18,2	  28,4	  32,3	  32,8	  34,3	  35,7	  34,8	  12,9
s	    43,5417	 5	194,94	 66,36	  16,6	  26,7	  30,6	  30,8	  32,3	  34,4	  34,0	  11,3
*	    43,7373	 1	247,25	 92,44	 -11,2	  -1,8	   2,1	   2,9	   4,5	   5,1	   3,9	 -18,1
s	    43,7711	 4	339,85	 73,57	  19,4	  29,3	  33,2	  33,9	  35,4	  36,1	  34,8	  12,9
s	    44,0661	 3	 32,28	 91,26	  19,0	  29,1	  33,1	  34,0	  35,4	  35,9	  35,1	  13,1
s	    44,0661	 3	142,00	 91,49	  18,3	  28,3	  32,4	  33,3	  34,7	  35,1	  34,1	  11,4
s	    44,1543	 6	338,58	103,75	  17,3	  27,9	  32,0	  32,6	  34,0	  35,1	  34,8	  12,8
s	    44,1931	 8	219,11	149,45	  16,4	  27,2	  31,1	  31,2	  32,7	  35,0	  34,3	  12,3
s	    44,6317	 4	141,70	 84,10	  17,0	  27,3	  31,3	  31,9	  33,4	  34,6	  33,9	  11,1
s	    44,7041	 8	210,55	 27,02	  13,7	  24,7	  28,5	  28,0	  29,6	  33,5	  33,4	  10,6
s	    45,1654	 8	 86,91	148,38	  14,0	  25,2	  29,9	  30,0	  31,6	  35,0	  34,1	  12,1
s	    45,4116	 8	122,20	 46,99	  12,4	  24,3	  29,4	  29,5	  31,1	  34,1	  34,1	  12,0
s	    45,5158	 3	144,77	 91,39	  18,1	  28,2	  32,2	  33,1	  34,5	  34,9	  33,8	  11,0
s	    45,5175	 5	 31,75	103,73	  15,4	  26,4	  31,5	  32,3	  33,8	  35,1	  34,6	  12,5
s	    45,5555	 6	 21,41	112,07	  15,7	  26,5	  31,5	  32,2	  33,8	  35,2	  34,3	  12,2
s	    45,5555	 6	152,82	112,33	  15,7	  26,5	  31,5	  32,2	  33,8	  35,2	  34,3	  12,2
s	    45,6030	 8	319,32	147,17	  16,9	  27,3	  31,1	  31,2	  32,7	  35,0	  34,1	  12,0
s	    45,6096	 3	324,66	 88,09	  18,8	  28,9	  32,9	  33,8	  35,2	  35,7	  34,9	  12,7
s	    45,6575	 8	 51,72	 47,03	  13,2	  24,6	  29,5	  29,7	  31,3	  34,3	  34,1	  11,9
*	    45,8321	 1	250,08	 92,23	 -17,7	  -8,2	  -4,4	  -3,5	  -2,0	  -1,3	  -2,7	 -24,8
s	    46,0202	 4	324,38	 94,81	  18,6	  28,8	  32,8	  33,6	  35,1	  35,6	  34,7	  12,5
s	    46,0688	 4	144,47	 84,16	  16,8	  27,1	  31,1	  31,7	  33,2	  34,4	  33,6	  10,7
s	    46,0793	 5	141,43	 77,44	  17,1	  27,6	  31,6	  32,1	  33,6	  34,9	  34,3	  12,2
s	    46,1029	 8	326,95	 29,12	  14,3	  24,8	  28,5	  28,1	  29,6	  33,5	  33,2	  10,3
s	    46,1292	 8	 87,33	 36,75	  11,5	  23,0	  27,9	  27,7	  29,3	  33,2	  33,2	  10,3
s	    46,1618	 4	324,96	 80,86	  17,5	  27,8	  31,9	  32,5	  33,9	  35,1	  34,6	  12,5
s	    46,1978	 5	340,19	 67,11	  16,3	  26,5	  30,3	  30,4	  31,9	  34,3	  33,5	  10,6
s	    46,3305	 8	125,47	138,55	  13,8	  25,0	  28,9	  28,7	  30,2	  33,3	  33,2	  10,2
s	    46,5781	 6	197,59	117,72	  16,0	  26,3	  30,1	  30,3	  31,8	  34,0	  33,3	  10,4
s	    46,6951	 8	267,55	160,57	  14,2	  24,9	  28,5	  28,0	  29,6	  33,7	  33,1	  10,1
s	    46,8584	 6	194,57	 60,25	  16,5	  26,9	  30,8	  31,0	  32,5	  34,7	  34,1	  11,8
s	    47,0059	 7	143,19	105,85	  16,0	  26,6	  30,8	  31,3	  32,7	  33,7	  33,2	  10,2
s	    47,2536	 8	266,55	 13,58	  14,7	  25,5	  29,1	  28,7	  30,3	  34,4	  33,8	  11,5
s	    47,3462	 5	145,35	105,17	  16,4	  26,9	  30,9	  31,5	  32,9	  34,2	  33,3	  10,3
s	    47,5348	 6	142,77	110,38	  14,7	  25,8	  31,0	  31,7	  33,2	  34,5	  34,0	  11,7
s	    47,5348	 6	 31,45	110,14	  14,7	  25,8	  31,0	  31,7	  33,2	  34,5	  34,0	  11,7
s	    47,5759	 5	325,23	 74,36	  17,1	  27,6	  31,7	  32,2	  33,6	  34,9	  34,3	  12,0
s	    47,6365	 6	340,97	 74,54	  17,6	  28,0	  31,9	  32,3	  33,8	  35,2	  34,2	  11,9
s	    48,5640	 6	141,15	 70,70	  15,0	  25,6	  29,6	  29,8	  31,2	  33,3	  33,0	   9,9
s	    48,9090	 7	153,17	118,80	  13,5	  24,4	  29,4	  29,7	  31,3	  33,5	  32,8	   9,7
s	    48,9101	 6	145,56	109,88	  14,5	  25,7	  30,8	  31,5	  33,0	  34,3	  33,7	  11,3
s	    49,3852	 7	340,53	 61,19	  14,4	  24,9	  28,8	  28,6	  30,1	  33,1	  32,8	   9,5
s	    49,6049	 6	323,82	108,03	  16,4	  27,1	  31,1	  31,6	  33,0	  34,3	  33,6	  11,1
s	    49,9187	 6	143,91	 71,02	  14,8	  25,4	  29,4	  29,6	  31,0	  33,1	  32,8	   9,5
s	    50,0065	 6	325,54	 67,74	  14,8	  25,4	  29,4	  29,6	  31,0	  33,1	  32,8	   9,5
s	    50,5175	 7	197,94	123,23	  15,8	  26,4	  30,3	  30,5	  31,9	  34,2	  33,4	  10,8
s	    50,5620	 7	325,74	101,79	  15,5	  26,6	  30,9	  31,4	  32,7	  33,7	  33,6	  11,0
s	    50,8221	 7	140,95	 66,30	  13,0	  24,4	  29,6	  30,1	  31,5	  33,6	  33,3	  10,7
s	    51,1768	 7	340,05	 54,12	  14,1	  24,7	  28,6	  28,4	  29,9	  32,9	  32,5	   9,1
s	    51,1768	 7	194,18	 54,40	  14,1	  24,7	  28,6	  28,4	  29,9	  32,9	  32,5	   9,1
s	    52,7686	 7	323,53	114,20	  14,2	  25,0	  29,0	  29,2	  30,6	  32,6	  32,2	   8,7
s	    52,9407	 7	143,64	 65,34	  14,7	  25,7	  29,7	  29,9	  31,4	  33,4	  33,0	  10,2
s	    53,0247	 7	325,82	 62,07	  14,7	  25,7	  29,7	  29,9	  31,3	  33,4	  33,0	  10,2
s	    55,6850	 8	 33,78	 59,09	  12,6	  23,7	  27,7	  27,6	  29,0	  31,8	  31,6	   7,9
s	    55,7649	 8	198,35	128,80	  14,4	  24,9	  28,8	  28,9	  30,4	  32,4	  31,6	   7,9
s	    55,8638	 1	267,13	 86,92	  18,7	  28,2	  32,0	  32,9	  34,4	  35,0	  33,4	  10,4
*	    61,1479	 1	283,56	 84,29	  -4,3	   5,2	   9,0	   9,8	  11,3	  11,9	  10,2	 -13,3
*	    56,1012	 1	269,27	 84,09	  -2,4	   7,1	  10,9	  11,7	  13,3	  13,9	  12,3	 -10,8
*	    58,9212	 1	254,71	 84,26	  -3,5	   6,0	   9,8	  10,7	  12,2	  12,7	  11,1	 -12,2
s	    56,1379	 8	340,43	 49,00	  14,9	  25,5	  29,5	  29,7	  31,1	  33,2	  32,4	   9,3
s	    56,1379	 8	193,78	 49,27	  14,9	  25,5	  29,5	  29,7	  31,1	  33,2	  32,4	   9,3
s	    56,2182	 2	267,15	 92,73	  18,5	  28,1	  31,9	  32,8	  34,3	  34,9	  33,3	  10,2
s	    56,3405	 2	267,12	 80,68	  17,4	  27,2	  31,0	  31,6	  33,1	  34,5	  33,2	  10,2
s	    56,3837	 8	323,27	119,40	  14,1	  25,2	  29,3	  29,4	  30,9	  32,9	  32,3	   9,3
s	    56,9918	 8	326,12	 56,53	  12,5	  23,6	  27,5	  27,4	  28,8	  31,6	  31,4	   7,6
s	    57,4457	 3	267,16	 98,85	  16,3	  26,1	  29,9	  30,3	  31,9	  33,3	  31,9	   8,0
s	    57,5660	 3	267,10	 75,01	  16,8	  26,8	  30,6	  31,1	  32,6	  34,1	  32,7	   9,5
s	    57,9985	 8	337,04	127,21	  14,1	  24,8	  28,6	  28,7	  30,1	  32,4	  31,3	   7,3
s	    59,3355	 4	267,18	104,31	  16,4	  26,5	  30,3	  30,8	  32,3	  33,8	  32,3	   9,0
s	    59,5983	 2	249,34	 87,11	  17,3	  27,3	  31,3	  32,1	  33,6	  34,1	  32,7	   9,4
s	    59,6872	 4	267,09	 69,17	  14,8	  24,9	  28,6	  28,8	  30,3	  32,5	  31,5	   7,4
s	    59,9359	 3	249,43	 92,64	  17,1	  27,3	  31,2	  32,0	  33,5	  34,0	  32,6	   9,2
s	    60,0524	 3	249,23	 81,16	  16,0	  26,3	  30,3	  30,8	  32,3	  33,6	  32,6	   9,2
s	    60,7351	 2	287,34	 87,06	  18,0	  27,5	  31,4	  32,2	  33,7	  34,1	  32,6	   9,1
s	    61,0679	 3	287,26	 92,51	  17,7	  27,4	  31,3	  32,1	  33,6	  34,1	  32,4	   8,9
s	    61,1062	 4	249,54	 98,48	  15,0	  25,3	  29,1	  29,6	  31,1	  32,4	  31,3	   7,0
s	    61,2210	 4	249,13	 75,76	  15,5	  25,9	  29,9	  30,4	  31,8	  33,2	  32,1	   8,6
s	    62,1189	 5	267,19	109,84	  14,3	  24,6	  28,3	  28,5	  30,0	  32,2	  31,0	   6,7
s	    62,1789	 3	343,83	 89,00	  16,8	  26,4	  30,4	  31,2	  32,7	  32,9	  31,2	   6,9
s	    62,2217	 4	287,17	 98,27	  15,6	  25,4	  29,2	  29,7	  31,2	  32,4	  31,1	   6,8
s	    62,3350	 4	287,51	 75,86	  16,1	  26,1	  30,0	  30,5	  32,0	  33,2	  31,9	   8,3
s	    62,3454	 5	267,07	 64,07	  14,8	  25,2	  29,0	  29,2	  30,7	  33,0	  31,8	   8,2
s	    62,5057	 4	343,57	 94,35	  16,6	  26,3	  30,3	  31,1	  32,5	  32,9	  31,1	   6,7
s	    62,5997	 7	244,31	 81,04	  12,4	  24,0	  28,3	  28,6	  29,9	  31,6	  31,8	   8,1
s	    63,2476	 5	249,02	 70,16	  13,5	  24,1	  27,9	  28,1	  29,6	  31,7	  30,9	   6,4
s	    63,6395	 5	343,30	100,00	  15,2	  25,2	  29,2	  29,8	  31,2	  32,3	  30,8	   6,3
s	    64,1665	 5	287,09	103,82	  16,7	  26,6	  30,6	  31,4	  32,8	  33,1	  31,5	   7,8
s	    64,3344	 5	287,60	 70,33	  14,1	  24,2	  28,1	  28,2	  29,7	  31,7	  30,7	   6,2
s	    64,4480	 3	190,08	 89,30	  16,6	  26,6	  30,7	  31,5	  32,9	  33,2	  31,9	   8,1
s	    64,5590	 7	287,86	103,75	  15,2	  25,4	  29,5	  30,0	  31,4	  32,4	  31,2	   7,4
s	    64,7659	 4	190,34	 94,50	  16,3	  26,6	  30,6	  31,4	  32,8	  33,2	  31,8	   8,0
s	    64,8757	 4	189,80	 83,70	  15,3	  25,6	  29,7	  30,2	  31,6	  32,7	  31,8	   7,9
s	    65,3324	 6	267,21	114,62	  14,3	  24,9	  28,7	  28,8	  30,3	  32,6	  31,3	   7,4
s	    65,3901	 6	343,04	105,08	  15,3	  25,5	  29,5	  30,0	  31,4	  32,5	  31,2	   7,4
s	    65,5765	 6	249,73	109,04	  13,0	  23,8	  27,7	  27,8	  29,2	  31,4	  30,4	   5,8
s	    65,7938	 6	248,92	 65,24	  13,5	  24,4	  28,4	  28,6	  30,0	  32,1	  31,2	   7,3
s	    65,8693	 5	190,61	100,01	  15,0	  25,5	  29,5	  30,0	  31,4	  32,6	  31,5	   7,6
s	    65,8762	 6	267,06	 58,97	  12,7	  23,2	  27,0	  26,8	  28,3	  31,3	  30,4	   5,7
s	    65,9777	 5	189,55	 78,60	  15,0	  25,5	  29,5	  30,0	  31,4	  32,6	  31,5	   7,6
s	    66,6336	 6	287,01	108,70	  13,7	  23,9	  27,8	  27,9	  29,4	  31,4	  30,3	   5,5
s	    66,6468	 5	344,83	 78,41	  14,9	  25,1	  29,0	  29,4	  30,9	  32,2	  30,4	   5,6
s	    66,8482	 6	287,68	 65,47	  14,1	  24,6	  28,5	  28,7	  30,1	  32,2	  31,0	   7,0
s	    67,9792	 7	342,77	110,26	  13,3	  23,6	  27,5	  27,7	  29,1	  31,0	  30,0	   5,1
s	    68,6628	 7	249,83	113,66	  13,0	  24,1	  28,0	  28,2	  29,6	  31,8	  30,7	   6,5
s	    69,3925	 7	267,22	119,33	  12,1	  22,8	  26,6	  26,4	  27,9	  30,9	  29,8	   4,8
s	    69,4522	 7	248,80	 59,97	  12,4	  23,2	  27,2	  27,3	  28,7	  30,7	  29,8	   4,8
s	    69,6830	 7	286,93	113,28	  13,6	  24,3	  28,2	  28,3	  29,8	  31,8	  30,5	   6,3
s	    69,7042	 7	267,04	 54,64	  12,6	  23,5	  27,3	  27,1	  28,6	  31,6	  30,5	   6,3
s	    69,9658	 8	345,30	 72,64	  13,9	  24,2	  28,4	  28,8	  30,2	  31,0	  29,6	   4,6
s	    70,0197	 4	153,12	 91,11	  15,1	  25,6	  29,8	  30,6	  32,0	  32,2	  31,1	   6,8
s	    70,1000	 7	191,14	110,03	  12,3	  23,1	  27,1	  27,2	  28,6	  30,6	  29,7	   4,6
s	    70,3063	 7	189,01	 68,61	  12,8	  23,8	  27,8	  28,0	  29,4	  31,4	  30,5	   6,1
s	    70,4634	 7	287,78	 60,25	  13,0	  23,4	  27,3	  27,4	  28,8	  30,7	  29,6	   4,6
s	    70,9431	 7	345,35	 68,50	  13,5	  24,1	  28,0	  28,2	  29,6	  31,7	  30,4	   6,0
s	    70,9828	 8	342,51	114,78	  13,3	  24,0	  27,9	  28,1	  29,5	  31,4	  30,3	   5,9
s	    71,9770	 4	 50,39	 92,02	  14,9	  25,4	  29,6	  30,4	  31,8	  32,0	  30,8	   6,3
s	    72,2687	 5	 50,24	 96,79	  14,6	  25,4	  29,5	  30,3	  31,7	  31,9	  30,7	   6,2
s	    72,5748	 8	249,93	118,26	  10,8	  22,1	  25,9	  25,7	  27,2	  30,1	  29,3	   4,0
s	    72,8757	 8	248,71	 56,08	  11,3	  22,7	  26,6	  26,5	  28,0	  30,8	  30,0	   5,5
s	    72,9874	 6	 50,11	100,72	  11,3	  22,8	  28,1	  28,9	  30,3	  31,2	  30,5	   5,9
s	    73,0342	 8	191,40	114,46	  12,3	  23,5	  27,5	  27,7	  29,1	  31,0	  30,0	   5,4
s	    73,3299	 4	 20,25	 90,81	  14,7	  25,0	  29,0	  29,8	  31,2	  31,5	  29,6	   4,3
s	    73,3399	 2	 87,13	 92,67	  15,9	  25,9	  29,9	  30,7	  32,2	  32,5	  30,8	   6,3
s	    73,4781	 3	231,07	 87,59	  15,0	  25,0	  29,0	  29,9	  31,3	  31,5	  29,7	   4,3
s	    73,5517	 8	286,85	117,84	  11,5	  22,2	  26,1	  25,9	  27,3	  30,2	  29,1	   3,8
s	    73,6272	 3	 87,12	 97,38	  15,7	  25,9	  29,8	  30,6	  32,0	  32,5	  30,7	   6,1
s	    73,6492	 8	267,23	123,31	  12,0	  23,0	  26,8	  26,7	  28,2	  31,2	  29,9	   5,3
s	    73,7264	 3	 87,15	 87,61	  15,4	  25,3	  29,1	  29,7	  31,1	  32,5	  30,7	   6,1
s	    73,7650	 4	231,22	 92,29	  14,7	  24,9	  29,0	  29,7	  31,1	  31,4	  29,5	   4,2
s	    73,8494	 8	287,86	 56,39	  12,0	  22,9	  26,8	  26,6	  28,1	  30,9	  29,9	   5,3
s	    73,8641	 4	230,92	 82,54	  13,7	  24,0	  28,0	  28,6	  30,0	  31,0	  29,5	   4,1
s	    74,1868	 7	153,45	 81,33	  12,7	  23,6	  27,7	  27,9	  29,3	  31,2	  30,2	   5,5
s	    74,2045	 5	 49,05	 86,94	  14,2	  24,8	  28,7	  29,2	  30,6	  31,9	  30,4	   5,7
s	    74,3416	 8	267,02	 50,40	  10,4	  21,4	  25,1	  24,6	  26,1	  29,9	  29,0	   3,6
s	    74,4111	 7	 49,96	105,33	  10,7	  22,4	  27,7	  28,4	  29,8	  30,8	  29,9	   5,2
s	    74,6258	 4	 87,11	102,38	  13,6	  23,9	  27,8	  28,2	  29,7	  30,9	  29,4	   4,0
s	    74,7142	 6	 20,70	 81,12	  13,1	  23,8	  27,9	  28,3	  29,7	  30,8	  29,2	   3,7
s	    74,7240	 4	 87,16	 82,98	  14,8	  25,0	  28,8	  29,2	  30,7	  32,1	  30,2	   5,5
s	    74,7621	 5	231,38	 97,28	  13,4	  23,9	  27,9	  28,4	  29,8	  30,9	  29,3	   3,8
s	    75,2981	 6	 49,22	 81,98	  14,6	  25,2	  29,2	  29,9	  31,3	  31,7	  29,9	   5,2
s	    75,7291	 7	 19,62	103,92	  10,8	  22,2	  27,3	  28,0	  29,4	  30,6	  29,0	   3,4
s	    75,7388	 5	 87,10	105,80	  11,8	  22,9	  27,9	  28,7	  30,2	  31,4	  30,0	   5,2
s	    75,7887	 7	154,57	105,71	  13,8	  24,9	  29,1	  29,8	  31,2	  31,4	  30,0	   5,2
s	    76,3079	 6	231,53	101,79	  13,5	  24,2	  28,2	  28,7	  30,1	  31,2	  29,8	   4,9
s	    76,3901	 3	101,71	 92,62	  14,7	  25,2	  29,3	  30,1	  31,5	  31,8	  30,3	   5,5
s	    76,4633	 5	 87,17	 78,13	  12,9	  23,2	  26,9	  27,0	  28,5	  30,6	  29,1	   3,5
s	    76,5970	 6	230,60	 73,08	  11,9	  22,6	  26,5	  26,7	  28,1	  29,9	  29,0	   3,3
s	    76,6669	 5	145,33	 91,45	  13,5	  24,5	  28,8	  29,7	  31,0	  31,0	  30,1	   5,2
s	    76,6682	 4	101,75	 97,18	  14,4	  25,1	  29,2	  30,0	  31,4	  31,7	  30,2	   5,3
s	    76,7643	 4	101,66	 87,72	  14,1	  24,6	  28,5	  29,1	  30,5	  31,7	  30,2	   5,3
s	    76,9276	 7	 49,37	 77,51	  11,7	  22,6	  26,5	  26,6	  28,0	  30,1	  28,8	   3,1
s	    76,9443	 6	145,52	 95,99	  13,2	  24,5	  28,8	  29,6	  30,9	  30,9	  29,9	   5,0
s	    77,0401	 6	145,13	 86,57	  12,2	  23,5	  27,8	  28,4	  29,7	  30,5	  29,9	   5,0
s	    77,0884	 7	 19,64	 85,54	  12,7	  23,4	  27,5	  28,0	  29,4	  30,3	  28,8	   3,1
s	    77,3282	 3	 70,54	 92,52	  15,3	  25,4	  29,4	  30,2	  31,6	  31,9	  30,2	   5,3
s	    77,6036	 4	 70,47	 97,03	  15,1	  25,3	  29,3	  30,1	  31,5	  31,8	  30,1	   5,1
s	    77,6353	 5	101,80	102,03	  12,4	  23,2	  27,2	  27,6	  29,0	  30,1	  28,9	   3,2
s	    77,7304	 5	101,61	 83,23	  13,6	  24,2	  28,2	  28,6	  30,1	  31,3	  29,7	   4,7
s	    77,8938	 6	 87,09	110,52	   9,8	  21,1	  26,0	  26,4	  27,9	  29,9	  28,8	   3,0
s	    78,0034	 7	144,94	 82,09	  11,9	  23,4	  27,7	  28,2	  29,5	  30,4	  29,7	   4,7
s	    78,0627	 8	 21,10	 73,01	   9,9	  21,5	  26,6	  27,0	  28,5	  30,4	  29,3	   4,3
s	    78,3513	 8	 48,28	109,73	   8,6	  20,5	  25,6	  26,0	  27,4	  29,4	  28,5	   2,7
s	    78,5614	 5	 70,38	101,83	  13,0	  23,3	  27,3	  27,8	  29,2	  30,2	  28,8	   3,0
s	    78,6068	 7	231,68	106,46	  11,5	  22,3	  26,3	  26,4	  27,8	  29,7	  28,6	   2,8
s	    78,6556	 5	 70,70	 83,22	  14,3	  24,4	  28,3	  28,8	  30,2	  31,4	  29,6	   4,5
s	    78,6643	 6	 87,18	 73,81	  13,0	  23,6	  27,4	  27,5	  29,0	  31,2	  29,5	   4,4
s	    78,7139	 6	101,84	105,34	  10,5	  22,2	  27,4	  28,1	  29,5	  30,6	  29,5	   4,4
s	    78,7950	 7	230,45	 68,77	  12,0	  23,0	  27,0	  27,2	  28,6	  30,5	  29,4	   4,3
s	    79,4164	 6	101,56	 78,53	  11,7	  22,4	  26,3	  26,4	  27,9	  29,9	  28,6	   2,7
s	    79,6298	 6	 70,33	105,12	  11,2	  22,4	  27,5	  28,2	  29,7	  30,7	  29,4	   4,2
s	    80,3258	 6	 70,78	 78,56	  12,4	  22,6	  26,5	  26,6	  28,0	  30,0	  28,5	   2,5
s	    80,4554	 7	 87,08	114,70	   9,9	  21,5	  26,5	  26,9	  28,4	  30,4	  29,2	   3,9
s	    80,7321	 8	 18,28	 99,84	  10,2	  21,6	  26,8	  27,5	  28,8	  29,8	  28,2	   2,2
s	    80,8044	 7	101,89	109,93	   8,6	  20,4	  25,5	  25,9	  27,3	  29,2	  28,3	   2,3
s	    80,9669	 8	156,05	 99,54	   7,4	  20,2	  26,6	  27,6	  29,0	  30,0	  29,2	   4,0
s	    81,2915	 8	231,82	110,57	  11,6	  22,7	  26,8	  26,9	  28,3	  30,2	  28,9	   3,7
s	    81,5526	 7	101,52	 74,33	  11,8	  22,9	  26,8	  27,0	  28,4	  30,4	  29,0	   3,7
s	    81,6220	 7	 87,19	 69,40	  11,0	  21,7	  25,4	  25,2	  26,7	  29,6	  28,2	   2,1
s	    81,7013	 7	 70,24	109,67	   9,3	  20,6	  25,6	  26,0	  27,4	  29,3	  28,2	   2,1
s	    81,7489	 8	230,29	 64,37	  10,0	  21,1	  25,1	  24,9	  26,3	  28,9	  28,1	   2,0
s	    82,4428	 7	 70,85	 74,39	  12,5	  23,1	  27,0	  27,1	  28,5	  30,5	  28,9	   3,5
s	    82,5848	 6	102,60	 83,68	  11,0	  22,3	  27,3	  28,0	  29,5	  30,7	  29,0	   3,6
s	    83,2930	 8	101,94	114,01	   8,7	  20,8	  25,9	  26,4	  27,8	  29,7	  28,7	   3,2
s	    83,7702	 8	 87,06	118,94	   7,8	  19,5	  24,5	  24,6	  26,1	  28,9	  27,8	   1,6
s	    84,1681	 8	 70,17	113,71	   9,3	  21,0	  26,1	  26,5	  27,9	  29,8	  28,6	   3,0
s	    84,6544	 8	101,47	 69,73	  10,8	  21,8	  25,7	  25,8	  27,2	  29,1	  27,7	   1,4
s	    84,8694	 8	 87,21	 65,55	  10,3	  21,6	  25,6	  25,4	  26,8	  29,7	  28,5	   2,9
s	    85,5181	 8	 70,93	 69,83	  11,5	  22,0	  25,9	  26,0	  27,3	  29,2	  27,6	   1,2
s	    88,1085	 4	117,66	 92,38	  12,7	  23,3	  27,4	  28,2	  29,6	  29,6	  27,8	   1,1
s	    88,1085	 4	 56,61	 92,23	  13,4	  24,0	  28,2	  29,0	  30,3	  30,4	  28,8	   2,9
s	    88,3562	 5	 56,50	 96,29	  13,2	  23,9	  28,1	  28,9	  30,2	  30,3	  28,7	   2,7
s	    88,3562	 5	117,76	 96,43	  12,5	  23,2	  27,4	  28,1	  29,5	  29,6	  27,6	   1,0
s	    88,4417	 5	117,56	 88,01	  12,2	  22,7	  26,7	  27,2	  28,6	  29,5	  27,6	   0,9
s	    89,2185	 6	117,86	100,76	  11,1	  22,1	  26,3	  26,8	  28,1	  29,0	  27,4	   0,7
s	    89,6894	 4	313,73	 87,78	  13,3	  23,4	  27,5	  28,3	  29,7	  29,7	  27,6	   0,8
s	    89,9335	 5	313,59	 91,78	  13,1	  23,3	  27,5	  28,2	  29,6	  29,6	  27,4	   0,6
s	    90,0178	 5	313,87	 83,48	  12,0	  22,4	  26,5	  27,1	  28,4	  29,2	  27,4	   0,6
s	    90,1823	 7	 56,29	103,59	   9,4	  21,0	  26,3	  27,0	  28,4	  29,3	  28,0	   1,9
s	    90,1823	 7	117,93	103,73	   9,4	  21,0	  26,3	  27,0	  28,4	  29,3	  28,0	   1,9
s	    90,7834	 6	313,44	 96,04	  11,8	  22,3	  26,4	  26,9	  28,2	  29,1	  27,2	   0,3
s	    90,8113	 7	117,37	 79,78	  10,5	  21,3	  25,3	  25,4	  26,7	  28,6	  27,1	   0,2
s	    90,8671	 6	314,01	 79,53	  11,8	  22,3	  26,4	  26,9	  28,2	  29,1	  27,2	   0,3
s	    91,3010	 4	186,88	 89,51	  13,2	  23,3	  27,4	  28,2	  29,5	  29,5	  27,4	   0,5
s	    91,3010	 4	347,40	 89,22	  13,9	  24,0	  28,1	  29,0	  30,3	  30,3	  28,4	   2,2
s	    91,3926	 4	219,72	 88,02	  13,3	  23,2	  27,2	  26,7	  27,0	  27,3	  25,3	  -0,9
s	    91,5415	 5	187,08	 93,44	  13,0	  23,2	  27,3	  28,1	  29,4	  29,5	  27,3	   0,3
s	    91,5415	 5	347,21	 93,16	  13,7	  24,0	  28,1	  28,9	  30,2	  30,2	  28,3	   2,1
s	    91,6329	 5	219,87	 91,96	  13,0	  23,2	  27,1	  26,5	  26,9	  27,2	  25,2	  -1,1
s	    91,7160	 5	219,55	 83,79	  12,0	  22,2	  26,2	  25,4	  25,7	  26,8	  25,1	  -1,1
s	    92,0565	 8	118,03	107,88	   7,4	  19,2	  24,4	  24,8	  26,2	  27,9	  26,9	  -0,1
s	    92,1058	 7	313,30	 99,92	  11,9	  22,7	  26,8	  27,2	  28,6	  29,4	  27,8	   1,5
s	    92,3791	 6	187,29	 97,64	  11,6	  22,2	  26,3	  26,8	  28,1	  28,9	  27,1	   0,0
s	    92,3791	 6	347,00	 97,36	  12,4	  22,9	  27,0	  27,5	  28,9	  29,7	  28,1	   1,8
s	    92,4698	 6	220,03	 96,15	  11,6	  22,6	  26,8	  27,3	  28,6	  29,5	  28,1	   1,8
s	    92,5523	 6	219,40	 79,89	  11,7	  22,1	  26,0	  25,2	  25,5	  26,7	  24,9	  -1,4
s	    92,7291	 8	117,27	 75,97	  10,6	  21,8	  25,8	  25,9	  27,3	  29,1	  27,6	   1,3
s	    93,6827	 7	346,81	101,18	  12,1	  22,8	  26,9	  27,3	  28,7	  29,5	  27,8	   1,4
s	    93,9271	 7	186,27	 77,27	  10,3	  21,1	  25,2	  25,4	  26,7	  28,3	  26,8	  -0,4
s	    94,0829	 8	313,16	103,97	  10,0	  20,9	  24,9	  25,0	  26,4	  28,0	  26,6	  -0,5
s	    94,2453	 8	314,31	 71,61	  10,5	  21,5	  25,6	  25,8	  27,1	  28,8	  27,4	   1,0
s	    94,6026	 5	186,42	 85,40	  11,7	  22,2	  26,2	  26,7	  28,1	  29,0	  26,9	  -0,3
s	    94,6026	 5	347,86	 85,12	  12,4	  22,9	  26,9	  27,4	  28,8	  29,7	  27,9	   1,5
s	    95,4177	 6	186,23	 81,61	  11,4	  22,1	  26,1	  26,5	  27,9	  28,9	  26,7	  -0,6
s	    95,4177	 6	348,05	 81,32	  12,1	  22,8	  26,8	  27,3	  28,7	  29,6	  27,7	   1,2
s	    95,7207	 8	220,34	103,97	   9,2	  20,5	  24,6	  24,7	  26,0	  27,7	  26,5	  -0,9
s	    95,8808	 8	219,08	 72,09	  10,6	  21,5	  25,5	  25,7	  27,0	  28,7	  27,2	   0,6
s	    96,2707	 7	251,65	 82,78	   9,6	  21,5	  25,9	  26,5	  27,7	  28,3	  27,5	   0,9
s	    96,6075	 7	187,21	101,17	  11,1	  21,9	  26,0	  26,4	  27,7	  28,7	  26,5	  -0,9
s	    96,8458	 7	348,25	 77,32	  10,8	  21,7	  25,8	  25,9	  27,3	  29,1	  27,5	   0,8
s	    98,4478	 5	159,19	 90,87	  11,7	  22,4	  26,6	  27,3	  28,6	  28,7	  26,5	  -1,1
s	    98,4478	 5	 15,09	 90,60	  12,4	  23,1	  27,3	  28,1	  29,4	  29,4	  27,5	   0,7
s	    98,6737	 6	159,36	 94,57	  11,4	  22,3	  26,5	  27,2	  28,5	  28,6	  26,4	  -1,2
s	    98,7517	 6	159,00	 86,89	  11,2	  21,8	  25,8	  26,3	  27,6	  28,6	  26,3	  -1,3
s	    99,2315	 7	159,51	 97,62	   8,1	  19,8	  25,1	  25,8	  27,2	  28,0	  26,2	  -1,5
s	    99,5383	 7	158,83	 83,23	  10,9	  21,7	  25,7	  26,1	  27,5	  28,5	  26,1	  -1,5
s	    99,5383	 7	 15,46	 82,96	  11,6	  22,5	  26,5	  26,9	  28,2	  29,2	  27,2	   0,3
s	   100,9171	 8	158,65	 79,36	   9,5	  20,6	  24,7	  24,8	  26,1	  27,9	  25,9	  -1,9
s	   100,9171	 8	 15,65	 79,09	  10,3	  21,4	  25,4	  25,5	  26,9	  28,7	  26,9	  -0,1
s	   101,2116	 4	267,11	 79,46	  10,7	  21,3	  26,2	  26,9	  28,4	  29,5	  27,1	   0,0
s	   101,6296	 6	 14,83	 86,70	  11,7	  22,5	  26,4	  26,8	  28,2	  29,3	  27,1	  -0,0
s	   102,0979	 7	 14,33	 97,17	   8,7	  20,5	  25,7	  26,3	  27,7	  28,7	  26,9	  -0,2
s	   102,3445	 5	267,16	 98,11	  10,4	  21,2	  26,0	  26,7	  28,2	  29,4	  26,9	  -0,3
s	   103,9026	 5	128,53	 92,10	  11,3	  21,8	  25,9	  25,4	  25,6	  25,8	  23,8	  -3,5
s	   104,1184	 6	128,64	 95,64	  11,1	  21,8	  25,8	  25,3	  25,5	  25,7	  23,7	  -3,7
s	   104,1930	 6	128,41	 88,30	  10,8	  21,3	  25,2	  24,3	  24,6	  25,7	  23,7	  -3,7
s	   104,2991	 5	280,20	 79,70	  10,2	  20,9	  25,8	  26,6	  28,0	  29,0	  26,6	  -0,7
s	   104,8708	 7	128,76	 99,41	   9,7	  21,3	  25,6	  26,0	  27,3	  28,0	  26,6	  -0,8
s	   104,9449	 7	128,30	 84,79	  10,5	  21,2	  25,1	  24,2	  24,5	  25,6	  23,5	  -3,9
s	   105,5131	 6	280,03	 98,14	  11,0	  21,5	  26,6	  27,6	  28,9	  29,0	  26,4	  -1,0
s	   105,7752	 8	280,56	 98,12	   9,5	  20,4	  25,5	  26,2	  27,5	  28,3	  26,2	  -1,3
s	   107,9467	 8	160,71	 94,25	   8,3	  20,1	  25,3	  26,2	  27,6	  27,7	  25,1	  -3,3
s	   108,0968	 5	321,17	 88,07	  11,7	  22,3	  26,6	  27,4	  28,6	  28,4	  26,5	  -1,2
s	   108,3055	 6	321,04	 91,49	  11,5	  22,3	  26,5	  27,3	  28,5	  28,3	  26,3	  -1,4
s	   108,3776	 6	321,32	 84,40	  10,5	  21,3	  25,6	  26,1	  27,4	  27,9	  26,3	  -1,4
s	   109,0331	 7	320,90	 95,15	  10,2	  21,2	  25,5	  26,0	  27,2	  27,8	  26,2	  -1,6
s	   109,1049	 7	321,45	 81,01	  10,2	  21,2	  25,5	  26,0	  27,2	  27,8	  26,2	  -1,6
s	   110,1683	 8	320,76	 98,49	   9,9	  21,1	  25,4	  25,8	  27,1	  27,7	  25,9	  -1,9
s	   110,3815	 8	321,59	 77,42	   8,9	  20,2	  24,4	  24,6	  25,9	  27,3	  25,9	  -2,0
s	   110,6222	 2	267,13	 87,02	  13,5	  23,1	  26,9	  27,7	  29,1	  29,4	  25,5	  -3,1
s	   110,8268	 3	267,14	 90,37	  12,7	  22,9	  26,8	  27,6	  29,0	  29,1	  26,4	  -1,5
s	   110,8976	 3	267,12	 83,41	  12,2	  22,2	  25,9	  26,4	  27,8	  28,9	  25,4	  -3,3
s	   111,3947	 4	267,12	 80,90	   9,2	  20,2	  25,2	  25,9	  27,4	  28,3	  26,0	  -2,0
s	   111,5404	 4	267,15	 93,95	  12,0	  22,1	  25,8	  26,3	  27,7	  28,8	  25,2	  -3,5
s	   111,7144	 6	243,61	 80,38	   8,8	  19,9	  25,0	  25,7	  27,1	  28,0	  25,8	  -2,2
s	   112,6474	 7	100,54	 88,87	   9,7	  20,9	  25,1	  25,5	  26,8	  27,5	  24,8	  -4,1
s	   112,7567	 7	243,99	 97,52	   8,5	  19,8	  24,9	  25,6	  27,0	  27,8	  25,5	  -2,6
s	   112,8102	 3	256,65	 87,09	  12,4	  22,5	  26,5	  27,2	  28,6	  28,8	  25,2	  -3,7
s	   112,8631	 5	267,11	 76,55	  10,1	  20,3	  24,1	  24,2	  25,6	  27,5	  25,0	  -3,9
s	   113,0114	 4	256,69	 90,39	  11,6	  22,3	  26,4	  27,1	  28,5	  28,5	  26,1	  -2,0
s	   113,0810	 4	256,61	 83,54	  11,1	  21,5	  25,5	  26,0	  27,3	  28,3	  25,0	  -3,8
s	   113,4899	 3	279,11	 87,05	  13,1	  22,8	  26,6	  27,4	  28,8	  28,9	  25,1	  -3,8
s	   113,5699	 5	256,58	 81,07	   8,1	  19,6	  24,7	  25,5	  26,8	  27,7	  25,7	  -2,5
s	   113,6901	 4	279,08	 90,33	  12,3	  22,5	  26,5	  27,3	  28,6	  28,7	  26,0	  -2,2
s	   113,7132	 5	256,73	 93,92	  10,8	  21,5	  25,4	  25,8	  27,2	  28,2	  24,9	  -4,1
s	   114,2457	 5	279,16	 81,06	   8,8	  19,8	  24,9	  25,7	  27,0	  27,8	  25,6	  -2,6
s	   114,3258	 6	267,17	100,70	   9,8	  20,2	  23,9	  24,0	  25,4	  27,3	  24,7	  -4,3
s	   114,3884	 5	279,06	 93,84	  11,5	  21,7	  25,6	  26,0	  27,4	  28,3	  24,8	  -4,2
s	   114,4636	 6	267,10	 73,35	   9,5	  20,4	  24,4	  24,5	  25,9	  27,7	  25,5	  -2,8
s	   114,9006	 5	185,15	 89,62	  11,3	  21,9	  26,1	  26,9	  28,1	  27,9	  25,8	  -2,5
s	   115,0144	 6	256,53	 76,80	   9,0	  19,7	  23,6	  23,7	  25,1	  26,8	  24,6	  -4,4
s	   115,0987	 6	185,31	 92,86	  11,0	  21,8	  26,0	  26,8	  28,0	  27,8	  25,6	  -2,7
s	   115,6830	 6	279,19	 76,81	   9,7	  20,0	  23,8	  23,9	  25,2	  27,0	  24,6	  -4,5
s	   115,7896	 7	185,48	 96,33	   9,7	  20,8	  25,0	  25,5	  26,7	  27,3	  25,5	  -2,9
s	   116,3018	 7	267,18	103,83	   9,9	  20,7	  24,5	  24,5	  26,0	  27,9	  25,2	  -3,2
s	   116,4539	 7	256,81	100,56	   8,7	  19,6	  23,5	  23,5	  24,9	  26,7	  24,4	  -4,8
s	   116,5894	 7	256,49	 73,64	   8,4	  19,8	  23,9	  24,1	  25,4	  27,1	  25,2	  -3,3
s	   116,6409	 7	267,09	 69,99	   7,6	  18,7	  22,5	  22,3	  23,7	  26,3	  24,4	  -4,8
s	   116,8682	 8	185,65	 99,51	   9,5	  20,7	  24,9	  25,4	  26,6	  27,2	  25,2	  -3,2
s	   117,1154	 7	279,00	100,45	   9,4	  19,8	  23,6	  23,7	  25,1	  26,8	  24,3	  -4,9
s	   117,2503	 7	279,22	 73,67	   9,1	  20,1	  24,1	  24,3	  25,6	  27,2	  25,1	  -3,4
s	   118,1615	 6	184,80	 86,22	   9,8	  20,8	  25,0	  25,5	  26,7	  27,4	  25,3	  -3,2
s	   118,2406	 8	267,18	106,35	   5,3	  17,0	  22,0	  22,0	  23,4	  26,0	  24,1	  -5,3
s	   118,3625	 5	349,34	 89,35	  11,1	  21,2	  25,4	  26,2	  27,4	  27,1	  24,4	  -4,9
s	   118,3991	 8	256,85	103,64	   8,8	  20,1	  24,0	  24,1	  25,5	  27,3	  24,9	  -3,7
s	   118,5555	 6	349,18	 92,51	  10,8	  21,1	  25,3	  26,1	  27,3	  27,0	  24,3	  -5,1
s	   118,8370	 7	184,64	 83,07	   9,6	  20,7	  24,9	  25,3	  26,6	  27,3	  25,2	  -3,5
s	   118,9034	 8	256,45	 70,10	   7,6	  18,8	  22,9	  23,0	  24,3	  25,8	  24,0	  -5,4
s	   119,0513	 8	278,98	103,52	   9,5	  20,3	  24,2	  24,3	  25,6	  27,4	  24,8	  -3,9
s	   119,0649	 8	267,08	 66,98	   8,5	  19,5	  23,3	  23,1	  24,5	  27,2	  24,8	  -3,9
s	   119,2291	 7	349,01	 95,89	   9,5	  20,1	  24,3	  24,8	  26,0	  26,5	  24,1	  -5,3
s	   119,5416	 6	 87,11	102,44	   8,2	  19,5	  24,5	  25,2	  26,6	  27,6	  25,0	  -3,7
s	   119,5532	 8	279,25	 70,14	   8,3	  19,1	  23,1	  23,2	  24,5	  26,0	  24,0	  -5,5
s	   120,0233	 7	217,60	 88,13	   8,3	  19,9	  24,4	  25,2	  26,3	  25,8	  24,0	  -5,5
s	   120,0241	 8	184,47	 79,72	   8,2	  19,7	  23,8	  24,0	  25,3	  26,8	  24,9	  -3,8
s	   120,2140	 8	217,72	 91,26	   8,0	  19,8	  24,3	  25,1	  26,2	  25,8	  23,9	  -5,6
s	   120,2800	 8	217,47	 84,77	   7,0	  18,9	  23,4	  23,9	  25,1	  25,4	  23,9	  -5,6
s	   120,2810	 8	348,86	 98,99	   9,2	  20,0	  24,2	  24,6	  25,8	  26,4	  23,9	  -5,6
s	   121,3672	 8	256,04	 96,93	   7,2	  19,3	  24,7	  25,6	  26,9	  26,7	  24,6	  -4,3
s	   121,5160	 4	289,90	 87,19	  11,1	  21,6	  25,8	  26,6	  27,8	  27,7	  25,2	  -3,6
s	   121,6184	 6	349,67	 86,03	   9,6	  20,1	  24,2	  24,7	  26,0	  26,6	  24,0	  -5,7
s	   121,7047	 5	289,85	 90,29	  10,8	  21,6	  25,7	  26,5	  27,7	  27,6	  25,1	  -3,8
s	   121,7700	 5	289,96	 83,86	   9,8	  20,6	  24,8	  25,3	  26,6	  27,2	  25,1	  -3,8
s	   121,8149	 5	244,25	 83,98	   9,8	  20,8	  24,8	  25,3	  26,6	  27,4	  25,1	  -3,8
s	   122,2708	 8	291,42	 93,87	   8,4	  19,9	  24,3	  24,8	  26,0	  26,4	  24,7	  -4,2
s	   122,2773	 7	349,82	 82,96	   9,3	  20,0	  24,1	  24,6	  25,8	  26,5	  23,8	  -5,9
s	   122,3242	 7	 75,64	102,40	   8,9	  20,0	  25,2	  26,1	  27,4	  27,3	  24,6	  -4,4
s	   122,4282	 6	290,01	 80,79	   9,6	  20,5	  24,7	  25,2	  26,4	  27,1	  24,9	  -4,0
s	   122,4730	 6	244,47	 93,94	  10,6	  21,5	  25,6	  26,3	  27,6	  27,5	  24,9	  -4,0
s	   123,3919	 7	289,74	 96,63	   9,0	  20,2	  24,4	  24,8	  26,1	  26,7	  24,5	  -4,6
s	   123,4357	 8	349,98	 79,69	   8,0	  19,0	  23,1	  23,3	  24,5	  26,0	  23,6	  -6,2
s	   123,5853	 7	290,07	 77,53	   7,5	  18,6	  22,7	  22,8	  24,1	  25,5	  23,7	  -6,1
s	   123,6297	 7	244,11	 77,64	   7,5	  18,7	  22,7	  22,8	  24,1	  25,8	  23,7	  -6,2
s	   124,1773	 6	162,50	 90,74	   9,7	  21,0	  25,2	  26,0	  27,2	  27,0	  24,7	  -4,4
s	   124,7410	 6	 11,72	 90,46	   9,7	  20,5	  24,7	  25,4	  26,7	  26,4	  23,7	  -6,2
s	   124,9389	 8	289,69	 99,85	   7,2	  18,5	  22,6	  22,7	  23,9	  25,4	  23,4	  -6,5
s	   125,0664	 8	290,12	 74,55	   7,7	  19,1	  23,3	  23,4	  24,7	  26,2	  24,2	  -5,0
s	   125,0726	 8	162,20	 84,47	   8,9	  20,3	  24,4	  24,8	  26,1	  26,8	  24,4	  -4,7
s	   125,1104	 8	244,04	 74,67	   7,7	  19,3	  23,3	  23,4	  24,7	  26,4	  24,2	  -5,0
s	   125,6328	 8	 12,03	 84,21	   8,9	  19,8	  23,9	  24,3	  25,5	  26,2	  23,4	  -6,6
s	   128,0983	 3	 87,13	 92,74	  11,4	  21,6	  25,5	  26,2	  27,6	  27,6	  23,7	  -6,5
s	   128,2786	 4	 87,13	 95,70	  10,7	  21,3	  25,4	  26,2	  27,4	  27,4	  24,6	  -4,9
s	   128,3410	 4	 87,14	 89,56	  10,9	  21,0	  24,8	  25,2	  26,6	  27,6	  23,5	  -6,7
s	   128,7793	 5	 87,15	 87,35	   8,1	  19,2	  24,3	  25,0	  26,4	  27,2	  24,4	  -5,1
s	   128,9078	 5	 87,12	 98,86	   9,9	  20,5	  24,4	  24,9	  26,2	  27,1	  23,4	  -6,9
s	   129,2924	 8	314,85	 81,75	   6,7	  18,4	  23,7	  24,4	  25,7	  26,2	  24,0	  -5,5
s	   129,7822	 8	108,99	101,62	   6,4	  18,3	  23,5	  24,2	  25,5	  26,1	  23,8	  -5,8
s	   130,0294	 4	 96,39	 92,73	  10,3	  21,0	  25,1	  25,8	  27,1	  27,1	  23,4	  -7,0
s	   130,0761	 6	 87,16	 83,50	   8,8	  19,2	  22,9	  23,0	  24,4	  26,2	  23,2	  -7,2
s	   130,2073	 5	 96,41	 95,65	   9,6	  20,8	  25,0	  25,7	  27,0	  26,8	  24,3	  -5,4
s	   130,2688	 5	 96,37	 89,59	   9,8	  20,4	  24,3	  24,8	  26,1	  27,0	  23,2	  -7,2
s	   130,6307	 4	 76,55	 92,67	  11,0	  21,2	  25,2	  26,0	  27,3	  27,2	  23,3	  -7,1
s	   130,7014	 6	 96,36	 87,40	   7,1	  18,7	  23,8	  24,5	  25,9	  26,6	  24,1	  -5,6
s	   130,8079	 5	 76,52	 95,57	  10,3	  21,0	  25,2	  25,9	  27,2	  27,0	  24,2	  -5,5
s	   130,8284	 6	 96,42	 98,77	   8,8	  19,9	  24,0	  24,4	  25,7	  26,5	  23,1	  -7,4
s	   130,9950	 7	 87,11	104,15	   5,8	  17,2	  22,1	  22,5	  23,9	  25,5	  23,0	  -7,5
s	   131,3001	 6	 76,62	 87,36	   7,8	  18,9	  24,0	  24,7	  26,1	  26,8	  24,1	  -5,7
s	   131,4265	 6	 76,48	 98,68	   9,5	  20,2	  24,2	  24,6	  25,9	  26,6	  23,0	  -7,5
s	   131,4932	 7	 87,16	 80,65	   8,3	  19,3	  23,3	  23,4	  24,7	  26,4	  23,7	  -6,1
s	   131,9818	 7	 96,34	 83,61	   7,7	  18,6	  22,5	  22,5	  23,9	  25,6	  22,9	  -7,7
s	   132,5754	 7	 76,66	 83,58	   8,4	  18,9	  22,7	  22,7	  24,1	  25,7	  22,8	  -7,8
s	   132,6602	 8	 87,10	106,96	   5,2	  17,3	  22,5	  22,8	  24,2	  25,8	  23,5	  -6,4
s	   132,8891	 8	 96,45	103,99	   4,7	  16,6	  21,7	  22,0	  23,4	  25,0	  22,7	  -8,0
s	   133,3811	 8	 96,32	 80,79	   7,2	  18,8	  22,8	  22,9	  24,2	  25,8	  23,4	  -6,5
s	   133,4269	 8	 87,17	 77,64	   7,1	  18,0	  21,7	  21,4	  22,8	  25,4	  22,6	  -8,1
s	   133,4423	 8	 41,61	 91,79	   8,1	  19,3	  23,5	  23,0	  23,1	  22,8	  20,5	  -9,4
s	   133,4791	 8	 76,42	103,89	   5,4	  16,9	  21,9	  22,2	  23,6	  25,1	  22,6	  -8,1
s	   133,7656	 6	245,06	 87,30	  10,8	  21,1	  25,1	  25,9	  27,0	  26,8	  23,8	  -6,2
s	   133,8892	 5	235,04	 87,55	   9,4	  20,4	  24,7	  25,5	  26,7	  26,3	  23,9	  -6,0
s	   133,9392	 7	245,12	 90,14	  10,6	  21,0	  25,1	  25,8	  26,9	  26,7	  23,6	  -6,3
s	   133,9693	 8	 76,69	 80,77	   7,9	  19,0	  23,0	  23,1	  24,4	  26,0	  23,4	  -6,6
s	   134,0627	 6	235,12	 90,39	   9,1	  20,4	  24,7	  25,4	  26,6	  26,3	  23,8	  -6,2
s	   134,1227	 6	234,95	 84,49	   8,1	  19,4	  23,7	  24,2	  25,4	  25,9	  23,8	  -6,2
s	   134,6681	 7	235,21	 93,43	   7,9	  19,4	  23,6	  24,1	  25,3	  25,8	  23,6	  -6,4
s	   135,8369	 5	300,37	 87,42	  10,7	  20,9	  24,9	  25,6	  26,8	  26,7	  23,5	  -6,7
s	   136,0081	 6	300,30	 90,23	  10,5	  20,8	  24,8	  25,5	  26,7	  26,6	  23,3	  -6,8
s	   136,0674	 6	300,45	 84,40	   8,5	  19,5	  23,6	  24,1	  25,4	  25,9	  23,4	  -6,8
s	   136,1932	 6	328,41	 88,39	   9,0	  19,6	  24,0	  24,8	  25,9	  25,4	  22,6	  -8,3
s	   136,3640	 7	328,29	 91,19	   8,8	  19,6	  23,9	  24,7	  25,8	  25,3	  22,5	  -8,5
s	   136,6060	 7	300,22	 93,24	   9,2	  19,8	  23,8	  24,2	  25,4	  26,1	  23,2	  -7,1
s	   136,9606	 8	328,16	 94,19	   7,5	  18,6	  22,9	  23,4	  24,5	  24,8	  22,3	  -8,7
s	   137,6916	 7	141,13	 91,69	   8,0	  19,6	  24,1	  24,9	  26,0	  25,4	  23,4	  -6,9
s	   137,7797	 5	107,42	 92,62	   9,2	  20,2	  24,5	  25,3	  26,5	  26,1	  23,6	  -6,7
s	   137,7797	 5	 66,85	 92,52	   9,2	  20,2	  24,5	  25,3	  26,5	  26,1	  23,6	  -6,7
s	   137,8080	 8	300,60	 78,43	   8,4	  19,1	  23,1	  23,6	  24,7	  25,3	  22,1	  -8,9
s	   137,8608	 8	141,23	 94,46	   7,7	  19,5	  24,0	  24,8	  25,9	  25,3	  23,2	  -7,1
s	   137,9194	 8	141,01	 88,70	   6,7	  18,6	  23,1	  23,6	  24,7	  24,9	  23,2	  -7,1
s	   137,9488	 6	 66,80	 95,29	   8,9	  20,1	  24,4	  25,2	  26,4	  26,0	  23,5	  -6,9
s	   137,9488	 6	107,46	 95,39	   8,9	  20,1	  24,4	  25,2	  26,4	  26,0	  23,5	  -6,9
s	   138,0073	 6	 66,91	 89,54	   8,6	  19,6	  23,8	  24,2	  25,5	  26,0	  23,4	  -6,9
s	   138,5976	 7	 66,96	 86,78	   8,4	  19,6	  23,7	  24,1	  25,4	  25,9	  23,3	  -7,1
s	   139,0806	 6	108,41	 89,64	   8,6	  19,7	  23,8	  24,2	  25,5	  26,2	  23,3	  -7,1
s	   139,6366	 8	 67,02	 83,85	   6,3	  17,6	  21,7	  21,8	  23,0	  24,4	  22,0	  -9,2
s	   139,6669	 7	108,55	 98,52	   8,6	  20,0	  24,3	  25,0	  26,2	  25,9	  23,2	  -7,3
s	   140,6988	 8	108,32	 83,99	   6,3	  17,7	  21,7	  21,7	  23,0	  24,5	  22,0	  -9,4
s	   142,8778	 7	324,35	 88,23	   7,7	  18,8	  23,3	  24,1	  25,2	  24,5	  21,9	  -9,7
s	   142,9170	 7	 31,81	 91,40	   7,7	  18,8	  23,3	  24,1	  25,2	  24,5	  21,9	  -9,7
s	   142,9283	 8	224,53	 82,30	   5,2	  16,9	  22,2	  22,9	  24,1	  24,5	  21,8	  -9,8
s	   142,9283	 8	309,73	 82,11	   5,9	  17,6	  23,0	  23,7	  24,9	  25,3	  22,8	  -8,0
s	   143,0416	 8	324,24	 90,91	   7,5	  18,8	  23,2	  24,0	  25,1	  24,4	  21,7	  -9,8
s	   143,0807	 8	 31,70	 94,09	   7,4	  18,8	  23,2	  24,0	  25,1	  24,4	  21,7	  -9,8
s	   143,0982	 8	324,47	 85,34	   6,4	  17,8	  22,3	  22,8	  23,9	  24,0	  21,7	  -9,8
s	   144,9506	 6	183,67	 89,71	   8,5	  19,2	  23,5	  24,3	  25,4	  24,8	  21,8	  -9,9
s	   144,9507	 6	350,61	 89,43	   9,3	  19,9	  24,2	  25,0	  26,1	  25,5	  22,8	  -8,1
s	   145,0077	 7	164,40	 90,67	   7,6	  18,7	  23,2	  24,0	  25,0	  24,3	  21,7	 -10,0
s	   145,1124	 7	183,80	 92,36	   8,3	  19,1	  23,4	  24,2	  25,3	  24,7	  21,7	 -10,1
s	   145,1124	 7	350,48	 92,08	   9,1	  19,9	  24,2	  24,9	  26,1	  25,5	  22,7	  -8,3
s	   145,6771	 8	183,95	 95,20	   7,0	  18,1	  22,4	  22,9	  24,0	  24,2	  21,5	 -10,3
s	   145,6772	 8	350,34	 94,92	   7,8	  18,9	  23,2	  23,6	  24,8	  25,0	  22,5	  -8,5
s	   146,0006	 6	247,93	 89,89	   7,2	  18,6	  23,8	  24,8	  26,1	  25,8	  22,7	  -8,3
s	   147,5812	 6	237,95	 87,48	   7,7	  19,2	  23,6	  24,4	  25,5	  25,0	  22,6	  -8,6
s	   147,6066	 8	247,72	 78,99	   3,9	  15,7	  20,9	  21,2	  22,5	  23,8	  21,3	 -10,6
s	   148,1742	 7	183,41	 86,92	   7,1	  18,2	  22,4	  22,8	  24,0	  24,4	  21,4	 -10,6
s	   148,1772	 8	164,50	 87,86	   6,2	  17,7	  22,1	  22,5	  23,7	  23,9	  21,3	 -10,7
s	   148,7286	 8	183,28	 84,34	   6,9	  18,1	  22,3	  22,7	  23,9	  24,3	  21,2	 -10,8
s	   150,0273	 6	227,13	 87,81	   8,3	  19,0	  23,3	  24,0	  25,2	  24,7	  21,3	 -10,8
s	   150,0273	 6	307,15	 87,62	   9,0	  19,8	  24,0	  24,7	  25,9	  25,5	  22,4	  -9,0
s	   150,1841	 7	227,22	 90,37	   7,3	  18,6	  22,9	  23,7	  24,8	  24,2	  21,2	 -11,0
s	   150,1841	 7	307,07	 90,19	   8,0	  19,3	  23,7	  24,4	  25,5	  25,0	  22,2	  -9,2
s	   150,2384	 7	307,23	 84,85	   7,8	  18,8	  23,0	  23,5	  24,7	  25,0	  22,2	  -9,2
s	   150,6200	 8	226,97	 83,11	   4,0	  16,1	  21,5	  22,3	  23,4	  23,6	  21,1	 -11,1
s	   150,6200	 8	307,29	 82,93	   4,8	  16,8	  22,3	  23,0	  24,2	  24,4	  22,1	  -9,4
s	   150,7320	 8	306,98	 92,95	   7,5	  18,7	  23,0	  23,4	  24,5	  24,9	  22,1	  -9,4
s	   150,9220	 7	  9,43	 90,37	   8,0	  19,4	  23,7	  24,4	  25,5	  25,2	  22,2	  -9,3
s	   151,1320	 8	  9,56	 87,62	   6,7	  18,4	  22,7	  23,1	  24,3	  24,7	  22,1	  -9,5
s	   151,1809	 7	350,98	 86,70	   7,7	  18,9	  23,0	  23,4	  24,6	  25,1	  22,2	  -9,4
s	   151,7256	 8	351,11	 84,16	   7,5	  18,8	  22,9	  23,3	  24,5	  25,1	  22,0	  -9,6
s	   152,1977	 7	226,25	 85,10	   7,4	  18,6	  22,7	  23,1	  24,4	  24,9	  21,8	  -9,8
s	   152,6856	 8	226,53	 93,10	   7,2	  18,5	  22,7	  23,0	  24,2	  24,8	  21,7	 -10,0
s	   152,7872	 6	105,58	 92,66	   7,4	  18,9	  23,4	  24,1	  25,3	  24,7	  22,1	  -9,5
s	   152,8725	 7	105,60	 94,56	   5,2	  17,4	  22,9	  23,9	  25,1	  24,5	  22,0	  -9,6
s	   152,9949	 7	105,54	 89,93	   6,9	  18,4	  22,6	  23,1	  24,3	  24,6	  22,0	  -9,7
s	   153,4806	 8	105,65	 97,90	   6,6	  18,3	  22,6	  23,0	  24,2	  24,6	  21,8	  -9,9
s	   154,0036	 6	285,45	 87,15	   7,3	  18,9	  23,3	  24,1	  25,2	  24,6	  22,0	  -9,7
s	   154,2099	 7	285,48	 84,44	   6,8	  18,3	  22,6	  23,0	  24,2	  24,5	  21,9	  -9,9
s	   154,7450	 8	285,52	 81,94	   5,8	  17,8	  22,2	  22,7	  23,8	  24,1	  21,7	 -10,1
s	   156,1534	 4	267,14	 89,53	   7,9	  18,7	  23,7	  24,7	  26,0	  25,9	  22,1	  -9,9
s	   157,5056	 7	202,13	 88,83	   7,9	  18,5	  22,7	  23,5	  24,5	  23,8	  20,5	 -12,3
s	   157,6558	 8	202,24	 91,29	   7,6	  18,4	  22,7	  23,4	  24,4	  23,8	  20,4	 -12,4
s	   157,7077	 8	202,01	 86,18	   5,7	  17,1	  21,5	  22,0	  23,1	  23,1	  20,5	 -12,4
s	   159,3804	 8	153,08	 91,20	   5,9	  17,5	  22,1	  22,9	  23,9	  23,0	  20,3	 -12,7
s	   160,1491	 7	332,54	 88,59	   7,5	  18,7	  23,1	  23,9	  25,0	  24,2	  21,4	 -10,9
s	   160,2971	 8	332,44	 91,01	   7,3	  18,6	  23,1	  23,8	  24,9	  24,1	  21,3	 -11,1
s	   162,0515	 7	 51,41	 92,14	   7,5	  18,7	  23,1	  23,8	  24,9	  24,3	  21,2	 -11,3
s	   162,1979	 8	 51,33	 94,54	   6,5	  18,2	  22,8	  23,5	  24,5	  23,8	  21,1	 -11,4
s	   162,2235	 8	303,98	 87,54	   6,5	  18,2	  22,8	  23,5	  24,5	  23,8	  21,1	 -11,4
s	   163,1033	 8	333,06	 86,04	   6,2	  17,7	  22,1	  22,5	  23,6	  23,8	  21,0	 -11,5
s	   163,7664	 7	123,61	 92,29	   6,6	  17,9	  22,2	  23,0	  24,1	  23,4	  20,1	 -13,3
s	   163,9115	 8	123,68	 94,67	   5,6	  17,4	  21,9	  22,7	  23,7	  23,0	  19,9	 -13,5
s	   165,7752	 8	124,30	 89,74	   5,8	  17,5	  21,7	  22,1	  23,3	  23,6	  20,6	 -12,2
s	   166,2783	 7	221,45	 88,02	   7,3	  18,5	  22,9	  23,6	  24,7	  24,0	  20,9	 -12,0
s	   166,4214	 8	221,54	 90,36	   6,3	  18,0	  22,5	  23,3	  24,3	  23,6	  20,8	 -12,1
s	   166,4876	 3	267,13	 87,05	   8,9	  19,4	  23,4	  24,2	  25,4	  25,1	  21,3	 -11,6
s	   166,6800	 4	267,13	 84,53	   7,6	  18,4	  22,4	  22,9	  24,1	  24,6	  21,2	 -11,7
s	   166,6953	 7	312,95	 87,82	   7,2	  18,0	  22,3	  23,1	  24,2	  23,4	  19,8	 -13,8
s	   166,8381	 8	312,87	 90,16	   6,3	  17,6	  22,0	  22,7	  23,8	  23,0	  19,7	 -14,0
s	   167,1299	 5	267,15	 91,91	   8,1	  18,7	  22,6	  23,0	  24,3	  24,9	  21,0	 -11,9
s	   167,1792	 5	267,12	 82,20	   7,4	  18,3	  22,3	  22,8	  24,0	  24,5	  21,0	 -11,9
s	   167,2542	 8	148,13	 91,42	   5,5	  17,1	  21,7	  22,5	  23,5	  22,5	  19,7	 -14,0
s	   167,4525	 8	328,02	 88,40	   6,2	  17,9	  22,5	  23,2	  24,2	  23,3	  20,7	 -12,3
s	   167,9119	 6	267,15	 94,23	   7,9	  18,6	  22,5	  22,9	  24,2	  24,8	  20,8	 -12,2
s	   168,5012	 4	275,56	 87,07	   8,6	  19,1	  23,2	  24,0	  25,2	  24,7	  21,0	 -12,0
s	   168,6426	 5	275,55	 89,38	   8,3	  19,0	  23,2	  23,9	  25,1	  24,6	  20,9	 -12,2
s	   169,0679	 8	313,68	 85,35	   6,4	  17,6	  21,8	  22,2	  23,3	  23,6	  20,3	 -12,8
s	   169,0924	 7	267,16	 96,70	   5,1	  16,3	  20,3	  20,3	  21,6	  22,9	  19,6	 -14,2
s	   169,1899	 7	267,11	 77,41	   6,3	  17,4	  21,3	  21,4	  22,6	  24,1	  20,4	 -12,7
s	   169,2786	 7	351,46	 89,49	   7,1	  17,8	  22,2	  22,9	  24,0	  23,1	  19,6	 -14,3
s	   169,4194	 8	351,35	 91,79	   6,9	  17,7	  22,1	  22,8	  23,9	  23,0	  19,5	 -14,4
s	   170,0560	 7	275,59	 79,79	   5,8	  17,0	  21,2	  21,3	  22,5	  23,6	  20,6	 -12,6
s	   170,4970	 8	267,16	 98,96	   5,3	  16,9	  20,9	  21,0	  22,2	  23,5	  20,2	 -13,0
s	   170,6765	 7	 70,49	 92,61	   6,1	  17,8	  22,2	  22,9	  24,0	  23,4	  19,5	 -14,5
s	   170,7391	 8	267,10	 74,98	   4,5	  15,7	  19,5	  19,2	  20,5	  22,7	  19,4	 -14,6
s	   170,8162	 8	 70,45	 94,90	   5,3	  17,6	  22,1	  22,8	  23,9	  23,1	  20,4	 -12,9
s	   170,8646	 8	 70,53	 90,14	   6,3	  17,6	  21,8	  22,1	  23,3	  23,7	  19,4	 -14,7
s	   171,0783	 8	275,51	 96,61	   4,8	  16,0	  20,1	  20,2	  21,3	  22,5	  19,3	 -14,7
s	   171,1749	 8	275,60	 77,53	   5,3	  16,7	  20,8	  21,0	  22,1	  23,3	  20,1	 -13,2
s	   171,5974	 7	182,75	 89,77	   7,0	  18,1	  22,6	  23,3	  24,4	  23,5	  20,4	 -12,9
s	   171,7365	 8	182,87	 92,05	   6,8	  18,1	  22,5	  23,3	  24,3	  23,5	  20,3	 -13,0
s	   172,7915	 7	243,08	 89,63	   5,0	  16,8	  22,2	  23,2	  24,3	  23,8	  20,3	 -13,1
s	   173,6158	 5	 87,13	 95,03	   6,1	  17,4	  22,6	  23,5	  24,8	  24,5	  20,5	 -13,0
s	   174,0961	 8	166,35	 90,59	   5,9	  17,6	  22,1	  22,9	  23,9	  22,9	  20,1	 -13,4
s	   174,2518	 5	250,80	 87,21	   7,3	  18,4	  22,6	  23,4	  24,5	  23,9	  20,4	 -13,1
s	   174,4364	 6	250,76	 84,79	   6,1	  17,4	  21,7	  22,1	  23,3	  23,4	  20,3	 -13,3
s	   174,7965	 8	182,54	 87,37	   5,6	  17,1	  21,5	  21,9	  23,0	  23,1	  20,1	 -13,5
s	   174,8683	 7	250,88	 91,87	   6,6	  17,7	  21,9	  22,3	  23,4	  23,8	  20,2	 -13,4
s	   175,6191	 8	250,92	 94,10	   6,3	  17,7	  21,8	  22,1	  23,3	  23,7	  20,0	 -13,7
s	   175,9893	 8	 87,11	102,07	   2,5	  14,4	  19,5	  19,8	  21,1	  22,3	  18,9	 -15,5
s	   176,6057	 8	167,27	 90,54	   6,6	  17,9	  22,3	  23,0	  24,1	  23,2	  19,9	 -13,9
s	   177,7596	 8	  7,73	 90,30	   5,8	  17,2	  21,5	  22,2	  23,3	  22,6	  18,8	 -15,8
s	   178,8904	 8	129,19	 92,13	   5,7	  17,5	  22,0	  22,7	  23,7	  22,9	  19,7	 -14,2
s	   178,9168	 7	301,49	 87,48	   7,6	  18,3	  22,5	  23,2	  24,3	  23,6	  19,8	 -14,2
s	   179,0508	 8	301,43	 89,67	   7,4	  18,3	  22,5	  23,1	  24,2	  23,6	  19,7	 -14,3
s	   180,3140	 8	  7,08	 90,27	   5,6	  17,1	  21,4	  22,1	  23,2	  22,5	  18,6	 -16,3
s	   180,3328	 7	102,11	 94,89	   4,6	  16,5	  21,9	  22,8	  24,0	  23,4	  19,7	 -14,4
s	   180,5417	 8	301,27	 85,12	   5,4	  16,9	  21,2	  21,7	  22,8	  22,8	  19,6	 -14,5
s	   181,4615	 8	275,94	 82,56	   6,1	  17,3	  21,5	  21,9	  23,0	  23,1	  19,5	 -14,7
s	   182,2717	 6	244,25	 87,34	   6,0	  17,5	  22,0	  22,7	  23,8	  23,0	  19,7	 -14,6
s	   182,6485	 8	335,44	 88,73	   6,5	  17,1	  21,5	  22,2	  23,2	  22,2	  18,3	 -16,7
s	   182,8637	 8	244,34	 91,82	   5,3	  16,9	  21,2	  21,6	  22,7	  22,9	  19,4	 -14,9
s	   183,6441	 7	243,40	 85,05	   4,7	  16,7	  21,0	  21,4	  22,5	  22,7	  19,5	 -14,9
s	   183,6553	 6	290,94	 87,25	   6,7	  17,8	  22,1	  22,9	  23,9	  23,1	  19,6	 -14,8
s	   183,9637	 4	 87,13	 92,77	   7,1	  18,1	  22,3	  23,0	  24,2	  23,6	  19,8	 -14,7
s	   184,1016	 8	243,35	 82,91	   4,5	  16,6	  20,9	  21,3	  22,4	  22,6	  19,3	 -15,1
s	   184,1395	 5	 87,14	 90,47	   7,4	  18,0	  21,8	  22,2	  23,5	  24,0	  19,6	 -14,8
s	   184,2433	 8	290,86	 91,69	   5,2	  16,7	  21,1	  21,5	  22,6	  22,6	  19,3	 -15,1
s	   184,2884	 8	291,02	 82,80	   5,2	  16,7	  21,1	  21,5	  22,6	  22,6	  19,3	 -15,2
s	   184,5508	 6	 87,12	 97,21	   6,4	  17,5	  21,5	  21,9	  23,1	  23,5	  19,5	 -15,0
s	   184,5959	 6	 87,15	 88,33	   6,4	  17,5	  21,5	  21,9	  23,1	  23,5	  19,5	 -15,0
s	   185,2660	 7	 87,12	 99,33	   6,1	  17,4	  21,4	  21,8	  23,0	  23,4	  19,3	 -15,2
s	   185,3667	 5	 93,87	 92,77	   6,1	  17,6	  21,9	  22,7	  23,8	  23,1	  19,5	 -15,0
s	   185,4008	 7	 87,15	 86,05	   5,1	  16,5	  20,5	  20,6	  21,8	  23,0	  19,3	 -15,2
s	   185,4924	 8	236,04	 89,67	   3,4	  15,3	  20,8	  21,7	  22,8	  22,1	  18,2	 -17,1
s	   185,4964	 6	 93,87	 94,90	   5,9	  17,5	  21,9	  22,6	  23,7	  23,1	  19,4	 -15,1
s	   185,5412	 6	 93,86	 90,48	   5,6	  17,0	  21,2	  21,6	  22,8	  23,1	  19,4	 -15,1
s	   185,8053	 5	 79,43	 92,73	   6,8	  17,9	  22,1	  22,9	  24,0	  23,3	  19,5	 -15,1
s	   185,9348	 6	 79,41	 94,85	   6,6	  17,8	  22,1	  22,8	  23,9	  23,2	  19,4	 -15,2
s	   185,9497	 7	 93,88	 97,18	   4,6	  16,6	  20,9	  21,3	  22,4	  22,6	  19,3	 -15,3
s	   185,9945	 7	 93,85	 88,36	   5,3	  17,0	  21,1	  21,5	  22,7	  23,0	  19,3	 -15,3
s	   186,3871	 7	 79,39	 97,13	   5,3	  16,8	  21,1	  21,5	  22,6	  22,7	  19,2	 -15,4
s	   186,4318	 7	 79,47	 88,33	   6,1	  17,2	  21,3	  21,7	  22,9	  23,2	  19,2	 -15,4
s	   186,4359	 8	 87,16	 83,95	   5,3	  16,6	  20,5	  20,5	  21,7	  23,1	  18,9	 -15,7
s	   186,7507	 8	216,10	 88,23	   5,4	  16,7	  21,1	  21,8	  22,8	  21,9	  18,1	 -17,3
s	   186,7939	 8	 93,84	 86,09	   4,1	  16,0	  20,1	  20,2	  21,4	  22,5	  19,1	 -15,6
s	   187,1619	 8	 79,37	 99,39	   6,1	  17,5	  21,9	  22,6	  23,6	  22,8	  19,1	 -15,6
s	   187,2295	 8	 79,49	 86,07	   4,8	  16,2	  20,3	  20,5	  21,6	  22,7	  19,1	 -15,6
s	   189,1135	 8	318,70	 88,03	   6,2	  17,4	  21,7	  22,5	  23,4	  22,6	  18,9	 -16,0
s	   189,2254	 7	252,01	 87,20	   4,7	  16,8	  21,3	  22,1	  23,1	  22,2	  19,0	 -15,9
s	   189,3967	 8	251,97	 84,95	   4,2	  16,2	  20,6	  21,1	  22,1	  22,1	  18,9	 -16,0
s	   189,9716	 8	110,05	 94,69	   3,2	  15,6	  21,1	  22,1	  23,2	  22,4	  18,9	 -16,1
s	   190,1984	 8	 64,06	 94,57	   4,0	  15,9	  21,3	  22,3	  23,4	  22,6	  18,8	 -16,1
s	   190,2379	 7	282,19	 87,13	   5,6	  17,2	  21,5	  22,3	  23,2	  22,4	  18,9	 -16,1
s	   190,3485	 6	 72,92	 92,65	   5,7	  17,2	  21,6	  22,4	  23,4	  22,6	  19,0	 -15,9
s	   190,4084	 8	282,21	 84,89	   4,4	  16,2	  20,5	  21,0	  22,0	  21,9	  18,8	 -16,2
s	   190,5189	 7	 72,95	 90,42	   5,9	  17,1	  21,2	  21,6	  22,7	  22,9	  18,9	 -16,1
s	   190,9176	 8	 72,86	 96,96	   4,9	  16,6	  20,8	  21,2	  22,3	  22,5	  18,8	 -16,3
s	   193,4250	 8	228,52	 87,78	   4,3	  16,4	  21,1	  21,8	  22,8	  21,7	  18,6	 -16,7
s	   195,8646	 7	236,76	 87,53	   4,5	  16,0	  20,5	  21,3	  22,3	  21,3	  17,5	 -18,8
s	   195,8646	 7	297,51	 87,39	   5,2	  16,8	  21,3	  22,0	  23,0	  22,0	  18,5	 -17,0
s	   195,9596	 8	182,11	 89,82	   5,0	  16,1	  20,7	  21,4	  22,4	  21,2	  17,4	 -18,9
s	   196,0306	 8	236,70	 85,35	   3,2	  15,1	  19,6	  20,0	  21,0	  20,8	  17,4	 -18,9
s	   198,6912	 7	 65,90	 92,53	   5,1	  16,7	  21,2	  21,9	  22,9	  21,9	  18,3	 -17,4
s	   198,8551	 8	 65,94	 90,38	   5,3	  16,5	  20,7	  21,1	  22,2	  22,2	  18,2	 -17,6
s	   198,8615	 8	352,23	 89,54	   5,6	  16,8	  21,3	  22,1	  23,0	  21,8	  18,2	 -17,6
s	   200,3826	 8	275,13	 91,19	   5,3	  16,5	  20,7	  21,1	  22,1	  22,2	  18,1	 -17,8
s	   201,0414	 6	260,12	 87,11	   4,5	  16,5	  20,9	  21,7	  22,7	  21,8	  18,2	 -17,7
s	   201,1619	 7	260,14	 89,08	   4,3	  16,4	  20,9	  21,6	  22,6	  21,8	  18,1	 -17,8
s	   201,2267	 7	260,10	 84,83	   4,2	  16,3	  20,8	  21,6	  22,6	  21,6	  18,1	 -17,9
s	   201,5830	 8	260,15	 91,20	   3,0	  15,4	  19,9	  20,3	  21,3	  21,3	  18,0	 -18,0
s	   201,6246	 8	260,08	 83,01	   3,0	  15,4	  19,9	  20,3	  21,3	  21,3	  18,0	 -18,0
s	   201,7537	 7	275,09	 84,80	   6,5	  17,3	  21,5	  22,2	  23,3	  22,3	  18,1	 -17,9
s	   206,6037	 8	246,07	 89,24	   3,5	  15,4	  20,7	  21,6	  22,6	  21,8	  17,5	 -18,9
s	   209,2038	 8	302,83	 87,52	   3,7	  15,3	  19,9	  20,7	  21,6	  20,4	  16,4	 -21,1
s	   210,8759	 5	267,14	 88,96	   4,6	  15,9	  21,0	  21,9	  23,1	  22,5	  17,6	 -19,2
s	   212,9468	 8	267,11	 79,27	   1,5	  13,6	  18,7	  19,0	  20,2	  21,2	  16,9	 -20,1
s	   215,3702	 8	100,56	 94,59	   3,2	  15,0	  20,3	  21,3	  22,3	  21,4	  16,9	 -20,3
s	   216,3004	 7	246,95	 87,30	   3,7	  15,7	  20,2	  21,0	  21,9	  20,8	  17,0	 -20,3
s	   216,4521	 8	246,91	 85,31	   3,2	  15,2	  19,5	  20,0	  21,0	  20,8	  16,9	 -20,5
s	   221,2462	 4	267,13	 87,08	   6,2	  16,8	  20,8	  21,5	  22,6	  22,0	  15,9	 -22,6
s	   221,3947	 5	267,13	 85,13	   5,7	  16,2	  20,1	  20,5	  21,7	  21,9	  15,8	 -22,7
s	   221,7422	 6	267,14	 90,83	   4,7	  15,8	  19,8	  20,2	  21,3	  21,4	  15,7	 -22,9
s	   221,7803	 6	267,12	 83,32	   4,9	  16,0	  20,0	  20,4	  21,5	  21,7	  16,7	 -21,1
s	   222,1762	 7	267,15	 92,18	   2,7	  14,4	  19,5	  20,2	  21,3	  21,5	  16,6	 -21,3
s	   222,4323	 5	261,44	 87,10	   5,1	  16,3	  20,5	  21,2	  22,2	  21,5	  15,7	 -22,9
s	   222,4611	 7	267,12	 81,39	   3,4	  14,8	  18,8	  18,9	  20,0	  21,0	  15,5	 -23,1
s	   222,5420	 6	261,45	 88,90	   4,4	  16,1	  20,4	  21,1	  22,1	  21,2	  16,6	 -21,2
s	   222,5800	 6	261,43	 85,17	   3,9	  15,3	  19,5	  19,9	  21,0	  21,0	  15,6	 -23,0
s	   222,8036	 5	273,65	 87,08	   5,9	  16,6	  20,7	  21,4	  22,4	  21,6	  15,7	 -22,9
s	   222,8769	 8	267,12	 80,48	  -1,6	  11,3	  17,6	  18,3	  19,4	  20,3	  16,2	 -21,7
s	   222,9132	 6	273,65	 88,87	   5,1	  16,3	  20,6	  21,3	  22,3	  21,4	  16,6	 -21,3
s	   222,9258	 7	261,47	 90,84	   3,7	  15,3	  19,4	  19,8	  20,9	  20,9	  15,5	 -23,2
s	   222,9637	 7	261,41	 83,37	   3,1	  15,1	  19,4	  19,8	  20,8	  20,8	  16,5	 -21,4
s	   223,2620	 8	267,15	 94,55	   3,9	  15,1	  19,0	  19,0	  20,2	  21,3	  15,3	 -23,3
s	   223,2964	 7	273,64	 90,81	   4,4	  15,5	  19,6	  20,0	  21,1	  21,1	  15,5	 -23,2
s	   223,3343	 7	273,67	 83,35	   3,9	  15,4	  19,6	  20,0	  21,0	  20,9	  16,5	 -21,5
s	   223,3577	 8	261,48	 92,19	   0,9	  13,5	  18,9	  19,6	  20,6	  20,6	  16,4	 -21,6
s	   223,6412	 8	261,40	 81,45	   2,4	  14,3	  18,4	  18,5	  19,6	  20,4	  15,3	 -23,4
s	   223,7276	 8	273,64	 92,15	   1,6	  13,8	  19,1	  19,8	  20,9	  20,8	  16,3	 -21,6
s	   224,0107	 8	273,67	 81,43	   3,1	  14,5	  18,6	  18,7	  19,8	  20,6	  15,3	 -23,5
s	   226,6624	 6	255,06	 87,17	   4,8	  16,0	  20,2	  20,9	  21,9	  21,0	  15,3	 -23,7
s	   226,8076	 7	255,03	 85,27	   4,3	  15,4	  19,5	  19,9	  21,0	  20,9	  15,2	 -23,8
s	   227,1848	 8	255,01	 83,50	   3,5	  15,2	  19,4	  19,8	  20,8	  20,7	  16,1	 -22,2
s	   228,3439	 6	 87,13	 94,54	   3,0	  14,8	  20,0	  20,9	  22,1	  21,3	  16,2	 -22,1
s	   233,8080	 7	285,31	 87,18	   4,3	  15,5	  19,9	  20,6	  21,5	  20,4	  14,7	 -24,9
s	   233,9883	 8	279,52	 88,83	   1,6	  13,9	  19,4	  20,3	  21,3	  20,3	  15,6	 -23,3
s	   238,7224	 5	 87,13	 92,79	   4,6	  15,7	  19,9	  20,6	  21,6	  20,7	  14,6	 -25,5
s	   238,7792	 6	 87,13	 94,06	   1,8	  14,0	  19,4	  20,3	  21,4	  20,4	  15,5	 -23,8
s	   238,8608	 6	 87,14	 90,98	   4,8	  15,6	  19,4	  19,8	  20,9	  21,1	  14,5	 -25,6
s	   239,1848	 7	 87,13	 96,29	   3,1	  14,7	  18,8	  19,2	  20,3	  20,2	  14,3	 -25,8
s	   239,2203	 7	 87,14	 89,29	   4,1	  15,3	  19,3	  19,7	  20,8	  20,8	  15,3	 -24,0
s	   240,1746	 6	 81,05	 92,76	   4,3	  15,5	  19,7	  20,4	  21,4	  20,4	  14,4	 -25,8
s	   240,2768	 7	 81,04	 94,44	   3,6	  15,3	  19,7	  20,3	  21,3	  20,2	  15,3	 -24,2
s	   242,9896	 8	291,63	 87,28	   2,5	  14,6	  19,2	  19,9	  20,8	  19,4	  15,0	 -24,7
s	   243,3958	 8	290,89	 87,27	   2,5	  14,6	  19,2	  19,9	  20,8	  19,3	  14,9	 -24,8
s	   244,1346	 7	279,05	 87,11	   2,7	  14,7	  19,2	  20,0	  20,9	  19,6	  15,0	 -24,8
s	   244,2702	 8	279,06	 85,34	   2,2	  14,2	  18,5	  18,9	  19,9	  19,5	  14,9	 -24,9
s	   244,3627	 7	 99,04	 92,76	   3,2	  14,9	  19,3	  20,0	  20,9	  19,8	  14,0	 -26,6
s	   244,4183	 8	 99,05	 94,00	   0,5	  13,2	  18,8	  19,7	  20,7	  19,4	  14,9	 -24,9
s	   244,4981	 8	 99,02	 90,98	   3,4	  14,8	  18,8	  19,2	  20,2	  20,1	  13,8	 -26,7
#END
