#HEADER
CATT-Acoustic v8.0b    Copyright © CATT 1988-2003

 Project                : Aula Optica 

 GEOMETRICAL INFORMATION
 Src id and loc     [m] :   E0           9,400        4,600        1,300
 Rec id and loc     [m] :   21          15,500        7,600        1,200

 21       19,8020

 VARIABLE SOURCE DATA
 Directivity
   Type (library)       :  OMNI.SD0
   Dir. Index (DI) [dB] :       0,0      0,0      0,0      0,0      0,0      0,0      0,0      0,0
 Level
   On axis 1m      [dB] :      48,1     57,1     60,8     61,7     63,4     64,6     64,6     48,2
   Total power     [dB] :      59,0     68,0     71,7     72,6     74,3     75,5     75,5     59,1
   Auxiliary delay [ms] :       0,0

 VARIABLE AIR DATA
 Temperature       [°C] :      20
 Relative humidity  [%] :      50
 Density        [kg/m³] :       1,2
 Sound speed      [m/s] :     343
 Impedance      [Ns/m³] :     412
 Diss. coeff. [0.001/m] :      0,10     0,30     0,63     1,07     2,28     6,83    24,23    83,90      (estimated)

#DATAFIELDS
 TYPE DELAY ORDER AZIMUTH ELEVATION SPL125 SPL250 SPL500 SPL1K SPL2K SPL4K SPL8K SPL16K
#DATA
d	     0,0000	 0	104,12	 89,53	  31,4	  40,4	  44,1	  45,0	  46,7	  47,8	  47,2	  29,1
s	     1,2944	 1	104,16	110,57	  30,2	  39,4	  43,1	  43,9	  45,6	  46,7	  46,1	  27,8
*	     7,4745	 1	279,61	141,61	  11,7	  20,8	  24,5	  25,4	  27,0	  28,1	  27,3	   8,5
*	     9,0810	 1	185,32	114,43	   4,7	  13,9	  17,6	  18,4	  20,1	  21,1	  20,3	   1,3
*	    17,6981	 1	175,32	102,49	  -4,3	   4,9	   8,6	   9,4	  11,0	  12,0	  11,0	  -8,8
*	     3,1479	 1	 65,45	120,76	  10,5	  19,7	  23,4	  24,2	  25,9	  27,0	  26,3	   7,9
*	     2,5579	 1	127,35	110,84	   9,1	  18,3	  22,0	  22,8	  24,5	  25,5	  24,9	   6,5
*	    11,0075	 1	145,64	102,04	   0,7	   9,9	  13,6	  14,4	  16,1	  17,1	  16,2	  -2,9
*	     6,3986	 1	 71,69	104,14	   5,0	  14,2	  17,9	  18,7	  20,3	  21,4	  20,7	   1,9
*	     1,9350	 1	103,22	102,73	  13,5	  22,6	  26,3	  27,2	  28,8	  29,9	  29,3	  11,0
*	     9,6623	 1	123,86	 99,72	   4,7	  13,9	  17,6	  18,4	  20,1	  21,1	  20,3	   1,3
*	    15,2186	 1	 73,33	 99,16	  -1,5	   7,7	  11,4	  12,2	  13,8	  14,8	  13,9	  -5,6
*	    10,8060	 1	 93,97	 98,77	   5,8	  14,9	  18,6	  19,5	  21,1	  22,1	  21,3	   2,2
*	    16,8071	 1	110,83	 97,62	   0,0	   9,2	  12,9	  13,7	  15,3	  16,3	  15,3	  -4,3
*	    28,7250	 1	 74,08	 96,81	 -10,2	  -1,0	   2,7	   3,5	   5,1	   6,0	   4,7	 -16,0
*	    26,2483	 1	 89,33	 96,67	  -7,8	   1,4	   5,1	   5,9	   7,5	   8,4	   7,2	 -13,3
*	    30,3299	 1	102,93	 96,13	 -10,0	  -0,8	   2,9	   3,7	   5,3	   6,2	   4,8	 -16,0
*	    44,0684	 1	 74,52	 95,45	 -17,7	  -8,5	  -4,8	  -4,0	  -2,5	  -1,6	  -3,4	 -25,4
*	    42,4919	 1	 86,59	 95,38	 -16,6	  -7,5	  -3,8	  -3,0	  -1,4	  -0,6	  -2,3	 -24,2
*	    45,6020	 1	 97,81	 95,10	 -17,8	  -8,7	  -5,0	  -4,2	  -2,6	  -1,8	  -3,6	 -25,8
s	     1,7243	 1	104,08	 67,27	  28,5	  37,6	  41,2	  41,8	  43,5	  45,3	  45,1	  26,0
*	    29,0122	 1	199,96	 76,99	  -7,7	   2,2	   6,0	   6,8	   8,4	  10,1	   9,1	  -9,9
*	    22,0529	 1	219,86	 71,03	  -2,5	   7,4	  11,2	  12,0	  13,6	  15,3	  14,6	  -3,8
*	    20,9175	 1	259,77	 66,37	  -0,5	   9,4	  13,3	  14,0	  15,7	  17,4	  16,7	  -1,6
*	    18,5089	 1	174,51	 75,04	  -1,7	   8,1	  12,0	  12,8	  14,4	  16,1	  15,5	  -2,6
*	     9,5541	 1	181,19	 61,81	   6,9	  16,8	  20,7	  21,5	  23,1	  24,9	  24,5	   7,2
*	     7,0128	 1	267,80	 23,43	  14,4	  24,2	  28,1	  28,9	  30,5	  32,3	  32,0	  14,9
*	    12,3651	 1	146,39	 76,12	   2,8	  12,7	  16,6	  17,3	  19,0	  20,8	  20,3	   2,7
*	     3,4041	 1	129,09	 67,05	  11,2	  21,1	  24,9	  25,7	  27,4	  29,2	  29,0	  12,2
*	     3,0549	 1	 75,01	 55,94	  13,0	  22,9	  26,7	  27,5	  29,2	  31,0	  30,8	  14,0
*	    11,5200	 1	125,80	 78,99	   5,9	  15,8	  19,6	  20,4	  22,0	  23,8	  23,4	   5,9
*	     2,6119	 1	106,37	 75,66	  16,5	  26,3	  30,2	  31,0	  32,7	  34,5	  34,3	  17,6
*	     5,8973	 1	 76,65	 73,75	   9,0	  18,8	  22,7	  23,5	  25,1	  27,0	  26,6	   9,7
*	    18,5096	 1	113,18	 81,50	   1,5	  11,4	  15,3	  16,0	  17,7	  19,4	  18,8	   0,6
*	    11,4190	 1	 97,03	 80,15	   8,7	  18,6	  22,4	  23,2	  24,9	  26,6	  26,2	   8,7
*	    14,6962	 1	 77,11	 79,57	   2,5	  12,4	  16,3	  17,1	  18,7	  20,4	  19,9	   2,1
*	    31,4497	 1	105,38	 83,28	  -7,5	   2,4	   6,3	   7,0	   8,6	  10,3	   9,3	  -9,9
*	    26,6691	 1	 92,21	 82,64	  -4,7	   5,2	   9,0	   9,8	  11,4	  13,1	  12,2	  -6,6
*	    28,3444	 1	 77,33	 82,39	  -6,6	   3,3	   7,2	   7,9	   9,5	  11,2	  10,3	  -8,7
*	    46,3096	 1	100,26	 84,52	 -14,9	  -5,1	  -1,2	  -0,5	   1,1	   2,7	   1,3	 -19,3
*	    42,7015	 1	 89,30	 84,18	 -13,5	  -3,6	   0,2	   1,0	   2,6	   4,1	   2,9	 -17,4
*	    43,6961	 1	 77,45	 84,05	 -14,2	  -4,4	  -0,5	   0,2	   1,8	   3,4	   2,1	 -18,3
s	     5,3046	 2	104,19	128,32	  26,9	  36,2	  39,9	  40,4	  42,0	  43,9	  43,5	  24,1
s	     5,6670	 2	104,04	 51,40	  27,3	  36,8	  40,5	  41,0	  42,7	  44,5	  44,2	  25,5
s	     5,9518	 1	 31,56	 89,55	  28,0	  37,0	  40,8	  41,7	  43,3	  44,2	  43,4	  23,9
*	    35,2558	 1	 69,55	 92,71	  -9,7	  -0,6	   3,1	   4,0	   5,5	   6,2	   5,9	 -13,7
*	    28,1570	 1	 68,37	 93,03	  -6,0	   3,0	   6,8	   7,7	   9,2	  10,0	   9,8	  -9,1
*	    21,6519	 1	 66,82	 93,46	  -2,2	   6,8	  10,6	  11,4	  13,0	  13,8	  13,9	  -4,5
*	    21,8754	 1	 66,84	 84,13	  -2,4	   6,7	  10,4	  11,3	  12,9	  13,7	  13,7	  -4,7
*	    16,0440	 1	 64,67	 94,04	   1,3	  10,4	  14,2	  15,0	  16,6	  17,4	  17,6	  -0,3
*	    16,3005	 1	 64,71	 82,97	   1,2	  10,2	  14,0	  14,8	  16,4	  17,2	  17,4	  -0,5
*	    11,6409	 1	 61,53	 94,88	   4,4	  13,4	  17,2	  18,1	  19,7	  20,5	  20,8	   3,3
*	    11,9313	 1	 61,57	 81,28	   4,1	  13,2	  16,9	  17,8	  19,4	  20,3	  20,6	   3,0
*	     8,5688	 1	 56,54	 96,19	   6,9	  15,9	  19,7	  20,6	  22,2	  23,0	  23,4	   6,2
*	     8,8993	 1	 56,60	 78,67	   6,6	  15,6	  19,4	  20,3	  21,9	  22,7	  23,1	   5,9
*	     6,7386	 1	 47,54	 98,39	   9,5	  18,5	  22,3	  23,2	  24,8	  25,7	  26,1	   9,0
*	     7,1350	 1	 47,65	 74,33	   9,0	  18,0	  21,8	  22,7	  24,3	  25,2	  25,6	   8,5
*	     6,1831	 1	 28,56	102,25	  12,7	  21,7	  25,5	  26,4	  28,0	  28,8	  29,3	  12,3
*	     6,6993	 1	 28,78	 66,98	  11,8	  20,8	  24,6	  25,5	  27,1	  28,0	  28,4	  11,4
*	     7,7859	 1	348,56	105,67	  14,1	  23,1	  26,9	  27,8	  29,4	  30,3	  30,7	  13,5
*	     8,4062	 1	348,88	 60,43	  12,7	  21,8	  25,6	  26,4	  28,0	  28,9	  29,3	  12,1
*	    12,6797	 1	308,03	101,91	   9,0	  18,0	  21,8	  22,7	  24,3	  25,1	  25,4	   7,8
*	    13,1782	 1	308,18	 66,23	   8,1	  17,2	  20,9	  21,8	  23,4	  24,3	  24,5	   6,9
*	    19,5072	 1	288,64	 97,83	   2,1	  11,2	  14,9	  15,8	  17,4	  18,2	  18,3	   0,1
*	    19,8618	 1	288,69	 73,51	   1,7	  10,8	  14,5	  15,4	  17,0	  17,8	  17,9	  -0,3
s	     6,9599	 2	 31,46	105,99	  27,9	  37,1	  40,9	  41,8	  43,4	  44,3	  43,7	  24,9
s	     7,3001	 2	 31,66	 72,04	  26,3	  35,4	  39,2	  39,7	  41,3	  43,0	  42,8	  23,2
s	    10,2227	 3	 31,36	121,14	  25,2	  34,5	  38,2	  38,7	  40,3	  42,0	  41,7	  21,8
s	    10,5543	 3	104,23	139,66	  25,6	  35,2	  38,9	  39,4	  41,1	  42,9	  42,4	  23,3
s	    11,4467	 3	104,01	 39,69	  23,8	  33,4	  37,0	  37,2	  38,8	  41,5	  41,3	  21,3
s	    11,5605	 5	 30,03	 58,23	  24,9	  34,4	  38,4	  38,9	  40,5	  41,9	  41,8	  22,6
s	    14,7327	 4	 31,26	131,98	  24,2	  33,9	  37,7	  38,2	  39,8	  41,5	  41,0	  21,5
s	    15,5197	 4	 31,86	 47,01	  22,5	  32,1	  35,8	  36,0	  37,6	  40,1	  40,0	  19,7
s	    17,1215	 4	104,27	147,95	  22,1	  31,9	  35,5	  35,7	  37,3	  39,9	  39,5	  19,1
s	    17,6145	 4	103,97	 32,32	  22,5	  32,4	  36,1	  36,3	  38,0	  40,6	  40,2	  20,4
*	    18,5826	 1	147,30	 99,19	  -2,1	   7,4	  11,2	  12,1	  13,7	  14,5	  13,9	  -6,0
s	    19,2863	 1	245,01	 89,22	  24,3	  33,8	  37,7	  38,5	  40,1	  41,0	  40,3	  20,4
*	    22,9576	 1	283,92	 77,25	   7,8	  17,3	  21,1	  22,0	  23,6	  24,4	  23,6	   3,4
*	    20,8581	 1	223,33	 78,37	   8,1	  17,6	  21,4	  22,3	  23,8	  24,7	  24,0	   3,9
*	    31,6630	 1	196,10	 83,30	   0,2	   9,7	  13,5	  14,4	  16,0	  16,7	  15,7	  -5,3
s	    19,9282	 1	141,37	 89,82	  24,2	  33,7	  37,5	  38,4	  40,0	  40,8	  40,1	  20,2
*	    24,9370	 1	124,09	 86,17	   5,3	  14,8	  18,6	  19,5	  21,1	  21,9	  21,1	   0,7
s	    19,9577	 2	245,04	100,20	  23,7	  33,4	  37,2	  38,1	  39,7	  40,5	  39,8	  19,8
s	    20,1875	 2	244,98	 77,46	  22,2	  31,8	  35,5	  36,1	  37,7	  39,3	  38,9	  18,2
s	    20,5890	 2	141,42	100,63	  23,8	  33,5	  37,3	  38,2	  39,8	  40,6	  39,9	  19,9
s	    20,6268	 5	 31,16	140,63	  21,1	  30,9	  34,6	  34,8	  36,4	  38,8	  38,5	  17,7
s	    20,8152	 2	141,30	 78,24	  22,8	  32,5	  36,4	  37,0	  38,5	  40,2	  39,8	  19,8
s	    21,0775	 5	 31,96	 39,25	  21,5	  31,5	  35,2	  35,5	  37,1	  39,5	  39,2	  19,1
*	    21,8505	 1	154,14	 98,88	  -6,8	   2,4	   6,2	   9,7	  12,2	  13,0	  11,9	  -8,2
*	    22,4188	 1	157,14	 98,96	  -7,2	   2,0	   5,8	   9,3	  11,8	  12,6	  11,5	  -8,7
*	    23,0884	 1	160,20	 99,01	  -7,7	   1,5	   5,3	   8,8	  11,3	  12,1	  11,0	  -9,2
*	    23,8559	 1	163,29	 99,05	  -8,1	   1,0	   4,9	   8,4	  10,9	  11,6	  10,5	  -9,8
*	    21,4896	 1	154,13	 95,88	  -6,5	   2,6	   6,5	  10,0	  12,5	  13,2	  12,2	  -7,9
*	    22,0651	 1	157,12	 95,93	  -7,0	   2,2	   6,0	   9,5	  12,0	  12,8	  11,7	  -8,4
*	    22,7419	 1	160,18	 95,96	  -7,4	   1,7	   5,6	   9,1	  11,6	  12,3	  11,2	  -9,0
*	    23,5167	 1	163,27	 95,98	  -7,9	   1,2	   5,1	   8,6	  11,1	  11,8	  10,7	  -9,6
*	    21,2704	 1	154,11	 92,85	  -6,4	   2,8	   6,6	  10,1	  12,6	  13,4	  12,3	  -7,8
*	    21,8506	 1	157,10	 92,87	  -6,8	   2,3	   6,2	   9,7	  12,2	  12,9	  11,8	  -8,3
*	    22,5320	 1	160,16	 92,87	  -7,3	   1,9	   5,7	   9,2	  11,7	  12,4	  11,3	  -8,8
*	    23,3115	 1	163,25	 92,86	  -7,8	   1,4	   5,2	   8,7	  11,2	  11,9	  10,8	  -9,4
*	    21,1954	 1	154,09	 89,80	  -6,4	   2,8	   6,6	  10,2	  12,7	  13,4	  12,4	  -7,7
*	    21,7776	 1	157,08	 89,78	  -6,8	   2,4	   6,2	   9,7	  12,2	  13,0	  11,9	  -8,2
*	    22,4609	 1	160,14	 89,76	  -7,3	   1,9	   5,7	   9,2	  11,7	  12,5	  11,4	  -8,8
*	    23,2422	 1	163,23	 89,74	  -7,8	   1,4	   5,2	   8,7	  11,2	  12,0	  10,9	  -9,4
*	    21,2656	 1	154,07	 86,77	  -6,4	   2,8	   6,6	  10,1	  12,6	  13,4	  12,3	  -7,7
*	    21,8469	 1	157,06	 86,70	  -6,8	   2,3	   6,2	   9,7	  12,2	  12,9	  11,8	  -8,3
*	    22,5293	 1	160,12	 86,66	  -7,3	   1,9	   5,7	   9,2	  11,7	  12,4	  11,3	  -8,8
*	    23,3096	 1	163,21	 86,62	  -7,8	   1,4	   5,2	   8,7	  11,2	  11,9	  10,8	  -9,4
*	    21,4801	 1	154,05	 83,74	  -6,5	   2,6	   6,5	  10,0	  12,5	  13,2	  12,2	  -7,9
*	    22,0577	 1	157,04	 83,65	  -7,0	   2,2	   6,0	   9,5	  12,0	  12,8	  11,7	  -8,4
*	    22,7364	 1	160,10	 83,58	  -7,4	   1,7	   5,6	   9,1	  11,6	  12,3	  11,2	  -9,0
*	    23,5129	 1	163,19	 83,51	  -7,9	   1,2	   5,1	   8,6	  11,1	  11,8	  10,7	  -9,6
s	    22,2233	 3	245,08	111,20	  21,5	  31,3	  35,1	  35,5	  37,1	  38,8	  38,3	  17,4
s	    22,4407	 3	244,95	 67,36	  22,0	  31,9	  35,7	  36,3	  37,9	  39,5	  39,1	  18,9
s	    22,6131	 2	284,01	 89,23	  23,4	  33,0	  36,9	  37,7	  39,3	  40,0	  39,4	  19,2
s	    22,8209	 3	141,49	111,48	  21,4	  31,2	  34,9	  35,4	  37,0	  38,7	  38,2	  17,2
s	    23,0354	 3	141,25	 68,28	  21,8	  31,8	  35,6	  36,2	  37,7	  39,4	  38,9	  18,7
s	    23,2326	 3	283,99	 99,37	  22,8	  32,6	  36,5	  37,3	  38,8	  39,5	  38,9	  18,6
s	    23,4450	 3	284,02	 78,36	  21,2	  30,9	  34,8	  35,3	  36,8	  38,3	  38,0	  17,0
s	    23,7035	 5	104,31	153,30	  21,0	  31,1	  34,7	  34,9	  36,5	  39,2	  38,5	  18,3
s	    24,7441	 5	103,93	 26,77	  19,2	  29,3	  32,9	  32,8	  34,4	  37,7	  37,5	  16,4
*	    25,0390	 1	174,58	 99,56	  -6,8	   2,7	   6,6	   7,4	   9,0	   9,8	   9,0	 -11,4
s	    25,3341	 4	283,97	109,62	  20,7	  30,5	  34,3	  34,8	  36,4	  37,9	  37,5	  16,3
s	    25,5553	 4	245,11	120,13	  21,1	  31,3	  35,1	  35,6	  37,2	  38,8	  38,2	  17,8
s	    26,1096	 4	141,54	120,32	  21,0	  31,2	  35,0	  35,5	  37,0	  38,7	  38,1	  17,6
s	    26,1573	 4	244,91	 57,91	  19,5	  29,5	  33,3	  33,5	  35,1	  37,5	  37,3	  16,0
s	    26,2348	 6	285,44	 68,49	  20,5	  30,6	  34,7	  35,3	  36,7	  37,9	  37,8	  17,3
s	    26,7045	 4	141,18	 58,92	  19,4	  29,4	  33,2	  33,4	  35,0	  37,4	  37,2	  15,9
s	    27,6901	 6	 32,06	 33,04	  18,5	  28,5	  32,2	  32,1	  33,7	  36,9	  36,7	  15,3
*	    28,3762	 1	116,63	 96,37	  -6,4	   3,1	   6,9	   7,8	   9,3	  10,1	   9,2	 -11,5
s	    28,4518	 5	283,95	118,11	  20,4	  30,5	  34,5	  35,0	  36,5	  38,0	  37,5	  16,8
s	    28,9871	 2	  9,29	 89,72	  22,2	  31,7	  35,6	  36,5	  38,0	  38,7	  37,9	  17,2
s	    29,0181	 5	284,06	 59,94	  18,7	  28,8	  32,7	  32,9	  34,4	  36,7	  36,6	  15,1
s	    29,5267	 3	  9,23	 98,55	  21,9	  31,6	  35,5	  36,3	  37,9	  38,5	  37,7	  16,9
s	    29,7121	 3	  9,35	 80,24	  20,8	  30,6	  34,6	  35,1	  36,7	  38,1	  37,6	  16,8
s	    30,1892	 5	245,14	128,22	  18,5	  28,8	  32,5	  32,7	  34,3	  36,7	  36,3	  14,7
s	    30,5544	 5	244,88	 50,56	  19,0	  29,4	  33,2	  33,4	  35,0	  37,4	  37,0	  16,1
s	    30,6927	 5	141,61	128,35	  18,4	  28,7	  32,4	  32,6	  34,2	  36,6	  36,2	  14,5
*	    30,7766	 1	118,50	 82,54	 -10,0	  -0,5	   3,3	   4,2	   5,7	   6,5	   5,5	 -15,4
s	    31,1010	 6	104,35	157,48	  17,9	  28,1	  31,7	  31,5	  33,1	  36,5	  36,0	  14,3
*	    31,3621	 1	184,03	 98,59	  -3,2	   6,3	  10,1	  11,0	  12,5	  13,3	  12,3	  -8,6
*	    31,5837	 1	183,90	 78,98	  -3,3	   6,2	  10,0	  10,9	  12,4	  13,2	  12,2	  -8,8
s	    31,4200	 5	141,12	 51,10	  19,8	  30,0	  33,9	  34,4	  35,9	  37,4	  36,8	  15,9
s	    31,5490	 4	  9,41	 71,88	  20,0	  30,0	  34,0	  34,5	  36,0	  37,5	  36,9	  16,0
s	    31,6382	 6	103,90	 23,01	  18,3	  28,6	  32,3	  32,2	  33,8	  37,2	  36,7	  15,7
s	    32,2967	 2	214,92	 89,46	  20,9	  30,4	  34,1	  33,6	  34,2	  35,1	  34,1	  13,1
s	    32,8023	 3	214,97	 97,74	  20,6	  30,3	  34,0	  33,5	  34,0	  35,0	  33,9	  12,8
s	    32,8313	 6	283,94	125,93	  17,8	  28,1	  32,0	  32,1	  33,7	  35,9	  35,6	  13,8
s	    32,9762	 3	214,87	 80,57	  19,5	  29,8	  33,8	  34,3	  35,9	  37,3	  37,0	  15,9
s	    33,1783	 6	284,08	 52,81	  18,3	  28,8	  32,7	  32,9	  34,4	  36,7	  36,4	  15,3
s	    34,1402	 5	  9,11	115,31	  19,4	  29,6	  33,5	  34,0	  35,5	  37,0	  36,3	  15,1
s	    34,2094	 7	 32,16	 28,68	  17,6	  28,0	  31,8	  31,7	  33,3	  36,5	  36,1	  14,9
s	    34,2094	 7	 30,95	151,72	  18,1	  28,2	  31,9	  32,1	  33,6	  35,9	  35,3	  13,3
s	    34,5349	 4	215,02	106,28	  18,3	  28,6	  32,5	  33,0	  34,5	  36,0	  35,5	  13,5
s	    34,6474	 5	  9,48	 63,70	  17,8	  27,9	  31,7	  31,9	  33,5	  35,7	  35,4	  13,4
s	    34,7032	 4	214,83	 72,69	  19,7	  29,7	  33,4	  34,0	  35,4	  37,0	  36,2	  15,0
s	    35,2299	 6	245,17	134,39	  18,0	  28,6	  32,4	  32,6	  34,1	  36,6	  36,0	  14,7
s	    35,6877	 6	141,66	134,52	  17,9	  28,5	  32,3	  32,5	  34,0	  36,5	  35,9	  14,5
s	    36,0562	 6	244,85	 44,06	  16,3	  26,8	  30,6	  30,5	  32,0	  35,2	  35,0	  12,9
s	    36,5072	 6	141,07	 45,12	  16,2	  26,8	  30,5	  30,4	  31,9	  35,1	  34,9	  12,8
s	    37,1511	 5	215,06	113,61	  19,1	  29,2	  33,0	  33,5	  35,0	  36,6	  35,6	  14,2
s	    37,6317	 5	214,78	 64,89	  17,5	  27,6	  31,3	  31,5	  32,9	  35,3	  34,8	  12,5
s	    38,0910	 6	  9,05	122,63	  17,0	  27,3	  31,2	  31,3	  32,8	  35,1	  34,6	  12,3
s	    38,1525	 7	104,38	160,40	  17,0	  27,6	  31,2	  31,1	  32,7	  36,0	  35,3	  13,7
s	    38,4067	 6	  9,54	 57,01	  17,5	  27,9	  31,8	  32,1	  33,6	  35,8	  35,4	  13,8
s	    38,4327	 7	284,09	 46,37	  15,7	  26,3	  30,1	  30,0	  31,5	  34,6	  34,5	  12,1
s	    39,2489	 7	103,86	 19,97	  15,3	  25,8	  29,4	  29,0	  30,6	  34,6	  34,3	  11,9
s	    39,4952	 3	307,96	 89,41	  19,5	  29,6	  33,6	  34,5	  35,9	  36,4	  35,7	  14,1
s	    39,9399	 4	307,93	 96,70	  19,2	  29,5	  33,5	  34,3	  35,8	  36,3	  35,5	  13,8
s	    40,0931	 4	307,99	 81,59	  18,2	  28,5	  32,6	  33,2	  34,6	  35,9	  35,5	  13,8
s	    40,4464	 8	 30,86	154,90	  16,5	  27,0	  30,8	  30,6	  32,2	  35,4	  34,8	  13,0
s	    40,9063	 6	215,11	120,67	  16,8	  27,0	  30,7	  30,9	  32,4	  34,7	  34,1	  11,5
s	    41,2463	 7	245,21	139,84	  15,3	  26,0	  29,8	  29,6	  31,1	  34,3	  33,9	  11,4
s	    41,5017	 8	 32,26	 25,04	  14,8	  25,3	  29,0	  28,5	  30,1	  34,0	  33,8	  11,2
s	    41,5125	 6	214,73	 57,96	  17,3	  28,0	  32,0	  32,5	  34,0	  35,3	  34,8	  12,9
s	    41,6204	 5	308,02	 74,58	  17,5	  28,0	  32,1	  32,6	  34,1	  35,4	  34,9	  13,0
s	    41,6949	 7	244,81	 39,11	  15,8	  26,6	  30,4	  30,3	  31,9	  35,1	  34,7	  12,8
s	    42,1049	 7	141,01	 40,17	  15,7	  26,6	  30,4	  30,3	  31,8	  35,0	  34,6	  12,7
s	    42,1393	 7	308,32	104,69	  16,5	  27,6	  31,8	  32,4	  33,7	  34,8	  34,8	  12,9
s	    42,8595	 7	  8,98	128,93	  17,6	  28,0	  32,0	  32,5	  33,9	  35,3	  34,5	  12,5
s	    43,8026	 6	307,86	110,90	  17,0	  27,7	  31,7	  32,2	  33,7	  35,0	  34,4	  12,3
s	    43,8613	 8	284,11	 41,40	  15,2	  26,1	  30,0	  29,9	  31,4	  34,5	  34,2	  12,1
s	    43,8613	 8	283,90	137,85	  15,7	  26,3	  30,2	  30,3	  31,8	  33,9	  33,4	  10,6
s	    44,2333	 6	308,05	 67,51	  15,4	  26,0	  30,0	  30,2	  31,6	  33,7	  33,5	  10,7
s	    45,1201	 7	215,16	126,41	  16,5	  27,1	  30,8	  31,0	  32,5	  34,8	  34,0	  11,8
s	    45,5735	 2	152,16	 89,93	  18,9	  28,4	  32,3	  33,2	  34,7	  35,2	  33,7	  10,8
s	    45,8220	 7	214,68	 52,33	  14,9	  25,4	  29,1	  29,0	  30,4	  33,5	  33,1	  10,1
s	    45,8765	 8	104,43	162,83	  14,2	  24,8	  28,4	  27,9	  29,5	  33,6	  33,0	  10,0
s	    45,9772	 3	152,20	 96,54	  18,6	  28,3	  32,2	  33,1	  34,5	  35,1	  33,6	  10,6
s	    46,1163	 3	152,12	 82,82	  17,6	  27,4	  31,3	  31,9	  33,4	  34,7	  33,5	  10,5
s	    46,4322	 8	103,83	 17,77	  14,6	  25,4	  29,1	  28,7	  30,2	  34,3	  33,7	  11,4
s	    47,1859	 7	307,83	117,42	  14,8	  25,6	  29,6	  29,7	  31,2	  33,2	  32,9	   9,8
s	    47,2391	 8	245,24	143,99	  14,8	  25,8	  29,6	  29,5	  31,0	  34,2	  33,6	  11,2
s	    47,3708	 4	152,24	103,47	  17,2	  27,2	  31,1	  31,6	  33,1	  34,5	  33,2	  10,1
s	    47,4589	 7	308,08	 61,53	  15,3	  26,2	  30,3	  30,5	  31,9	  34,0	  33,7	  11,3
s	    47,5071	 4	152,08	 76,41	  17,2	  27,2	  31,1	  31,6	  33,1	  34,4	  33,2	  10,1
s	    47,6154	 8	141,78	144,13	  14,7	  25,8	  29,6	  29,4	  31,0	  34,2	  33,5	  11,1
*	    47,7121	 1	 68,75	 87,93	 -13,7	  -4,5	  -0,8	  -0,0	   1,6	   2,3	   0,5	 -21,9
s	    47,8691	 8	  8,92	133,93	  14,2	  24,9	  28,8	  28,6	  30,1	  33,1	  32,7	   9,5
s	    48,1890	 8	244,78	 34,74	  13,1	  24,1	  27,9	  27,4	  28,9	  32,9	  32,7	   9,4
*	    48,2235	 1	101,93	 94,95	  -8,6	   1,1	   5,9	   6,9	   8,6	   9,3	   7,6	 -14,8
s	    48,2741	 8	  9,66	 45,84	  14,6	  25,6	  29,5	  29,3	  30,8	  33,8	  33,4	  11,0
s	    49,0350	 8	140,94	 35,49	  14,0	  24,8	  28,6	  28,5	  29,9	  32,9	  32,5	   9,2
s	    49,5042	 5	152,28	109,57	  17,2	  27,4	  31,3	  31,8	  33,3	  34,6	  33,6	  11,0
s	    49,8997	 5	152,04	 69,89	  15,6	  25,7	  29,6	  29,8	  31,3	  33,4	  32,7	   9,3
s	    50,1742	 5	 85,94	116,83	  14,3	  24,7	  29,4	  29,8	  31,4	  33,9	  32,7	   9,3
s	    50,6838	 8	214,64	 47,44	  14,5	  25,4	  29,2	  29,0	  30,5	  33,6	  33,0	  10,3
*	    50,9759	 1	107,25	 87,46	  -7,5	   2,0	   5,8	   6,7	   8,2	   8,8	   7,4	 -15,3
s	    51,3474	 8	307,80	123,24	  15,6	  26,5	  30,6	  31,1	  32,4	  33,6	  32,9	  10,2
s	    52,0855	 6	 61,12	116,03	  13,9	  24,3	  29,1	  29,5	  31,1	  33,3	  32,2	   8,7
s	    52,8742	 6	152,33	116,08	  16,1	  26,1	  30,1	  30,5	  31,9	  33,1	  32,1	   8,5
s	    52,8742	 6	152,00	 64,28	  15,6	  26,0	  29,9	  30,1	  31,6	  33,7	  32,9	  10,0
s	    53,2491	 1	 84,80	 90,16	  18,9	  28,4	  32,2	  33,1	  34,6	  35,2	  33,6	  10,7
*	    56,2496	 1	 71,66	 91,28	  -4,3	   5,2	   9,0	   9,8	  11,4	  12,0	  10,3	 -12,8
*	    53,2781	 1	 85,29	 91,30	  -2,9	   6,5	  10,3	  11,2	  12,7	  13,3	  11,8	 -11,1
*	    56,8259	 1	 98,15	 91,25	  -4,1	   5,4	   9,2	  10,0	  11,5	  12,1	  10,5	 -12,7
*	    54,6076	 1	 76,83	 86,48	 -15,2	  -6,0	  -2,4	  -1,6	  -0,0	   0,7	   2,7	 -18,6
*	    54,4025	 1	 76,82	 88,82	 -15,1	  -6,0	  -2,3	  -1,5	   0,1	   0,8	   2,8	 -18,5
*	    54,0552	 1	 79,16	 86,48	 -15,0	  -5,8	  -2,1	  -1,3	   0,2	   1,0	   3,0	 -18,3
*	    53,8478	 1	 79,16	 88,82	 -14,9	  -5,7	  -2,1	  -1,2	   0,3	   1,1	   3,1	 -18,2
*	    53,6874	 1	 81,49	 86,50	 -14,8	  -5,6	  -2,0	  -1,1	   0,4	   1,2	   3,2	 -18,1
*	    53,4783	 1	 81,49	 88,82	 -14,7	  -5,5	  -1,9	  -1,1	   0,5	   1,3	   3,3	 -18,0
*	    53,5091	 1	 83,81	 86,51	 -14,7	  -5,5	  -1,8	  -1,0	   0,5	   1,3	   3,3	 -17,9
*	    53,2988	 1	 83,81	 88,83	 -14,6	  -5,4	  -1,8	  -1,0	   0,6	   1,4	   3,4	 -17,8
*	    53,5238	 1	 86,12	 86,52	 -14,6	  -5,5	  -1,8	  -1,0	   0,6	   1,3	   3,3	 -17,9
*	    53,3129	 1	 86,12	 88,84	 -14,5	  -5,4	  -1,7	  -0,9	   0,7	   1,4	   3,4	 -17,8
*	    53,7329	 1	 88,38	 86,56	 -14,7	  -5,5	  -1,9	  -1,0	   0,5	   1,3	   3,3	 -18,0
*	    53,5223	 1	 88,38	 88,85	 -14,6	  -5,4	  -1,8	  -1,0	   0,6	   1,4	   3,4	 -17,9
*	    54,1364	 1	 90,63	 86,58	 -14,8	  -5,6	  -2,0	  -1,2	   0,4	   1,1	   3,1	 -18,1
*	    53,9266	 1	 90,63	 88,86	 -14,7	  -5,6	  -1,9	  -1,1	   0,5	   1,2	   3,2	 -18,0
*	    54,7321	 1	 92,83	 86,62	 -15,0	  -5,8	  -2,2	  -1,4	   0,2	   0,9	   2,9	 -18,4
*	    54,5238	 1	 92,83	 88,87	 -14,9	  -5,8	  -2,1	  -1,3	   0,3	   1,0	   3,0	 -18,3
*	    55,5159	 1	 94,99	 86,66	 -15,3	  -6,1	  -2,4	  -1,6	  -0,1	   0,7	   2,6	 -18,8
*	    55,3098	 1	 94,99	 88,88	 -15,2	  -6,0	  -2,4	  -1,6	   0,0	   0,7	   2,7	 -18,7
*	    56,4823	 1	 97,10	 86,71	 -15,6	  -6,4	  -2,8	  -2,0	  -0,4	   0,3	   2,2	 -19,2
*	    56,2788	 1	 97,10	 88,91	 -15,5	  -6,4	  -2,7	  -1,9	  -0,3	   0,4	   2,3	 -19,1
s	    53,7353	 2	 84,81	 83,79	  18,1	  27,6	  31,2	  31,7	  33,3	  34,8	  32,4	   8,7
s	    53,7489	 3	199,13	 89,65	  16,9	  27,0	  31,0	  31,8	  33,3	  33,7	  32,3	   8,6
s	    54,1079	 4	199,17	 95,53	  16,6	  26,9	  30,9	  31,7	  33,1	  33,6	  32,2	   8,4
s	    54,2318	 4	199,09	 83,32	  15,6	  25,9	  30,0	  30,5	  32,0	  33,1	  32,1	   8,4
s	    54,8619	 3	 84,79	102,32	  17,2	  26,7	  30,3	  30,7	  32,3	  33,9	  32,1	   8,3
s	    54,9845	 3	 84,81	 78,02	  17,0	  26,9	  30,8	  31,3	  32,8	  34,2	  32,9	   9,9
s	    55,0820	 2	 63,52	 90,12	  18,5	  28,0	  31,9	  32,8	  34,2	  34,7	  33,2	  10,2
s	    55,3509	 5	199,21	101,73	  15,3	  25,8	  29,8	  30,3	  31,7	  32,9	  31,9	   8,0
s	    55,4728	 5	199,05	 77,59	  15,2	  25,7	  29,8	  30,3	  31,7	  32,9	  31,8	   8,0
s	    55,5563	 3	 63,54	 83,91	  17,7	  27,2	  30,9	  31,4	  33,0	  34,3	  32,0	   8,2
*	    56,4229	 1	 70,60	 84,45	 -14,2	  -5,2	  -1,5	  -0,6	   0,9	   1,5	   0,6	 -20,9
*	    56,0988	 1	 70,60	 86,49	 -14,1	  -5,1	  -1,3	  -0,5	   1,0	   1,6	   0,7	 -20,7
*	    55,9162	 1	 70,59	 88,54	 -14,0	  -5,0	  -1,3	  -0,4	   1,1	   1,7	   0,8	 -20,6
s	    56,0224	 8	153,14	114,93	  13,5	  24,3	  28,4	  28,5	  29,9	  31,8	  31,4	   7,5
s	    56,1886	 7	152,37	120,83	  14,9	  25,6	  29,5	  29,6	  31,1	  33,3	  32,3	   9,1
s	    56,6561	 4	 63,48	101,99	  16,8	  26,3	  30,0	  30,4	  32,0	  33,4	  31,8	   7,8
s	    56,7869	 4	 84,79	107,87	  17,3	  27,1	  30,8	  31,2	  32,8	  34,4	  32,5	   9,3
s	    56,7891	 7	151,95	 58,78	  13,3	  23,9	  27,7	  27,6	  29,1	  32,0	  31,4	   7,4
s	    57,1449	 4	 84,81	 72,07	  15,0	  25,1	  28,8	  29,0	  30,5	  32,7	  31,7	   7,7
s	    57,1912	 6	 62,70	 77,89	  16,1	  26,2	  30,2	  30,8	  32,1	  33,2	  32,3	   9,0
s	    57,2637	 6	199,24	107,25	  15,3	  26,0	  30,0	  30,5	  31,9	  33,2	  32,2	   9,0
s	    57,6196	 6	199,01	 71,68	  13,7	  24,4	  28,3	  28,5	  30,0	  31,9	  31,4	   7,4
s	    58,5370	 5	 63,46	107,43	  16,9	  26,7	  30,5	  30,9	  32,4	  33,9	  32,2	   8,8
s	    58,8871	 5	 63,57	 72,45	  14,6	  24,7	  28,5	  28,7	  30,2	  32,2	  31,3	   7,2
s	    58,9062	 5	 84,79	112,24	  12,6	  23,3	  28,1	  28,6	  30,1	  32,3	  31,3	   7,2
s	    59,3965	 2	104,59	 90,16	  17,2	  27,2	  31,2	  32,0	  33,5	  34,0	  32,6	   9,2
s	    59,7236	 2	102,15	 90,17	  17,2	  27,2	  31,1	  32,0	  33,5	  33,9	  32,6	   9,1
s	    59,7300	 3	104,60	 95,63	  17,0	  27,2	  31,1	  31,9	  33,4	  33,9	  32,4	   9,0
s	    59,8451	 3	104,58	 84,29	  15,9	  26,2	  30,2	  30,7	  32,2	  33,5	  32,4	   8,9
s	    59,8494	 5	 84,82	 66,89	  15,0	  25,4	  29,2	  29,4	  30,9	  33,1	  32,0	   8,5
*	    59,9347	 1	104,49	 84,99	 -15,4	  -5,9	  -2,1	  -1,2	   0,3	   0,9	  -0,9	 -24,4
s	    60,0557	 3	102,16	 95,61	  16,9	  27,1	  31,1	  31,9	  33,3	  33,8	  32,4	   8,9
s	    60,1704	 3	102,14	 84,31	  15,9	  26,2	  30,1	  30,7	  32,2	  33,4	  32,4	   8,9
s	    60,3080	 7	199,29	113,22	  14,3	  24,8	  28,9	  29,3	  30,7	  31,7	  30,9	   6,6
s	    60,3080	 7	198,97	 66,53	  13,7	  24,7	  28,7	  28,9	  30,4	  32,4	  31,7	   8,2
s	    60,6102	 6	 63,45	111,72	  12,2	  22,9	  27,9	  28,3	  29,8	  31,9	  31,0	   6,7
s	    60,6527	 8	152,41	125,83	  12,7	  23,4	  27,3	  27,1	  28,5	  31,5	  30,7	   6,4
s	    60,8864	 4	104,61	101,40	  14,9	  25,2	  29,0	  29,5	  31,0	  32,3	  31,1	   6,8
s	    60,9936	 8	151,92	 54,19	  13,2	  24,1	  28,0	  27,8	  29,3	  32,2	  31,5	   7,9
s	    60,9999	 4	104,57	 78,94	  15,4	  25,8	  29,8	  30,3	  31,7	  33,0	  31,9	   8,3
s	    61,2075	 4	102,17	101,36	  14,8	  25,1	  29,0	  29,5	  30,9	  32,2	  31,1	   6,7
s	    61,3206	 4	102,13	 78,99	  15,3	  25,8	  29,7	  30,2	  31,7	  33,0	  31,9	   8,3
s	    61,5336	 6	 63,59	 67,37	  14,6	  25,0	  28,9	  29,1	  30,6	  32,7	  31,6	   8,0
s	    62,3802	 4	320,32	 89,55	  15,7	  25,8	  29,9	  30,8	  32,2	  32,3	  30,9	   6,5
s	    62,6710	 5	104,62	106,57	  15,0	  25,6	  29,5	  30,0	  31,5	  32,8	  31,6	   7,8
s	    62,7016	 5	320,29	 94,82	  15,5	  25,7	  29,9	  30,7	  32,0	  32,3	  30,8	   6,3
s	    62,8126	 5	320,34	 83,88	  14,4	  24,8	  28,9	  29,5	  30,9	  31,8	  30,8	   6,3
s	    62,8829	 5	208,39	 89,61	  14,0	  25,0	  29,3	  30,2	  31,5	  31,6	  30,8	   6,2
s	    62,8846	 6	 84,78	118,32	  15,2	  25,4	  29,1	  29,2	  30,7	  33,1	  31,4	   7,7
s	    62,9851	 5	102,17	106,52	  14,9	  25,6	  29,5	  30,0	  31,4	  32,8	  31,5	   7,8
s	    63,0036	 5	104,56	 73,40	  13,4	  24,0	  27,8	  28,0	  29,5	  31,6	  30,7	   6,2
s	    63,2024	 6	208,42	 94,85	  13,7	  24,9	  29,3	  30,1	  31,4	  31,5	  30,6	   6,1
s	    63,2164	 8	 85,93	131,39	  11,7	  22,9	  27,6	  27,7	  29,3	  32,5	  31,2	   7,4
s	    63,3127	 6	208,35	 83,98	  12,7	  24,0	  28,3	  28,9	  30,2	  31,1	  30,6	   6,0
s	    63,3165	 5	102,13	 73,47	  13,4	  23,9	  27,8	  28,0	  29,4	  31,5	  30,7	   6,1
s	    63,3265	 8	199,32	117,65	  13,2	  24,3	  28,4	  28,5	  29,9	  32,0	  31,2	   7,4
s	    63,8170	 6	320,26	100,39	  14,1	  24,7	  28,8	  29,3	  30,7	  31,7	  30,5	   5,9
s	    63,8758	 8	198,93	 61,39	  11,6	  22,7	  26,7	  26,5	  27,9	  30,7	  30,3	   5,7
s	    63,9265	 6	320,37	 78,72	  14,1	  24,6	  28,8	  29,3	  30,6	  31,7	  30,5	   5,9
s	    64,3111	 7	208,45	100,39	  12,3	  23,9	  28,2	  28,7	  30,0	  31,0	  30,3	   5,7
s	    64,4200	 7	208,32	 78,85	  12,3	  23,9	  28,2	  28,7	  30,0	  31,0	  30,3	   5,7
s	    64,5660	 4	251,85	 78,69	  13,7	  24,3	  29,2	  30,0	  31,5	  32,9	  31,4	   7,5
s	    65,3075	 6	104,63	111,85	  12,9	  23,7	  27,6	  27,7	  29,1	  31,3	  30,3	   5,6
s	    65,5402	 7	320,23	105,39	  14,2	  24,9	  29,1	  29,5	  30,9	  31,9	  31,0	   7,0
s	    65,6120	 6	102,18	111,78	  12,9	  23,6	  27,5	  27,7	  29,1	  31,2	  30,3	   5,5
s	    65,7410	 6	104,55	 68,17	  14,4	  25,1	  29,1	  29,6	  31,0	  32,2	  31,0	   7,0
s	    65,7826	 3	 45,87	 90,08	  16,3	  26,4	  30,4	  31,3	  32,7	  33,0	  31,6	   7,6
s	    65,8617	 7	320,40	 73,36	  12,6	  23,3	  27,4	  27,6	  28,9	  30,7	  30,1	   5,3
s	    66,0245	 8	208,48	105,37	  12,4	  24,2	  28,5	  28,9	  30,3	  31,2	  30,8	   6,7
s	    66,1980	 4	 45,89	 84,64	  15,0	  25,4	  29,4	  30,0	  31,4	  32,5	  31,4	   7,4
s	    66,3195	 7	 84,82	 58,40	  10,8	  22,2	  27,1	  27,2	  28,8	  31,8	  30,8	   6,8
s	    66,3441	 8	208,29	 73,52	  10,9	  22,5	  26,8	  27,0	  28,3	  30,0	  29,9	   5,1
s	    66,4632	 5	110,41	 95,20	  13,1	  24,4	  29,6	  30,7	  32,1	  32,5	  31,3	   7,2
s	    66,5282	 7	271,45	 78,53	  12,9	  23,6	  28,8	  29,5	  30,9	  31,9	  30,8	   6,7
s	    67,0051	 7	 84,78	123,08	  13,0	  23,4	  27,0	  26,7	  28,3	  31,4	  30,0	   5,1
s	    67,2685	 5	 45,91	 79,68	  14,5	  25,0	  29,0	  29,5	  30,9	  32,1	  30,9	   6,8
s	    67,8795	 8	 63,62	 59,00	  10,5	  21,9	  26,8	  27,0	  28,5	  31,3	  30,5	   6,3
s	    68,0907	 8	320,20	110,52	  12,2	  23,0	  27,1	  27,2	  28,6	  30,4	  29,7	   4,7
s	    68,2990	 8	320,43	 68,63	  12,7	  23,7	  27,8	  28,0	  29,4	  31,2	  30,5	   6,2
s	    68,3627	 7	104,64	116,44	  12,9	  24,0	  27,9	  28,1	  29,5	  31,7	  30,6	   6,3
s	    68,6567	 7	102,19	116,35	  12,9	  24,0	  27,9	  28,1	  29,5	  31,6	  30,5	   6,3
s	    68,8215	 6	 45,79	105,33	  14,1	  24,8	  28,8	  29,3	  30,7	  31,8	  30,6	   6,3
s	    68,8636	 8	 63,41	122,72	  13,6	  23,8	  27,6	  27,6	  29,1	  31,2	  29,6	   4,6
s	    68,8808	 7	104,54	 63,63	  11,3	  22,3	  26,2	  26,1	  27,5	  30,4	  29,7	   4,7
s	    69,1311	 6	 45,94	 74,50	  12,5	  23,2	  27,1	  27,3	  28,7	  30,6	  29,8	   4,7
s	    69,1730	 7	102,11	 63,73	  11,3	  22,3	  26,2	  26,1	  27,5	  30,4	  29,7	   4,6
s	    70,2174	 8	 84,78	126,14	  10,2	  21,8	  26,6	  26,7	  28,3	  31,3	  30,2	   5,8
s	    71,4811	 7	 45,96	 69,92	  12,6	  23,6	  27,6	  27,8	  29,2	  31,1	  30,2	   5,6
s	    71,6519	 3	156,73	 89,97	  16,7	  26,2	  30,1	  30,9	  32,3	  32,6	  30,7	   6,2
s	    71,9409	 4	156,76	 94,70	  16,4	  26,1	  30,0	  30,8	  32,1	  32,5	  30,6	   6,0
s	    72,0204	 8	 84,83	 53,09	  11,3	  21,9	  25,5	  25,0	  26,5	  30,4	  29,2	   3,9
s	    72,0407	 4	156,70	 84,88	  15,4	  25,2	  29,1	  29,6	  31,0	  32,1	  30,6	   6,0
s	    72,5198	 8	102,20	120,90	  10,7	  21,9	  25,8	  25,6	  27,1	  30,0	  29,1	   3,7
s	    72,5364	 8	104,53	 59,43	  11,3	  22,6	  26,6	  26,4	  27,9	  30,8	  29,9	   5,3
s	    72,8171	 8	102,10	 59,54	  11,2	  22,6	  26,5	  26,4	  27,8	  30,7	  29,9	   5,2
s	    72,9452	 5	156,79	 99,73	  15,1	  25,1	  28,9	  29,4	  30,8	  32,0	  30,3	   5,7
s	    73,0440	 5	156,67	 80,22	  14,2	  24,7	  28,7	  29,2	  30,6	  31,7	  30,4	   5,7
s	    73,4654	 2	252,56	 89,45	  16,3	  26,0	  29,8	  30,6	  32,1	  32,6	  29,7	   4,2
s	    73,7487	 3	252,57	 94,10	  15,6	  25,7	  29,7	  30,5	  31,9	  32,3	  30,5	   5,8
s	    73,8466	 3	252,55	 84,46	  15,0	  25,0	  28,8	  29,3	  30,8	  32,1	  29,5	   4,0
s	    74,3830	 8	 45,74	114,95	  13,1	  24,0	  28,2	  28,6	  29,9	  30,9	  29,7	   4,9
s	    74,5018	 6	156,82	104,28	  14,7	  24,9	  28,7	  29,2	  30,6	  31,8	  30,0	   5,2
s	    74,7338	 4	252,58	 99,03	  14,2	  24,2	  27,9	  28,3	  29,8	  31,2	  29,3	   3,7
s	    74,9078	 3	269,28	 89,44	  16,0	  25,7	  29,6	  30,4	  31,8	  32,2	  29,4	   3,8
s	    75,1868	 4	269,28	 94,01	  15,2	  25,4	  29,5	  30,3	  31,6	  31,9	  30,2	   5,4
s	    75,2832	 4	269,28	 84,52	  14,7	  24,7	  28,6	  29,1	  30,5	  31,7	  29,2	   3,6
s	    75,3842	 8	251,94	119,15	   9,2	  20,6	  25,4	  25,5	  27,0	  30,0	  28,7	   3,1
s	    76,1572	 5	269,28	 98,87	  13,9	  23,9	  27,7	  28,1	  29,5	  30,7	  29,0	   3,3
s	    76,2615	 5	252,58	103,49	  13,6	  24,3	  28,2	  28,7	  30,1	  31,3	  29,8	   4,8
s	    76,5472	 5	252,53	 75,10	  12,8	  23,0	  26,8	  26,9	  28,4	  30,5	  28,9	   3,2
s	    77,0055	 7	156,61	 71,01	  13,0	  23,5	  27,3	  27,5	  28,8	  30,8	  29,4	   4,4
s	    77,6625	 6	269,28	103,27	  13,3	  24,0	  28,0	  28,5	  29,8	  30,9	  29,5	   4,4
s	    77,6639	 4	190,94	 89,76	  14,2	  24,8	  29,0	  29,8	  31,1	  31,3	  29,9	   4,9
s	    77,9351	 5	190,97	 94,20	  14,0	  24,7	  28,9	  29,7	  31,0	  31,2	  29,8	   4,7
s	    77,9441	 6	269,28	 75,29	  12,5	  22,7	  26,6	  26,7	  28,1	  30,1	  28,6	   2,8
s	    78,0288	 5	190,91	 84,97	  13,0	  23,8	  28,0	  28,5	  29,9	  30,8	  29,8	   4,7
s	    78,5343	 6	252,59	108,11	  11,7	  22,4	  26,3	  26,4	  27,8	  29,9	  28,6	   2,7
s	    78,7205	 6	252,52	 70,83	  12,9	  23,5	  27,3	  27,4	  28,9	  31,1	  29,3	   4,2
s	    78,8784	 6	191,00	 98,93	  12,7	  23,7	  27,8	  28,4	  29,7	  30,6	  29,6	   4,4
s	    78,9712	 6	190,88	 80,59	  12,7	  23,7	  27,8	  28,3	  29,7	  30,6	  29,5	   4,4
s	    79,5179	 8	156,88	113,11	  12,6	  23,2	  27,0	  27,2	  28,5	  30,5	  29,0	   3,7
s	    79,6222	 3	236,99	 89,51	  14,3	  24,8	  28,9	  29,7	  31,1	  31,3	  29,8	   4,5
s	    79,8881	 4	237,01	 93,86	  14,0	  24,7	  28,8	  29,6	  31,0	  31,3	  29,6	   4,4
s	    79,9034	 7	269,29	107,83	  11,3	  22,1	  26,1	  26,2	  27,6	  29,5	  28,3	   2,3
s	    79,9781	 8	156,58	 66,58	  11,0	  21,6	  25,3	  25,2	  26,5	  29,3	  28,1	   2,1
s	    79,9799	 4	236,97	 84,82	  13,0	  23,8	  27,9	  28,4	  29,8	  30,8	  29,6	   4,4
s	    80,0870	 7	269,28	 71,08	  12,6	  23,2	  27,1	  27,2	  28,6	  30,6	  29,1	   3,8
s	    80,3428	 7	191,03	103,21	  12,3	  23,5	  27,7	  28,1	  29,5	  30,4	  29,3	   4,0
s	    80,8131	 5	237,02	 98,50	  12,0	  22,8	  26,8	  27,2	  28,6	  29,7	  28,4	   2,3
s	    80,8939	 8	 28,21	108,21	   9,8	  20,9	  25,8	  26,1	  27,6	  29,6	  28,1	   1,9
s	    80,9241	 7	252,51	 67,44	   8,2	  19,7	  24,7	  24,8	  26,3	  29,1	  28,2	   2,0
s	    81,1901	 7	252,60	112,19	  11,7	  22,8	  26,7	  26,9	  28,3	  30,4	  28,9	   3,5
s	    81,3847	 4	358,05	 89,82	  15,6	  25,2	  29,1	  29,9	  31,2	  31,4	  29,4	   4,0
s	    81,6459	 5	358,02	 94,10	  15,3	  25,1	  29,0	  29,8	  31,1	  31,3	  29,3	   3,8
s	    81,7362	 5	358,08	 85,22	  13,4	  23,7	  27,9	  28,4	  29,7	  30,6	  29,3	   3,9
s	    82,0094	 4	284,44	 89,46	  13,9	  24,4	  28,6	  29,4	  30,7	  30,8	  29,4	   3,9
s	    82,2498	 6	237,04	102,71	  12,1	  23,3	  27,4	  27,8	  29,2	  30,3	  28,9	   3,4
s	    82,2611	 8	269,28	 67,73	   7,9	  19,4	  24,5	  24,6	  26,0	  28,7	  27,9	   1,7
s	    82,2690	 5	284,43	 93,72	  13,6	  24,3	  28,5	  29,3	  30,6	  30,8	  29,2	   3,8
s	    82,3588	 5	284,45	 84,88	  12,6	  23,4	  27,6	  28,1	  29,5	  30,3	  29,2	   3,7
s	    82,5187	 6	236,94	 76,01	  10,6	  21,7	  25,7	  25,8	  27,2	  29,1	  28,1	   1,8
s	    82,5551	 6	357,99	 98,66	  14,0	  24,0	  28,0	  28,5	  29,8	  30,7	  29,0	   3,5
s	    82,6445	 6	358,11	 80,99	  13,1	  23,6	  27,7	  28,2	  29,6	  30,5	  29,1	   3,6
s	    82,7040	 8	190,82	 71,88	  10,6	  22,1	  26,3	  26,4	  27,8	  29,5	  28,6	   3,1
s	    82,9719	 4	 32,82	 90,05	  13,8	  23,9	  28,0	  28,8	  30,1	  30,2	  28,2	   1,9
s	    83,2616	 6	284,45	 80,68	  12,0	  23,1	  27,2	  27,7	  29,1	  30,0	  28,8	   3,2
s	    83,7665	 8	252,61	115,40	   7,7	  19,4	  24,4	  24,5	  26,0	  28,7	  27,7	   1,3
s	    83,9676	 7	357,96	102,80	  13,7	  23,9	  27,8	  28,3	  29,6	  30,6	  28,8	   3,1
s	    84,2126	 6	 32,87	 81,35	  12,2	  22,7	  26,9	  27,4	  28,7	  29,6	  27,9	   1,5
s	    84,2322	 7	358,14	 76,55	  12,6	  22,9	  26,9	  27,1	  28,4	  30,1	  28,7	   3,1
s	    84,3920	 7	237,06	107,08	  10,2	  21,4	  25,5	  25,6	  27,0	  28,8	  27,7	   1,3
s	    84,4598	 6	 98,10	 81,54	  10,7	  22,0	  27,0	  27,7	  29,2	  30,4	  28,6	   3,0
s	    84,5769	 7	284,42	102,36	  11,7	  22,9	  27,1	  27,5	  28,9	  29,8	  28,5	   2,8
s	    84,7464	 7	236,92	 71,66	  11,7	  22,9	  27,1	  27,5	  28,8	  29,8	  28,5	   2,8
s	    84,8399	 7	284,46	 76,27	  10,2	  21,3	  25,4	  25,6	  26,9	  28,6	  27,7	   1,2
s	    84,8535	 8	252,50	 62,65	  10,9	  21,9	  25,7	  25,6	  27,0	  30,0	  28,4	   2,7
s	    85,0289	 5	199,09	 89,71	  12,6	  23,7	  28,0	  28,8	  30,1	  30,1	  28,9	   3,2
s	    85,2811	 6	199,11	 93,85	  12,4	  23,6	  27,9	  28,7	  30,0	  30,0	  28,8	   3,0
s	    85,3682	 6	199,06	 85,27	  11,4	  22,7	  27,0	  27,6	  28,8	  29,6	  28,8	   3,0
s	    85,4790	 5	 31,68	 85,60	  13,6	  23,7	  27,6	  28,1	  29,5	  30,6	  28,6	   2,9
s	    85,5159	 7	 32,74	102,83	  13,1	  23,5	  27,5	  27,9	  29,3	  30,3	  28,4	   2,6
s	    86,1590	 7	199,14	 98,25	  11,1	  22,6	  26,9	  27,4	  28,7	  29,5	  28,6	   2,7
s	    86,2454	 7	199,03	 81,19	  11,1	  22,6	  26,9	  27,4	  28,7	  29,5	  28,6	   2,7
s	    86,2481	 8	357,92	107,41	  12,3	  23,1	  27,3	  27,8	  29,0	  29,8	  28,4	   2,6
s	    86,2481	 8	358,17	 72,57	  12,0	  22,5	  26,4	  26,6	  27,9	  29,7	  28,1	   2,3
s	    86,2689	 6	 31,60	 98,57	  13,3	  23,6	  27,5	  27,9	  29,3	  30,5	  28,4	   2,6
s	    86,6723	 8	284,41	106,65	   9,8	  21,1	  25,2	  25,3	  26,6	  28,4	  27,4	   0,7
s	    86,8443	 8	284,47	 72,31	  10,3	  21,7	  25,9	  26,1	  27,4	  29,1	  28,1	   2,2
s	    86,8494	 5	327,00	 89,63	  13,2	  23,8	  28,1	  28,9	  30,2	  30,1	  28,7	   2,8
s	    86,9022	 8	237,07	110,96	  10,3	  21,9	  26,0	  26,1	  27,5	  29,4	  28,1	   2,2
s	    87,0973	 6	326,98	 93,70	  13,0	  23,8	  28,0	  28,8	  30,1	  30,0	  28,6	   2,7
s	    87,1830	 6	327,03	 85,26	  12,0	  22,8	  27,1	  27,6	  28,9	  29,6	  28,6	   2,6
s	    87,3307	 8	236,91	 67,81	   8,7	  20,2	  24,3	  24,1	  25,5	  28,1	  27,3	   0,6
s	    87,5241	 8	199,17	102,25	  10,7	  22,4	  26,7	  27,2	  28,5	  29,3	  28,3	   2,3
s	    87,7636	 8	 32,92	 73,04	  11,0	  22,0	  26,1	  26,2	  27,6	  29,2	  28,0	   2,1
s	    87,8882	 7	 31,73	 77,23	  10,7	  21,4	  25,4	  25,5	  26,9	  28,7	  27,3	   0,6
s	    87,9605	 7	326,96	 98,03	  11,7	  22,7	  27,0	  27,5	  28,8	  29,5	  28,4	   2,4
s	    88,0454	 7	327,05	 81,25	  11,7	  22,7	  27,0	  27,5	  28,8	  29,5	  28,3	   2,3
s	    89,1536	 8	 31,56	105,80	   8,3	  19,8	  24,8	  25,2	  26,6	  28,4	  27,1	   0,2
s	    89,3030	 8	326,93	101,96	  11,3	  22,6	  26,8	  27,3	  28,6	  29,3	  28,1	   2,0
s	    89,5547	 8	327,08	 77,02	  10,3	  21,6	  25,9	  26,1	  27,4	  28,9	  28,1	   1,9
s	    91,3015	 7	299,44	 81,37	   9,4	  20,6	  25,8	  26,6	  27,9	  28,8	  26,9	  -0,1
s	    91,3477	 8	132,45	106,57	   8,2	  19,6	  24,7	  25,0	  26,4	  28,2	  26,8	  -0,2
s	    93,1223	 4	 96,27	 90,24	  12,2	  23,2	  27,4	  28,3	  29,6	  29,6	  28,1	   1,6
s	    93,4374	 5	 96,27	 86,11	  11,7	  22,6	  26,7	  27,2	  28,6	  29,6	  27,9	   1,5
s	    94,1722	 6	 96,28	 98,17	  10,7	  22,1	  26,3	  26,8	  28,2	  29,0	  27,7	   1,2
s	    95,2488	 8	221,81	 97,75	  11,4	  22,3	  26,4	  26,8	  28,1	  29,0	  27,2	   0,5
s	    95,4424	 7	 96,28	101,90	  10,9	  22,2	  26,2	  26,7	  28,0	  29,1	  27,3	   0,6
s	    95,6449	 8	222,20	 81,76	   8,1	  19,8	  25,2	  25,9	  27,2	  27,9	  26,3	  -1,1
s	    95,6497	 4	129,02	 90,16	  12,8	  23,4	  27,5	  28,3	  29,6	  29,8	  27,8	   1,1
s	    95,8787	 5	129,03	 93,91	  12,5	  23,4	  27,5	  28,2	  29,5	  29,8	  27,7	   1,0
s	    95,9579	 5	129,00	 86,12	  11,5	  22,5	  26,5	  27,0	  28,4	  29,3	  27,7	   1,0
s	    96,6768	 6	129,05	 97,92	  11,2	  22,4	  26,4	  26,9	  28,2	  29,2	  27,5	   0,7
s	    96,7555	 6	128,98	 82,40	  11,2	  22,4	  26,4	  26,9	  28,2	  29,2	  27,5	   0,7
s	    97,3437	 8	 96,29	105,81	   9,0	  20,4	  24,4	  24,5	  25,8	  27,7	  26,1	  -1,4
s	    97,9201	 7	129,06	101,57	  10,9	  22,2	  26,3	  26,7	  28,0	  29,1	  27,2	   0,3
s	    98,1533	 7	128,96	 78,47	   9,9	  21,3	  25,3	  25,5	  26,9	  28,7	  27,2	   0,3
s	    98,2014	 5	296,04	 89,51	  12,4	  22,6	  26,7	  27,5	  28,8	  28,8	  26,4	  -1,3
s	    98,4255	 6	296,03	 93,18	  11,4	  22,1	  26,4	  27,2	  28,4	  28,3	  26,3	  -1,4
s	    98,6290	 4	159,30	 90,00	  13,5	  23,0	  27,0	  27,8	  29,0	  29,1	  26,4	  -1,3
s	    98,8523	 5	159,33	 93,65	  13,2	  23,0	  26,9	  27,7	  28,9	  29,0	  26,2	  -1,5
s	    98,9295	 5	159,28	 86,06	  12,2	  22,0	  26,0	  26,5	  27,8	  28,6	  26,2	  -1,5
s	    99,3097	 8	129,08	104,54	   7,6	  19,6	  24,8	  25,2	  26,6	  28,4	  27,0	  -0,0
s	    99,6305	 6	159,35	 97,56	  11,9	  22,0	  25,9	  26,4	  27,6	  28,5	  26,1	  -1,7
s	    99,7072	 6	159,26	 82,43	  11,0	  21,5	  25,6	  26,1	  27,4	  28,2	  26,1	  -1,7
s	    99,9351	 8	128,95	 74,92	   9,3	  20,9	  24,9	  25,1	  26,4	  28,2	  26,7	  -0,4
s	   100,3912	 6	297,19	 85,63	  11,5	  22,1	  26,1	  26,6	  27,9	  28,9	  26,8	  -0,3
s	   100,4236	 8	296,00	100,69	  10,3	  21,5	  25,7	  26,2	  27,4	  28,1	  26,6	  -0,5
s	   100,8433	 7	159,37	101,13	  11,6	  21,8	  25,7	  26,2	  27,4	  28,3	  25,8	  -2,1
s	   100,9273	 7	211,39	 82,17	   8,7	  20,4	  25,6	  26,3	  27,7	  28,5	  26,9	  -0,2
s	   101,0752	 5	 24,80	 90,02	  12,1	  22,7	  27,0	  27,8	  29,1	  28,9	  27,1	  -0,1
s	   101,0838	 7	297,15	 96,99	  11,2	  22,0	  26,0	  26,5	  27,8	  28,8	  26,6	  -0,5
s	   101,1888	 7	159,23	 78,33	  10,7	  21,2	  25,4	  25,9	  27,2	  27,8	  25,8	  -2,1
s	   102,1317	 7	 24,85	 82,61	  10,6	  21,6	  25,9	  26,4	  27,6	  28,3	  26,8	  -0,5
s	   102,5071	 8	297,21	 78,26	   9,3	  20,3	  24,2	  24,3	  25,7	  27,4	  25,6	  -2,5
s	   102,6608	 8	159,40	104,88	  10,2	  20,7	  24,6	  24,8	  26,1	  27,7	  25,5	  -2,5
s	   102,8103	 8	159,21	 75,13	   9,3	  20,3	  24,4	  24,6	  25,9	  27,4	  25,6	  -2,5
s	   103,3308	 5	185,95	 89,82	  12,2	  22,2	  26,3	  27,1	  28,3	  28,2	  25,8	  -2,3
s	   103,4686	 8	 24,87	 78,85	   9,3	  20,6	  24,8	  25,0	  26,3	  27,7	  26,5	  -0,9
s	   103,5456	 6	185,98	 93,34	  11,9	  22,2	  26,2	  27,0	  28,2	  28,2	  25,6	  -2,5
s	   103,6198	 6	185,93	 86,04	  10,0	  20,8	  25,1	  25,6	  26,9	  27,5	  25,7	  -2,4
s	   104,2944	 7	186,00	 97,11	   9,7	  20,7	  25,0	  25,5	  26,7	  27,4	  25,5	  -2,7
s	   104,3682	 7	185,91	 82,55	  10,6	  21,2	  25,2	  25,7	  26,9	  27,6	  25,4	  -2,8
s	   105,4620	 8	186,03	100,54	  10,3	  21,0	  25,1	  25,5	  26,7	  27,5	  25,2	  -3,1
s	   105,7948	 8	185,88	 78,59	  10,3	  20,9	  25,0	  25,5	  26,7	  27,3	  25,2	  -3,2
s	   106,7592	 8	279,16	 82,35	   7,1	  19,3	  24,6	  25,4	  26,7	  27,3	  25,9	  -1,7
s	   108,4287	 5	355,90	 89,84	  12,6	  22,2	  26,2	  27,0	  28,2	  28,0	  25,2	  -3,3
s	   108,6349	 6	355,87	 93,22	  12,3	  22,1	  26,1	  26,9	  28,1	  28,0	  25,1	  -3,5
s	   108,7062	 6	355,92	 86,20	  11,3	  21,2	  25,2	  25,7	  26,9	  27,5	  25,1	  -3,5
s	   108,8869	 2	 81,83	 90,25	  13,0	  23,0	  26,9	  27,7	  29,1	  29,2	  26,6	  -1,2
s	   109,1635	 3	 81,83	 86,63	  12,5	  22,4	  26,2	  26,7	  28,1	  29,2	  26,5	  -1,4
s	   109,3123	 5	213,92	 89,66	  12,5	  22,7	  26,7	  27,4	  28,7	  28,7	  26,2	  -1,7
s	   109,3542	 7	355,85	 96,84	  11,0	  21,1	  25,1	  25,6	  26,8	  27,4	  24,9	  -3,7
s	   109,4251	 7	355,94	 82,85	  10,1	  20,7	  24,9	  25,4	  26,6	  27,2	  25,0	  -3,7
s	   109,5172	 6	213,94	 93,01	  11,5	  22,2	  26,3	  27,1	  28,3	  28,3	  26,0	  -1,9
s	   109,8092	 4	 81,82	 97,22	  11,5	  21,9	  25,8	  26,3	  27,7	  28,7	  26,3	  -1,6
s	   109,8195	 4	 68,30	 86,62	  12,2	  22,2	  26,1	  26,6	  27,9	  28,9	  26,3	  -1,6
s	   109,8798	 4	 81,83	 83,29	  12,2	  22,3	  26,1	  26,6	  28,0	  29,1	  26,3	  -1,7
s	   109,9361	 3	 69,67	 90,23	  12,7	  22,8	  26,8	  27,6	  28,9	  28,9	  26,4	  -1,6
s	   110,0910	 6	 68,18	 79,63	  10,0	  20,3	  24,1	  24,2	  25,6	  27,3	  25,0	  -3,7
s	   110,1400	 4	 69,66	 93,57	  12,5	  22,7	  26,7	  27,5	  28,8	  28,8	  26,3	  -1,7
s	   110,4765	 8	355,83	100,15	  10,7	  21,0	  25,0	  25,4	  26,6	  27,3	  24,7	  -4,1
s	   110,6051	 5	 68,31	 83,04	  13,0	  22,9	  26,9	  27,6	  28,9	  28,9	  26,1	  -1,9
s	   110,6873	 8	355,97	 79,30	   8,8	  19,6	  23,8	  24,0	  25,3	  26,6	  24,7	  -4,0
s	   110,8510	 5	 69,65	 97,15	  11,2	  21,7	  25,7	  26,2	  27,5	  28,3	  26,1	  -2,0
s	   110,9276	 5	 81,82	100,52	  11,7	  22,0	  25,8	  26,2	  27,6	  28,7	  25,8	  -2,2
s	   111,1377	 5	 81,84	 79,74	  10,1	  20,4	  24,1	  24,2	  25,6	  27,5	  25,0	  -3,8
s	   111,6781	 7	 68,31	 80,02	  10,2	  20,7	  24,6	  24,8	  26,1	  27,7	  25,5	  -2,6
s	   111,7064	 6	212,95	 86,11	  11,1	  21,7	  25,6	  26,0	  27,3	  28,3	  25,8	  -2,3
s	   111,9605	 6	 69,65	100,42	  10,7	  21,3	  25,3	  25,8	  27,1	  28,0	  25,6	  -2,5
s	   112,3109	 6	 81,84	 77,31	   7,6	  19,0	  24,0	  24,5	  25,9	  27,6	  25,6	  -2,6
s	   112,3396	 7	213,01	 96,50	  10,8	  21,6	  25,5	  25,9	  27,2	  28,2	  25,6	  -2,5
s	   112,5747	 5	242,36	 89,53	  10,4	  21,6	  25,8	  26,5	  27,8	  27,8	  24,9	  -4,1
s	   112,6067	 6	 81,81	104,00	   9,8	  20,2	  23,9	  24,0	  25,4	  27,3	  24,8	  -4,2
s	   112,6694	 3	 92,19	 90,26	  11,8	  22,3	  26,4	  27,2	  28,5	  28,5	  26,1	  -2,1
s	   112,6852	 6	242,37	 92,00	   7,6	  19,8	  25,3	  26,3	  27,6	  27,4	  25,8	  -2,4
s	   112,7834	 6	331,23	 89,69	  11,3	  21,4	  25,6	  26,4	  27,5	  27,2	  24,7	  -4,3
s	   112,8436	 6	242,35	 86,01	   9,1	  20,6	  24,8	  25,3	  26,5	  27,3	  24,7	  -4,2
s	   112,9381	 4	 92,19	 86,74	  11,3	  21,7	  25,6	  26,1	  27,5	  28,4	  26,0	  -2,2
s	   112,9829	 7	331,21	 92,96	  11,1	  21,4	  25,5	  26,3	  27,4	  27,2	  24,5	  -4,4
s	   113,0519	 7	331,26	 86,17	   9,1	  20,0	  24,3	  24,9	  26,1	  26,5	  24,6	  -4,4
s	   113,3291	 7	242,34	 83,55	   6,1	  18,6	  24,0	  24,8	  26,1	  26,7	  25,4	  -2,9
s	   113,4368	 8	213,02	 99,73	   9,8	  21,1	  25,1	  25,5	  26,7	  27,7	  25,4	  -2,8
s	   113,4715	 7	242,38	 96,31	   8,8	  20,5	  24,7	  25,1	  26,4	  27,2	  24,6	  -4,5
s	   113,5234	 8	 68,32	 76,33	   9,3	  19,7	  23,7	  23,8	  25,1	  26,5	  24,4	  -4,6
s	   113,5656	 5	 92,19	 97,03	  10,3	  21,2	  25,3	  25,8	  27,1	  27,9	  25,8	  -2,5
s	   113,6343	 5	 92,19	 83,49	  11,0	  21,6	  25,5	  26,0	  27,4	  28,3	  25,8	  -2,5
s	   113,6787	 8	331,19	 96,46	   8,8	  19,9	  24,3	  24,7	  25,9	  26,4	  24,4	  -4,6
s	   113,7474	 8	331,27	 82,92	   9,8	  20,3	  24,5	  25,0	  26,1	  26,6	  24,4	  -4,7
s	   113,7639	 7	 69,70	 76,61	   9,3	  20,2	  24,2	  24,4	  25,7	  27,4	  25,3	  -3,0
s	   114,2637	 6	304,10	 89,56	  11,0	  21,8	  26,0	  26,8	  28,0	  27,8	  25,6	  -2,7
s	   114,4610	 7	304,08	 92,79	  10,0	  21,3	  25,7	  26,5	  27,6	  27,3	  25,5	  -2,9
s	   114,5909	 7	 81,81	107,14	  10,0	  20,7	  24,5	  24,6	  26,0	  27,9	  25,2	  -3,1
s	   114,6527	 6	 92,19	100,24	  10,5	  21,3	  25,2	  25,6	  27,0	  28,0	  25,3	  -3,0
s	   114,8570	 6	 92,19	 80,04	   8,9	  19,7	  23,5	  23,6	  25,0	  26,8	  24,5	  -4,6
s	   115,3888	 8	 68,24	107,27	  10,7	  21,3	  25,2	  25,6	  26,9	  27,8	  25,0	  -3,4
s	   115,4492	 4	 59,61	 90,21	  11,4	  21,9	  26,1	  26,9	  28,2	  28,0	  25,7	  -2,7
s	   115,7124	 5	 59,62	 86,76	  10,9	  21,4	  25,4	  25,9	  27,2	  28,0	  25,6	  -2,9
s	   115,9338	 8	 69,71	 73,27	   7,4	  18,4	  22,4	  22,2	  23,5	  26,0	  24,2	  -5,0
s	   115,9981	 7	 92,19	 77,67	   6,4	  18,3	  23,5	  23,9	  25,3	  26,9	  25,1	  -3,4
s	   116,2859	 7	 92,19	103,63	   8,6	  19,5	  23,4	  23,4	  24,8	  26,6	  24,3	  -5,0
s	   116,3270	 6	 59,58	 96,84	   9,9	  20,9	  25,0	  25,5	  26,8	  27,5	  25,4	  -3,1
s	   116,3943	 6	 59,63	 83,58	  10,6	  21,3	  25,3	  25,7	  27,0	  27,9	  25,4	  -3,1
s	   116,7261	 7	304,99	 86,14	   9,6	  20,8	  24,9	  25,4	  26,7	  27,4	  25,3	  -3,3
s	   117,3362	 8	304,95	 96,15	   9,4	  20,7	  24,9	  25,3	  26,5	  27,3	  25,1	  -3,5
s	   117,3651	 8	 81,85	 70,13	   8,6	  19,6	  23,4	  23,1	  24,6	  27,3	  24,8	  -3,8
s	   117,3923	 7	 59,57	 99,99	  10,1	  20,9	  24,9	  25,3	  26,6	  27,5	  25,0	  -3,7
s	   117,5925	 7	 59,64	 80,20	   8,5	  19,3	  23,3	  23,4	  24,7	  26,3	  24,1	  -5,2
s	   117,9306	 5	136,16	 90,15	  10,3	  20,8	  25,1	  25,9	  27,1	  26,8	  24,3	  -5,1
s	   118,2172	 8	 92,19	106,69	   8,8	  20,0	  24,0	  24,0	  25,4	  27,2	  24,8	  -3,9
s	   118,7110	 8	 59,65	 77,87	   6,0	  18,0	  23,2	  23,6	  24,9	  26,4	  24,7	  -4,0
s	   118,7927	 7	136,19	 96,66	   8,7	  19,8	  24,0	  24,5	  25,7	  26,3	  24,0	  -5,5
s	   118,9016	 4	254,32	 92,64	   9,9	  20,8	  25,8	  26,8	  28,2	  28,3	  25,4	  -3,4
s	   118,9932	 8	 59,56	103,31	   8,2	  19,2	  23,1	  23,2	  24,5	  26,1	  23,9	  -5,6
s	   119,4895	 7	 92,93	 99,89	   8,0	  19,4	  24,4	  25,1	  26,5	  27,5	  24,7	  -4,0
s	   119,5759	 5	116,45	 90,23	  10,2	  21,2	  25,5	  26,3	  27,5	  27,3	  25,2	  -3,6
s	   120,4932	 7	116,43	 83,79	   9,4	  20,6	  24,7	  25,1	  26,4	  27,1	  24,9	  -4,0
s	   120,7685	 6	136,79	 86,82	   8,8	  19,8	  24,0	  24,5	  25,7	  26,4	  23,9	  -5,7
s	   121,4260	 7	136,78	 83,75	   8,6	  19,7	  23,9	  24,3	  25,6	  26,3	  23,8	  -6,0
s	   121,6087	 4	104,35	 90,26	  10,3	  20,8	  24,9	  25,7	  27,0	  26,8	  24,1	  -5,7
s	   121,7957	 5	104,35	 93,32	  10,0	  20,7	  24,9	  25,6	  26,9	  26,8	  23,9	  -5,8
s	   121,8604	 5	104,34	 86,96	   9,0	  19,8	  24,0	  24,5	  25,7	  26,4	  23,9	  -5,8
s	   122,2879	 5	160,75	 90,01	  11,7	  21,7	  25,8	  26,6	  27,8	  27,5	  24,9	  -4,2
s	   122,3887	 8	136,86	 99,58	   8,3	  19,6	  23,8	  24,2	  25,4	  26,2	  23,6	  -6,2
s	   122,4485	 6	104,36	 96,60	   8,7	  19,7	  23,9	  24,4	  25,6	  26,3	  23,8	  -6,0
s	   122,4741	 6	160,77	 93,06	  11,4	  21,7	  25,7	  26,5	  27,7	  27,5	  24,7	  -4,3
s	   122,5129	 6	104,34	 83,91	   8,7	  19,7	  23,9	  24,4	  25,6	  26,3	  23,8	  -6,0
s	   122,5385	 6	160,73	 86,73	  10,4	  20,8	  24,8	  25,3	  26,5	  27,1	  24,7	  -4,3
s	   123,1238	 7	160,79	 96,33	  10,1	  20,7	  24,7	  25,2	  26,4	  27,0	  24,6	  -4,6
s	   123,1879	 7	160,71	 83,69	  10,1	  20,7	  24,7	  25,2	  26,4	  27,0	  24,6	  -4,6
s	   123,4682	 7	104,37	 99,62	   9,0	  20,1	  24,3	  24,7	  26,0	  26,7	  24,4	  -4,8
s	   123,6600	 7	104,33	 80,67	   7,4	  18,5	  22,6	  22,8	  24,0	  25,4	  23,5	  -6,4
s	   124,1387	 8	160,81	 99,33	   9,9	  20,6	  24,6	  25,1	  26,2	  26,9	  24,4	  -4,9
s	   124,2527	 8	203,02	 83,46	   6,2	  17,9	  23,2	  23,9	  25,2	  25,7	  23,4	  -6,6
s	   124,3296	 8	160,69	 80,47	   7,9	  19,2	  23,5	  23,6	  24,9	  26,2	  24,4	  -4,8
s	   125,1285	 8	104,37	103,03	   8,1	  19,2	  23,4	  23,7	  24,9	  25,5	  23,3	  -6,8
s	   125,1285	 8	104,33	 77,72	   7,6	  19,1	  23,2	  23,4	  24,6	  26,1	  24,1	  -5,2
s	   125,9981	 8	 69,29	 80,82	   7,8	  18,6	  22,7	  22,7	  24,0	  25,4	  23,2	  -6,9
s	   126,4425	 6	 17,66	 90,00	   9,5	  20,1	  24,5	  25,3	  26,4	  25,9	  23,4	  -6,8
s	   127,2547	 8	 17,62	 96,14	   8,7	  19,5	  23,7	  24,1	  25,3	  25,8	  23,1	  -7,1
s	   127,8017	 5	 48,37	 90,18	   9,7	  20,2	  24,5	  25,3	  26,5	  26,1	  23,4	  -6,9
s	   128,0429	 6	 48,39	 87,01	   9,1	  19,7	  23,8	  24,2	  25,5	  26,1	  23,2	  -7,1
s	   128,2585	 8	 33,97	 86,95	   9,4	  20,3	  24,4	  24,8	  26,1	  26,7	  24,0	  -5,5
s	   128,6065	 7	 48,34	 96,26	   8,1	  19,2	  23,4	  23,9	  25,1	  25,6	  23,1	  -7,3
s	   128,6682	 7	 48,40	 84,09	   8,9	  19,6	  23,7	  24,1	  25,4	  26,0	  23,1	  -7,3
s	   129,1769	 3	254,57	 89,52	  10,8	  21,3	  25,3	  26,1	  27,4	  27,3	  24,5	  -5,2
s	   129,2751	 4	254,57	 91,71	   8,5	  19,7	  24,9	  25,9	  27,2	  27,1	  24,4	  -5,3
s	   129,3197	 7	 17,11	 86,87	   8,8	  19,6	  23,6	  24,1	  25,3	  25,9	  23,0	  -7,4
s	   129,4159	 4	254,56	 86,38	  10,3	  20,7	  24,6	  25,1	  26,4	  27,3	  24,4	  -5,3
s	   129,5842	 8	 48,33	 99,15	   9,1	  20,0	  24,1	  24,5	  25,7	  26,4	  23,7	  -6,0
s	   129,7681	 8	 48,41	 80,99	   7,6	  18,4	  22,4	  22,5	  23,8	  25,2	  22,9	  -7,6
s	   129,9397	 8	 17,12	 83,97	   7,8	  19,1	  23,3	  23,7	  24,9	  25,4	  22,8	  -7,6
s	   129,9743	 5	254,58	 95,54	   9,3	  20,2	  24,3	  24,7	  26,0	  26,8	  24,2	  -5,5
s	   130,0355	 5	254,56	 83,49	  10,0	  20,6	  24,5	  25,0	  26,3	  27,2	  24,2	  -5,5
s	   130,0842	 4	265,08	 89,50	  10,5	  21,0	  25,2	  26,0	  27,2	  27,0	  24,3	  -5,4
s	   130,1818	 5	265,08	 91,69	   8,3	  19,5	  24,7	  25,7	  27,0	  26,8	  24,2	  -5,6
s	   130,3217	 5	265,07	 86,39	   9,2	  20,0	  24,2	  24,7	  26,0	  26,5	  24,2	  -5,6
s	   130,8768	 6	265,08	 95,50	   9,0	  20,0	  24,1	  24,6	  25,8	  26,4	  24,0	  -5,8
s	   130,9432	 6	254,59	 98,41	   9,5	  20,3	  24,2	  24,6	  25,9	  26,8	  23,8	  -6,1
s	   131,0706	 6	234,48	 92,45	   8,0	  19,4	  24,6	  25,6	  26,9	  26,7	  24,0	  -5,8
s	   131,1490	 8	265,51	 83,30	   8,5	  19,6	  23,9	  24,4	  25,6	  25,9	  23,8	  -6,1
s	   131,8399	 7	265,08	 98,34	   8,5	  19,6	  23,8	  24,2	  25,5	  26,1	  23,6	  -6,3
s	   132,4016	 7	254,59	101,44	   7,6	  18,5	  22,4	  22,5	  23,8	  25,5	  22,7	  -8,0
s	   133,1068	 4	244,49	 89,54	   9,6	  20,6	  24,8	  25,6	  26,8	  26,6	  24,0	  -6,0
s	   133,2024	 5	244,50	 91,68	   7,4	  19,0	  24,3	  25,3	  26,6	  26,4	  23,9	  -6,1
s	   133,2897	 8	265,08	101,36	   6,6	  17,9	  22,0	  22,1	  23,3	  24,7	  22,5	  -8,3
s	   133,3396	 5	244,48	 86,49	   9,1	  20,0	  24,1	  24,5	  25,8	  26,5	  23,9	  -6,1
s	   133,4094	 8	265,07	 77,66	   7,1	  18,6	  22,7	  22,9	  24,1	  25,5	  23,3	  -6,7
s	   133,7830	 7	147,46	 90,10	   8,1	  19,7	  24,2	  25,0	  26,1	  25,5	  23,6	  -6,4
s	   133,8838	 6	244,51	 95,42	   8,1	  19,5	  23,7	  24,2	  25,4	  26,0	  23,7	  -6,4
s	   133,9434	 6	244,48	 83,67	   8,8	  19,9	  24,0	  24,4	  25,7	  26,4	  23,7	  -6,4
s	   133,9553	 8	147,48	 92,92	   7,9	  19,7	  24,2	  24,9	  26,0	  25,5	  23,5	  -6,6
s	   134,0148	 8	147,45	 87,06	   6,9	  18,7	  23,3	  23,8	  24,9	  25,1	  23,5	  -6,6
s	   134,4282	 8	254,54	 74,63	   6,3	  17,5	  21,3	  21,1	  22,4	  24,9	  22,4	  -8,5
s	   134,8281	 7	244,52	 98,21	   8,3	  19,6	  23,7	  24,0	  25,3	  26,1	  23,3	  -6,9
s	   136,2503	 8	244,53	101,17	   6,5	  17,9	  21,9	  21,9	  23,2	  24,8	  22,3	  -8,8
s	   137,4711	 6	244,87	 92,30	   6,9	  18,7	  24,0	  25,0	  26,3	  26,1	  23,4	  -7,0
s	   137,5187	 7	311,76	 89,61	   8,8	  19,5	  23,7	  24,5	  25,6	  25,0	  22,2	  -9,0
s	   137,6868	 8	311,75	 92,36	   8,6	  19,4	  23,7	  24,4	  25,5	  25,0	  22,1	  -9,1
s	   137,7450	 8	311,77	 86,64	   7,6	  18,5	  22,8	  23,3	  24,3	  24,6	  22,0	  -9,1
s	   138,4603	 8	223,19	 95,33	   6,6	  18,8	  23,1	  23,5	  24,7	  25,2	  23,1	  -7,4
s	   138,6372	 7	334,02	 89,73	   8,6	  19,7	  24,2	  25,0	  26,1	  25,4	  23,2	  -7,3
s	   138,8042	 8	334,00	 92,46	   8,4	  19,7	  24,1	  24,9	  26,0	  25,4	  23,0	  -7,5
s	   138,8620	 8	334,04	 86,78	   7,3	  18,8	  23,2	  23,7	  24,8	  24,9	  23,0	  -7,5
s	   138,9786	 8	244,88	 97,98	   5,8	  17,8	  23,0	  23,6	  24,9	  25,7	  22,8	  -7,7
s	   141,6804	 5	235,00	 89,58	   8,9	  19,9	  24,2	  25,0	  26,2	  25,8	  23,1	  -7,7
s	   141,7710	 6	235,01	 91,60	   6,7	  18,4	  23,7	  24,8	  26,0	  25,6	  23,0	  -7,8
s	   141,9009	 6	234,99	 86,69	   8,4	  19,4	  23,5	  24,0	  25,2	  25,7	  23,0	  -7,8
s	   142,4163	 7	235,02	 95,14	   7,4	  18,9	  23,1	  23,6	  24,8	  25,2	  22,8	  -8,0
s	   142,4728	 7	234,98	 84,02	   8,1	  19,3	  23,4	  23,8	  25,1	  25,6	  22,8	  -8,0
s	   143,3113	 8	235,03	 97,79	   7,6	  19,0	  23,1	  23,5	  24,7	  25,3	  22,4	  -8,5
s	   143,4853	 7	295,53	 89,55	   7,6	  19,2	  23,7	  24,5	  25,6	  24,9	  22,7	  -8,2
s	   143,5749	 8	295,52	 91,55	   5,4	  17,6	  23,2	  24,3	  25,4	  24,8	  22,6	  -8,3
s	   143,5880	 7	225,82	 92,28	   6,3	  18,2	  23,6	  24,6	  25,8	  25,4	  22,7	  -8,2
s	   144,2223	 6	284,29	 89,52	   7,8	  18,9	  23,2	  24,0	  25,1	  24,6	  21,8	 -10,0
s	   144,3836	 7	284,28	 92,17	   7,5	  18,8	  23,2	  23,9	  25,1	  24,5	  21,6	 -10,1
s	   144,4394	 7	284,29	 86,68	   6,5	  17,9	  22,2	  22,8	  23,9	  24,1	  21,6	 -10,1
s	   144,5301	 6	283,11	 89,52	   8,5	  19,6	  24,0	  24,7	  25,9	  25,3	  22,8	  -8,3
s	   144,6911	 7	283,10	 92,16	   8,3	  19,5	  23,9	  24,7	  25,8	  25,3	  22,6	  -8,4
s	   144,7467	 7	283,11	 86,68	   7,2	  18,6	  23,0	  23,5	  24,6	  24,8	  22,6	  -8,4
s	   144,7664	 8	141,69	 95,62	   7,8	  19,1	  23,2	  23,6	  24,8	  25,4	  22,5	  -8,5
s	   144,9469	 8	284,28	 95,00	   6,3	  17,8	  22,2	  22,6	  23,8	  24,0	  21,5	 -10,3
s	   145,0025	 8	284,30	 84,05	   6,3	  17,8	  22,2	  22,6	  23,8	  24,0	  21,5	 -10,4
s	   145,2533	 8	283,10	 94,99	   7,0	  18,5	  22,9	  23,4	  24,5	  24,8	  22,5	  -8,6
s	   145,3088	 8	283,12	 84,06	   7,0	  18,5	  22,9	  23,4	  24,5	  24,8	  22,5	  -8,6
s	   145,5663	 8	296,37	 86,73	   6,2	  18,2	  22,7	  23,1	  24,3	  24,6	  22,4	  -8,7
s	   145,9483	 8	100,35	 95,72	   5,0	  17,1	  22,5	  23,2	  24,4	  24,8	  22,4	  -8,7
s	   147,5335	 5	245,67	 89,55	   8,3	  19,5	  23,7	  24,4	  25,7	  25,4	  21,6	 -10,5
s	   147,7463	 6	245,66	 86,76	   7,8	  18,9	  23,0	  23,4	  24,7	  25,3	  21,4	 -10,6
s	   148,2438	 7	245,69	 94,92	   6,8	  18,5	  22,6	  23,1	  24,3	  24,8	  21,3	 -10,8
s	   149,2705	 8	245,65	 81,43	   5,0	  17,3	  21,6	  21,8	  22,9	  24,1	  22,1	  -9,3
s	   149,4869	 6	161,91	 90,02	   9,2	  19,3	  23,4	  24,2	  25,3	  24,7	  21,2	 -11,0
s	   149,6432	 7	161,92	 92,58	   8,9	  19,2	  23,4	  24,1	  25,2	  24,7	  21,1	 -11,1
s	   149,6973	 7	161,89	 87,26	   7,9	  18,3	  22,4	  22,9	  24,0	  24,3	  21,1	 -11,1
s	   150,1891	 8	161,94	 95,33	   7,7	  18,2	  22,4	  22,8	  23,9	  24,2	  20,9	 -11,3
s	   150,2320	 7	 13,18	 89,99	   8,0	  19,1	  23,6	  24,4	  25,4	  24,7	  22,1	  -9,4
s	   150,2430	 8	161,87	 84,71	   7,7	  18,2	  22,4	  22,8	  23,9	  24,2	  20,9	 -11,4
s	   150,6985	 6	 62,48	 90,24	   8,4	  19,4	  23,6	  24,4	  25,5	  25,0	  22,1	  -9,4
s	   150,8537	 7	 62,47	 92,79	   8,1	  19,3	  23,6	  24,3	  25,4	  25,0	  22,0	  -9,6
s	   150,9074	 7	 62,48	 87,51	   6,9	  18,4	  22,7	  23,2	  24,3	  24,7	  22,1	  -9,5
s	   151,4492	 8	 62,49	 84,98	   6,8	  18,3	  22,6	  23,0	  24,1	  24,5	  21,9	  -9,8
s	   151,8823	 8	136,88	 87,44	   5,9	  17,9	  22,3	  22,8	  23,9	  24,2	  21,9	  -9,8
s	   152,8089	 7	180,68	 89,90	   7,1	  18,2	  22,7	  23,5	  24,5	  23,8	  20,9	 -11,6
s	   152,9622	 8	180,70	 92,41	   6,9	  18,2	  22,6	  23,4	  24,4	  23,7	  20,8	 -11,8
s	   153,0152	 8	180,66	 87,19	   5,8	  17,3	  21,7	  22,2	  23,3	  23,3	  20,8	 -11,8
s	   153,1828	 8	 12,77	 87,29	   7,3	  18,5	  22,8	  23,2	  24,3	  24,7	  21,8	 -10,0
s	   153,3194	 8	215,37	 89,68	   7,0	  18,3	  22,6	  23,4	  24,4	  23,8	  20,7	 -11,9
s	   153,7713	 5	 80,82	 95,48	   7,2	  18,0	  22,8	  23,5	  24,9	  25,7	  21,0	 -11,6
s	   154,6080	 6	 80,82	 97,96	   6,2	  17,5	  22,5	  23,1	  24,5	  25,2	  21,6	 -10,3
s	   154,7882	 7	156,73	 90,06	   7,9	  18,5	  22,8	  23,6	  24,6	  23,9	  20,7	 -12,0
s	   154,9397	 8	156,75	 92,54	   7,7	  18,5	  22,8	  23,5	  24,5	  23,9	  20,5	 -12,2
s	   154,9922	 8	156,72	 87,38	   6,7	  17,6	  21,8	  22,3	  23,4	  23,5	  20,5	 -12,2
s	   155,3836	 7	 71,75	 97,91	   6,0	  17,3	  22,4	  23,0	  24,3	  24,9	  21,5	 -10,5
s	   155,9744	 7	 80,84	 79,98	   5,6	  16,9	  21,7	  22,0	  23,4	  25,1	  21,4	 -10,6
s	   156,2220	 7	121,02	 87,58	   6,7	  17,8	  22,0	  22,4	  23,6	  24,0	  20,6	 -12,2
s	   156,5940	 6	 88,63	 95,41	   6,1	  17,4	  22,4	  23,0	  24,4	  25,1	  20,7	 -12,2
s	   156,7440	 8	 71,79	 80,01	   4,6	  16,2	  21,3	  21,7	  23,0	  24,4	  21,2	 -10,9
s	   156,7475	 8	121,01	 85,13	   7,3	  18,2	  22,1	  22,5	  23,6	  24,2	  20,4	 -12,5
s	   157,4174	 7	 88,63	 97,85	   5,1	  16,9	  22,0	  22,7	  24,0	  24,6	  21,3	 -10,9
s	   157,5995	 8	 17,83	 90,02	   6,6	  18,3	  22,9	  23,7	  24,7	  23,8	  21,4	 -10,8
s	   159,3384	 7	353,63	 89,86	   8,5	  18,6	  22,8	  23,6	  24,6	  23,9	  20,3	 -12,8
s	   159,4861	 8	353,61	 92,28	   8,2	  18,6	  22,8	  23,5	  24,5	  23,8	  20,1	 -13,0
s	   159,5372	 8	353,64	 87,26	   7,2	  17,6	  21,8	  22,3	  23,4	  23,4	  20,1	 -13,0
s	   159,6336	 8	335,67	 89,75	   6,5	  17,7	  22,3	  23,0	  24,1	  23,1	  20,2	 -12,9
s	   160,7854	 7	 33,25	 90,12	   7,6	  18,3	  22,5	  23,3	  24,3	  23,6	  20,1	 -13,1
s	   163,1232	 8	 32,59	 87,56	   6,1	  17,3	  21,5	  21,9	  23,1	  23,4	  19,9	 -13,5
s	   163,5568	 3	 80,66	 90,29	   9,5	  19,6	  23,5	  24,3	  25,5	  25,3	  20,4	 -13,1
s	   163,7011	 4	 80,66	 92,66	   8,7	  19,4	  23,4	  24,2	  25,4	  25,1	  21,3	 -11,4
s	   163,7510	 4	 80,67	 87,74	   9,0	  19,1	  22,8	  23,2	  24,5	  25,3	  20,3	 -13,2
s	   164,2550	 5	 80,67	 85,39	   8,2	  18,8	  22,7	  23,1	  24,4	  25,0	  21,2	 -11,6
s	   164,7719	 6	 80,66	 96,96	   5,0	  16,6	  21,7	  22,4	  23,7	  24,2	  20,8	 -12,0
s	   165,1434	 6	 80,67	 82,87	   7,4	  18,0	  21,7	  21,8	  23,1	  24,7	  20,0	 -13,7
s	   165,6701	 7	 98,84	 95,16	   4,9	  16,7	  21,9	  22,5	  23,8	  24,3	  20,8	 -12,1
s	   166,1863	 7	 80,65	100,03	   6,6	  17,2	  20,9	  20,9	  22,2	  23,8	  19,8	 -13,9
s	   166,2048	 7	116,95	 90,25	   6,5	  17,7	  22,1	  22,8	  23,9	  23,2	  19,8	 -14,0
s	   166,2953	 7	145,00	 90,13	   6,4	  17,7	  22,1	  22,8	  23,9	  23,2	  19,7	 -14,0
s	   166,3471	 8	116,95	 92,59	   5,5	  17,2	  21,8	  22,5	  23,5	  22,8	  19,6	 -14,1
s	   166,4867	 8	144,98	 87,62	   5,2	  16,7	  21,1	  21,5	  22,6	  22,7	  19,6	 -14,1
s	   167,8484	 8	 80,68	 78,10	   4,6	  15,7	  19,6	  19,3	  20,6	  22,8	  19,5	 -14,3
s	   168,3159	 8	117,66	 87,77	   5,6	  17,3	  21,6	  22,0	  23,1	  23,4	  20,3	 -12,9
s	   168,9007	 5	 64,00	 90,26	   8,0	  18,7	  22,9	  23,6	  24,8	  24,3	  19,8	 -14,2
s	   169,0409	 6	 63,99	 92,56	   7,3	  18,5	  22,8	  23,5	  24,6	  24,1	  20,7	 -12,5
s	   169,0894	 6	 64,01	 87,78	   7,5	  18,2	  22,2	  22,6	  23,8	  24,3	  19,6	 -14,3
s	   169,5792	 7	 64,01	 85,49	   6,8	  17,9	  22,0	  22,5	  23,6	  24,0	  20,5	 -12,7
s	   170,0816	 8	 63,98	 96,74	   3,5	  15,7	  21,1	  21,7	  22,9	  23,2	  20,1	 -13,2
s	   170,4428	 8	 64,02	 83,05	   6,0	  17,1	  21,1	  21,2	  22,4	  23,7	  19,3	 -14,8
s	   172,9265	 5	 96,07	 90,30	   7,8	  18,5	  22,7	  23,4	  24,6	  24,1	  19,4	 -14,9
s	   173,0399	 7	126,19	 90,23	   6,2	  17,2	  21,5	  20,9	  21,0	  20,4	  17,1	 -16,5
s	   173,0638	 6	 96,07	 92,55	   7,1	  18,3	  22,6	  23,3	  24,4	  23,9	  20,3	 -13,2
s	   173,5909	 7	 96,07	 85,63	   6,6	  17,7	  21,9	  22,3	  23,4	  23,8	  20,2	 -13,4
s	   173,5955	 7	127,37	 90,22	   6,9	  18,1	  22,5	  23,2	  24,3	  23,6	  20,2	 -13,4
s	   174,0174	 7	 88,53	 94,95	   3,8	  15,9	  21,2	  21,9	  23,1	  23,5	  20,1	 -13,5
s	   174,0829	 8	 96,08	 96,65	   3,4	  15,5	  20,9	  21,6	  22,7	  22,9	  19,8	 -13,9
s	   174,9197	 8	126,97	 87,82	   5,6	  17,1	  21,4	  21,9	  23,0	  23,0	  20,0	 -13,8
s	   175,0175	 8	196,40	 89,81	   5,8	  17,1	  21,6	  22,3	  23,3	  22,5	  18,9	 -15,6
s	   175,3455	 8	  9,75	 89,98	   5,8	  17,0	  21,5	  22,3	  23,3	  22,2	  18,9	 -15,6
s	   175,8388	 8	298,45	 89,57	   5,0	  16,8	  21,3	  22,0	  23,1	  22,2	  18,9	 -15,7
s	   177,2156	 8	  8,71	 89,97	   6,5	  17,3	  21,7	  22,4	  23,5	  22,5	  18,7	 -15,9
s	   177,5096	 8	279,59	 89,53	   5,0	  17,1	  21,7	  22,5	  23,5	  22,5	  19,8	 -14,2
s	   179,0568	 7	162,81	 90,03	   7,5	  18,2	  22,4	  23,2	  24,2	  23,3	  19,7	 -14,4
s	   179,1898	 8	162,82	 92,21	   7,3	  18,1	  22,4	  23,1	  24,1	  23,3	  19,5	 -14,6
s	   179,2359	 8	162,79	 87,68	   6,3	  17,2	  21,4	  21,9	  22,9	  22,8	  19,5	 -14,6
s	   179,5829	 8	 96,39	 94,82	   4,1	  15,9	  21,1	  21,8	  23,0	  23,3	  19,6	 -14,6
s	   181,0065	 6	104,47	 90,29	   6,0	  17,6	  22,0	  22,7	  23,8	  23,0	  19,7	 -14,6
s	   181,1383	 7	104,47	 92,45	   5,8	  17,5	  21,9	  22,6	  23,7	  23,0	  19,6	 -14,7
s	   181,1839	 7	104,46	 87,97	   4,8	  16,6	  21,0	  21,5	  22,5	  22,5	  19,6	 -14,7
s	   181,5988	 8	104,48	 94,77	   4,5	  16,5	  20,9	  21,4	  22,4	  22,5	  19,4	 -14,9
s	   181,6443	 8	104,46	 85,81	   4,5	  16,5	  20,9	  21,4	  22,4	  22,5	  19,4	 -14,9
s	   181,8923	 8	178,82	 89,93	   6,5	  17,6	  22,0	  22,7	  23,7	  22,7	  19,3	 -15,0
s	   182,4681	 8	 56,81	 92,39	   4,3	  16,2	  21,6	  22,6	  23,7	  22,9	  19,4	 -15,0
s	   183,0869	 6	 88,02	 90,30	   6,6	  17,8	  21,9	  22,6	  23,7	  23,2	  18,4	 -16,8
s	   183,2173	 7	 88,02	 92,44	   5,9	  17,5	  21,8	  22,5	  23,5	  22,9	  19,3	 -15,1
s	   183,2624	 7	 88,02	 88,00	   5,2	  16,8	  21,0	  21,4	  22,5	  22,8	  18,4	 -16,8
s	   183,7181	 8	 88,02	 85,87	   5,3	  17,0	  21,1	  21,5	  22,5	  22,9	  19,2	 -15,3
s	   183,8666	 4	255,47	 89,54	   7,6	  18,2	  22,3	  23,0	  24,2	  23,8	  18,7	 -16,6
s	   183,9965	 5	255,48	 91,67	   6,8	  18,0	  22,2	  22,9	  24,1	  23,5	  19,6	 -15,0
s	   184,0414	 5	255,47	 87,25	   7,1	  17,7	  21,6	  22,0	  23,2	  23,7	  18,5	 -16,8
s	   184,4506	 6	255,48	 93,96	   6,1	  17,2	  21,2	  21,6	  22,8	  23,2	  18,4	 -16,9
s	   184,4954	 6	255,47	 85,13	   6,3	  17,4	  21,5	  21,9	  23,1	  23,5	  19,4	 -15,2
s	   184,5311	 5	263,17	 89,53	   7,3	  18,0	  22,2	  22,9	  24,0	  23,5	  18,5	 -16,8
s	   184,6606	 6	263,17	 91,66	   6,6	  17,8	  22,1	  22,8	  23,9	  23,2	  19,4	 -15,2
s	   184,9612	 7	255,48	 95,55	   3,3	  15,5	  20,7	  21,4	  22,6	  22,9	  19,3	 -15,3
s	   185,1132	 7	263,17	 93,94	   5,8	  17,0	  21,1	  21,5	  22,7	  22,9	  18,2	 -17,2
s	   185,2961	 7	255,46	 82,86	   5,6	  16,6	  20,5	  20,6	  21,8	  23,1	  18,2	 -17,2
s	   185,6222	 8	263,17	 95,52	   3,1	  15,2	  20,6	  21,3	  22,4	  22,6	  19,1	 -15,6
s	   185,6785	 6	 65,16	 90,27	   5,8	  17,4	  21,8	  22,5	  23,6	  22,8	  19,3	 -15,4
s	   185,8072	 7	 65,15	 92,38	   5,6	  17,3	  21,7	  22,4	  23,5	  22,7	  19,2	 -15,5
s	   185,8518	 7	 65,16	 88,00	   5,3	  16,8	  21,0	  21,5	  22,6	  22,7	  19,2	 -15,5
s	   186,2371	 8	255,49	 98,33	   4,0	  15,4	  19,4	  19,4	  20,6	  21,8	  18,0	 -17,5
s	   186,2775	 5	248,82	 89,56	   6,5	  17,7	  21,9	  22,6	  23,7	  23,2	  18,4	 -17,1
s	   186,3018	 8	 65,17	 85,89	   5,1	  16,7	  21,0	  21,4	  22,5	  22,6	  19,1	 -15,7
s	   186,4058	 6	248,83	 91,66	   5,8	  17,5	  21,8	  22,5	  23,6	  22,9	  19,3	 -15,5
s	   186,4503	 6	248,82	 87,29	   6,0	  17,1	  21,1	  21,5	  22,7	  23,1	  18,2	 -17,3
s	   186,8546	 7	248,83	 93,92	   5,0	  16,6	  20,8	  21,2	  22,3	  22,6	  18,1	 -17,4
s	   186,8989	 7	248,81	 85,19	   5,3	  16,9	  21,0	  21,4	  22,6	  22,9	  19,1	 -15,7
s	   187,1325	 8	213,88	 89,70	   5,5	  16,6	  20,8	  20,2	  20,1	  19,5	  15,8	 -19,0
s	   187,1520	 7	 49,16	 90,21	   5,5	  17,1	  21,6	  22,4	  23,4	  22,4	  19,1	 -15,7
s	   187,2799	 8	 49,15	 92,31	   5,3	  17,1	  21,6	  22,3	  23,3	  22,4	  19,0	 -15,8
s	   187,3241	 8	 49,17	 87,96	   5,0	  16,5	  20,9	  21,3	  22,4	  22,4	  19,0	 -15,9
s	   187,3593	 8	248,84	 95,50	   2,3	  14,9	  20,3	  21,0	  22,1	  22,3	  19,0	 -15,9
s	   187,6904	 8	248,81	 82,95	   4,5	  16,1	  20,1	  20,1	  21,3	  22,6	  17,9	 -17,7
s	   188,4794	 8	 71,96	 90,29	   7,2	  17,8	  22,0	  22,7	  23,7	  22,9	  17,9	 -17,8
s	   188,9222	 8	352,82	 89,87	   6,9	  17,6	  21,9	  22,7	  23,6	  22,5	  18,8	 -16,2
s	   193,1833	 6	240,75	 89,58	   6,0	  17,2	  21,5	  22,2	  23,3	  22,6	  17,7	 -18,4
s	   193,3075	 7	240,76	 91,62	   5,3	  17,0	  21,4	  22,1	  23,1	  22,3	  18,6	 -16,7
s	   193,7847	 8	240,74	 85,36	   4,0	  16,0	  20,4	  20,8	  21,9	  21,8	  18,5	 -16,9
s	   194,2463	 8	131,08	 90,21	   4,3	  15,9	  20,5	  21,2	  22,2	  21,0	  17,4	 -18,8
s	   196,3158	 7	277,62	 89,54	   5,1	  16,7	  21,2	  22,0	  23,0	  21,9	  18,4	 -17,2
s	   196,4382	 8	277,62	 91,55	   4,9	  16,7	  21,2	  21,9	  22,9	  21,9	  18,3	 -17,4
s	   197,5678	 7	 72,21	 88,14	   6,1	  16,8	  20,8	  21,2	  22,3	  22,5	  17,3	 -19,2
s	   198,0372	 8	 72,21	 86,00	   6,3	  17,3	  21,6	  22,3	  23,3	  22,4	  18,2	 -17,6
s	   201,4184	 7	234,83	 89,61	   4,2	  16,2	  20,8	  21,5	  22,5	  21,5	  18,0	 -18,1
s	   201,5380	 8	234,84	 91,57	   4,0	  16,2	  20,7	  21,4	  22,4	  21,5	  17,9	 -18,2
s	   201,5794	 8	234,82	 87,50	   3,7	  15,7	  20,1	  20,5	  21,5	  21,4	  17,9	 -18,2
s	   201,6350	 8	 42,94	 90,19	   4,7	  16,0	  20,4	  21,1	  22,1	  21,1	  16,9	 -20,0
s	   203,6198	 8	284,41	 89,55	   3,9	  16,0	  20,6	  21,4	  22,3	  21,1	  17,7	 -18,5
s	   205,5506	 7	269,56	 89,54	   4,0	  16,1	  20,6	  21,4	  22,3	  21,3	  17,7	 -18,8
s	   205,6680	 8	269,56	 91,46	   3,8	  16,0	  20,6	  21,3	  22,2	  21,2	  17,6	 -18,9
s	   205,7086	 8	269,56	 87,47	   3,5	  15,5	  19,9	  20,3	  21,4	  21,2	  17,6	 -18,9
s	   206,3398	 8	163,43	 90,04	   6,4	  16,5	  20,7	  21,4	  22,3	  21,2	  16,4	 -20,9
s	   209,4154	 6	 80,12	 94,24	   4,1	  15,3	  20,3	  20,9	  22,2	  22,5	  17,5	 -19,3
s	   210,0496	 7	 80,12	 96,13	   3,8	  15,3	  20,2	  20,8	  22,0	  22,4	  17,4	 -19,5
s	   210,2660	 7	 86,84	 94,23	   2,3	  14,4	  19,7	  20,3	  21,5	  21,6	  17,3	 -19,5
s	   210,8979	 8	 86,84	 96,11	   2,1	  14,4	  19,6	  20,2	  21,4	  21,5	  17,2	 -19,7
s	   211,3211	 8	115,52	 90,28	   4,3	  16,1	  20,6	  21,3	  22,2	  21,2	  17,2	 -19,8
s	   211,3513	 8	276,29	 89,54	   3,6	  15,7	  20,3	  21,0	  22,0	  20,7	  17,2	 -19,8
s	   211,5602	 7	 86,05	 94,21	   2,3	  14,4	  19,6	  20,3	  21,4	  21,5	  17,2	 -19,7
s	   212,1886	 8	 86,05	 96,08	   2,0	  14,3	  19,6	  20,2	  21,3	  21,5	  17,1	 -19,9
s	   217,7917	 8	263,17	 87,58	   4,3	  15,5	  19,7	  20,1	  21,1	  21,0	  15,7	 -22,6
s	   219,3736	 4	 80,03	 90,31	   5,7	  16,7	  20,8	  21,5	  22,6	  21,8	  17,0	 -20,7
s	   219,4842	 5	 80,02	 92,12	   5,4	  16,6	  20,8	  21,5	  22,5	  21,8	  16,9	 -20,8
s	   219,5225	 5	 80,03	 88,36	   5,9	  16,5	  20,4	  20,7	  21,9	  22,2	  16,9	 -20,8
s	   219,7582	 6	 80,02	 93,63	   2,9	  14,5	  19,6	  20,3	  21,5	  21,6	  16,8	 -21,0
s	   219,9093	 6	 80,03	 86,55	   4,9	  16,0	  20,0	  20,4	  21,5	  21,7	  16,7	 -21,0
s	   219,9397	 5	 73,47	 90,30	   5,4	  16,5	  20,7	  21,4	  22,5	  21,5	  16,9	 -20,9
s	   220,0501	 6	 73,47	 92,11	   5,2	  16,4	  20,6	  21,3	  22,4	  21,5	  16,7	 -21,0
s	   220,0883	 6	 73,48	 88,35	   4,9	  15,9	  20,0	  20,4	  21,5	  21,5	  16,7	 -21,0
s	   220,4360	 7	 73,47	 94,05	   4,7	  15,8	  19,9	  20,3	  21,4	  21,4	  16,6	 -21,2
s	   220,5921	 7	 80,03	 84,61	   2,9	  14,6	  18,8	  18,9	  20,0	  20,8	  16,6	 -21,2
s	   221,0413	 8	 73,46	 95,85	   4,4	  15,8	  19,9	  20,2	  21,3	  21,3	  16,4	 -21,4
s	   221,1554	 8	 73,48	 84,61	   2,7	  14,4	  18,7	  18,8	  19,8	  20,5	  16,4	 -21,4
s	   221,4713	 8	 80,03	 82,82	   4,1	  15,4	  19,2	  19,2	  20,4	  21,6	  16,4	 -21,5
s	   226,5105	 8	243,13	 89,59	   2,8	  15,0	  19,5	  20,2	  21,2	  20,0	  15,0	 -24,0
s	   226,6301	 6	 92,02	 90,32	   4,2	  15,8	  20,1	  20,9	  21,8	  20,8	  16,3	 -22,1
s	   226,7375	 7	 92,02	 92,08	   4,0	  15,7	  20,1	  20,8	  21,8	  20,7	  16,1	 -22,2
s	   226,7746	 7	 92,02	 88,42	   4,5	  15,6	  19,7	  20,1	  21,1	  21,1	  16,1	 -22,2
s	   227,0034	 8	 92,03	 93,54	   1,5	  13,6	  19,0	  19,6	  20,7	  20,5	  16,0	 -22,3
s	   227,1501	 8	 92,02	 86,67	   3,5	  15,1	  19,4	  19,7	  20,8	  20,7	  16,0	 -22,4
s	   229,6900	 7	255,93	 93,17	   2,4	  14,1	  19,2	  19,8	  21,0	  21,1	  15,9	 -22,7
s	   231,6319	 8	 92,43	 92,05	   1,6	  14,0	  19,5	  20,4	  21,4	  20,3	  15,7	 -23,1
s	   239,1412	 8	 55,31	 90,25	   2,6	  14,7	  19,3	  20,0	  20,9	  19,5	  15,2	 -24,3
s	   239,6917	 5	256,00	 89,56	   4,0	  15,5	  19,8	  20,5	  21,5	  20,5	  15,5	 -24,0
s	   239,7936	 6	256,00	 91,23	   3,8	  15,4	  19,7	  20,4	  21,4	  20,4	  15,3	 -24,2
s	   239,8289	 6	256,00	 87,76	   4,2	  15,3	  19,3	  19,7	  20,8	  20,8	  15,3	 -24,2
s	   240,1855	 7	256,00	 86,09	   2,5	  14,4	  18,7	  19,1	  20,1	  19,9	  15,2	 -24,3
s	   240,7097	 8	256,01	 94,69	   2,3	  14,4	  18,7	  19,0	  20,0	  19,9	  15,1	 -24,5
s	   240,8152	 8	255,99	 84,30	   2,7	  14,3	  18,3	  18,3	  19,4	  20,3	  15,0	 -24,5
s	   241,7736	 7	267,94	 89,55	   2,7	  14,8	  19,3	  20,0	  20,9	  19,6	  15,1	 -24,6
s	   241,8748	 8	267,94	 91,21	   2,5	  14,7	  19,2	  19,9	  20,8	  19,6	  15,0	 -24,7
s	   241,9098	 8	267,94	 87,76	   2,2	  14,2	  18,6	  19,0	  19,9	  19,6	  15,0	 -24,7
s	   243,2191	 8	104,37	 90,31	   1,7	  13,8	  18,4	  19,1	  20,0	  18,6	  13,9	 -26,7
s	   247,0665	 7	244,30	 89,59	   2,6	  14,6	  19,1	  19,8	  20,7	  19,4	  14,7	 -25,4
s	   247,1657	 8	244,30	 91,21	   2,3	  14,5	  19,1	  19,7	  20,6	  19,4	  14,6	 -25,5
s	   247,2000	 8	244,29	 87,84	   2,8	  14,4	  18,7	  19,0	  20,0	  19,8	  14,6	 -25,5
s	   251,6386	 8	 91,34	 91,92	   1,9	  13,7	  19,0	  19,9	  20,8	  19,8	  14,2	 -26,3
#END
