#HEADER
CATT-Acoustic v8.0b    Copyright © CATT 1988-2003

 Project                : Aula Optica 

 GEOMETRICAL INFORMATION
 Src id and loc     [m] :   E0           9,400        4,600        1,300
 Rec id and loc     [m] :   11           8,000        4,600        1,200

 11        4,0882

 VARIABLE SOURCE DATA
 Directivity
   Type (library)       :  OMNI.SD0
   Dir. Index (DI) [dB] :       0,0      0,0      0,0      0,0      0,0      0,0      0,0      0,0
 Level
   On axis 1m      [dB] :      48,1     57,1     60,8     61,7     63,4     64,6     64,6     48,2
   Total power     [dB] :      59,0     68,0     71,7     72,6     74,3     75,5     75,5     59,1
   Auxiliary delay [ms] :       0,0

 VARIABLE AIR DATA
 Temperature       [°C] :      20
 Relative humidity  [%] :      50
 Density        [kg/m³] :       1,2
 Sound speed      [m/s] :     343
 Impedance      [Ns/m³] :     412
 Diss. coeff. [0.001/m] :      0,10     0,30     0,63     1,07     2,28     6,83    24,23    83,90      (estimated)

#DATAFIELDS
 TYPE DELAY ORDER AZIMUTH ELEVATION SPL125 SPL250 SPL500 SPL1K SPL2K SPL4K SPL8K SPL16K
#DATA
d	     0,0000	 0	269,18	 85,10	  45,2	  54,2	  57,9	  58,7	  60,4	  61,6	  61,5	  44,7
s	     4,2576	 1	269,20	149,93	  38,3	  47,5	  51,1	  52,0	  53,7	  54,9	  54,6	  37,4
*	    45,2436	 1	290,94	 96,81	 -11,6	  -2,5	   1,2	   2,0	   3,7	   4,6	   3,2	 -17,6
*	    40,7662	 1	272,50	 97,41	  -9,1	   0,1	   3,7	   4,6	   6,2	   7,1	   5,9	 -14,5
*	    42,3057	 1	252,97	 97,22	 -10,0	  -0,8	   2,8	   3,7	   5,3	   6,2	   4,9	 -15,6
*	    31,1824	 1	301,09	 99,77	  -2,8	   6,3	  10,0	  10,8	  12,5	  13,5	  12,5	  -7,0
*	    24,5488	 1	275,18	101,61	   2,7	  11,9	  15,6	  16,4	  18,1	  19,1	  18,3	  -0,6
*	    26,9252	 1	245,92	100,94	   0,6	   9,7	  13,4	  14,3	  15,9	  16,9	  16,1	  -3,1
*	    20,7413	 1	322,22	104,73	   6,3	  15,4	  19,1	  20,0	  21,6	  22,7	  22,0	   3,4
*	     9,7398	 1	283,66	113,72	  22,1	  31,3	  35,0	  35,8	  37,5	  38,6	  38,2	  20,6
*	    14,2078	 1	227,45	109,37	  14,3	  23,5	  27,2	  28,1	  29,7	  30,8	  30,3	  12,3
*	    19,2030	 1	  2,53	108,34	   7,9	  17,1	  20,8	  21,6	  23,3	  24,3	  23,7	   5,2
*	     6,7927	 1	 21,12	146,03	  28,4	  37,5	  41,2	  42,1	  43,8	  44,9	  44,6	  27,2
*	    12,0436	 1	168,63	119,28	  17,6	  26,8	  30,5	  31,3	  33,0	  34,1	  33,6	  15,8
*	    27,8103	 1	 38,86	104,46	  -0,2	   9,0	  12,6	  13,5	  15,1	  16,1	  15,3	  -4,0
*	    20,2327	 1	 74,28	110,78	   7,1	  16,3	  19,9	  20,8	  22,4	  23,5	  22,8	   4,3
*	    22,9849	 1	121,01	107,99	   4,2	  13,4	  17,0	  17,9	  19,5	  20,6	  19,8	   1,0
*	    41,2339	 1	 56,59	100,31	  -9,4	  -0,2	   3,4	   4,3	   5,9	   6,8	   5,6	 -14,8
*	    36,2989	 1	 80,39	101,89	  -6,3	   2,8	   6,5	   7,3	   9,0	   9,9	   8,8	 -11,2
*	    37,9962	 1	106,69	101,33	  -7,4	   1,7	   5,4	   6,2	   7,9	   8,8	   7,7	 -12,5
s	     5,2914	 1	269,16	 24,95	  35,7	  44,8	  48,5	  49,0	  50,7	  52,6	  52,7	  34,8
*	    58,2672	 1	256,03	 81,63	 -14,6	  -4,7	  -0,8	  -0,1	   1,5	   3,1	   1,8	 -18,4
*	    56,4695	 1	270,62	 81,40	 -13,8	  -3,9	  -0,1	   0,7	   2,3	   3,9	   2,6	 -17,4
*	    59,1182	 1	285,02	 81,73	 -14,9	  -5,0	  -1,2	  -0,4	   1,1	   2,7	   1,4	 -18,9
*	    42,6089	 1	251,68	 79,27	  -7,0	   2,9	   6,7	   7,5	   9,1	  10,8	   9,9	  -8,9
*	    40,1716	 1	271,12	 78,75	  -5,6	   4,3	   8,2	   8,9	  10,6	  12,2	  11,4	  -7,2
*	    43,7422	 1	290,13	 79,47	  -7,6	   2,3	   6,1	   6,9	   8,5	  10,2	   9,3	  -9,7
*	    27,8663	 1	243,35	 75,00	   3,0	  12,8	  16,7	  17,5	  19,1	  20,9	  20,4	   2,9
*	    24,1540	 1	272,16	 73,44	   6,3	  16,2	  20,0	  20,8	  22,5	  24,3	  23,9	   6,7
*	    29,5080	 1	299,64	 75,59	   1,6	  11,5	  15,4	  16,2	  17,8	  19,6	  19,0	   1,4
*	    16,2351	 1	222,96	 66,60	  14,8	  24,6	  28,5	  29,3	  31,0	  32,8	  32,6	  16,1
*	     9,5934	 1	275,59	 58,14	  25,7	  35,6	  39,4	  40,2	  41,9	  43,8	  43,8	  27,9
*	    18,7257	 1	320,91	 68,82	  11,7	  21,6	  25,4	  26,2	  27,9	  29,7	  29,5	  12,8
*	    14,5487	 1	170,70	 60,01	  16,9	  26,8	  30,7	  31,5	  33,1	  35,0	  34,9	  18,5
*	     7,0769	 1	 53,30	 17,48	  30,7	  40,5	  44,4	  45,2	  46,9	  48,8	  48,9	  33,2
*	    17,2220	 1	  6,16	 64,51	  13,4	  23,3	  27,2	  27,9	  29,6	  31,5	  31,2	  14,7
*	    24,4827	 1	127,69	 70,54	   5,9	  15,8	  19,6	  20,4	  22,1	  23,9	  23,5	   6,2
*	    20,2535	 1	 84,27	 65,76	  10,2	  20,1	  24,0	  24,7	  26,4	  28,2	  27,9	  11,1
*	    26,3075	 1	 45,13	 71,99	   4,2	  14,1	  18,0	  18,8	  20,4	  22,2	  21,8	   4,4
*	    38,7678	 1	112,10	 77,87	  -4,7	   5,1	   9,0	   9,8	  11,4	  13,1	  12,3	  -6,2
*	    36,0959	 1	 86,57	 76,87	  -3,0	   6,8	  10,7	  11,5	  13,1	  14,8	  14,1	  -4,1
*	    40,0006	 1	 61,97	 78,27	  -5,5	   4,4	   8,2	   9,0	  10,6	  12,3	  11,5	  -7,1
s	    11,8786	 2	269,22	164,38	  30,9	  40,2	  43,8	  44,3	  46,0	  47,9	  47,8	  29,2
s	    12,4425	 2	269,13	 13,46	  31,1	  40,5	  44,2	  44,8	  46,5	  48,4	  48,2	  30,4
s	    19,2807	 3	269,24	169,13	  27,9	  37,5	  41,2	  41,7	  43,4	  45,3	  44,9	  26,4
s	    20,4287	 3	269,11	  8,76	  25,9	  35,5	  39,1	  39,3	  41,0	  43,6	  43,6	  24,3
s	    23,0187	 1	187,82	 89,27	  27,5	  37,0	  40,9	  41,7	  43,3	  44,3	  43,9	  25,1
*	    29,7536	 1	221,02	 82,43	   8,5	  18,0	  21,8	  22,7	  24,3	  25,2	  24,6	   5,2
*	    23,4824	 1	181,60	 80,57	  13,8	  23,3	  27,1	  28,0	  29,6	  30,5	  30,1	  11,3
*	    49,6054	 1	119,96	 80,01	 -20,9	 -11,8	  -8,1	  -7,2	  -5,6	  -4,9	  -5,2	 -24,7
*	    45,9870	 1	122,67	 79,17	 -19,0	 -10,0	  -6,2	  -5,4	  -3,8	  -3,1	  -3,3	 -22,4
*	    42,4757	 1	125,84	 78,23	 -17,1	  -8,1	  -4,3	  -3,5	  -1,9	  -1,2	  -1,2	 -20,1
*	    39,0979	 1	129,56	 77,18	 -15,2	  -6,1	  -2,4	  -1,5	   0,1	   0,8	   0,9	 -17,7
*	    35,8877	 1	133,95	 76,00	 -13,2	  -4,1	  -0,4	   0,5	   2,1	   2,9	   3,0	 -15,3
*	    32,8891	 1	139,13	 74,74	 -11,1	  -2,1	   1,7	   2,6	   4,1	   5,0	   5,1	 -12,9
*	    30,1576	 1	145,24	 73,43	  -9,1	  -0,1	   3,7	   4,6	   6,1	   7,0	   7,2	 -10,5
*	    24,2923	 1	169,54	 70,17	  -4,3	   4,8	   8,5	   9,4	  11,0	  11,9	  12,3	  -4,9
*	    23,3788	 1	179,05	 69,79	  -3,4	   5,6	   9,4	  10,3	  11,9	  12,7	  13,2	  -4,0
*	    23,0913	 1	188,57	 69,91	  -3,2	   5,9	   9,6	  10,5	  12,1	  13,0	  13,4	  -3,7
*	    23,4480	 1	197,60	 70,51	  -3,5	   5,5	   9,3	  10,2	  11,8	  12,7	  13,1	  -4,1
*	    24,4270	 1	205,77	 71,45	  -4,4	   4,6	   8,4	   9,3	  10,9	  11,8	  12,2	  -5,1
*	    25,9720	 1	212,93	 72,56	  -5,7	   3,3	   7,1	   7,9	   9,5	  10,4	  10,8	  -6,6
*	    28,0055	 1	219,07	 73,74	  -7,4	   1,6	   5,4	   6,2	   7,8	   8,7	   9,0	  -8,6
*	    33,2103	 1	228,69	 75,97	 -11,3	  -2,3	   1,5	   2,3	   3,9	   4,7	   4,9	 -13,1
*	    36,2366	 1	232,42	 76,95	 -13,4	  -4,3	  -0,6	   0,3	   1,9	   2,7	   2,8	 -15,5
*	    39,4690	 1	235,60	 77,83	 -15,4	  -6,4	  -2,6	  -1,7	  -0,1	   0,6	   0,6	 -17,9
*	    42,8646	 1	238,33	 78,62	 -17,4	  -8,3	  -4,6	  -3,7	  -2,1	  -1,4	  -1,5	 -20,3
s	    23,5947	 1	350,72	 89,27	  27,3	  36,4	  40,2	  41,0	  42,6	  43,5	  42,7	  23,1
*	    35,0627	 1	 39,87	 94,94	   3,0	  12,0	  15,8	  16,6	  18,2	  19,0	  19,1	   0,9
*	    29,7011	 1	 28,14	 95,47	   6,8	  15,8	  19,6	  20,5	  22,1	  22,9	  23,1	   5,4
*	    25,7763	 1	 13,05	 95,83	  10,0	  19,0	  22,8	  23,7	  25,3	  26,1	  26,5	   9,1
*	    26,0919	 1	 13,28	 78,96	   9,7	  18,7	  22,5	  23,4	  25,0	  25,8	  26,2	   8,8
*	    23,8738	 1	355,76	 95,75	  11,7	  20,7	  24,5	  25,3	  27,0	  27,8	  28,2	  11,0
*	    24,2068	 1	356,01	 78,39	  11,3	  20,4	  24,2	  25,0	  26,6	  27,5	  27,9	  10,7
*	    24,3744	 1	339,07	 95,17	  11,2	  20,2	  24,0	  24,9	  26,5	  27,4	  27,8	  10,5
*	    24,6983	 1	339,29	 78,82	  10,9	  19,9	  23,7	  24,6	  26,2	  27,1	  27,5	  10,2
*	    27,1701	 1	325,24	 94,37	   8,8	  17,8	  21,6	  22,5	  24,1	  24,9	  25,2	   7,8
*	    27,4637	 1	325,41	 79,89	   8,6	  17,6	  21,4	  22,2	  23,8	  24,7	  25,0	   7,5
*	    31,7517	 1	314,77	 93,59	   5,2	  14,3	  18,1	  18,9	  20,5	  21,3	  21,5	   3,7
*	    32,0077	 1	314,90	 81,09	   5,1	  14,1	  17,9	  18,7	  20,3	  21,2	  21,3	   3,4
*	    37,5458	 1	307,05	 92,92	   1,3	  10,4	  14,1	  15,0	  16,6	  17,4	  17,4	  -1,0
*	    37,7664	 1	307,14	 82,19	   1,2	  10,2	  14,0	  14,9	  16,5	  17,2	  17,3	  -1,1
*	    44,1188	 1	301,30	 92,41	  -2,5	   6,5	  10,3	  11,2	  12,8	  13,5	  13,4	  -5,6
*	    44,3094	 1	301,37	 83,08	  -2,6	   6,4	  10,2	  11,1	  12,6	  13,4	  13,3	  -5,7
*	    51,1920	 1	296,94	 91,99	  -6,1	   3,0	   6,7	   7,6	   9,2	   9,8	   9,5	 -10,1
*	    51,3585	 1	297,00	 83,82	  -6,1	   2,9	   6,7	   7,5	   9,1	   9,8	   9,4	 -10,2
*	    58,5951	 1	293,57	 91,66	  -9,3	  -0,3	   3,4	   4,3	   5,8	   6,5	   6,0	 -14,3
*	    58,7421	 1	293,61	 84,41	  -9,4	  -0,4	   3,4	   4,2	   5,8	   6,4	   5,9	 -14,4
*	    23,8803	 1	160,91	105,77	   3,4	  12,9	  16,7	  17,6	  19,2	  20,1	  19,7	   0,8
s	    23,9782	 2	188,05	104,92	  27,0	  36,7	  40,5	  41,4	  43,0	  43,9	  43,5	  24,6
s	    24,4815	 2	187,56	 71,47	  26,1	  35,7	  39,6	  40,5	  42,0	  42,8	  42,3	  22,6
s	    24,5349	 2	350,50	104,60	  26,8	  36,0	  39,8	  40,7	  42,3	  43,2	  42,2	  22,5
*	    26,8870	 1	162,33	 71,81	  -7,1	   2,4	   6,2	   7,1	   8,7	   9,6	   9,1	 -10,0
s	    27,1049	 3	188,29	119,55	  24,1	  33,9	  37,7	  38,2	  39,8	  41,5	  41,3	  21,4
s	    27,3433	 4	269,26	171,73	  23,5	  33,3	  36,9	  37,1	  38,7	  41,4	  41,1	  21,2
s	    27,3973	 3	187,35	 59,31	  24,5	  34,5	  38,3	  38,9	  40,5	  42,2	  42,0	  22,8
s	    27,6067	 3	350,26	119,01	  24,7	  34,0	  37,7	  38,2	  39,8	  41,5	  41,1	  21,2
s	    27,8937	 4	186,58	 73,51	  23,6	  34,0	  38,0	  38,6	  40,2	  41,6	  42,0	  22,7
s	    27,8945	 3	351,18	 59,81	  25,1	  34,6	  38,4	  39,0	  40,6	  42,2	  41,8	  22,6
s	    27,9210	 4	269,08	  6,50	  23,9	  33,8	  37,5	  37,7	  39,3	  42,0	  41,7	  22,5
*	    30,2880	 1	221,22	100,44	  -5,1	   4,4	   8,3	   9,1	  10,7	  11,6	  11,1	  -8,4
*	    30,6772	 1	228,89	100,12	  -2,2	   7,3	  11,1	  12,0	  13,6	  14,5	  13,9	  -5,6
s	    31,8468	 4	188,54	130,92	  24,2	  34,1	  38,0	  38,8	  40,3	  41,1	  40,6	  21,0
s	    32,2319	 4	187,11	 48,16	  21,5	  31,6	  35,4	  35,6	  37,2	  39,6	  39,7	  19,3
s	    32,2832	 4	350,02	130,30	  24,8	  34,3	  38,1	  38,9	  40,4	  41,2	  40,5	  20,8
s	    32,6638	 4	351,42	 48,74	  22,2	  31,8	  35,5	  35,7	  37,3	  39,7	  39,6	  19,1
s	    33,1682	 6	350,39	129,16	  23,1	  32,9	  36,8	  37,4	  38,9	  40,3	  40,0	  20,3
s	    33,4012	 5	212,32	 75,62	  21,3	  32,1	  36,3	  36,9	  38,4	  39,7	  40,3	  20,5
s	    34,6149	 6	187,44	127,46	  21,3	  32,0	  36,1	  36,6	  38,1	  39,6	  39,6	  19,8
s	    34,8647	 5	269,28	173,17	  21,9	  32,0	  35,7	  35,9	  37,5	  40,2	  39,7	  19,8
*	    35,9584	 1	230,00	 98,75	  -8,0	   1,2	   5,0	   8,5	  11,0	  11,8	  10,7	  -9,2
*	    37,7227	 1	231,98	 98,33	  -9,1	   0,0	   3,9	   7,4	   9,9	  10,6	   9,5	 -10,6
*	    39,5512	 1	233,80	 97,93	 -10,3	  -1,1	   2,7	   6,2	   8,7	   9,5	   8,4	 -11,9
*	    41,4360	 1	235,47	 97,58	 -11,4	  -2,2	   1,6	   5,1	   7,6	   8,4	   7,2	 -13,3
*	    35,5860	 1	229,97	 95,53	  -7,8	   1,4	   5,2	   8,7	  11,2	  12,0	  11,0	  -8,9
*	    37,3661	 1	231,95	 95,25	  -8,9	   0,3	   4,1	   7,6	  10,1	  10,8	   9,8	 -10,3
*	    39,2097	 1	233,77	 94,98	 -10,1	  -0,9	   2,9	   6,4	   8,9	   9,7	   8,6	 -11,7
*	    41,1088	 1	235,44	 94,74	 -11,2	  -2,0	   1,8	   5,3	   7,8	   8,6	   7,4	 -13,0
*	    35,3600	 1	229,94	 92,26	  -7,6	   1,6	   5,4	   8,9	  11,4	  12,2	  11,1	  -8,8
*	    37,1500	 1	231,93	 92,12	  -8,8	   0,4	   4,2	   7,7	  10,2	  11,0	   9,9	 -10,1
*	    39,0028	 1	233,75	 91,99	  -9,9	  -0,7	   3,1	   6,6	   9,1	   9,8	   8,7	 -11,5
*	    40,9107	 1	235,42	 91,86	 -11,1	  -1,9	   1,9	   5,4	   7,9	   8,7	   7,5	 -12,9
*	    35,2832	 1	229,91	 88,98	  -7,6	   1,6	   5,4	   8,9	  11,4	  12,2	  11,2	  -8,7
*	    37,0765	 1	231,90	 88,98	  -8,7	   0,4	   4,3	   7,8	  10,3	  11,0	  10,0	 -10,1
*	    38,9325	 1	233,72	 88,99	  -9,9	  -0,7	   3,1	   6,6	   9,1	   9,9	   8,8	 -11,5
*	    40,8434	 1	235,40	 88,98	 -11,0	  -1,8	   2,0	   5,5	   8,0	   8,7	   7,5	 -12,8
*	    35,3564	 1	229,88	 85,71	  -7,6	   1,6	   5,4	   8,9	  11,4	  12,2	  11,1	  -8,8
*	    37,1465	 1	231,87	 85,85	  -8,8	   0,4	   4,2	   7,7	  10,2	  11,0	   9,9	 -10,1
*	    38,9995	 1	233,70	 85,98	  -9,9	  -0,7	   3,1	   6,6	   9,1	   9,8	   8,7	 -11,5
*	    40,9076	 1	235,37	 86,11	 -11,1	  -1,9	   1,9	   5,4	   7,9	   8,7	   7,5	 -12,9
*	    35,5788	 1	229,84	 82,45	  -7,8	   1,4	   5,2	   8,7	  11,2	  12,0	  11,0	  -8,9
*	    37,3593	 1	231,84	 82,73	  -8,9	   0,3	   4,1	   7,6	  10,1	  10,9	   9,8	 -10,3
*	    39,2032	 1	233,67	 82,99	 -10,0	  -0,9	   3,0	   6,5	   9,0	   9,7	   8,6	 -11,7
*	    41,1026	 1	235,35	 83,24	 -11,2	  -2,0	   1,8	   5,3	   7,8	   8,6	   7,4	 -13,0
s	    36,0236	 5	269,05	  5,02	  20,2	  30,2	  33,8	  33,7	  35,3	  38,7	  38,6	  17,8
s	    36,7613	 2	 89,18	101,09	  22,3	  32,1	  36,9	  37,9	  39,6	  40,6	  39,5	  19,5
s	    37,2157	 5	188,76	138,87	  20,2	  30,4	  34,2	  34,4	  35,9	  38,4	  38,3	  17,4
s	    37,5960	 5	349,80	138,25	  20,8	  30,6	  34,3	  34,5	  36,1	  38,5	  38,2	  17,3
s	    37,6570	 5	186,88	 40,38	  20,6	  31,0	  34,8	  35,1	  36,6	  39,1	  39,0	  18,8
*	    37,8864	 1	 38,12	 85,47	   2,0	  11,1	  14,8	  15,6	  17,3	  18,2	  17,1	  -3,1
*	    46,6147	 1	 49,26	 86,46	  -3,0	   6,2	   9,9	  10,7	  12,3	  13,2	  11,8	  -9,1
s	    38,0333	 5	351,64	 40,96	  21,3	  31,2	  35,0	  35,2	  36,8	  39,2	  38,9	  18,7
s	    39,2771	 7	212,93	122,52	  19,4	  30,6	  34,8	  35,3	  36,7	  38,1	  38,3	  18,1
*	    40,6076	 1	115,81	100,56	  -2,1	   7,6	  12,3	  13,4	  15,1	  16,0	  14,9	  -5,5
*	    42,8017	 1	 97,45	 97,68	 -17,7	  -8,1	  -3,3	  -2,2	  -0,6	   0,3	  -0,8	 -21,4
*	    42,7672	 1	 81,26	 97,68	 -17,7	  -8,1	  -3,3	  -2,2	  -0,5	   0,4	  -0,8	 -21,4
*	    45,7081	 1	 66,22	 97,14	 -19,3	  -9,7	  -4,9	  -3,8	  -2,2	  -1,3	  -2,5	 -23,3
s	    42,9832	 6	269,30	174,21	  18,5	  28,7	  32,4	  32,2	  33,8	  37,2	  36,8	  15,5
s	    43,1918	 6	188,99	144,90	  19,3	  29,9	  33,7	  33,9	  35,5	  37,9	  37,6	  17,0
s	    43,5244	 6	349,58	144,31	  20,0	  30,1	  33,9	  34,0	  35,6	  38,1	  37,5	  16,9
s	    43,5636	 6	269,02	  4,09	  18,9	  29,3	  33,0	  32,9	  34,5	  37,9	  37,5	  16,8
*	    43,6415	 1	126,48	 84,71	  -0,4	   9,1	  13,0	  13,8	  15,4	  16,2	  15,3	  -5,4
s	    44,5611	 2	235,75	 88,98	  22,4	  31,9	  35,7	  36,5	  38,0	  38,8	  37,9	  17,1
s	    44,6340	 6	186,62	 33,70	  18,5	  28,8	  32,7	  32,8	  34,3	  36,7	  36,5	  15,0
s	    44,9568	 6	351,90	 34,24	  19,2	  29,0	  32,8	  33,0	  34,5	  36,8	  36,4	  14,9
s	    45,1022	 3	235,82	 97,84	  22,1	  31,8	  35,5	  36,4	  37,8	  38,6	  37,7	  16,9
*	    45,1601	 1	238,27	 96,94	  -8,1	   1,4	   5,2	   6,0	   7,6	   8,4	   7,4	 -13,3
s	    45,3911	 3	235,67	 78,81	  21,1	  31,2	  35,2	  36,1	  37,6	  38,1	  37,7	  16,9
s	    45,6166	 8	352,19	 35,34	  17,6	  27,8	  31,7	  31,5	  33,0	  35,9	  36,0	  14,5
s	    46,5936	 1	 89,18	 90,49	  22,1	  31,6	  35,4	  36,3	  37,8	  38,6	  37,6	  16,7
*	    53,5754	 1	 58,73	 92,25	  -0,4	   9,1	  12,9	  13,8	  15,3	  16,0	  14,9	  -6,7
*	    46,9564	 1	 82,07	 92,60	   2,8	  12,3	  16,1	  17,0	  18,5	  19,3	  18,3	  -2,6
*	    49,0347	 1	107,89	 92,49	   1,7	  11,2	  15,1	  15,9	  17,5	  18,2	  17,2	  -3,9
*	    50,4545	 1	 66,79	 83,81	 -10,5	  -1,4	   2,3	   3,1	   4,7	   5,6	   8,1	 -11,5
*	    50,1805	 1	 66,77	 87,96	 -10,4	  -1,2	   2,4	   3,2	   4,8	   5,7	   8,2	 -11,3
*	    49,2618	 1	 70,76	 83,65	 -10,0	  -0,8	   2,9	   3,7	   5,3	   6,2	   8,7	 -10,7
*	    48,9815	 1	 70,74	 87,91	  -9,8	  -0,7	   3,0	   3,8	   5,4	   6,3	   8,9	 -10,6
*	    48,3023	 1	 74,93	 83,51	  -9,5	  -0,3	   3,4	   4,2	   5,8	   6,7	   9,2	 -10,1
*	    48,0167	 1	 74,91	 87,86	  -9,3	  -0,2	   3,5	   4,3	   5,9	   6,8	   9,4	 -10,0
*	    47,5892	 1	 79,24	 83,40	  -9,1	   0,0	   3,7	   4,5	   6,1	   7,0	   9,6	  -9,7
*	    47,2995	 1	 79,23	 87,82	  -9,0	   0,2	   3,9	   4,7	   6,3	   7,2	   9,8	  -9,5
*	    47,1332	 1	 83,68	 83,34	  -8,9	   0,3	   3,9	   4,8	   6,4	   7,3	   9,9	  -9,4
*	    46,8408	 1	 83,67	 87,80	  -8,7	   0,4	   4,1	   4,9	   6,5	   7,4	  10,0	  -9,2
*	    46,9411	 1	 88,19	 83,31	  -8,8	   0,4	   4,0	   4,9	   6,5	   7,4	  10,0	  -9,3
*	    46,6476	 1	 88,19	 87,79	  -8,6	   0,5	   4,2	   5,0	   6,6	   7,5	  10,1	  -9,1
*	    47,0161	 1	 92,71	 83,32	  -8,8	   0,3	   4,0	   4,8	   6,4	   7,3	   9,9	  -9,3
*	    46,7230	 1	 92,71	 87,80	  -8,7	   0,5	   4,2	   5,0	   6,6	   7,5	  10,1	  -9,1
*	    47,3570	 1	 97,18	 83,38	  -9,0	   0,2	   3,8	   4,7	   6,3	   7,2	   9,7	  -9,5
*	    47,0659	 1	 97,19	 87,82	  -8,9	   0,3	   4,0	   4,8	   6,4	   7,3	   9,9	  -9,4
*	    47,9584	 1	101,55	 83,47	  -9,3	  -0,1	   3,5	   4,3	   6,0	   6,8	   9,4	  -9,9
*	    47,6708	 1	101,56	 87,85	  -9,2	  -0,0	   3,7	   4,5	   6,1	   7,0	   9,6	  -9,7
*	    48,8112	 1	105,78	 83,59	  -9,7	  -0,6	   3,1	   3,9	   5,5	   6,4	   8,9	 -10,5
*	    48,5285	 1	105,80	 87,89	  -9,6	  -0,4	   3,2	   4,1	   5,7	   6,6	   9,1	 -10,3
s	    46,7101	 8	185,74	 37,07	  15,9	  27,0	  31,0	  30,9	  32,4	  35,4	  35,8	  14,1
s	    46,8815	 2	 89,18	 96,92	  19,6	  29,8	  34,7	  35,8	  37,4	  38,2	  37,2	  16,3
*	    46,8853	 1	242,99	 96,64	 -12,5	  -3,0	   0,9	   1,7	   3,3	   4,0	   3,1	 -17,9
s	    46,9508	 4	235,90	106,93	  19,8	  29,6	  33,3	  33,8	  35,2	  36,8	  36,1	  14,4
s	    47,1300	 4	235,60	 71,10	  20,2	  30,2	  34,0	  34,5	  36,0	  37,6	  36,9	  15,9
s	    47,2918	 2	 89,18	 81,36	  20,7	  30,0	  33,6	  34,1	  35,7	  37,4	  36,3	  14,6
s	    47,4367	 5	232,26	 79,26	  18,5	  29,4	  33,6	  34,2	  35,6	  36,8	  37,0	  16,0
s	    48,8917	 3	 89,18	107,76	  19,5	  29,3	  33,0	  33,5	  35,1	  36,7	  35,9	  14,0
s	    49,0643	 3	 89,19	 73,28	  20,7	  30,3	  34,0	  34,5	  36,1	  37,8	  36,7	  15,5
s	    49,9793	 5	235,98	115,19	  19,7	  30,1	  34,1	  34,9	  36,4	  36,9	  36,3	  15,1
s	    50,0762	 7	189,23	149,85	  16,3	  27,1	  30,8	  30,6	  32,2	  35,4	  35,2	  13,3
s	    50,2360	 5	235,52	 62,90	  18,0	  28,0	  31,8	  32,0	  33,4	  35,8	  35,4	  13,4
s	    50,2420	 2	354,88	 89,62	  21,3	  30,8	  34,7	  35,6	  37,1	  37,7	  36,8	  15,5
s	    50,2420	 2	183,48	 89,64	  20,5	  30,1	  34,0	  34,8	  36,3	  36,9	  35,8	  13,8
s	    50,3668	 7	349,35	149,31	  17,0	  27,3	  31,0	  30,8	  32,4	  35,6	  35,2	  13,2
s	    50,5317	 7	269,31	174,90	  17,5	  28,1	  31,7	  31,6	  33,2	  36,6	  35,9	  14,7
s	    50,5813	 7	186,41	 29,62	  16,8	  27,7	  31,5	  31,4	  32,9	  36,2	  35,9	  14,7
s	    50,7270	 3	354,77	 97,56	  21,0	  30,7	  34,6	  35,4	  36,9	  37,6	  36,6	  15,3
s	    50,7270	 3	183,60	 97,58	  20,2	  29,9	  33,8	  34,7	  36,2	  36,8	  35,5	  13,5
s	    50,8692	 7	352,10	 30,12	  17,5	  27,9	  31,7	  31,5	  33,1	  36,3	  35,9	  14,6
s	    50,8939	 3	355,00	 81,09	  19,9	  29,7	  33,6	  34,2	  35,7	  37,1	  36,5	  15,3
s	    50,8939	 3	183,36	 81,11	  19,2	  29,0	  32,9	  33,5	  35,0	  36,4	  35,5	  13,5
s	    51,2864	 4	 89,19	 67,06	  15,9	  26,4	  31,3	  31,7	  33,3	  35,7	  35,3	  13,2
s	    51,5718	 4	 89,18	115,24	  20,1	  29,9	  33,6	  34,0	  35,6	  37,4	  36,1	  14,7
s	    51,6936	 7	268,98	  3,37	  15,8	  26,3	  29,9	  29,5	  31,1	  35,2	  34,9	  12,8
s	    51,7027	 2	117,89	 90,42	  20,3	  30,3	  34,2	  35,1	  36,6	  37,2	  36,5	  15,1
s	    51,8574	 7	232,58	114,29	  17,1	  28,3	  32,5	  33,0	  34,4	  35,7	  35,7	  14,3
*	    52,0875	 1	 55,79	 89,40	  -9,9	  -0,9	   2,9	   3,7	   5,3	   6,0	   5,6	 -14,1
*	    52,1293	 1	 55,76	 92,91	  -9,9	  -0,9	   2,9	   3,7	   5,3	   5,9	   5,6	 -14,1
*	    52,3567	 1	 55,73	 96,41	 -10,0	  -1,0	   2,7	   3,6	   5,2	   5,8	   5,5	 -14,2
*	    52,1397	 1	 57,85	 91,08	 -14,8	  -5,8	  -2,0	  -1,1	   0,4	   1,1	   0,8	 -18,9
*	    52,2696	 1	 57,82	 94,60	 -14,9	  -5,8	  -2,1	  -1,2	   0,3	   1,0	   0,7	 -19,0
*	    52,5844	 1	 57,79	 98,07	 -15,0	  -6,0	  -2,2	  -1,4	   0,2	   0,9	   0,5	 -19,2
s	    52,1751	 3	117,94	 98,16	  20,0	  30,2	  34,1	  35,0	  36,5	  37,1	  36,3	  14,9
s	    52,3918	 4	183,72	105,81	  18,7	  28,7	  32,6	  33,1	  34,7	  36,1	  35,1	  12,9
s	    52,4279	 3	117,83	 81,53	  19,2	  29,3	  33,3	  34,2	  35,6	  36,1	  35,2	  13,0
*	    52,4685	 1	119,96	 80,59	 -10,1	  -0,6	   3,2	   4,0	   5,6	   6,3	   5,2	 -16,2
s	    52,5538	 4	355,12	 73,50	  19,2	  29,2	  33,1	  33,6	  35,1	  36,6	  35,9	  14,4
s	    52,7843	 2	 56,86	 90,39	  21,4	  30,6	  34,3	  35,2	  36,7	  37,4	  36,1	  14,6
s	    53,2478	 3	 56,80	 97,98	  21,1	  30,5	  34,2	  35,0	  36,6	  37,3	  35,9	  14,4
*	    54,2887	 1	 56,87	 80,91	 -10,6	  -1,6	   2,2	   3,0	   4,6	   5,3	   4,9	 -15,0
*	    53,8746	 1	 56,85	 84,26	 -10,4	  -1,4	   2,4	   3,2	   4,8	   5,4	   5,1	 -14,8
*	    53,6391	 1	 56,82	 87,65	 -10,3	  -1,3	   2,5	   3,3	   4,9	   5,6	   5,2	 -14,6
s	    53,6871	 6	236,05	121,97	  17,2	  27,5	  31,2	  31,3	  32,8	  35,2	  34,6	  12,3
s	    53,7983	 4	118,00	106,19	  17,7	  28,0	  31,9	  32,4	  33,9	  35,4	  34,9	  12,5
s	    53,9564	 4	117,78	 74,70	  18,2	  28,7	  32,7	  33,2	  34,7	  36,1	  35,6	  14,1
s	    54,0034	 6	235,45	 56,20	  17,7	  28,1	  31,9	  32,1	  33,5	  35,9	  35,3	  13,8
s	    54,2271	 5	120,98	 81,79	  17,5	  28,3	  32,5	  33,1	  34,5	  35,7	  35,7	  14,1
s	    54,7474	 5	 89,19	 60,29	  15,6	  26,5	  31,4	  31,9	  33,5	  35,9	  35,4	  13,7
s	    54,8415	 4	 56,73	105,87	  19,1	  28,6	  32,3	  32,7	  34,3	  35,8	  34,7	  12,3
s	    54,9131	 5	354,53	112,88	  18,6	  28,8	  32,7	  33,2	  34,7	  36,1	  35,3	  13,7
s	    54,9132	 5	183,83	112,90	  18,6	  28,8	  32,7	  33,2	  34,7	  36,1	  35,3	  13,7
s	    54,9623	 3	 57,84	 81,90	  20,3	  29,6	  33,4	  34,2	  35,7	  36,3	  34,7	  12,3
*	    55,2075	 1	243,82	 95,65	  -9,3	   0,2	   4,0	   4,9	   6,4	   7,1	   5,9	 -15,7
*	    55,3865	 1	243,72	 81,12	  -9,4	   0,1	   3,9	   4,8	   6,4	   7,1	   5,9	 -15,8
s	    55,3772	 5	355,24	 65,94	  17,0	  27,1	  31,0	  31,2	  32,7	  34,9	  34,5	  12,0
s	    55,3772	 5	183,12	 65,96	  17,0	  27,1	  31,0	  31,2	  32,7	  34,9	  34,5	  12,0
s	    55,4086	 5	 89,17	122,41	  17,8	  27,7	  31,3	  31,4	  33,0	  35,5	  34,4	  12,0
s	    55,8558	 1	269,18	 88,90	  20,6	  30,1	  33,9	  34,8	  36,3	  37,0	  35,8	  14,1
*	    61,9988	 1	292,35	 85,16	  -1,6	   7,9	  11,7	  12,5	  14,1	  14,7	  13,4	  -8,9
*	    56,1377	 1	272,29	 84,76	   0,8	  10,3	  14,1	  15,0	  16,5	  17,2	  16,0	  -5,7
*	    59,4228	 1	251,47	 85,00	  -0,6	   8,9	  12,7	  13,6	  15,1	  15,8	  14,5	  -7,6
s	    56,0176	 6	354,92	105,39	  17,7	  28,3	  32,4	  32,9	  34,4	  35,5	  35,3	  13,5
s	    56,2958	 2	269,18	 96,11	  20,3	  30,0	  33,8	  34,6	  36,2	  36,9	  35,6	  13,9
s	    56,4268	 4	 57,89	 75,34	  19,4	  29,0	  32,8	  33,3	  34,8	  36,4	  35,2	  13,4
s	    56,4473	 2	269,18	 81,16	  19,3	  29,1	  32,9	  33,5	  35,0	  36,5	  35,6	  13,8
s	    56,4854	 5	118,05	113,65	  18,7	  29,1	  33,1	  33,9	  35,3	  35,9	  35,0	  13,3
s	    56,7147	 5	117,72	 67,30	  16,1	  26,6	  30,5	  30,7	  32,2	  34,5	  34,2	  11,6
s	    57,2277	 5	 54,46	 82,20	  19,0	  28,7	  32,6	  33,1	  34,6	  36,0	  34,9	  13,1
s	    57,2730	 8	189,47	153,66	  16,6	  27,4	  31,3	  31,4	  32,9	  35,2	  34,6	  12,7
s	    57,5296	 8	349,11	153,16	  17,3	  27,6	  31,5	  31,6	  33,1	  35,4	  34,5	  12,6
s	    57,7086	 5	 57,05	 67,66	  17,4	  27,2	  30,9	  31,1	  32,6	  34,9	  34,0	  11,4
s	    57,7962	 8	186,16	 25,88	  13,9	  24,9	  28,7	  28,2	  29,8	  33,8	  33,7	  11,0
s	    57,8110	 3	269,18	103,62	  18,1	  27,9	  31,7	  32,2	  33,7	  35,2	  34,2	  11,6
s	    57,9588	 3	269,18	 74,22	  18,6	  28,6	  32,4	  32,9	  34,5	  36,0	  35,0	  13,1
s	    58,0506	 8	352,34	 26,33	  14,7	  25,2	  28,9	  28,4	  30,0	  33,9	  33,6	  11,0
s	    58,1000	 7	236,12	127,85	  16,9	  27,5	  31,2	  31,4	  32,8	  35,2	  34,5	  12,5
s	    58,1675	 7	121,22	112,97	  16,2	  27,4	  31,6	  32,1	  33,5	  34,7	  34,5	  12,6
s	    58,2360	 5	124,27	 97,39	  15,9	  27,3	  32,5	  33,5	  35,0	  35,6	  35,0	  13,0
s	    58,5456	 6	354,41	119,76	  16,3	  26,6	  30,5	  30,6	  32,1	  34,3	  33,8	  11,0
s	    58,5456	 6	183,95	119,79	  16,3	  26,6	  30,5	  30,6	  32,1	  34,3	  33,8	  11,0
s	    58,5880	 6	 89,17	126,86	  14,8	  25,9	  30,8	  31,3	  32,9	  35,2	  34,6	  12,6
s	    58,6674	 8	269,33	175,46	  14,6	  25,2	  28,8	  28,3	  29,9	  34,0	  33,5	  10,8
s	    58,8375	 6	355,35	 59,63	  16,8	  27,3	  31,2	  31,4	  32,9	  35,1	  34,5	  12,5
s	    58,8375	 6	183,01	 59,65	  16,8	  27,3	  31,2	  31,4	  32,9	  35,1	  34,5	  12,5
s	    58,8566	 5	 57,60	112,70	  19,8	  29,4	  33,3	  34,0	  35,5	  36,1	  34,6	  12,6
s	    59,2034	 7	235,37	 49,56	  15,3	  26,1	  30,1	  30,2	  31,7	  33,8	  33,6	  10,8
s	    59,2171	 5	125,66	 96,42	  13,8	  25,6	  31,9	  33,2	  34,8	  35,3	  34,8	  12,8
s	    59,2487	 8	268,95	  2,87	  15,0	  25,8	  29,5	  29,0	  30,6	  34,7	  34,2	  12,2
s	    59,8168	 6	118,11	119,91	  15,4	  26,2	  30,1	  30,2	  31,7	  34,0	  33,6	  10,7
s	    60,1029	 6	117,67	 61,08	  15,9	  26,8	  30,8	  31,0	  32,5	  34,7	  34,3	  12,2
s	    60,1198	 4	269,19	110,18	  18,1	  28,2	  32,0	  32,5	  34,1	  35,6	  34,5	  12,4
s	    60,4167	 6	 89,19	 52,60	  15,8	  26,0	  29,6	  29,4	  31,0	  34,3	  33,5	  10,6
s	    60,5465	 4	269,18	 67,22	  16,5	  26,6	  30,3	  30,5	  32,1	  34,4	  33,7	  10,7
s	    60,9866	 7	 54,20	111,92	  18,1	  28,1	  32,0	  32,4	  33,9	  35,3	  34,0	  11,8
s	    61,0452	 6	 57,10	 61,51	  17,3	  27,4	  31,1	  31,3	  32,8	  35,2	  34,1	  11,9
s	    61,4604	 4	 37,21	 96,87	  17,2	  27,6	  32,6	  33,6	  35,1	  35,7	  34,5	  12,3
s	    61,5727	 2	245,09	 89,00	  18,9	  28,9	  32,8	  33,7	  35,2	  35,7	  34,7	  12,5
s	    61,8126	 2	293,73	 89,00	  19,6	  29,1	  33,0	  33,9	  35,4	  35,9	  34,7	  12,4
s	    61,9746	 3	245,13	 95,59	  18,6	  28,8	  32,7	  33,5	  35,0	  35,6	  34,5	  12,3
s	    62,0687	 6	 57,54	118,80	  16,6	  26,6	  30,3	  30,4	  31,9	  34,2	  33,2	  10,1
s	    62,1900	 3	245,05	 81,43	  18,6	  28,6	  32,7	  33,5	  35,0	  35,4	  34,5	  12,2
s	    62,2130	 3	293,70	 95,56	  19,3	  29,0	  32,9	  33,7	  35,2	  35,8	  34,5	  12,2
s	    62,3628	 7	124,04	 69,34	  12,1	  23,9	  29,0	  29,4	  30,9	  33,0	  33,0	   9,9
s	    62,6380	 7	184,07	125,44	  16,1	  26,7	  30,6	  30,8	  32,3	  34,5	  33,8	  11,4
s	    62,6380	 7	354,30	125,41	  16,1	  26,7	  30,6	  30,8	  32,3	  34,5	  33,8	  11,4
s	    63,0497	 7	125,43	 70,41	  10,0	  22,3	  28,5	  29,2	  30,7	  32,8	  32,9	   9,8
s	    63,3211	 7	355,48	 53,63	  14,4	  25,0	  28,9	  28,7	  30,2	  33,2	  32,9	   9,7
s	    63,3211	 7	182,89	 53,66	  14,4	  25,0	  28,9	  28,7	  30,2	  33,2	  32,9	   9,7
s	    63,3624	 4	245,17	102,49	  16,4	  26,7	  30,6	  31,1	  32,6	  34,0	  33,2	  10,0
s	    63,4729	 5	269,19	116,65	  15,9	  26,1	  29,9	  30,0	  31,6	  33,9	  33,1	   9,9
s	    63,4822	 8	236,19	133,27	  14,4	  25,1	  28,8	  28,6	  30,1	  33,2	  32,7	   9,5
s	    63,4981	 4	245,01	 75,55	  16,9	  27,4	  31,3	  31,9	  33,3	  34,7	  33,9	  11,5
s	    63,5959	 4	293,66	102,43	  17,1	  27,0	  30,8	  31,3	  32,8	  34,1	  33,1	  10,0
s	    63,7077	 7	 89,17	132,44	  12,4	  23,6	  28,4	  28,5	  30,1	  33,2	  32,8	   9,6
s	    63,7311	 4	293,81	 75,59	  17,6	  27,6	  31,5	  32,1	  33,5	  34,9	  33,9	  11,5
s	    63,7437	 5	269,18	 61,27	  16,4	  26,8	  30,6	  30,8	  32,3	  34,6	  33,8	  11,4
s	    63,7626	 4	142,68	 96,66	  16,1	  26,5	  31,5	  32,6	  34,1	  34,7	  33,1	   9,9
s	    63,8326	 7	118,16	125,50	  15,2	  26,3	  30,2	  30,4	  31,9	  34,1	  33,6	  11,1
s	    63,8878	 8	235,30	 45,02	  14,8	  25,7	  29,5	  29,4	  30,8	  34,0	  33,4	  10,9
s	    64,7238	 7	 56,55	124,95	  16,6	  26,9	  30,6	  30,7	  32,3	  34,6	  33,4	  10,9
s	    64,8443	 7	117,61	 54,76	  14,5	  25,3	  29,3	  29,5	  30,9	  33,0	  32,6	   9,3
s	    65,3569	 7	 89,19	 47,69	  15,4	  26,0	  29,6	  29,5	  31,1	  34,3	  33,3	  10,7
s	    65,6821	 5	245,22	109,02	  17,4	  27,8	  31,9	  32,6	  34,1	  34,6	  33,5	  10,9
s	    65,8812	 5	244,97	 69,04	  14,8	  25,4	  29,3	  29,5	  31,0	  33,2	  32,7	   9,3
s	    65,9079	 5	293,62	108,95	  18,2	  28,1	  32,1	  32,8	  34,3	  34,7	  33,4	  10,8
s	    66,1064	 5	293,85	 69,11	  15,6	  25,7	  29,5	  29,7	  31,2	  33,3	  32,6	   9,2
s	    66,3718	 7	294,53	108,82	  16,6	  26,9	  31,0	  31,5	  32,8	  33,9	  33,2	  10,5
s	    66,9370	 7	 58,07	 55,94	  15,8	  25,8	  29,6	  29,7	  31,1	  33,3	  32,3	   8,8
s	    67,2834	 6	269,19	122,05	  15,7	  26,3	  30,1	  30,3	  31,8	  34,1	  33,1	  10,4
s	    67,9224	 6	269,17	 55,53	  14,1	  24,6	  28,4	  28,2	  29,8	  32,8	  32,2	   8,7
s	    67,9479	 4	 64,21	 90,51	  17,6	  27,8	  31,9	  32,7	  34,1	  34,6	  33,5	  10,7
s	    68,0627	 8	184,20	131,09	  14,7	  25,2	  29,1	  29,2	  30,6	  32,7	  32,0	   8,4
s	    68,3144	 5	 64,17	 96,51	  17,4	  27,8	  31,8	  32,6	  34,0	  34,5	  33,3	  10,5
s	    68,4473	 8	355,60	 48,44	  15,1	  25,8	  29,8	  29,9	  31,4	  33,4	  32,7	   9,9
s	    68,4473	 8	182,76	 48,46	  15,1	  25,8	  29,8	  29,9	  31,4	  33,4	  32,7	   9,9
s	    68,5931	 6	245,26	114,65	  14,3	  25,0	  28,9	  29,1	  30,6	  32,8	  32,1	   8,5
s	    68,7927	 8	118,22	130,77	  12,8	  24,0	  27,9	  27,7	  29,2	  32,2	  31,9	   8,2
s	    68,8099	 6	293,58	114,56	  15,0	  25,3	  29,1	  29,3	  30,8	  32,9	  32,1	   8,4
s	    68,8448	 6	244,93	 63,45	  14,8	  25,7	  29,6	  29,8	  31,3	  33,5	  32,9	  10,0
s	    69,0609	 6	293,89	 63,53	  15,5	  26,0	  29,8	  30,0	  31,5	  33,7	  32,8	   9,9
s	    69,1689	 8	117,57	 50,33	  13,3	  24,6	  28,6	  28,5	  29,9	  33,0	  32,6	   9,7
s	    69,6239	 8	 56,48	130,19	  14,2	  24,6	  28,3	  28,1	  29,6	  32,7	  31,7	   8,0
s	    69,8009	 8	 89,19	 44,13	  10,4	  21,9	  26,7	  26,5	  28,1	  32,0	  31,7	   8,0
s	    70,0987	 3	 42,27	 90,33	  17,6	  27,6	  31,7	  32,5	  33,9	  34,3	  33,2	  10,2
s	    70,0987	 3	136,09	 90,34	  16,8	  26,9	  30,9	  31,8	  33,2	  33,6	  32,2	   8,5
s	    70,2957	 4	 42,23	 94,73	  15,3	  26,1	  31,2	  32,3	  33,7	  34,1	  33,1	  10,1
s	    70,2957	 4	136,14	 94,74	  14,6	  25,3	  30,4	  31,5	  33,0	  33,4	  32,1	   8,3
s	    71,1414	 8	 58,13	 51,56	  14,5	  25,1	  28,9	  28,7	  30,2	  33,3	  32,3	   9,2
s	    71,8958	 7	 64,33	 72,19	  13,7	  24,5	  28,5	  28,6	  30,0	  32,1	  31,5	   7,6
s	    72,0189	 7	269,19	127,22	  13,4	  24,1	  27,8	  27,7	  29,2	  32,3	  31,5	   7,6
s	    72,1481	 7	245,29	119,80	  14,2	  25,3	  29,2	  29,4	  30,8	  33,0	  32,3	   9,1
s	    72,3548	 7	293,54	119,70	  14,9	  25,5	  29,4	  29,6	  31,0	  33,2	  32,2	   9,0
s	    72,3792	 7	269,17	 50,80	  13,9	  24,7	  28,5	  28,4	  29,9	  33,0	  32,2	   9,0
s	    72,8037	 4	137,58	 84,24	  16,5	  26,7	  30,5	  30,9	  32,5	  33,9	  32,5	   9,3
s	    72,8037	 4	 40,79	 84,23	  16,8	  26,9	  30,7	  31,2	  32,7	  34,2	  32,7	   9,5
s	    73,0508	 7	244,88	 57,60	  13,6	  24,4	  28,3	  28,5	  29,9	  31,9	  31,3	   7,3
s	    73,2551	 7	293,94	 57,69	  14,3	  24,6	  28,5	  28,7	  30,1	  32,1	  31,3	   7,3
s	    73,5847	 6	136,28	107,80	  16,0	  26,4	  30,2	  30,7	  32,2	  33,5	  32,2	   8,8
s	    73,5847	 6	 42,08	107,78	  16,0	  26,4	  30,2	  30,7	  32,2	  33,5	  32,2	   8,8
s	    73,9992	 5	137,77	102,39	  17,2	  27,3	  31,2	  31,9	  33,4	  33,9	  32,2	   8,9
s	    74,1208	 5	 40,85	 78,28	  17,2	  27,3	  31,2	  31,9	  33,3	  33,9	  32,2	   8,8
s	    74,4270	 7	 40,30	102,30	  15,2	  25,9	  30,0	  30,5	  31,9	  33,0	  32,2	   8,8
s	    74,6333	 8	 64,37	 66,95	  13,7	  24,8	  28,8	  29,0	  30,4	  32,5	  31,8	   8,4
s	    74,7865	 3	228,64	 89,17	  16,3	  26,4	  30,4	  31,2	  32,7	  33,0	  31,5	   7,3
s	    75,1214	 4	228,69	 94,66	  16,0	  26,3	  30,3	  31,1	  32,5	  32,9	  31,4	   7,2
s	    75,2370	 4	228,58	 83,27	  15,0	  25,3	  29,4	  29,9	  31,4	  32,5	  31,3	   7,1
s	    75,5284	 6	137,47	 74,28	  11,5	  22,7	  27,7	  28,1	  29,7	  31,8	  31,1	   6,8
s	    75,5284	 6	 40,90	 74,26	  11,5	  22,7	  27,7	  28,1	  29,7	  31,8	  31,1	   6,8
s	    75,8911	 7	135,86	 68,63	  11,8	  23,2	  28,3	  28,8	  30,3	  32,3	  31,7	   8,2
s	    76,0240	 4	249,64	 89,02	  15,2	  26,2	  30,5	  31,3	  32,7	  32,9	  32,3	   8,7
s	    76,3537	 5	249,66	 94,43	  14,9	  26,1	  30,4	  31,2	  32,5	  32,9	  32,1	   8,5
s	    76,3787	 7	136,34	113,35	  13,9	  24,4	  28,2	  28,3	  29,8	  31,9	  30,8	   6,5
s	    76,3964	 5	228,53	 77,91	  15,2	  25,7	  29,7	  30,2	  31,6	  32,8	  31,9	   8,3
s	    76,5307	 5	249,61	 82,80	  14,9	  26,0	  30,3	  31,2	  32,5	  32,6	  32,1	   8,5
s	    76,5986	 8	245,34	124,79	  11,9	  23,1	  27,0	  26,8	  28,3	  31,3	  30,7	   6,4
s	    76,7099	 3	311,29	 89,18	  16,9	  26,4	  30,2	  29,7	  30,1	  30,7	  29,1	   5,6
s	    76,7939	 8	293,50	124,69	  12,6	  23,4	  27,2	  27,0	  28,5	  31,4	  30,7	   6,3
s	    76,9050	 8	269,19	131,44	  13,1	  24,2	  28,0	  27,8	  29,3	  32,4	  31,5	   7,8
s	    76,9385	 8	244,84	 53,39	  12,4	  23,8	  27,7	  27,6	  29,0	  32,0	  31,4	   7,8
s	    76,9879	 3	182,06	 89,76	  16,8	  26,9	  30,9	  31,7	  33,2	  33,5	  32,2	   8,6
s	    77,0369	 4	311,24	 94,53	  16,7	  26,3	  30,1	  29,6	  30,0	  30,7	  29,0	   5,4
s	    77,1221	 7	139,77	101,91	  15,4	  25,9	  29,8	  30,2	  31,7	  33,1	  31,5	   7,9
s	    77,1330	 8	293,97	 53,48	  13,1	  24,0	  27,9	  27,8	  29,3	  32,2	  31,4	   7,8
s	    77,1435	 7	228,11	100,77	  14,1	  24,7	  28,9	  29,5	  30,8	  31,7	  30,7	   6,4
s	    77,1497	 4	311,35	 83,42	  15,6	  25,4	  29,2	  28,4	  28,8	  30,2	  29,0	   5,3
s	    77,3137	 4	182,14	 95,10	  16,6	  26,8	  30,8	  31,6	  33,0	  33,4	  32,1	   8,4
s	    77,4262	 4	181,98	 84,02	  15,5	  25,8	  29,9	  30,4	  31,9	  33,0	  32,1	   8,4
s	    77,4973	 6	249,69	100,14	  12,8	  24,1	  28,3	  28,8	  30,1	  31,2	  30,8	   6,4
s	    77,5697	 3	356,32	 89,74	  16,7	  26,3	  30,3	  31,2	  32,6	  32,9	  31,1	   6,7
s	    77,6095	 6	249,58	 77,92	  13,3	  24,8	  29,0	  29,6	  30,9	  32,0	  31,6	   7,9
s	    77,6931	 8	269,17	 46,32	  11,5	  22,5	  26,2	  25,8	  27,3	  31,1	  30,5	   6,1
s	    77,8021	 7	247,21	 82,92	  12,6	  24,4	  28,9	  29,5	  30,7	  31,6	  31,7	   8,0
s	    77,8932	 4	356,25	 95,04	  16,5	  26,2	  30,2	  31,0	  32,4	  32,8	  31,0	   6,5
s	    77,9732	 8	137,41	 69,20	   9,8	  21,3	  26,4	  26,5	  28,0	  30,8	  30,5	   6,1
s	    78,0739	 6	228,80	105,65	  14,8	  25,4	  29,5	  30,0	  31,4	  32,6	  31,5	   7,8
s	    78,2822	 5	311,40	 78,17	  15,9	  25,9	  29,7	  30,3	  31,6	  32,9	  31,5	   7,8
s	    78,4078	 6	228,48	 72,35	  13,2	  23,8	  27,8	  28,0	  29,4	  31,3	  30,7	   6,2
s	    78,4440	 5	182,22	100,75	  15,2	  25,7	  29,7	  30,2	  31,7	  32,8	  31,8	   8,1
s	    78,5549	 5	181,90	 78,79	  15,2	  25,7	  29,7	  30,2	  31,6	  32,8	  31,8	   8,0
s	    78,6703	 8	 40,97	 67,98	  12,4	  23,2	  27,0	  26,8	  28,3	  31,2	  30,4	   5,9
s	    79,0156	 5	356,17	100,65	  15,1	  25,2	  29,1	  29,7	  31,1	  32,2	  30,7	   6,1
s	    79,1258	 5	356,48	 78,85	  15,1	  25,2	  29,1	  29,7	  31,1	  32,2	  30,7	   6,1
s	    79,4253	 7	249,72	105,64	  13,9	  25,4	  29,7	  30,4	  31,8	  32,0	  31,2	   7,4
s	    79,5917	 7	249,55	 72,44	  11,4	  22,9	  27,1	  27,3	  28,7	  30,5	  30,4	   5,8
s	    79,9221	 6	311,14	105,28	  15,5	  25,7	  29,5	  30,0	  31,4	  32,6	  31,2	   7,3
s	    80,1492	 8	 42,59	 62,28	  12,3	  23,0	  26,9	  26,7	  28,1	  31,0	  30,2	   5,6
s	    80,1492	 8	135,78	 62,29	  12,3	  23,0	  26,9	  26,7	  28,1	  31,0	  30,2	   5,6
s	    80,2486	 6	311,45	 72,73	  13,9	  24,0	  27,8	  28,0	  29,4	  31,4	  30,3	   5,7
s	    80,7201	 7	228,85	110,95	  12,7	  23,5	  27,5	  27,6	  29,0	  31,0	  30,2	   5,5
s	    80,7691	 8	137,94	116,31	  11,0	  22,8	  27,8	  28,2	  29,7	  31,9	  30,9	   7,0
s	    80,7691	 8	 40,42	116,29	  11,0	  22,8	  27,8	  28,2	  29,7	  31,9	  30,9	   7,0
s	    80,9091	 6	356,08	106,06	  16,2	  26,2	  30,3	  31,1	  32,4	  32,6	  31,1	   7,1
s	    80,9359	 7	228,42	 67,46	  13,2	  24,2	  28,2	  28,4	  29,8	  31,8	  31,0	   7,0
s	    81,8722	 8	249,75	110,49	  10,9	  22,7	  26,8	  27,0	  28,3	  30,2	  30,0	   5,2
s	    82,0851	 8	249,52	 67,61	  11,4	  23,3	  27,6	  27,7	  29,1	  31,0	  30,7	   6,7
s	    82,5118	 7	311,08	110,48	  13,5	  23,8	  27,5	  27,7	  29,0	  31,1	  29,9	   5,1
s	    82,7232	 7	311,50	 67,93	  14,0	  24,4	  28,3	  28,5	  29,8	  31,9	  30,7	   6,6
s	    82,7712	 7	182,38	111,00	  12,5	  23,3	  27,3	  27,4	  28,8	  30,8	  30,0	   5,1
s	    82,9819	 7	181,74	 68,59	  13,0	  24,0	  28,0	  28,2	  29,6	  31,6	  30,7	   6,6
s	    83,3145	 7	356,01	110,84	  13,2	  23,5	  27,5	  27,6	  29,0	  30,9	  29,9	   4,9
s	    83,5239	 7	356,64	 68,70	  13,7	  24,2	  28,2	  28,4	  29,8	  31,7	  30,6	   6,4
s	    83,7858	 8	228,91	115,54	  12,7	  23,9	  27,9	  28,0	  29,4	  31,4	  30,5	   6,3
s	    84,3056	 8	228,37	 62,55	  11,1	  22,2	  26,2	  26,0	  27,4	  30,2	  29,6	   4,6
s	    84,3805	 8	356,21	105,41	  13,7	  24,4	  28,7	  29,1	  30,4	  31,3	  30,4	   6,1
s	    85,3624	 4	106,61	 90,60	  14,2	  25,3	  29,5	  30,3	  31,7	  31,9	  31,0	   6,6
s	    85,5162	 8	311,03	115,00	  13,5	  24,1	  27,9	  28,1	  29,4	  31,5	  30,2	   5,8
s	    85,6578	 5	106,63	 95,44	  14,0	  25,2	  29,4	  30,2	  31,6	  31,8	  30,8	   6,4
s	    85,7669	 8	182,45	115,51	  12,5	  23,7	  27,7	  27,8	  29,2	  31,2	  30,2	   5,8
s	    85,8165	 5	106,59	 85,02	  14,7	  25,5	  29,6	  30,4	  31,8	  32,0	  30,8	   6,4
s	    86,0260	 8	311,56	 63,10	  11,9	  22,4	  26,2	  26,1	  27,4	  30,3	  29,3	   4,2
s	    86,1943	 5	 69,42	 85,03	  16,2	  26,1	  30,1	  30,8	  32,2	  32,5	  30,7	   6,3
s	    86,2922	 8	355,93	115,32	  13,2	  23,9	  27,9	  28,0	  29,4	  31,3	  30,2	   5,7
s	    86,9583	 7	108,77	 85,08	  11,6	  23,5	  28,0	  28,5	  29,8	  30,5	  30,4	   5,9
s	    87,0550	 8	356,72	 63,58	  12,6	  23,0	  27,0	  27,1	  28,5	  30,2	  29,3	   4,0
s	    87,1589	 7	 69,44	 80,65	  12,1	  22,8	  26,8	  27,0	  28,3	  30,1	  29,4	   4,1
s	    87,6920	 7	 66,95	 85,11	  14,6	  25,0	  28,9	  29,4	  30,8	  31,9	  30,3	   5,8
s	    88,4210	 7	106,68	105,56	  13,0	  24,5	  28,8	  29,5	  30,8	  31,0	  30,0	   5,4
s	    88,5713	 7	106,55	 75,66	  11,2	  22,5	  26,5	  26,6	  28,0	  30,0	  29,2	   3,8
s	    88,7882	 7	 69,32	105,48	  14,5	  25,1	  29,2	  30,0	  31,3	  31,5	  29,9	   5,3
s	    90,6358	 8	106,70	109,99	  10,8	  22,2	  26,3	  26,3	  27,7	  29,7	  28,8	   3,2
s	    90,8291	 8	106,53	 71,24	  10,5	  22,5	  26,7	  26,9	  28,2	  30,1	  29,6	   4,7
s	    91,9323	 4	 31,04	 90,25	  14,4	  24,5	  28,6	  29,4	  30,8	  30,8	  29,1	   3,4
s	    93,1649	 6	 30,92	 99,55	  12,8	  23,3	  27,4	  28,0	  29,3	  30,2	  28,7	   2,9
s	    93,2050	 4	 89,18	 99,95	  12,0	  22,4	  27,3	  27,9	  29,5	  30,8	  28,9	   3,1
s	    94,3328	 4	216,70	 89,34	  14,2	  24,7	  28,9	  29,7	  31,0	  31,2	  29,8	   4,6
s	    94,6013	 5	216,75	 93,74	  13,9	  24,6	  28,8	  29,6	  30,9	  31,1	  29,7	   4,5
s	    94,6900	 5	 89,18	104,29	  12,1	  22,9	  27,8	  28,5	  30,0	  31,4	  29,4	   4,2
s	    94,7879	 7	 30,86	104,23	  14,0	  24,4	  28,7	  29,4	  30,7	  30,7	  29,2	   4,0
s	    95,4722	 4	253,57	 89,05	  14,2	  24,7	  28,8	  29,6	  30,9	  31,1	  29,6	   4,3
s	    95,5356	 6	216,80	 98,42	  12,6	  23,6	  27,8	  28,3	  29,6	  30,5	  29,4	   4,2
s	    95,6276	 6	216,59	 80,27	  12,6	  23,6	  27,7	  28,3	  29,6	  30,5	  29,4	   4,2
s	    95,7377	 5	253,58	 93,40	  14,0	  24,7	  28,7	  29,5	  30,8	  31,1	  29,5	   4,2
s	    95,8106	 6	 30,22	 81,18	  12,6	  23,2	  27,3	  27,7	  29,1	  30,2	  28,4	   2,3
s	    95,8804	 5	253,55	 84,03	  13,1	  24,1	  28,4	  29,3	  30,5	  30,5	  29,5	   4,2
s	    96,6615	 6	253,60	 98,03	  11,9	  22,7	  26,7	  27,1	  28,4	  29,5	  28,2	   2,1
s	    96,7524	 6	253,53	 80,07	  12,4	  23,4	  27,4	  27,9	  29,2	  30,3	  29,0	   3,6
s	    96,8631	 8	 30,81	108,40	  11,0	  21,8	  25,9	  26,0	  27,3	  29,1	  28,0	   1,9
s	    96,9841	 5	 73,23	 99,57	  11,4	  21,9	  26,8	  27,5	  29,0	  30,1	  28,3	   2,2
s	    96,9864	 7	216,85	102,67	  12,2	  23,4	  27,6	  28,1	  29,4	  30,4	  29,1	   3,8
s	    97,1273	 4	322,87	 89,34	  13,9	  24,0	  28,1	  28,9	  30,3	  30,3	  28,4	   2,3
s	    97,3885	 5	322,82	 93,62	  13,7	  23,9	  28,0	  28,8	  30,2	  30,3	  28,3	   2,1
s	    98,0250	 4	 55,11	 90,51	  14,6	  24,8	  28,8	  29,6	  31,0	  31,2	  29,4	   3,9
s	    98,0328	 7	 29,13	 85,33	  11,4	  22,4	  26,7	  27,2	  28,5	  29,3	  28,0	   1,8
s	    98,2290	 7	253,62	102,55	  12,2	  23,6	  27,9	  28,6	  29,9	  30,0	  28,8	   3,3
s	    98,2839	 5	 55,07	 94,75	  14,3	  24,7	  28,8	  29,5	  30,9	  31,1	  29,2	   3,7
s	    98,2974	 6	322,77	 98,18	  12,3	  22,9	  27,0	  27,5	  28,8	  29,7	  28,1	   1,8
s	    98,3649	 7	253,51	 75,57	  10,5	  21,6	  25,6	  25,7	  27,0	  28,9	  27,9	   1,6
s	    98,3868	 6	322,97	 80,51	  12,3	  22,9	  27,0	  27,5	  28,8	  29,7	  28,1	   1,8
s	    98,9467	 8	 30,32	 73,55	   9,3	  21,0	  26,1	  26,5	  27,9	  29,8	  28,6	   3,0
s	    99,1490	 8	216,91	107,08	  10,1	  21,4	  25,5	  25,6	  26,9	  28,7	  27,8	   1,4
s	    99,3263	 8	216,49	 71,63	  10,5	  22,0	  26,2	  26,4	  27,7	  29,4	  28,5	   2,9
s	    99,8208	 5	 55,69	 86,01	  14,1	  24,1	  27,9	  28,4	  29,8	  30,9	  29,0	   3,3
s	    99,8402	 7	322,72	102,63	  13,5	  24,0	  28,2	  29,0	  30,2	  30,2	  28,6	   2,9
s	   100,2358	 8	253,64	106,60	  10,1	  21,4	  25,4	  25,5	  26,8	  28,7	  27,6	   1,1
s	   100,4113	 8	253,49	 71,53	  10,6	  22,1	  26,1	  26,3	  27,6	  29,4	  28,3	   2,6
s	   100,5851	 7	 55,00	103,37	  12,4	  23,3	  27,3	  27,7	  29,1	  30,2	  28,5	   2,8
s	   100,7992	 6	 55,72	 81,57	  14,8	  24,8	  28,7	  29,4	  30,7	  30,9	  28,7	   3,0
s	   101,3521	 4	269,18	 80,44	  11,8	  22,4	  27,3	  28,0	  29,5	  30,8	  28,7	   2,9
s	   101,8165	 8	322,67	106,62	  10,6	  21,4	  25,5	  25,6	  26,9	  28,6	  27,4	   0,9
s	   101,9894	 8	323,07	 72,09	  11,1	  22,1	  26,2	  26,4	  27,7	  29,4	  28,2	   2,4
s	   102,2611	 7	 55,76	 77,54	  10,8	  21,6	  25,5	  25,6	  27,0	  28,8	  27,5	   0,9
s	   102,4586	 2	 89,18	 90,66	  14,7	  24,6	  28,6	  29,4	  30,8	  31,1	  29,0	   3,2
s	   102,7068	 3	 89,18	 94,73	  14,4	  24,6	  28,5	  29,3	  30,7	  31,0	  28,9	   3,0
s	   102,7925	 3	 89,18	 86,29	  14,1	  24,1	  27,9	  28,4	  29,8	  31,0	  28,9	   3,0
s	   102,8463	 8	 55,25	 73,40	  11,0	  22,1	  26,2	  26,3	  27,7	  29,5	  28,1	   2,2
s	   103,1444	 8	 53,83	 81,75	  12,2	  23,1	  27,3	  27,7	  29,0	  29,9	  28,3	   2,4
s	   103,3193	 4	 89,18	 98,08	  11,1	  22,1	  27,1	  27,9	  29,3	  30,4	  28,7	   2,8
s	   103,6558	 4	 89,18	 82,27	  13,6	  23,7	  27,5	  28,0	  29,4	  30,7	  28,4	   2,5
s	   104,0646	 8	 55,51	107,42	  11,3	  21,8	  25,6	  25,6	  27,0	  28,9	  27,1	   0,3
s	   104,3412	 4	181,33	 89,83	  13,3	  23,4	  27,5	  28,3	  29,7	  29,7	  27,6	   0,8
s	   104,3412	 4	357,03	 89,80	  14,1	  24,1	  28,3	  29,1	  30,4	  30,4	  28,6	   2,6
s	   104,5850	 5	181,39	 93,82	  13,1	  23,3	  27,4	  28,2	  29,5	  29,6	  27,4	   0,6
s	   104,5851	 5	356,97	 93,80	  13,8	  24,1	  28,2	  29,0	  30,3	  30,3	  28,5	   2,4
s	   104,6693	 5	181,27	 85,53	  12,0	  22,4	  26,5	  27,1	  28,4	  29,2	  27,4	   0,6
s	   104,6693	 5	357,09	 85,50	  12,8	  23,1	  27,3	  27,8	  29,1	  29,9	  28,5	   2,4
s	   104,8489	 5	283,93	 80,75	  11,3	  21,9	  26,9	  27,6	  29,1	  30,2	  28,2	   2,1
s	   104,8764	 4	237,51	 89,16	  13,8	  24,0	  28,0	  28,8	  30,2	  30,3	  28,3	   2,2
s	   105,1191	 5	237,54	 93,13	  13,5	  23,9	  28,0	  28,7	  30,1	  30,3	  28,2	   2,1
s	   105,1665	 5	 89,18	 78,03	  11,7	  21,9	  25,7	  25,8	  27,3	  29,3	  27,4	   0,5
s	   105,4342	 6	181,45	 98,08	  11,8	  22,3	  26,4	  26,9	  28,2	  29,1	  27,2	   0,3
s	   105,4342	 6	356,91	 98,06	  12,5	  23,0	  27,2	  27,7	  29,0	  29,8	  28,3	   2,1
s	   105,5178	 6	181,22	 81,58	  11,7	  22,3	  26,4	  26,9	  28,2	  29,1	  27,2	   0,3
s	   105,5179	 6	357,15	 81,55	  12,5	  23,0	  27,1	  27,6	  29,0	  29,8	  28,2	   2,1
s	   105,9202	 3	 74,77	 90,64	  14,2	  24,2	  28,2	  29,0	  30,4	  30,5	  28,5	   2,3
s	   106,0474	 6	237,45	 80,95	  12,2	  22,9	  26,9	  27,4	  28,7	  29,7	  28,0	   1,8
s	   106,1059	 5	221,88	 89,30	  12,2	  23,3	  27,6	  28,4	  29,7	  29,6	  28,3	   2,1
s	   106,1606	 4	 74,75	 94,58	  13,9	  24,1	  28,2	  28,9	  30,3	  30,5	  28,4	   2,2
s	   106,6898	 5	237,95	 84,93	  12,4	  22,9	  26,9	  27,4	  28,8	  29,7	  28,0	   1,7
s	   106,7540	 5	 74,74	 97,82	  10,6	  21,6	  26,7	  27,5	  28,9	  29,8	  28,2	   2,0
s	   106,7555	 7	181,51	101,96	  11,4	  22,1	  26,3	  26,7	  28,0	  28,9	  27,0	  -0,1
s	   106,7555	 7	356,85	101,94	  12,2	  22,9	  27,0	  27,5	  28,8	  29,6	  28,0	   1,7
s	   106,9228	 6	 89,18	107,12	  10,6	  21,4	  25,2	  25,3	  26,8	  28,7	  27,1	   0,0
s	   107,0032	 7	181,15	 77,41	  10,4	  21,2	  25,3	  25,5	  26,9	  28,5	  26,9	  -0,1
s	   107,0032	 7	357,21	 77,39	  11,1	  21,9	  26,1	  26,3	  27,6	  29,2	  28,0	   1,7
s	   107,0802	 5	 74,80	 82,50	  13,1	  23,3	  27,1	  27,6	  29,0	  30,1	  27,9	   1,7
s	   107,0878	 6	 89,18	 74,23	  11,9	  22,4	  26,2	  26,4	  27,8	  29,9	  27,8	   1,5
s	   107,2791	 7	237,60	101,23	  11,9	  22,8	  26,8	  27,2	  28,5	  29,6	  27,7	   1,4
s	   107,5229	 6	238,05	 97,56	  13,1	  23,6	  27,7	  28,4	  29,7	  29,8	  27,8	   1,5
s	   108,5449	 6	 74,82	 78,40	  11,2	  21,5	  25,3	  25,4	  26,9	  28,7	  26,9	  -0,3
s	   108,5714	 7	 59,67	102,49	   9,8	  21,1	  26,3	  26,9	  28,4	  29,4	  27,6	   1,1
s	   108,8933	 8	357,27	 73,64	  10,5	  21,5	  25,6	  25,8	  27,1	  28,8	  27,4	   1,0
s	   108,9819	 7	237,89	 76,96	  10,2	  21,0	  25,0	  25,1	  26,5	  28,2	  26,7	  -0,5
s	   108,9878	 6	158,37	 93,99	  10,5	  21,4	  26,6	  27,7	  29,0	  29,0	  26,8	  -0,4
s	   109,2454	 8	237,64	105,27	  10,0	  21,0	  24,9	  25,0	  26,3	  28,2	  26,6	  -0,7
s	   109,2822	 7	 89,18	110,80	  11,5	  22,2	  26,0	  26,1	  27,5	  29,6	  27,5	   1,0
s	   109,4857	 8	220,75	 81,36	  10,0	  21,4	  25,6	  25,8	  27,1	  28,8	  27,6	   1,1
s	   109,6855	 7	 89,19	 70,29	   9,1	  20,2	  24,0	  23,9	  25,3	  28,0	  26,6	  -0,6
s	   110,2494	 7	 74,71	106,61	  10,1	  20,9	  24,9	  25,0	  26,4	  28,1	  26,6	  -0,8
s	   110,4095	 7	 74,83	 74,69	  11,4	  22,0	  25,9	  26,0	  27,4	  29,3	  27,3	   0,8
s	   110,6141	 2	269,18	 89,04	  14,5	  24,2	  28,0	  28,8	  30,2	  30,6	  27,1	  -0,3
s	   110,7988	 8	220,97	101,31	  11,9	  23,2	  27,3	  28,0	  29,3	  29,5	  27,4	   0,8
s	   110,8395	 8	237,86	 73,27	  10,4	  21,5	  25,5	  25,7	  27,0	  28,8	  27,2	   0,6
s	   110,8447	 3	269,18	 92,81	  13,8	  23,9	  27,9	  28,7	  30,1	  30,3	  28,0	   1,3
s	   110,9244	 3	269,18	 84,97	  13,3	  23,2	  27,0	  27,5	  28,9	  30,1	  26,9	  -0,5
s	   111,0813	 6	102,75	 82,80	   9,8	  21,1	  26,1	  26,8	  28,3	  29,4	  27,4	   0,7
s	   111,4840	 4	269,18	 82,15	  10,2	  21,2	  26,2	  27,0	  28,4	  29,5	  27,6	   0,9
s	   111,6479	 4	269,18	 96,85	  13,0	  23,1	  26,9	  27,3	  28,8	  30,0	  26,7	  -0,7
s	   111,7086	 6	 19,48	 93,88	  11,0	  22,0	  27,2	  28,2	  29,5	  29,6	  27,5	   0,8
s	   111,8112	 8	 89,19	 67,64	   7,3	  19,1	  24,2	  24,3	  25,7	  28,4	  27,1	   0,4
s	   112,3215	 8	 89,18	114,57	   9,5	  20,3	  24,1	  23,8	  25,3	  28,1	  26,2	  -1,3
s	   112,5414	 8	 74,69	110,19	  11,0	  21,8	  25,7	  25,8	  27,2	  29,1	  27,0	   0,2
s	   113,1335	 8	 74,85	 70,58	   9,7	  20,5	  24,6	  24,7	  26,0	  27,6	  26,1	  -1,4
s	   113,1338	 5	269,18	 77,28	  11,1	  21,3	  25,1	  25,2	  26,6	  28,6	  26,5	  -1,1
s	   113,8366	 3	282,61	 89,06	  14,1	  23,8	  27,6	  28,4	  29,8	  30,0	  26,6	  -1,0
s	   114,0608	 4	282,60	 92,73	  13,3	  23,5	  27,5	  28,3	  29,7	  29,8	  27,5	   0,6
s	   114,6828	 5	282,63	 82,36	   9,8	  20,8	  25,9	  26,7	  28,0	  28,9	  27,1	   0,1
s	   114,7724	 6	269,18	104,38	  10,8	  21,2	  24,9	  25,0	  26,4	  28,4	  26,2	  -1,6
s	   114,8424	 5	282,58	 96,66	  12,5	  22,7	  26,6	  27,0	  28,4	  29,4	  26,3	  -1,5
s	   114,9265	 6	269,18	 73,71	  11,3	  21,8	  25,6	  25,7	  27,2	  29,2	  27,0	  -0,0
s	   115,5315	 5	 24,25	 90,20	  12,2	  22,8	  27,1	  27,9	  29,2	  29,0	  27,2	   0,2
s	   115,6370	 5	154,14	 90,22	  11,5	  22,2	  26,4	  27,1	  28,4	  28,4	  26,2	  -1,6
s	   115,6537	 6	 24,21	 92,93	  10,0	  21,3	  26,6	  27,7	  29,0	  28,8	  27,1	   0,1
s	   115,7591	 6	154,17	 92,95	   9,3	  20,6	  25,9	  26,9	  28,3	  28,3	  26,1	  -1,7
s	   115,9342	 6	154,09	 86,32	  11,0	  21,6	  25,6	  26,1	  27,4	  28,4	  26,1	  -1,8
s	   116,2888	 6	282,64	 77,62	  10,7	  20,9	  24,7	  24,9	  26,2	  28,1	  26,0	  -1,9
s	   116,6278	 7	154,24	 97,70	   9,9	  21,1	  25,3	  25,7	  27,0	  27,9	  25,9	  -2,0
s	   116,7036	 7	154,04	 82,74	  10,7	  21,5	  25,5	  26,0	  27,3	  28,3	  25,9	  -2,0
s	   116,9789	 7	269,19	107,84	  10,9	  21,6	  25,4	  25,5	  26,9	  29,0	  26,6	  -0,5
s	   117,1386	 5	 60,98	 86,72	  11,1	  22,1	  26,1	  26,6	  28,0	  28,9	  27,1	  -0,1
s	   117,6978	 8	154,00	 79,80	   6,6	  18,6	  23,8	  24,3	  25,6	  27,2	  25,6	  -2,3
s	   117,8278	 8	154,28	101,24	  10,4	  21,4	  25,4	  25,8	  27,1	  28,1	  25,6	  -2,4
s	   117,8851	 7	282,56	104,01	  10,3	  20,8	  24,6	  24,7	  26,0	  27,9	  25,7	  -2,3
s	   117,9783	 6	 61,00	 82,90	  11,6	  22,5	  26,7	  27,4	  28,7	  28,7	  26,6	  -0,6
s	   118,0352	 7	282,66	 74,13	  10,8	  21,4	  25,3	  25,4	  26,8	  28,7	  26,5	  -0,8
s	   118,5729	 6	 23,70	 86,38	  11,5	  22,2	  26,2	  26,6	  28,0	  28,9	  26,8	  -0,5
s	   119,1363	 8	269,19	110,62	   6,2	  17,9	  22,9	  22,9	  24,4	  27,0	  25,5	  -2,6
s	   119,2367	 7	 61,03	 79,41	   8,7	  20,0	  24,0	  24,1	  25,4	  27,2	  25,6	  -2,5
s	   119,2516	 7	 23,55	 97,52	  10,5	  21,7	  25,8	  26,3	  27,6	  28,4	  26,6	  -0,8
s	   119,7403	 5	208,13	 89,48	  11,2	  21,8	  26,0	  26,8	  28,1	  27,9	  25,8	  -2,4
s	   119,9539	 6	208,17	 92,98	  11,0	  21,7	  26,0	  26,7	  28,0	  27,8	  25,6	  -2,6
s	   119,9992	 8	 59,28	 83,01	  10,2	  21,6	  25,7	  26,1	  27,4	  28,3	  26,4	  -1,0
s	   120,0277	 6	208,08	 85,71	   9,9	  20,8	  25,0	  25,6	  26,8	  27,4	  25,6	  -2,6
s	   120,0362	 8	282,55	107,39	  10,5	  21,2	  25,1	  25,2	  26,6	  28,5	  26,2	  -1,3
s	   120,0512	 8	269,18	 66,70	   8,7	  20,0	  24,0	  23,8	  25,2	  27,9	  26,2	  -1,3
s	   120,1787	 4	101,64	 90,67	  11,9	  22,6	  26,6	  27,4	  28,7	  28,9	  25,8	  -2,4
s	   120,3915	 5	101,65	 94,16	  11,1	  22,3	  26,5	  27,3	  28,6	  28,6	  26,7	  -0,8
s	   120,4263	 8	 23,50	100,98	  10,9	  22,0	  26,0	  26,3	  27,7	  28,7	  26,4	  -1,1
s	   120,5059	 5	101,62	 86,65	  12,4	  22,8	  26,8	  27,5	  28,9	  29,0	  25,7	  -2,6
s	   120,6985	 7	208,22	 96,72	   9,6	  20,7	  24,9	  25,4	  26,7	  27,3	  25,4	  -2,8
s	   120,7719	 7	208,04	 82,24	   9,6	  20,7	  24,9	  25,4	  26,7	  27,3	  25,4	  -2,8
s	   120,7954	 8	 60,84	105,17	   8,4	  19,8	  23,8	  23,9	  25,2	  27,0	  25,3	  -3,0
s	   120,9174	 6	101,65	 97,04	   8,4	  20,0	  25,2	  25,9	  27,3	  28,2	  25,5	  -2,8
s	   120,9820	 6	101,62	 84,30	   8,4	  20,0	  25,2	  25,9	  27,3	  28,2	  26,3	  -1,2
s	   121,1868	 4	294,81	 89,12	  12,1	  22,6	  26,8	  27,6	  28,9	  28,8	  26,7	  -0,8
s	   121,3323	 7	103,24	 86,67	  10,1	  21,3	  25,5	  25,9	  27,2	  28,0	  25,4	  -2,9
s	   121,3979	 5	294,79	 92,58	  11,8	  22,5	  26,7	  27,5	  28,8	  28,7	  26,6	  -1,0
s	   121,4709	 5	294,83	 85,40	  10,8	  21,6	  25,8	  26,3	  27,6	  28,3	  26,6	  -1,0
s	   121,5484	 4	293,27	 89,12	  12,0	  22,6	  26,7	  27,5	  28,8	  28,8	  26,7	  -0,9
s	   121,7589	 5	293,25	 92,57	  11,8	  22,5	  26,7	  27,4	  28,7	  28,7	  26,6	  -1,0
s	   121,8317	 5	293,29	 85,40	  10,8	  21,6	  25,7	  26,3	  27,6	  28,3	  26,6	  -1,0
s	   121,8598	 8	208,27	100,14	   9,3	  20,6	  24,8	  25,3	  26,5	  27,2	  25,2	  -3,2
s	   122,0778	 8	207,99	 78,57	   8,3	  19,6	  23,9	  24,1	  25,3	  26,7	  25,2	  -3,2
s	   122,2066	 6	294,85	 81,97	  10,5	  21,5	  25,7	  26,2	  27,5	  28,2	  26,4	  -1,2
s	   122,4930	 6	293,23	 96,25	  10,5	  21,5	  25,7	  26,1	  27,4	  28,2	  26,4	  -1,3
s	   122,5081	 7	101,60	 79,79	   8,5	  19,7	  23,8	  23,9	  25,2	  26,9	  25,2	  -3,2
s	   123,2822	 7	294,74	 99,66	  10,0	  21,2	  25,3	  25,8	  27,1	  27,8	  26,0	  -1,8
s	   123,4978	 7	294,87	 78,33	   8,4	  19,5	  23,6	  23,8	  25,1	  26,6	  25,1	  -3,4
s	   123,6379	 7	293,21	 99,63	  10,0	  21,1	  25,3	  25,7	  27,0	  27,8	  25,9	  -1,8
s	   123,7975	 8	296,23	 96,46	   9,2	  20,8	  25,2	  25,6	  26,8	  27,4	  26,0	  -1,8
s	   123,8529	 7	293,33	 78,36	   8,4	  19,5	  23,6	  23,8	  25,1	  26,6	  25,1	  -3,4
s	   124,0269	 8	101,68	104,88	   8,2	  19,6	  23,6	  23,7	  25,0	  26,8	  25,0	  -3,6
s	   124,1699	 8	101,59	 76,47	   8,7	  20,3	  24,3	  24,5	  25,8	  27,5	  25,8	  -2,1
s	   125,0050	 8	294,72	103,23	   8,1	  19,4	  23,5	  23,6	  24,9	  26,5	  24,9	  -3,8
s	   125,1469	 8	294,89	 75,04	   8,6	  20,1	  24,2	  24,4	  25,7	  27,2	  25,7	  -2,2
s	   125,3560	 8	293,18	103,18	   8,1	  19,4	  23,5	  23,6	  24,9	  26,4	  24,8	  -3,8
s	   125,4974	 8	293,35	 75,07	   8,6	  20,0	  24,2	  24,4	  25,6	  27,2	  25,6	  -2,3
s	   125,9527	 7	 30,10	 86,69	   9,3	  20,8	  25,1	  25,6	  26,8	  27,5	  25,9	  -2,1
s	   126,6632	 8	 30,14	 83,37	   9,0	  20,7	  25,0	  25,5	  26,7	  27,4	  25,7	  -2,3
s	   129,9053	 6	 63,91	 90,61	  10,3	  21,5	  25,8	  26,6	  27,8	  27,6	  25,6	  -2,7
s	   130,5508	 4	257,70	 89,08	  10,7	  21,7	  25,9	  26,7	  28,0	  27,9	  25,8	  -2,6
s	   130,7473	 5	257,71	 92,30	  10,4	  21,6	  25,8	  26,6	  27,9	  27,8	  25,6	  -2,8
s	   130,8530	 5	257,69	 85,36	  10,4	  21,5	  25,8	  26,6	  27,8	  27,6	  25,6	  -2,8
s	   131,1227	 5	180,91	 89,86	  11,2	  21,8	  26,0	  26,8	  28,0	  27,8	  25,6	  -2,8
s	   131,3183	 6	180,95	 93,07	  10,9	  21,7	  25,9	  26,7	  27,9	  27,7	  25,5	  -3,0
s	   131,3860	 6	180,86	 86,41	   9,9	  20,8	  25,0	  25,5	  26,8	  27,3	  25,5	  -3,0
s	   131,4326	 6	257,72	 95,74	   9,2	  20,6	  24,8	  25,3	  26,6	  27,3	  25,5	  -3,0
s	   131,5002	 6	257,68	 82,42	   9,1	  20,6	  24,8	  25,3	  26,6	  27,3	  25,5	  -3,0
s	   131,7050	 5	357,46	 89,84	  11,1	  21,3	  25,4	  26,2	  27,5	  27,2	  24,5	  -4,7
s	   131,8998	 6	357,42	 93,03	  10,9	  21,2	  25,4	  26,1	  27,4	  27,1	  24,4	  -4,9
s	   131,9515	 5	 50,73	 90,51	  10,4	  21,1	  25,2	  26,0	  27,3	  27,2	  24,5	  -4,8
s	   131,9671	 6	357,51	 86,40	   9,9	  20,3	  24,5	  25,0	  26,2	  26,7	  24,4	  -4,9
s	   132,0008	 7	181,00	 96,50	   9,6	  20,7	  24,9	  25,4	  26,6	  27,2	  25,3	  -3,2
s	   132,0681	 7	180,81	 83,23	   9,6	  20,7	  24,9	  25,4	  26,6	  27,2	  25,3	  -3,2
s	   132,1459	 6	 50,71	 93,70	  10,1	  21,0	  25,2	  25,9	  27,2	  27,1	  24,4	  -4,9
s	   132,5793	 7	357,37	 96,45	   9,6	  20,2	  24,4	  24,9	  26,1	  26,6	  24,2	  -5,1
s	   132,6020	 7	257,73	 99,14	   9,6	  21,1	  25,3	  26,1	  27,3	  27,1	  25,0	  -3,6
s	   132,6463	 7	357,56	 83,24	   9,6	  20,2	  24,4	  24,8	  26,1	  26,6	  24,2	  -5,1
s	   132,7037	 7	257,67	 79,02	   7,1	  18,7	  22,8	  22,9	  24,2	  25,7	  24,2	  -5,1
s	   132,8911	 7	 50,79	 83,92	   8,8	  20,0	  24,2	  24,6	  25,9	  26,6	  24,2	  -5,2
s	   133,2666	 8	180,76	 79,85	   8,3	  19,6	  23,9	  24,1	  25,3	  26,6	  25,1	  -3,6
s	   133,6404	 8	357,32	 99,58	   9,3	  20,1	  24,3	  24,7	  25,9	  26,5	  24,0	  -5,4
s	   133,8399	 8	357,61	 79,87	   8,3	  19,1	  23,3	  23,5	  24,7	  26,0	  24,0	  -5,4
s	   133,8835	 8	 50,65	100,23	   8,6	  19,9	  24,1	  24,5	  25,7	  26,5	  24,0	  -5,5
s	   134,1105	 8	257,74	102,23	   6,8	  18,5	  22,7	  22,8	  24,0	  25,6	  24,0	  -5,5
s	   134,2431	 8	257,66	 75,93	   7,3	  19,2	  23,4	  23,6	  24,8	  26,4	  24,7	  -4,0
s	   136,3156	 5	233,96	 89,22	  11,8	  22,0	  25,9	  26,7	  27,9	  27,9	  25,0	  -3,9
s	   136,5040	 6	233,98	 92,31	  10,8	  21,5	  25,6	  26,4	  27,5	  27,4	  24,9	  -4,0
s	   136,5692	 6	233,93	 85,90	  10,5	  21,0	  24,9	  25,4	  26,7	  27,4	  24,9	  -4,0
s	   136,6524	 5	304,60	 89,21	  10,8	  21,1	  25,2	  25,9	  27,2	  27,0	  24,0	  -5,6
s	   136,8404	 6	304,57	 92,29	   9,8	  20,6	  24,8	  25,6	  26,8	  26,5	  23,9	  -5,8
s	   137,1615	 7	234,01	 95,61	  10,2	  20,9	  24,9	  25,3	  26,5	  27,3	  24,7	  -4,2
s	   137,3231	 6	245,32	 89,14	   9,8	  21,0	  25,3	  26,1	  27,3	  27,1	  24,9	  -4,1
s	   137,5102	 7	245,34	 92,20	   9,6	  21,0	  25,3	  26,0	  27,2	  27,0	  24,8	  -4,2
s	   137,5278	 6	158,21	 90,19	   9,8	  20,9	  25,3	  26,1	  27,2	  26,8	  24,9	  -4,1
s	   138,0818	 8	101,55	 87,16	   7,5	  19,6	  24,0	  24,5	  25,6	  26,1	  24,6	  -4,5
s	   138,1195	 6	 89,18	100,13	   6,7	  18,2	  24,1	  25,1	  26,5	  27,6	  24,6	  -4,5
s	   138,6159	 8	304,52	 98,84	   9,8	  20,8	  25,1	  25,8	  27,0	  26,6	  24,3	  -4,8
s	   138,6789	 6	305,62	 85,94	   9,2	  20,2	  24,4	  24,8	  26,1	  26,7	  24,5	  -4,6
s	   139,2625	 7	305,54	 95,52	   9,0	  20,1	  24,3	  24,7	  26,0	  26,7	  24,4	  -4,8
s	   139,3812	 8	136,91	 96,74	   6,2	  17,9	  23,3	  24,0	  25,2	  25,8	  23,4	  -6,5
s	   140,5633	 8	305,67	 79,48	   8,1	  19,4	  23,6	  24,0	  25,2	  25,8	  23,3	  -6,7
s	   140,8249	 7	 78,11	100,17	   7,4	  18,6	  24,8	  26,0	  27,4	  27,3	  24,2	  -5,1
s	   141,2458	 8	158,56	 83,97	   8,8	  20,2	  24,3	  24,7	  26,0	  26,7	  24,3	  -5,0
s	   141,5352	 8	 40,67	 96,62	   6,9	  18,0	  23,1	  22,5	  22,8	  23,6	  21,1	  -8,2
s	   143,4426	 7	159,01	 87,01	   8,2	  19,8	  24,0	  24,5	  25,7	  26,4	  24,2	  -5,3
s	   143,6386	 6	 19,25	 90,16	   9,4	  20,2	  24,4	  25,2	  26,4	  26,1	  23,3	  -7,1
s	   143,7582	 6	203,10	 89,57	   9,4	  20,5	  24,9	  25,7	  26,9	  26,4	  24,3	  -5,3
s	   143,8796	 7	 19,29	 87,00	   8,2	  19,2	  23,4	  23,9	  25,1	  25,6	  23,1	  -7,2
s	   143,9371	 7	203,14	 92,50	   9,2	  20,5	  24,8	  25,6	  26,8	  26,3	  24,1	  -5,4
s	   143,9990	 7	203,06	 86,41	   8,2	  19,5	  23,9	  24,4	  25,6	  25,9	  24,1	  -5,4
s	   144,4427	 8	 19,16	 96,23	   7,9	  19,1	  23,4	  23,8	  25,0	  25,5	  23,0	  -7,4
s	   144,5044	 8	 19,33	 84,08	   7,9	  19,1	  23,4	  23,8	  25,0	  25,5	  22,9	  -7,4
s	   144,5617	 8	203,18	 95,64	   7,9	  19,5	  23,8	  24,3	  25,5	  25,8	  24,0	  -5,7
s	   144,6233	 8	203,02	 83,50	   7,9	  19,5	  23,8	  24,3	  25,5	  25,8	  24,0	  -5,7
s	   146,0428	 8	257,46	 85,75	   6,8	  18,9	  23,3	  23,8	  24,9	  25,3	  22,8	  -7,7
s	   147,8738	 6	134,66	 90,47	   9,4	  19,9	  24,1	  24,9	  26,0	  25,6	  22,8	  -7,9
s	   148,0479	 7	134,69	 93,33	   9,1	  19,9	  24,1	  24,8	  25,9	  25,6	  22,7	  -8,0
s	   148,1910	 7	 43,70	 87,39	   8,7	  19,3	  23,2	  22,3	  22,6	  23,5	  20,6	  -9,3
s	   148,2064	 6	 89,18	 98,80	   5,4	  17,2	  23,3	  24,2	  25,6	  26,5	  23,6	  -6,3
s	   148,4785	 8	134,72	 95,69	   4,9	  17,0	  22,4	  23,2	  24,4	  24,7	  22,6	  -8,2
s	   148,7982	 8	 43,73	 84,55	   8,5	  19,3	  23,2	  22,2	  22,5	  23,4	  20,4	  -9,6
s	   149,9176	 7	 89,18	102,49	   6,3	  17,4	  22,2	  22,4	  23,9	  25,7	  22,6	  -8,3
s	   150,0366	 7	 89,18	 78,93	   6,8	  18,0	  22,9	  23,2	  24,6	  26,4	  23,3	  -6,8
s	   150,6479	 7	 78,87	 98,66	   5,0	  16,9	  23,0	  24,0	  25,4	  26,1	  23,3	  -6,9
s	   151,0036	 7	208,55	 89,50	   8,0	  19,6	  24,2	  25,0	  26,0	  25,4	  23,5	  -6,7
s	   151,0275	 6	300,91	 89,19	   8,3	  19,3	  23,7	  24,5	  25,7	  25,2	  22,6	  -8,4
s	   151,1742	 8	208,59	 92,30	   7,8	  19,6	  24,1	  24,9	  26,0	  25,4	  23,4	  -6,9
s	   151,1981	 7	300,88	 91,99	   8,0	  19,3	  23,7	  24,4	  25,6	  25,1	  22,4	  -8,5
s	   151,2332	 8	208,52	 86,49	   6,8	  18,7	  23,2	  23,7	  24,8	  25,0	  23,3	  -6,9
s	   151,7935	 8	300,86	 94,98	   6,7	  18,3	  22,7	  23,1	  24,3	  24,6	  22,3	  -8,8
s	   151,8523	 8	300,95	 83,40	   6,7	  18,3	  22,7	  23,1	  24,3	  24,6	  22,3	  -8,8
s	   152,0207	 7	226,53	 86,30	   8,2	  19,4	  23,5	  24,0	  25,2	  25,8	  23,1	  -7,1
s	   152,3325	 8	 78,86	102,30	   5,9	  17,0	  21,9	  22,2	  23,6	  25,2	  22,2	  -8,9
s	   152,4496	 8	 78,92	 79,10	   6,4	  17,7	  22,7	  23,0	  24,4	  26,0	  23,0	  -7,3
s	   152,5545	 8	226,61	 95,06	   8,0	  19,3	  23,5	  23,8	  25,1	  25,7	  23,0	  -7,3
s	   156,1591	 4	269,18	 91,79	   8,7	  19,5	  24,5	  25,5	  26,8	  26,8	  23,3	  -7,3
s	   156,6028	 8	 70,37	 98,33	   3,7	  16,1	  22,4	  23,3	  24,7	  25,2	  22,6	  -8,1
s	   157,2171	 3	 89,18	 90,71	  10,6	  20,7	  24,7	  25,4	  26,7	  26,7	  22,3	  -9,2
s	   157,3812	 4	 89,18	 93,40	   9,8	  20,5	  24,6	  25,3	  26,6	  26,4	  23,2	  -7,5
s	   157,4379	 4	 89,18	 87,82	  10,1	  20,2	  23,9	  24,4	  25,7	  26,6	  22,2	  -9,3
s	   157,8087	 6	269,18	 80,59	   5,3	  16,5	  21,5	  21,9	  23,2	  24,8	  21,9	  -9,6
s	   157,8368	 5	 89,18	 85,80	   7,3	  18,4	  23,4	  24,1	  25,5	  26,3	  23,1	  -7,7
s	   158,2977	 6	 56,53	 90,58	  10,8	  20,7	  24,6	  25,3	  26,5	  26,3	  22,6	  -8,2
s	   158,3653	 6	 89,18	 97,63	   4,1	  16,2	  22,4	  23,4	  24,8	  25,4	  22,7	  -8,2
s	   158,4473	 7	239,28	 91,86	   6,4	  18,3	  23,6	  24,6	  25,8	  25,5	  22,8	  -8,1
s	   158,4606	 7	 56,51	 93,25	  10,6	  20,6	  24,5	  25,2	  26,4	  26,3	  22,5	  -8,4
s	   158,4916	 6	180,62	 89,89	   8,6	  19,2	  23,5	  24,3	  25,5	  24,9	  21,9	  -9,7
s	   158,4916	 6	357,75	 89,87	   9,3	  20,0	  24,3	  25,1	  26,2	  25,6	  22,9	  -8,0
s	   158,6543	 7	180,66	 92,56	   8,4	  19,2	  23,5	  24,2	  25,4	  24,8	  21,8	  -9,9
s	   158,6544	 7	357,71	 92,53	   9,1	  19,9	  24,2	  25,0	  26,1	  25,6	  22,8	  -8,1
s	   158,7106	 7	180,58	 87,02	   7,3	  18,2	  22,6	  23,1	  24,2	  24,4	  21,8	  -9,9
s	   158,7107	 7	357,79	 86,99	   8,1	  19,0	  23,3	  23,8	  24,9	  25,1	  22,8	  -8,1
s	   158,9186	 6	 57,92	 90,59	  10,0	  20,3	  24,3	  25,0	  26,2	  25,9	  22,6	  -8,3
s	   159,0184	 6	 89,18	 82,29	   7,3	  18,0	  21,8	  21,9	  23,2	  24,8	  21,8	  -9,8
s	   159,0809	 7	 57,90	 93,25	   9,8	  20,2	  24,2	  24,9	  26,1	  25,8	  22,4	  -8,5
s	   159,2226	 8	180,70	 95,41	   7,1	  18,2	  22,5	  22,9	  24,1	  24,3	  21,6	 -10,1
s	   159,2226	 8	357,67	 95,39	   7,8	  18,9	  23,2	  23,7	  24,8	  25,1	  22,6	  -8,3
s	   159,2540	 8	215,12	 89,43	   6,6	  18,7	  23,4	  24,2	  25,2	  24,5	  22,6	  -8,3
s	   159,2787	 8	180,54	 84,36	   7,1	  18,2	  22,5	  22,9	  24,1	  24,3	  21,6	 -10,1
s	   159,2787	 8	357,83	 84,34	   7,8	  18,9	  23,2	  23,7	  24,8	  25,1	  22,6	  -8,3
s	   159,5243	 4	 79,55	 90,70	  10,2	  20,4	  24,4	  25,2	  26,5	  26,3	  22,0	  -9,7
s	   159,6860	 5	 79,54	 93,35	   9,5	  20,2	  24,3	  25,1	  26,3	  26,0	  22,9	  -8,1
s	   160,1352	 6	 79,56	 85,86	   7,0	  18,1	  23,2	  23,9	  25,2	  25,8	  22,8	  -8,2
s	   160,5527	 8	 56,90	 85,10	   8,3	  19,2	  23,2	  23,6	  24,8	  25,4	  22,3	  -8,8
s	   160,6142	 8	269,18	102,79	   5,2	  17,0	  22,0	  22,3	  23,7	  25,3	  22,3	  -8,8
s	   161,3004	 7	 79,57	 82,40	   6,9	  17,7	  21,6	  21,7	  23,0	  24,4	  21,5	 -10,4
s	   162,0793	 8	 89,18	 76,92	   6,4	  17,2	  20,9	  20,6	  22,0	  24,5	  21,3	 -10,6
s	   164,1590	 6	286,93	 91,70	   7,0	  18,4	  23,7	  24,6	  25,9	  25,6	  22,4	  -9,0
s	   165,7310	 8	286,97	 81,03	   3,7	  15,5	  20,7	  21,0	  22,3	  23,6	  21,0	 -11,2
s	   165,7314	 7	140,32	 90,42	   7,2	  18,8	  23,4	  24,1	  25,2	  24,5	  22,2	  -9,4
s	   165,8872	 8	140,35	 92,98	   7,0	  18,8	  23,3	  24,0	  25,1	  24,5	  22,0	  -9,5
s	   166,0719	 5	 70,61	 90,67	   8,4	  19,5	  23,7	  24,5	  25,7	  25,2	  22,3	  -9,2
s	   166,2274	 6	 70,60	 93,22	   8,2	  19,4	  23,7	  24,4	  25,6	  25,2	  22,2	  -9,3
s	   166,2812	 6	 70,63	 87,93	   7,9	  18,9	  23,0	  23,5	  24,7	  25,2	  22,2	  -9,3
s	   166,4345	 8	 12,79	 92,63	   6,5	  18,1	  23,4	  24,3	  25,5	  25,1	  22,0	  -9,6
s	   166,4795	 3	269,18	 89,08	   9,6	  20,1	  24,1	  24,9	  26,2	  25,9	  22,5	  -9,0
s	   166,6883	 4	269,18	 86,35	   8,3	  19,1	  23,1	  23,6	  24,9	  25,4	  22,4	  -9,2
s	   166,8241	 7	 70,64	 85,39	   7,7	  18,8	  23,0	  23,4	  24,6	  25,1	  22,1	  -9,5
s	   166,8454	 4	260,16	 89,10	   8,6	  19,6	  23,8	  24,6	  25,8	  25,4	  22,4	  -9,2
s	   167,0002	 5	260,17	 91,63	   8,4	  19,5	  23,7	  24,5	  25,7	  25,4	  22,3	  -9,4
s	   167,0835	 5	260,15	 86,17	   8,4	  19,4	  23,7	  24,5	  25,6	  25,2	  22,3	  -9,4
s	   167,1607	 8	 70,58	 97,24	   2,4	  15,1	  21,6	  22,5	  23,8	  24,1	  21,7	  -9,9
s	   167,1764	 5	269,18	 94,35	   8,8	  19,4	  23,3	  23,8	  25,1	  25,8	  22,3	  -9,4
s	   167,2299	 5	269,18	 83,82	   8,8	  19,4	  23,3	  23,8	  25,1	  25,8	  22,2	  -9,4
s	   167,4529	 6	241,01	 89,19	   8,3	  19,3	  23,6	  24,4	  25,4	  25,0	  22,1	  -9,6
s	   167,5408	 6	260,17	 94,35	   7,1	  18,6	  22,7	  23,2	  24,4	  24,9	  22,1	  -9,6
s	   167,5942	 6	260,15	 83,84	   7,1	  18,5	  22,7	  23,2	  24,4	  24,9	  22,1	  -9,6
s	   167,7804	 8	 70,65	 82,69	   5,6	  16,9	  21,0	  21,0	  22,3	  23,5	  20,8	 -11,6
s	   167,9323	 6	269,18	 81,73	   4,8	  16,5	  21,6	  22,1	  23,4	  24,8	  22,1	  -9,6
s	   168,0244	 6	269,18	 96,86	   8,6	  19,4	  23,3	  23,6	  24,9	  25,7	  22,1	  -9,6
s	   168,4656	 7	260,18	 97,05	   7,6	  19,0	  23,3	  24,0	  25,1	  24,7	  21,7	 -10,1
s	   168,4670	 7	 37,31	 90,40	   7,1	  18,2	  22,7	  23,5	  24,5	  23,8	  20,9	 -11,6
s	   168,5448	 5	279,35	 86,19	   9,8	  20,0	  24,1	  24,9	  26,1	  25,7	  22,1	  -9,6
s	   168,5463	 7	260,14	 81,14	   5,8	  17,5	  21,7	  21,9	  23,1	  24,4	  21,9	  -9,8
s	   168,6203	 8	 37,28	 92,91	   6,9	  18,2	  22,6	  23,4	  24,5	  23,7	  20,8	 -11,8
s	   169,0512	 7	279,35	 83,88	   7,3	  18,1	  22,1	  22,3	  23,5	  24,7	  21,9	  -9,9
s	   169,0533	 7	 16,20	 90,13	   7,8	  19,1	  23,5	  24,2	  25,3	  24,7	  21,9	  -9,9
s	   169,1377	 8	 16,18	 92,02	   5,6	  17,5	  23,0	  24,0	  25,1	  24,6	  21,8	 -10,1
s	   169,1422	 7	199,42	 89,63	   8,0	  18,6	  22,9	  23,7	  24,7	  24,0	  20,8	 -11,8
s	   169,1422	 7	338,94	 89,61	   7,8	  19,0	  23,4	  24,2	  25,3	  24,5	  21,9	 -10,0
s	   169,2949	 8	199,46	 92,13	   7,8	  18,6	  22,8	  23,6	  24,6	  24,0	  20,6	 -11,9
s	   169,2949	 8	338,91	 92,11	   7,6	  18,9	  23,4	  24,1	  25,2	  24,4	  21,7	 -10,1
s	   169,3032	 7	269,18	 99,54	   5,8	  17,0	  21,0	  21,1	  22,3	  23,7	  20,8	 -11,8
s	   169,3477	 8	199,39	 86,94	   6,7	  17,6	  21,9	  22,4	  23,4	  23,6	  20,6	 -11,9
s	   169,3478	 8	338,98	 86,91	   6,6	  18,0	  22,4	  22,9	  24,0	  24,0	  21,7	 -10,1
s	   169,4088	 7	269,18	 78,64	   7,0	  18,1	  22,0	  22,1	  23,4	  24,9	  21,6	 -10,2
s	   169,5906	 8	240,16	 94,39	   6,7	  18,4	  22,5	  22,9	  24,0	  24,5	  21,6	 -10,2
s	   169,6631	 8	260,19	 99,53	   4,8	  16,5	  20,6	  20,7	  21,9	  23,2	  20,7	 -11,9
s	   169,7685	 8	260,14	 78,67	   5,3	  17,2	  21,4	  21,5	  22,7	  24,0	  21,5	 -10,4
s	   169,9154	 7	279,32	 96,99	   9,0	  19,6	  23,7	  24,4	  25,6	  25,3	  21,6	 -10,3
s	   170,0027	 7	280,48	 91,59	   6,5	  17,9	  23,3	  24,2	  25,4	  25,0	  21,8	 -10,1
s	   170,4197	 8	269,18	101,38	   4,0	  16,1	  21,2	  21,6	  22,9	  24,3	  21,4	 -10,5
s	   171,0633	 8	 36,73	 87,73	   6,5	  17,7	  21,9	  22,3	  23,5	  23,8	  20,6	 -12,2
s	   171,0848	 8	269,18	 76,01	   4,4	  15,9	  19,9	  19,7	  21,0	  23,2	  20,6	 -12,2
s	   172,1543	 8	 15,95	 87,48	   7,2	  18,5	  22,6	  23,0	  24,2	  24,7	  21,5	 -10,6
s	   173,6186	 7	318,99	 89,37	   7,6	  18,4	  22,7	  23,4	  24,5	  23,9	  20,5	 -12,5
s	   173,7674	 8	318,96	 91,81	   6,6	  17,9	  22,4	  23,1	  24,2	  23,4	  20,3	 -12,7
s	   174,7894	 6	 97,80	 90,72	   6,8	  18,5	  22,8	  23,5	  24,7	  24,2	  20,5	 -12,6
s	   174,9373	 7	 97,80	 93,14	   6,0	  18,2	  22,7	  23,4	  24,5	  24,0	  21,4	 -11,0
s	   175,0170	 7	 97,79	 87,92	   7,3	  18,7	  23,0	  23,7	  24,8	  24,4	  20,3	 -12,8
s	   175,4541	 8	 97,81	 95,74	   5,3	  17,4	  21,7	  22,2	  23,3	  23,7	  20,2	 -12,9
s	   176,1407	 8	319,64	 86,78	   6,7	  17,9	  22,2	  22,6	  23,7	  24,0	  20,9	 -11,5
s	   177,1762	 6	 60,28	 90,62	   7,6	  18,5	  22,7	  23,4	  24,5	  24,2	  20,3	 -13,0
s	   177,3222	 7	 60,26	 93,01	   7,4	  18,5	  22,6	  23,3	  24,4	  24,1	  20,1	 -13,2
s	   177,8825	 8	 60,31	 85,66	   6,1	  17,5	  21,6	  22,0	  23,2	  23,6	  20,0	 -13,4
s	   178,4096	 6	278,77	 89,10	   9,1	  19,4	  23,5	  24,3	  25,4	  24,8	  21,2	 -11,5
s	   178,5546	 7	278,77	 91,48	   8,9	  19,3	  23,5	  24,2	  25,3	  24,8	  21,1	 -11,6
s	   178,5981	 8	 61,54	 86,28	   3,4	  15,5	  20,9	  21,6	  22,8	  23,1	  19,9	 -13,5
s	   179,8572	 8	252,05	 91,49	   4,3	  16,7	  22,2	  23,2	  24,3	  23,7	  20,8	 -11,9
s	   180,8280	 8	278,69	 84,22	   7,5	  18,2	  22,4	  22,8	  24,0	  24,2	  20,8	 -12,1
s	   181,7727	 8	223,82	 89,34	   5,6	  17,1	  21,5	  20,9	  21,0	  20,3	  17,6	 -15,4
s	   181,9493	 7	304,81	 89,24	   6,5	  18,0	  22,5	  23,3	  24,4	  23,6	  20,8	 -12,2
s	   183,3992	 6	294,97	 89,17	   7,4	  18,4	  22,8	  23,6	  24,7	  23,9	  20,8	 -12,3
s	   183,5403	 7	294,96	 91,48	   7,1	  18,4	  22,7	  23,5	  24,6	  23,9	  20,6	 -12,4
s	   183,9193	 8	305,58	 86,76	   5,1	  17,1	  21,5	  22,0	  23,1	  23,2	  20,5	 -12,6
s	   184,0334	 8	294,94	 93,97	   5,9	  17,4	  21,7	  22,2	  23,3	  23,4	  20,5	 -12,6
s	   184,0821	 8	295,00	 84,37	   5,8	  17,4	  21,7	  22,2	  23,3	  23,4	  20,5	 -12,6
s	   185,2812	 7	180,41	 89,91	   7,0	  18,2	  22,6	  23,4	  24,4	  23,6	  20,5	 -12,7
s	   185,4209	 8	180,45	 92,20	   6,8	  18,1	  22,6	  23,3	  24,3	  23,5	  20,4	 -12,9
s	   185,4692	 8	180,38	 87,44	   5,8	  17,2	  21,6	  22,1	  23,2	  23,1	  20,4	 -12,9
s	   185,8636	 7	357,95	 89,88	   7,0	  17,7	  22,1	  22,8	  23,9	  23,0	  19,4	 -14,6
s	   186,0028	 8	357,92	 92,17	   6,8	  17,6	  22,0	  22,7	  23,8	  22,9	  19,3	 -14,8
s	   186,0510	 8	357,99	 87,42	   5,8	  16,7	  21,1	  21,6	  22,6	  22,5	  19,3	 -14,8
s	   187,8217	 8	 32,90	 90,36	   6,9	  18,0	  22,4	  23,2	  24,1	  23,2	  20,1	 -13,4
s	   189,3528	 8	235,10	 91,49	   4,8	  16,2	  21,5	  22,5	  23,5	  22,9	  19,0	 -15,4
s	   189,7840	 7	 54,11	 90,58	   8,5	  18,9	  23,0	  23,6	  24,7	  24,2	  20,1	 -13,6
s	   189,9204	 8	 54,10	 92,81	   7,5	  18,5	  22,6	  23,3	  24,3	  23,8	  20,0	 -13,7
s	   190,1088	 8	322,98	 89,42	   5,9	  17,5	  22,1	  22,8	  23,8	  22,8	  20,0	 -13,7
s	   190,1817	 8	 97,11	 90,73	   4,1	  16,8	  21,4	  22,2	  23,2	  22,4	  19,0	 -15,5
s	   190,2952	 7	123,10	 90,60	   5,8	  17,6	  22,0	  22,7	  23,8	  23,1	  19,9	 -13,8
s	   190,4313	 8	123,12	 92,83	   5,6	  17,5	  21,9	  22,6	  23,7	  23,0	  19,7	 -14,0
s	   190,4784	 8	123,08	 88,20	   4,6	  16,6	  21,0	  21,4	  22,5	  22,6	  19,7	 -14,0
s	   191,1165	 8	 63,50	 90,65	   5,8	  17,6	  22,1	  22,8	  23,8	  23,0	  19,9	 -13,8
s	   191,3993	 8	 54,43	 88,19	   6,3	  17,5	  21,7	  22,1	  23,2	  23,4	  19,9	 -13,9
s	   192,2799	 8	341,41	 89,65	   6,7	  17,3	  21,7	  22,5	  23,4	  22,4	  18,7	 -15,9
s	   192,7913	 8	146,42	 90,37	   5,0	  16,8	  21,3	  22,0	  23,0	  22,2	  18,8	 -15,9
s	   193,4352	 8	324,61	 89,44	   6,5	  17,8	  22,2	  22,9	  23,9	  23,1	  19,7	 -14,2
s	   194,5001	 8	196,75	 89,68	   5,7	  17,3	  21,9	  22,6	  23,6	  22,6	  19,6	 -14,4
s	   194,5709	 8	 89,18	 99,84	   1,1	  13,2	  19,2	  19,7	  21,0	  22,4	  18,6	 -16,2
s	   194,8310	 8	164,42	 90,14	   5,6	  17,4	  21,9	  22,6	  23,7	  22,8	  19,6	 -14,5
s	   195,3944	 8	 13,90	 90,11	   5,6	  16,9	  21,4	  22,1	  23,1	  22,2	  18,6	 -16,4
s	   195,4323	 8	277,95	 89,11	   6,4	  17,7	  22,1	  22,8	  23,9	  23,0	  19,6	 -14,6
s	   199,2290	 7	 73,73	 90,70	   5,4	  17,2	  21,6	  22,3	  23,3	  22,6	  18,4	 -16,9
s	   199,2624	 8	244,78	 89,18	   4,7	  16,9	  21,5	  22,2	  23,2	  22,4	  19,3	 -15,2
s	   199,3591	 8	 73,72	 92,84	   4,7	  16,9	  21,5	  22,2	  23,2	  22,4	  19,3	 -15,2
s	   199,4042	 8	 73,74	 88,41	   4,9	  16,6	  20,9	  21,3	  22,4	  22,5	  18,2	 -17,0
s	   199,4152	 8	253,74	 91,26	   3,5	  15,8	  21,3	  22,3	  23,4	  22,7	  19,3	 -15,2
s	   199,4152	 8	284,63	 91,26	   4,4	  16,3	  21,6	  22,5	  23,6	  22,9	  19,2	 -15,3
s	   202,7180	 8	269,18	 80,35	   1,3	  13,5	  19,6	  20,1	  21,5	  22,8	  18,8	 -16,0
s	   202,7713	 7	277,65	 86,69	   6,3	  17,5	  21,9	  22,6	  23,6	  22,8	  19,1	 -15,7
s	   202,8825	 6	261,74	 89,11	   5,0	  17,0	  21,5	  22,2	  23,3	  22,5	  19,2	 -15,6
s	   203,0104	 7	261,75	 91,21	   4,8	  17,0	  21,4	  22,1	  23,2	  22,4	  19,1	 -15,7
s	   203,0792	 7	261,74	 86,69	   4,8	  16,8	  21,4	  22,1	  23,1	  22,2	  19,1	 -15,7
s	   203,4572	 8	261,75	 93,46	   3,5	  16,0	  20,4	  20,9	  21,9	  22,0	  18,9	 -15,9
s	   203,5014	 8	261,73	 84,76	   3,5	  16,0	  20,4	  20,9	  21,9	  22,0	  18,9	 -15,9
s	   203,5279	 8	 55,74	 90,60	   6,9	  17,9	  22,0	  22,7	  23,7	  23,0	  18,9	 -16,0
s	   204,6634	 8	 89,18	 98,89	   0,7	  13,2	  19,4	  20,1	  21,3	  22,5	  18,8	 -16,1
s	   206,3511	 8	129,14	 90,56	   5,2	  16,9	  21,4	  22,1	  23,1	  22,2	  18,7	 -16,4
s	   206,8007	 8	 49,08	 90,54	   5,1	  16,6	  20,9	  21,6	  22,6	  21,8	  17,7	 -18,3
s	   209,4102	 7	254,48	 89,13	   4,5	  16,6	  21,1	  21,9	  22,8	  21,9	  18,6	 -16,8
s	   209,5770	 8	254,47	 86,95	   4,0	  16,0	  20,4	  20,8	  21,9	  21,8	  18,5	 -16,9
s	   210,3805	 8	236,94	 89,24	   5,5	  16,9	  21,3	  21,9	  23,0	  22,2	  18,2	 -17,3
s	   210,8756	 5	269,18	 91,12	   5,1	  16,5	  21,6	  22,5	  23,7	  23,3	  18,7	 -16,8
s	   211,0183	 8	237,99	 89,23	   5,7	  16,9	  21,2	  21,9	  22,9	  22,0	  18,1	 -17,5
s	   211,4344	 8	 96,32	 90,74	   4,1	  16,3	  20,7	  21,4	  22,4	  21,6	  17,2	 -19,1
s	   211,7789	 8	299,31	 89,21	   4,2	  16,3	  20,9	  21,7	  22,6	  21,5	  18,3	 -17,3
s	   212,6549	 8	180,26	 89,92	   4,9	  16,1	  20,6	  21,3	  22,3	  21,1	  17,2	 -19,2
s	   212,6549	 8	358,10	 89,90	   5,6	  16,8	  21,3	  22,1	  23,0	  21,8	  18,2	 -17,5
s	   213,0826	 4	 89,18	 90,74	   6,5	  17,5	  21,7	  22,4	  23,5	  22,9	  18,6	 -17,1
s	   213,2466	 5	 89,18	 88,59	   6,8	  17,4	  21,2	  21,6	  22,8	  23,2	  18,5	 -17,2
s	   213,6304	 6	 89,18	 94,88	   5,8	  16,9	  20,9	  21,3	  22,5	  22,8	  18,4	 -17,4
s	   213,6724	 6	 89,18	 86,60	   5,8	  16,9	  20,9	  21,3	  22,5	  22,8	  18,4	 -17,4
s	   214,1095	 7	 89,18	 96,38	   3,5	  15,3	  20,4	  21,0	  22,3	  22,6	  18,2	 -17,6
s	   214,4238	 7	 89,18	 84,47	   4,5	  15,9	  19,9	  20,0	  21,2	  22,3	  18,2	 -17,6
s	   214,8017	 5	 82,00	 90,73	   6,2	  17,3	  21,5	  22,3	  23,3	  22,5	  18,4	 -17,5
s	   214,8088	 8	 89,18	 98,02	  -0,5	  12,4	  18,7	  19,4	  20,6	  21,6	  18,1	 -17,8
s	   214,9226	 6	 81,99	 92,72	   6,0	  17,2	  21,5	  22,2	  23,2	  22,5	  18,3	 -17,6
s	   215,3451	 7	 81,99	 94,84	   4,7	  16,2	  20,5	  20,9	  22,0	  22,0	  18,1	 -17,8
s	   215,3869	 7	 82,00	 86,62	   5,5	  16,6	  20,7	  21,1	  22,2	  22,4	  18,1	 -17,8
s	   215,3908	 8	 89,18	 82,50	   4,7	  16,0	  19,9	  19,9	  21,1	  22,4	  17,8	 -18,1
s	   215,8205	 8	 81,98	 96,33	   2,5	  14,7	  20,0	  20,7	  21,8	  21,8	  18,0	 -18,0
s	   216,1324	 8	 82,01	 84,51	   4,2	  15,6	  19,7	  19,8	  21,0	  21,9	  18,0	 -18,0
s	   216,7514	 8	290,86	 89,16	   4,0	  16,1	  20,7	  21,5	  22,4	  21,3	  17,9	 -18,1
s	   216,9036	 7	255,77	 91,10	   3,7	  15,6	  20,9	  21,9	  23,0	  22,2	  18,0	 -18,0
s	   217,5973	 7	283,33	 91,09	   3,7	  15,5	  20,9	  21,8	  23,0	  22,2	  18,0	 -18,2
s	   221,2381	 4	269,18	 89,11	   6,7	  17,4	  21,4	  22,1	  23,2	  22,7	  17,0	 -20,2
s	   221,3962	 5	269,18	 87,03	   6,2	  16,8	  20,7	  21,0	  22,3	  22,6	  16,9	 -20,3
s	   221,7661	 6	269,18	 93,10	   5,2	  16,3	  20,3	  20,7	  21,9	  22,1	  16,7	 -20,5
s	   221,8067	 6	269,18	 85,12	   5,4	  16,6	  20,6	  21,0	  22,1	  22,4	  17,8	 -18,7
s	   222,2280	 7	269,18	 94,54	   3,2	  15,0	  20,1	  20,7	  21,9	  22,2	  17,6	 -18,9
s	   222,5311	 7	269,18	 83,06	   3,9	  15,3	  19,3	  19,4	  20,6	  21,6	  16,6	 -20,7
s	   222,8954	 5	276,11	 89,11	   6,4	  17,1	  21,2	  21,9	  23,0	  22,3	  16,8	 -20,6
s	   222,9734	 8	269,18	 82,09	  -1,0	  11,8	  18,2	  18,8	  20,0	  20,9	  17,2	 -19,4
s	   223,3830	 8	269,18	 97,06	   3,9	  15,5	  19,5	  19,6	  20,7	  21,8	  17,4	 -19,2
s	   223,4196	 7	276,10	 93,08	   4,9	  16,1	  20,2	  20,6	  21,7	  21,8	  16,5	 -20,9
s	   223,4599	 7	276,12	 85,15	   4,4	  15,9	  20,1	  20,6	  21,6	  21,6	  17,5	 -19,1
s	   223,8781	 8	276,10	 94,51	   2,2	  14,3	  19,7	  20,3	  21,4	  21,4	  17,4	 -19,3
s	   224,0391	 8	102,93	 92,63	   2,5	  14,8	  20,3	  21,3	  22,3	  21,4	  17,4	 -19,3
s	   224,1790	 8	276,12	 83,11	   3,7	  15,1	  19,2	  19,3	  20,4	  21,3	  16,3	 -21,1
s	   225,6204	 8	248,54	 91,05	   2,4	  14,8	  20,3	  21,2	  22,3	  21,3	  17,3	 -19,6
s	   225,8264	 8	289,96	 91,05	   3,1	  15,1	  20,5	  21,4	  22,5	  21,5	  17,2	 -19,6
s	   227,6595	 6	282,70	 89,13	   5,3	  16,5	  20,7	  21,4	  22,5	  21,6	  16,3	 -21,5
s	   227,8132	 7	282,71	 87,11	   4,8	  15,9	  20,0	  20,4	  21,5	  21,6	  16,2	 -21,6
s	   227,8912	 7	 68,60	 90,69	   4,5	  16,1	  20,6	  21,3	  22,3	  21,2	  17,2	 -19,8
s	   228,2123	 8	282,71	 85,25	   4,0	  15,7	  19,9	  20,3	  21,3	  21,3	  17,1	 -20,0
s	   230,7527	 6	 95,73	 90,74	   4,4	  16,1	  20,4	  21,1	  22,1	  21,3	  16,1	 -22,0
s	   230,8654	 7	 95,74	 92,59	   3,7	  15,8	  20,3	  21,0	  22,0	  21,1	  17,0	 -20,3
s	   230,9261	 7	 95,73	 88,61	   4,9	  16,3	  20,6	  21,2	  22,3	  21,4	  16,0	 -22,1
s	   231,2594	 8	 95,74	 94,58	   2,9	  15,0	  19,3	  19,7	  20,8	  20,8	  15,8	 -22,3
s	   231,2983	 8	 95,73	 86,91	   3,2	  15,3	  19,6	  19,9	  21,0	  21,0	  16,8	 -20,5
s	   234,1215	 7	 76,03	 90,72	   4,1	  15,8	  20,2	  20,9	  21,9	  20,9	  15,7	 -22,6
s	   234,1215	 7	102,33	 90,73	   4,1	  15,8	  20,2	  20,9	  21,9	  20,9	  15,7	 -22,6
s	   234,2710	 8	 76,04	 88,76	   4,3	  15,6	  19,7	  20,1	  21,1	  21,2	  15,6	 -22,8
s	   234,2710	 8	102,32	 88,77	   4,3	  15,6	  19,7	  20,1	  21,1	  21,2	  15,6	 -22,8
s	   235,5432	 7	289,08	 89,16	   4,2	  15,8	  20,3	  21,0	  22,0	  20,8	  16,6	 -21,1
s	   238,6252	 6	262,84	 89,12	   3,6	  15,6	  20,0	  20,8	  21,8	  20,7	  16,5	 -21,5
s	   238,7342	 7	262,85	 90,91	   3,4	  15,6	  20,0	  20,7	  21,7	  20,7	  16,4	 -21,6
s	   238,7929	 7	262,84	 87,06	   3,4	  15,4	  19,9	  20,7	  21,6	  20,5	  16,4	 -21,6
s	   239,1154	 8	262,85	 92,83	   2,1	  14,6	  19,0	  19,4	  20,4	  20,2	  16,3	 -21,8
s	   239,1531	 8	262,84	 85,41	   2,1	  14,6	  19,0	  19,4	  20,4	  20,2	  16,3	 -21,8
s	   242,7908	 8	295,22	 89,19	   3,0	  15,1	  19,7	  20,5	  21,3	  20,0	  16,0	 -22,4
s	   243,0625	 8	 69,91	 90,70	   3,5	  15,3	  19,7	  20,4	  21,4	  20,2	  15,0	 -24,2
s	   244,4576	 7	281,77	 89,13	   3,2	  15,2	  19,7	  20,5	  21,4	  20,2	  16,0	 -22,5
s	   244,6009	 8	281,78	 87,25	   2,7	  14,7	  19,0	  19,5	  20,4	  20,2	  15,9	 -22,6
s	   246,5587	 7	 95,32	 90,75	   2,4	  14,9	  19,4	  20,2	  21,1	  19,9	  15,9	 -22,8
s	   246,6643	 8	 95,32	 92,48	   2,1	  14,8	  19,4	  20,1	  21,0	  19,9	  15,7	 -23,0
s	   246,7211	 8	 95,32	 88,75	   2,9	  15,1	  19,6	  20,3	  21,2	  20,1	  15,7	 -23,0
s	   250,5547	 8	287,86	 89,16	   2,7	  14,8	  19,4	  20,2	  21,0	  19,7	  15,5	 -23,6
s	   254,6690	 7	263,24	 89,12	   2,6	  14,8	  19,2	  19,9	  20,8	  19,7	  14,3	 -25,9
s	   254,7713	 8	263,24	 90,80	   1,9	  14,5	  19,1	  19,8	  20,7	  19,5	  15,2	 -24,3
s	   254,8263	 8	263,23	 87,19	   2,4	  14,6	  19,1	  19,8	  20,7	  19,5	  14,1	 -26,1
s	   257,4567	 6	 89,18	 92,41	   2,5	  14,3	  19,5	  20,4	  21,5	  20,6	  15,2	 -24,5
s	   258,4707	 8	 89,18	 85,54	   1,2	  12,9	  17,8	  18,1	  19,3	  20,3	  13,9	 -26,6
s	   267,0913	 7	269,18	 85,80	   1,6	  13,4	  18,5	  19,1	  20,2	  20,2	  14,4	 -26,1
s	   268,3125	 7	 89,18	 87,45	   3,6	  14,9	  18,9	  19,2	  20,2	  20,2	  14,3	 -26,3
s	   268,4700	 8	274,96	 85,82	   1,4	  13,2	  18,4	  18,9	  20,0	  19,8	  14,2	 -26,4
s	   268,8128	 8	 89,18	 95,66	   1,9	  14,0	  18,3	  18,6	  19,6	  19,3	  14,2	 -26,5
s	   270,1699	 8	286,48	 89,15	   3,0	  14,6	  19,0	  19,7	  20,5	  19,1	  14,0	 -26,8
#END
