#HEADER
CATT-Acoustic v8.0b    Copyright © CATT 1988-2003

 Project                : Aula Optica 

 GEOMETRICAL INFORMATION
 Src id and loc     [m] :   E0           9,400        4,600        1,300
 Rec id and loc     [m] :   06          13,000        1,600        1,200

 06       13,6524

 VARIABLE SOURCE DATA
 Directivity
   Type (library)       :  OMNI.SD0
   Dir. Index (DI) [dB] :       0,0      0,0      0,0      0,0      0,0      0,0      0,0      0,0
 Level
   On axis 1m      [dB] :      48,1     57,1     60,8     61,7     63,4     64,6     64,6     48,2
   Total power     [dB] :      59,0     68,0     71,7     72,6     74,3     75,5     75,5     59,1
   Auxiliary delay [ms] :       0,0

 VARIABLE AIR DATA
 Temperature       [°C] :      20
 Relative humidity  [%] :      50
 Density        [kg/m³] :       1,2
 Sound speed      [m/s] :     343
 Impedance      [Ns/m³] :     412
 Diss. coeff. [0.001/m] :      0,10     0,30     0,63     1,07     2,28     6,83    24,23    83,90      (estimated)

#DATAFIELDS
 TYPE DELAY ORDER AZIMUTH ELEVATION SPL125 SPL250 SPL500 SPL1K SPL2K SPL4K SPL8K SPL16K
#DATA
d	     0,0000	 0	 63,78	 89,19	  34,7	  43,7	  47,4	  48,3	  49,9	  51,0	  50,7	  33,1
s	     1,8178	 1	 63,67	118,50	  32,9	  42,1	  45,8	  46,6	  48,3	  49,4	  49,0	  31,2
*	    30,4123	 1	345,54	 99,36	  -8,7	   0,4	   4,1	   4,9	   6,6	   7,5	   6,3	 -14,0
*	    21,1546	 1	330,18	103,85	  -2,2	   7,0	  10,7	  11,5	  13,1	  14,1	  13,2	  -6,3
*	    17,7370	 1	294,40	109,85	   1,9	  11,0	  14,7	  15,6	  17,2	  18,2	  17,4	  -1,8
*	    21,5270	 1	  9,02	100,59	  -2,8	   6,4	  10,1	  10,9	  12,5	  13,6	  12,6	  -7,0
*	     9,7877	 1	  6,82	108,51	   7,8	  16,9	  20,6	  21,5	  23,1	  24,2	  23,5	   5,0
*	     4,2787	 1	348,23	147,04	  19,1	  28,3	  32,0	  32,8	  34,5	  35,6	  35,1	  17,1
*	    18,4013	 1	 33,41	100,05	   0,6	   9,8	  13,5	  14,3	  16,0	  17,0	  16,1	  -3,2
*	     5,0574	 1	 47,32	105,57	  16,1	  25,3	  29,0	  29,8	  31,5	  32,6	  32,1	  14,0
*	     2,9264	 1	 86,21	114,70	  16,7	  25,9	  29,6	  30,5	  32,1	  33,3	  32,8	  14,9
*	    23,3312	 1	 51,85	 98,46	  -2,6	   6,6	  10,3	  11,1	  12,8	  13,8	  12,7	  -7,0
*	    12,2810	 1	 68,35	100,87	   8,6	  17,8	  21,5	  22,3	  24,0	  25,0	  24,3	   5,6
*	    11,6442	 1	 94,30	102,80	   6,9	  16,1	  19,7	  20,6	  22,2	  23,3	  22,6	   3,9
*	    34,5708	 1	 63,91	 96,93	 -10,0	  -0,9	   2,8	   3,6	   5,2	   6,2	   4,8	 -15,9
*	    27,0234	 1	 78,42	 98,01	  -5,4	   3,8	   7,5	   8,3	   9,9	  10,9	   9,8	 -10,2
*	    26,1957	 1	 96,87	 98,64	  -5,4	   3,8	   7,4	   8,3	   9,9	  10,9	   9,8	 -10,2
*	    48,5178	 1	 71,76	 95,75	 -17,1	  -7,9	  -4,3	  -3,5	  -1,9	  -1,0	  -2,7	 -24,7
*	    42,9064	 1	 83,99	 96,29	 -14,6	  -5,5	  -1,8	  -1,0	   0,6	   1,5	  -0,1	 -21,5
*	    42,1422	 1	 98,13	 96,57	 -14,5	  -5,3	  -1,7	  -0,8	   0,8	   1,6	   0,1	 -21,2
s	     2,3991	 1	 63,91	 58,67	  31,1	  40,2	  43,8	  44,4	  46,0	  47,9	  47,8	  29,3
*	    33,5766	 1	287,80	 75,53	  -6,6	   3,3	   7,1	   7,9	   9,5	  11,2	  10,3	  -8,6
*	    34,9485	 1	312,33	 77,26	  -7,8	   2,1	   6,0	   6,7	   8,3	  10,0	   9,1	  -9,9
*	    41,3080	 1	329,24	 79,82	 -11,2	  -1,4	   2,5	   3,2	   4,9	   6,5	   5,4	 -14,2
*	    18,0228	 1	291,59	 64,32	   4,8	  14,7	  18,5	  19,3	  20,9	  22,7	  22,2	   4,7
*	    20,3949	 1	329,82	 71,50	   1,6	  11,5	  15,3	  16,1	  17,8	  19,5	  19,0	   1,2
*	    28,8931	 1	346,40	 77,58	  -4,6	   5,2	   9,1	   9,9	  11,5	  13,2	  12,4	  -6,0
*	     5,2146	 1	339,12	 19,62	  20,4	  30,3	  34,2	  35,0	  36,6	  38,5	  38,4	  22,0
*	     9,0199	 1	  8,29	 65,56	  11,8	  21,7	  25,6	  26,4	  28,0	  29,9	  29,6	  12,9
*	    19,8365	 1	 10,74	 76,31	   1,7	  11,6	  15,5	  16,2	  17,9	  19,6	  19,1	   1,4
*	     4,0536	 1	 93,69	 60,10	  18,2	  28,1	  32,0	  32,8	  34,4	  36,3	  36,2	  19,9
*	     4,3675	 1	 51,28	 70,42	  20,3	  30,2	  34,1	  34,8	  36,5	  38,4	  38,3	  22,0
*	    16,5288	 1	 36,08	 77,48	   5,6	  15,5	  19,4	  20,1	  21,8	  23,6	  23,1	   5,7
*	    12,5385	 1	 98,88	 74,87	   8,8	  18,7	  22,5	  23,3	  25,0	  26,8	  26,4	   9,4
*	    11,7604	 1	 72,18	 77,01	  12,2	  22,1	  26,0	  26,7	  28,4	  30,2	  29,9	  12,9
*	    21,6184	 1	 54,88	 79,92	   2,1	  12,0	  15,9	  16,6	  18,3	  20,0	  19,4	   1,6
*	    26,5181	 1	100,50	 80,10	  -2,6	   7,3	  11,2	  11,9	  13,6	  15,3	  14,6	  -3,7
*	    26,4524	 1	 81,80	 80,81	  -1,9	   8,0	  11,9	  12,6	  14,3	  16,0	  15,3	  -3,0
*	    33,1338	 1	 66,89	 82,07	  -6,0	   3,9	   7,7	   8,5	  10,1	  11,8	  10,9	  -7,9
*	    42,0770	 1	101,29	 82,72	 -11,3	  -1,5	   2,4	   3,2	   4,8	   6,4	   5,3	 -14,4
*	    42,2126	 1	 87,04	 83,04	 -11,2	  -1,3	   2,6	   3,3	   4,9	   6,5	   5,4	 -14,2
*	    47,1834	 1	 74,61	 83,66	 -13,3	  -3,5	   0,4	   1,1	   2,7	   4,3	   3,1	 -17,0
s	     4,7714	 1	158,88	 89,26	  30,9	  40,4	  44,2	  45,1	  46,7	  47,7	  47,6	  29,5
*	     7,1236	 1	184,78	137,07	   9,9	  19,4	  23,3	  24,1	  25,8	  26,7	  26,5	   8,3
s	     6,1560	 2	159,06	111,73	  29,8	  39,5	  43,3	  44,2	  45,8	  46,8	  46,6	  28,4
s	     6,6133	 2	158,69	 65,53	  28,1	  37,7	  41,5	  42,0	  43,6	  45,4	  45,5	  26,6
s	     6,9537	 2	 63,55	138,93	  28,7	  37,9	  41,6	  42,1	  43,7	  45,6	  45,4	  26,4
s	     7,3937	 2	 64,02	 40,85	  29,0	  38,4	  42,1	  42,7	  44,4	  46,2	  46,0	  27,7
*	    39,5030	 1	111,15	 81,49	 -20,4	 -11,4	  -7,6	  -6,8	  -5,2	  -4,5	  -4,8	 -24,2
*	    35,7324	 1	111,73	 80,82	 -18,5	  -9,5	  -5,7	  -4,8	  -3,3	  -2,6	  -2,7	 -21,8
*	    32,0516	 1	112,40	 80,04	 -16,5	  -7,5	  -3,7	  -2,8	  -1,2	  -0,5	  -0,6	 -19,3
*	    18,8081	 1	116,77	 75,16	  -7,7	   1,3	   5,1	   6,0	   7,6	   8,4	   8,7	  -8,9
*	    16,0786	 1	118,60	 73,18	  -5,5	   3,6	   7,3	   8,2	   9,8	  10,7	  11,0	  -6,3
*	    13,6865	 1	121,01	 70,68	  -3,3	   5,7	   9,5	  10,4	  12,0	  12,9	  13,3	  -3,9
*	    11,6833	 1	124,32	 67,42	  -1,3	   7,7	  11,5	  12,4	  14,0	  14,9	  15,4	  -1,6
*	    10,1141	 1	129,07	 63,11	   0,6	   9,6	  13,4	  14,3	  15,9	  16,8	  17,3	   0,5
*	     9,0269	 1	136,33	 57,39	   2,3	  11,4	  15,2	  16,0	  17,7	  18,6	  19,1	   2,4
*	     8,4969	 1	148,24	 50,15	   3,8	  12,9	  16,6	  17,5	  19,1	  20,1	  20,6	   3,9
*	     9,6519	 1	197,85	 39,99	   4,2	  13,2	  17,0	  17,9	  19,5	  20,4	  20,9	   4,2
*	    11,5244	 1	225,28	 44,41	   2,2	  11,3	  15,0	  15,9	  17,5	  18,4	  18,9	   2,0
*	    14,1080	 1	242,85	 51,83	  -0,8	   8,3	  12,1	  12,9	  14,5	  15,4	  15,8	  -1,3
*	    17,1743	 1	253,17	 58,55	  -4,0	   5,0	   8,8	   9,7	  11,3	  12,1	  12,5	  -5,0
*	    27,8404	 1	266,88	 70,66	 -12,9	  -3,9	  -0,1	   0,8	   2,3	   3,1	   3,2	 -15,2
*	    31,6518	 1	269,11	 72,98	 -15,4	  -6,4	  -2,6	  -1,8	  -0,2	   0,6	   0,5	 -18,2
*	    35,5352	 1	270,83	 74,81	 -17,8	  -8,7	  -5,0	  -4,1	  -2,5	  -1,8	  -2,0	 -21,0
*	    11,0416	 1	215,28	124,65	   3,8	  13,0	  16,8	  20,3	  22,8	  23,7	  23,1	   4,5
*	    12,3320	 1	226,91	121,78	   2,2	  11,4	  15,3	  18,8	  21,3	  22,2	  21,5	   2,8
*	    13,8371	 1	236,12	118,60	   0,5	   9,6	  13,5	  17,0	  19,5	  20,4	  19,7	   0,8
*	    15,5100	 1	243,24	115,53	  -1,4	   7,8	  11,6	  15,1	  17,6	  18,5	  17,7	  -1,3
*	    10,2296	 1	215,19	114,24	   5,3	  14,5	  18,3	  21,8	  24,3	  25,2	  24,6	   6,1
*	    11,5758	 1	226,84	111,96	   3,5	  12,7	  16,5	  20,1	  22,6	  23,5	  22,8	   4,2
*	    13,1429	 1	236,07	109,50	   1,5	  10,7	  14,5	  18,1	  20,6	  21,4	  20,8	   2,0
*	    14,8760	 1	243,20	107,21	  -0,6	   8,6	  12,5	  16,0	  18,5	  19,3	  18,6	  -0,3
*	     9,7166	 1	215,10	101,80	   6,3	  15,5	  19,3	  22,8	  25,4	  26,3	  25,6	   7,2
*	    11,1032	 1	226,78	100,55	   4,4	  13,6	  17,4	  20,9	  23,5	  24,3	  23,7	   5,1
*	    12,7137	 1	236,02	 99,24	   2,2	  11,4	  15,2	  18,8	  21,3	  22,1	  21,5	   2,7
*	    14,4873	 1	243,17	 98,05	  -0,0	   9,2	  13,0	  16,5	  19,0	  19,9	  19,2	   0,3
*	     9,5551	 1	215,00	 88,11	   6,6	  15,8	  19,6	  23,2	  25,7	  26,6	  26,0	   7,5
*	    10,9549	 1	226,71	 88,20	   4,7	  13,8	  17,7	  21,2	  23,7	  24,6	  24,0	   5,4
*	    12,5792	 1	235,97	 88,32	   2,4	  11,6	  15,4	  19,0	  21,5	  22,4	  21,7	   2,9
*	    14,3655	 1	243,13	 88,45	   0,2	   9,3	  13,2	  16,7	  19,2	  20,1	  19,3	   0,4
*	     9,7635	 1	214,91	 74,60	   6,1	  15,3	  19,2	  22,7	  25,2	  26,1	  25,5	   7,0
*	    11,1446	 1	226,64	 75,98	   4,3	  13,5	  17,3	  20,8	  23,3	  24,2	  23,6	   5,0
*	    12,7491	 1	235,92	 77,49	   2,1	  11,3	  15,1	  18,7	  21,2	  22,0	  21,4	   2,6
*	    14,5172	 1	243,10	 78,91	  -0,1	   9,1	  12,9	  16,4	  19,0	  19,8	  19,1	   0,2
*	    10,3137	 1	214,82	 62,59	   5,0	  14,2	  18,0	  21,5	  24,1	  25,0	  24,3	   5,8
*	    11,6513	 1	226,57	 64,90	   3,3	  12,5	  16,3	  19,8	  22,4	  23,2	  22,6	   3,9
*	    13,2086	 1	235,87	 67,48	   1,4	  10,5	  14,4	  17,9	  20,4	  21,3	  20,6	   1,8
*	    14,9321	 1	243,06	 69,92	  -0,7	   8,5	  12,3	  15,8	  18,4	  19,2	  18,5	  -0,5
s	    10,3822	 3	159,26	130,13	  26,4	  36,2	  39,9	  40,4	  42,0	  43,8	  43,8	  24,5
s	    10,7604	 3	158,52	 49,16	  26,7	  36,7	  40,5	  41,1	  42,7	  44,5	  44,5	  25,9
s	    13,1016	 3	 63,43	149,74	  26,7	  36,3	  40,0	  40,5	  42,2	  44,1	  43,6	  24,8
s	    14,1100	 3	 64,14	 29,87	  24,8	  34,4	  38,0	  38,2	  39,9	  42,5	  42,4	  22,8
*	    15,2117	 1	122,00	 81,81	   8,0	  17,5	  21,3	  22,2	  23,8	  24,7	  24,3	   5,4
s	    15,8234	 4	159,43	141,49	  24,9	  35,0	  38,8	  39,4	  41,0	  42,7	  42,5	  23,5
s	    16,7416	 4	158,33	 37,48	  23,1	  33,1	  36,9	  37,1	  38,7	  41,3	  41,4	  21,6
s	    18,0376	 2	248,84	 89,04	  25,2	  35,2	  39,2	  40,1	  41,6	  42,4	  42,3	  23,1
s	    18,8621	 3	248,88	102,51	  24,5	  34,7	  38,7	  39,5	  41,1	  41,9	  41,7	  22,4
*	    19,0290	 1	252,70	110,63	   0,2	   9,7	  13,6	  14,4	  16,0	  16,9	  16,4	  -2,9
s	    19,1427	 3	248,80	 74,64	  22,9	  33,0	  36,9	  37,5	  39,0	  40,6	  40,8	  20,7
s	    20,3713	 4	 63,30	156,76	  22,8	  32,6	  36,2	  36,4	  38,0	  40,7	  40,3	  20,1
*	    20,3989	 1	113,41	100,93	  -7,3	   2,2	   6,0	   6,9	   8,5	   9,3	   8,8	 -10,6
*	    20,8496	 1	265,27	108,47	  -6,1	   3,4	   7,2	   8,1	   9,7	  10,6	  10,0	  -9,4
s	    20,9057	 4	 64,25	 23,68	  23,2	  33,1	  36,8	  37,0	  38,7	  41,3	  41,0	  21,5
s	    21,5964	 4	248,92	115,54	  22,1	  32,4	  36,3	  36,8	  38,3	  39,9	  40,0	  19,7
s	    22,1220	 4	248,76	 61,92	  23,5	  33,7	  37,8	  38,6	  40,1	  40,8	  40,6	  21,0
*	    22,2761	 1	117,63	 76,72	  -4,2	   5,3	   9,1	  10,0	  11,6	  12,4	  11,9	  -7,7
s	    22,5506	 5	159,63	149,58	  21,3	  31,6	  35,3	  35,5	  37,1	  39,6	  39,6	  19,2
s	    23,0533	 5	158,15	 30,29	  21,7	  32,1	  36,0	  36,2	  37,8	  40,3	  40,3	  20,6
s	    23,9574	 1	 29,78	 89,79	  24,7	  33,7	  37,5	  38,4	  40,0	  40,8	  39,7	  19,2
*	    42,0113	 1	 63,17	 92,72	  -3,3	   5,7	   9,4	  10,3	  11,9	  12,6	  12,2	  -7,4
*	    35,9784	 1	 58,22	 92,93	  -0,2	   8,9	  12,6	  13,5	  15,1	  15,8	  15,6	  -3,5
*	    30,8062	 1	 52,26	 93,14	   2,9	  11,9	  15,7	  16,6	  18,1	  18,9	  18,9	   0,2
*	    31,0178	 1	 52,30	 84,80	   2,8	  11,8	  15,6	  16,4	  18,0	  18,8	  18,7	   0,1
*	    26,8786	 1	 45,10	 93,37	   5,4	  14,4	  18,2	  19,0	  20,6	  21,4	  21,5	   3,2
*	    27,1111	 1	 45,16	 84,24	   5,2	  14,2	  18,0	  18,9	  20,4	  21,2	  21,3	   3,0
*	    24,5953	 1	 36,67	 93,55	   6,7	  15,7	  19,5	  20,4	  21,9	  22,7	  22,9	   4,8
*	    24,8396	 1	 36,73	 83,72	   6,5	  15,5	  19,3	  20,2	  21,8	  22,6	  22,7	   4,6
*	    24,1626	 1	 27,02	 93,67	   6,6	  15,6	  19,4	  20,3	  21,9	  22,7	  22,8	   4,7
*	    24,4064	 1	 27,10	 83,28	   6,4	  15,4	  19,2	  20,1	  21,7	  22,5	  22,6	   4,5
*	    25,4907	 1	 16,55	 93,68	   5,3	  14,4	  18,1	  19,0	  20,6	  21,4	  21,5	   3,3
*	    25,7244	 1	 16,63	 83,02	   5,2	  14,2	  18,0	  18,8	  20,4	  21,2	  21,3	   3,1
*	    28,3261	 1	  5,88	 93,58	   3,3	  12,3	  16,1	  17,0	  18,5	  19,3	  19,4	   0,9
*	    28,5447	 1	  5,97	 82,99	   3,2	  12,2	  16,0	  16,8	  18,4	  19,2	  19,2	   0,8
*	    32,3924	 1	355,72	 93,36	   0,8	   9,8	  13,6	  14,5	  16,0	  16,8	  16,7	  -2,1
*	    32,5934	 1	355,80	 83,18	   0,7	   9,7	  13,5	  14,4	  15,9	  16,7	  16,6	  -2,2
*	    37,4342	 1	346,59	 93,07	  -1,9	   7,1	  10,9	  11,8	  13,3	  14,0	  13,8	  -5,4
*	    37,6172	 1	346,66	 83,53	  -2,0	   7,0	  10,8	  11,7	  13,2	  13,9	  13,7	  -5,5
*	    43,2281	 1	338,72	 92,75	  -4,7	   4,3	   8,1	   9,0	  10,5	  11,2	  10,8	  -8,9
*	    43,3938	 1	338,78	 83,98	  -4,8	   4,3	   8,0	   8,9	  10,4	  11,1	  10,8	  -9,0
s	    24,6548	 2	 29,70	101,19	  24,3	  33,5	  37,3	  38,1	  39,7	  40,5	  39,4	  18,8
s	    24,8932	 2	 29,86	 77,57	  23,2	  32,5	  36,3	  36,9	  38,5	  40,1	  39,3	  18,7
s	    25,5094	 5	248,96	125,55	  21,4	  32,1	  36,0	  36,6	  38,1	  39,7	  39,6	  19,7
s	    26,5611	 5	248,71	 51,57	  20,7	  31,0	  35,0	  35,5	  37,0	  38,5	  38,5	  17,8
s	    27,0013	 3	 29,61	112,55	  22,5	  31,9	  35,6	  36,1	  37,6	  39,3	  38,7	  17,9
s	    27,2261	 3	 29,95	 67,16	  23,0	  32,5	  36,3	  36,8	  38,4	  40,0	  39,4	  19,4
s	    27,4207	 5	 63,19	161,01	  21,5	  31,6	  35,2	  35,4	  37,1	  39,7	  39,1	  19,1
s	    28,5213	 5	 64,37	 19,30	  19,7	  29,7	  33,4	  33,2	  34,9	  38,2	  38,1	  17,2
s	    29,2434	 6	159,81	154,73	  20,1	  30,7	  34,6	  34,7	  36,3	  38,8	  38,6	  18,4
s	    30,1476	 2	179,73	 89,62	  22,4	  31,9	  35,8	  36,7	  38,2	  38,9	  38,0	  17,0
s	    30,2984	 6	157,96	 24,95	  18,4	  28,9	  32,7	  32,6	  34,1	  37,4	  37,5	  16,5
s	    30,4371	 4	 29,53	121,69	  22,1	  31,8	  35,6	  36,1	  37,6	  39,3	  38,5	  18,2
s	    30,7478	 3	179,81	 99,44	  22,0	  31,8	  35,7	  36,5	  38,0	  38,7	  37,8	  16,6
s	    30,7940	 6	249,01	134,09	  18,6	  29,3	  33,2	  33,4	  34,9	  37,3	  37,4	  16,3
s	    30,9537	 3	179,65	 79,09	  21,0	  30,8	  34,7	  35,3	  36,8	  38,3	  37,7	  16,6
s	    31,0563	 4	 30,03	 57,50	  20,5	  30,1	  33,8	  34,0	  35,6	  37,9	  37,6	  16,4
s	    31,2044	 6	248,67	 44,51	  19,0	  29,9	  33,9	  34,1	  35,6	  38,0	  38,1	  17,7
s	    32,5619	 1	294,49	 89,22	  22,9	  32,4	  36,2	  37,1	  38,6	  39,4	  38,6	  18,1
*	    46,0543	 1	335,74	 84,81	  -1,6	   7,9	  11,7	  12,5	  14,1	  14,8	  13,6	  -8,1
*	    34,9221	 1	314,61	 82,71	   4,1	  13,5	  17,4	  18,2	  19,8	  20,6	  19,7	  -1,1
*	    33,8517	 1	278,77	 81,47	   5,2	  14,7	  18,5	  19,4	  20,9	  21,7	  20,8	   0,2
s	    32,7875	 4	179,90	109,42	  20,4	  30,2	  34,1	  34,6	  36,1	  37,6	  37,2	  15,9
s	    32,9844	 4	179,56	 69,91	  20,9	  30,9	  34,8	  35,3	  36,9	  38,4	  37,9	  17,4
s	    33,1311	 2	294,46	 98,53	  22,3	  32,0	  35,8	  36,6	  38,2	  39,0	  38,1	  17,6
s	    33,3266	 2	294,52	 79,22	  20,8	  30,4	  34,1	  34,7	  36,2	  37,8	  37,3	  15,9
s	    34,1891	 2	265,13	 89,19	  21,6	  31,6	  35,6	  36,5	  38,0	  38,7	  38,1	  17,5
s	    34,7392	 3	265,13	 98,19	  21,1	  31,3	  35,2	  36,0	  37,6	  38,3	  37,7	  16,9
s	    34,9282	 3	265,12	 79,52	  19,5	  29,6	  33,5	  34,0	  35,6	  37,0	  36,8	  15,3
s	    35,0712	 3	294,42	108,05	  20,2	  30,0	  33,8	  34,3	  35,8	  37,4	  36,8	  15,3
s	    35,1880	 6	 63,06	164,19	  18,2	  28,4	  32,0	  31,9	  33,5	  36,9	  36,4	  14,9
s	    35,1915	 5	 29,44	129,88	  19,5	  29,2	  33,0	  33,1	  34,7	  37,1	  36,5	  15,0
s	    35,2589	 3	294,55	 70,46	  20,7	  30,6	  34,5	  35,0	  36,6	  38,2	  37,5	  16,8
s	    35,7476	 6	 64,48	 16,46	  18,6	  29,0	  32,7	  32,6	  34,2	  37,5	  37,1	  16,3
s	    35,8231	 5	179,98	117,72	  20,1	  30,3	  34,2	  34,7	  36,3	  37,8	  37,2	  16,4
s	    36,3756	 5	179,48	 61,11	  18,5	  28,6	  32,5	  32,7	  34,2	  36,5	  36,3	  14,7
s	    36,6172	 4	265,14	107,42	  19,0	  29,3	  33,2	  33,7	  35,2	  36,7	  36,4	  14,7
s	    36,7305	 7	160,00	158,72	  17,0	  27,7	  31,4	  31,3	  32,8	  36,1	  36,0	  14,4
s	    36,7991	 4	265,12	 71,02	  19,5	  29,9	  33,9	  34,4	  35,9	  37,4	  37,1	  16,2
s	    36,8485	 7	249,05	140,70	  18,8	  29,6	  33,7	  34,2	  35,6	  37,1	  36,8	  15,9
s	    37,2731	 7	157,78	 21,38	  17,4	  28,3	  32,1	  32,0	  33,5	  36,8	  36,7	  15,7
s	    37,3034	 7	248,63	 38,02	  16,1	  27,2	  31,1	  31,0	  32,5	  35,6	  35,9	  14,2
s	    37,9727	 4	294,39	116,05	  20,0	  30,1	  34,0	  34,4	  36,0	  37,6	  36,9	  15,9
s	    38,5024	 4	294,59	 61,96	  18,4	  28,4	  32,2	  32,4	  34,0	  36,3	  36,0	  14,2
s	    39,4343	 5	265,15	115,22	  18,8	  29,4	  33,4	  33,9	  35,4	  36,9	  36,5	  15,3
s	    39,9496	 5	265,11	 62,73	  17,2	  27,7	  31,6	  31,9	  33,4	  35,6	  35,6	  13,6
s	    40,1032	 6	180,06	125,44	  17,7	  28,0	  31,8	  32,0	  33,5	  35,8	  35,4	  13,5
s	    40,3394	 6	 29,36	136,08	  18,9	  29,0	  32,8	  32,9	  34,5	  36,9	  36,2	  15,0
s	    40,4430	 6	179,40	 54,07	  18,1	  28,6	  32,5	  32,7	  34,2	  36,5	  36,2	  14,9
s	    41,1813	 6	 30,20	 43,54	  17,2	  27,3	  31,0	  30,9	  32,4	  35,6	  35,2	  13,2
s	    42,0879	 5	294,36	123,57	  17,6	  27,8	  31,6	  31,7	  33,3	  35,7	  35,1	  13,0
s	    42,2751	 2	 94,52	 97,94	  19,5	  29,4	  34,1	  35,2	  36,8	  37,7	  36,2	  14,9
s	    42,4157	 5	294,62	 55,09	  18,0	  28,4	  32,3	  32,5	  34,0	  36,4	  35,9	  14,5
s	    42,4992	 7	 62,94	166,35	  17,3	  27,8	  31,5	  31,4	  33,0	  36,3	  35,6	  14,2
*	    43,3629	 1	104,10	 96,56	  -5,7	   4,0	   8,8	   9,9	  11,5	  12,3	  10,9	 -10,6
s	    43,4285	 8	248,59	 33,29	  15,4	  26,8	  30,8	  30,7	  32,2	  35,3	  35,4	  13,9
s	    43,4285	 8	249,09	145,85	  16,0	  26,9	  30,9	  31,0	  32,5	  34,7	  34,6	  12,3
s	    43,4443	 6	265,15	122,62	  16,4	  27,2	  31,1	  31,2	  32,7	  35,0	  34,8	  12,5
s	    43,6300	 7	 64,59	 14,20	  15,6	  26,1	  29,7	  29,2	  30,8	  34,9	  34,6	  12,4
s	    43,7643	 6	265,10	 55,97	  16,9	  27,8	  31,7	  32,0	  33,5	  35,7	  35,5	  14,0
s	    44,3465	 2	322,10	 89,43	  19,9	  29,5	  33,4	  34,3	  35,8	  36,3	  35,1	  12,7
s	    44,3980	 8	160,20	161,66	  17,1	  27,9	  31,8	  31,9	  33,4	  35,7	  35,2	  13,6
*	    44,4104	 1	111,83	 86,37	  -9,9	  -0,4	   3,4	   4,2	   5,8	   6,5	   5,3	 -16,2
s	    44,4651	 3	121,87	 97,59	  18,2	  28,6	  33,5	  34,5	  36,1	  36,9	  35,7	  14,1
*	    44,7113	 1	 61,84	 87,67	  -4,0	   5,2	   8,8	   9,7	  11,3	  12,1	  10,5	 -11,1
*	    53,8866	 1	 67,38	 88,00	  -8,0	   1,2	   4,8	   5,7	   7,2	   8,0	   6,2	 -16,2
s	    44,8011	 3	322,06	 96,87	  19,7	  29,4	  33,3	  34,1	  35,6	  36,2	  34,9	  12,5
s	    44,8202	 7	180,15	131,49	  17,2	  27,9	  31,8	  31,9	  33,4	  35,7	  35,2	  13,6
s	    44,9507	 8	157,60	 18,49	  14,4	  25,4	  29,2	  28,7	  30,3	  34,3	  34,3	  11,9
s	    44,9576	 3	322,16	 81,43	  18,6	  28,4	  32,3	  32,9	  34,4	  35,8	  34,8	  12,5
s	    45,5985	 7	179,31	 47,67	  15,6	  26,1	  30,0	  29,9	  31,4	  34,4	  34,3	  11,8
s	    46,3651	 4	322,01	104,62	  18,2	  28,0	  31,9	  32,3	  33,8	  35,2	  34,5	  12,0
s	    46,4600	 7	 29,27	141,50	  16,2	  26,4	  30,1	  30,0	  31,5	  34,7	  34,1	  11,6
s	    46,5176	 4	322,20	 74,27	  18,7	  28,7	  32,6	  33,1	  34,6	  36,0	  35,2	  13,5
s	    46,6499	 6	294,33	129,55	  17,2	  27,8	  31,6	  31,7	  33,3	  35,7	  35,0	  13,2
s	    46,9155	 7	 30,28	 38,62	  16,6	  27,0	  30,8	  30,7	  32,2	  35,4	  34,8	  13,0
s	    47,4049	 6	294,65	 48,77	  15,5	  26,1	  29,8	  29,7	  31,2	  34,4	  34,1	  11,5
s	    47,9059	 7	265,16	128,54	  16,0	  27,1	  31,1	  31,3	  32,7	  35,1	  34,6	  12,8
s	    48,6456	 7	265,10	 49,71	  14,4	  25,4	  29,3	  29,2	  30,7	  33,7	  33,7	  11,0
s	    48,7436	 5	321,96	111,35	  18,1	  28,3	  32,2	  32,7	  34,2	  35,6	  34,7	  12,8
s	    49,1826	 5	322,26	 67,09	  16,5	  26,6	  30,5	  30,7	  32,2	  34,3	  33,9	  11,1
s	    49,9571	 5	 94,54	119,80	  15,2	  25,6	  30,3	  30,7	  32,3	  34,8	  33,7	  10,9
s	    50,1303	 2	 23,05	 89,92	  19,9	  29,4	  33,3	  34,2	  35,7	  36,2	  35,0	  13,0
s	    50,4408	 8	 62,81	168,12	  14,4	  25,0	  28,6	  28,1	  29,7	  33,8	  33,3	  10,4
s	    50,5148	 8	180,23	136,95	  14,7	  25,4	  29,2	  29,1	  30,6	  33,6	  33,3	  10,4
s	    50,5439	 3	 23,00	 96,69	  19,6	  29,3	  33,2	  34,0	  35,5	  36,1	  34,9	  12,8
s	    50,5661	 3	238,55	 89,34	  19,0	  28,6	  32,4	  33,3	  34,7	  35,2	  33,8	  10,9
s	    50,6865	 3	 23,10	 82,64	  18,5	  28,4	  32,3	  32,8	  34,3	  35,7	  34,8	  12,7
s	    50,9418	 8	179,23	 42,70	  15,1	  26,0	  29,9	  29,8	  31,3	  34,3	  34,0	  11,9
s	    50,9770	 4	238,58	 96,07	  18,7	  28,5	  32,3	  33,1	  34,5	  35,1	  33,6	  10,7
s	    51,0101	 8	 64,70	 12,60	  14,8	  25,6	  29,3	  28,9	  30,4	  34,6	  34,0	  11,8
s	    51,1186	 4	238,52	 82,11	  17,7	  27,5	  31,4	  31,9	  33,3	  34,7	  33,6	  10,6
s	    51,8910	 6	121,97	118,79	  13,9	  24,9	  29,7	  30,1	  31,7	  34,0	  33,3	  10,3
s	    51,9712	 4	 22,94	103,79	  18,1	  28,1	  32,0	  32,6	  34,1	  35,4	  34,5	  12,3
s	    52,1106	 4	 23,15	 76,08	  18,1	  28,1	  32,0	  32,6	  34,0	  35,4	  34,5	  12,2
s	    52,1751	 1	 95,96	 90,21	  19,8	  29,3	  33,1	  34,0	  35,5	  36,2	  34,8	  12,5
*	    60,9906	 1	 72,94	 91,39	  -4,7	   4,8	   8,6	   9,5	  11,0	  11,6	  10,0	 -13,0
*	    53,5195	 1	 86,49	 91,52	  -1,9	   7,6	  11,4	  12,3	  13,8	  14,4	  13,0	  -9,3
*	    52,7407	 1	102,29	 91,55	  -1,8	   7,7	  11,5	  12,4	  13,9	  14,6	  13,2	  -9,1
*	    57,6867	 1	 77,73	 86,27	 -15,1	  -5,9	  -2,2	  -1,4	   0,1	   0,9	   3,0	 -18,1
*	    57,4752	 1	 77,73	 88,78	 -15,0	  -5,8	  -2,1	  -1,3	   0,2	   1,0	   3,1	 -18,0
*	    56,3646	 1	 80,03	 86,21	 -14,6	  -5,4	  -1,7	  -0,9	   0,6	   1,4	   3,5	 -17,4
*	    56,1491	 1	 80,03	 88,75	 -14,5	  -5,3	  -1,7	  -0,8	   0,7	   1,5	   3,6	 -17,3
*	    55,2211	 1	 82,41	 86,13	 -14,1	  -5,0	  -1,3	  -0,5	   1,1	   1,9	   4,0	 -16,8
*	    55,0020	 1	 82,41	 88,72	 -14,1	  -4,9	  -1,2	  -0,4	   1,2	   1,9	   4,1	 -16,7
*	    54,2651	 1	 84,88	 86,06	 -13,8	  -4,6	  -1,0	  -0,1	   1,4	   2,2	   4,4	 -16,4
*	    54,0431	 1	 84,87	 88,70	 -13,7	  -4,5	  -0,9	  -0,1	   1,5	   2,3	   4,5	 -16,3
*	    53,5042	 1	 87,41	 86,01	 -13,5	  -4,3	  -0,7	   0,1	   1,7	   2,5	   4,7	 -16,0
*	    53,2798	 1	 87,41	 88,68	 -13,4	  -4,3	  -0,6	   0,2	   1,8	   2,6	   4,8	 -15,9
*	    52,9443	 1	 90,01	 85,95	 -13,3	  -4,1	  -0,5	   0,3	   1,9	   2,7	   4,9	 -15,7
*	    52,7183	 1	 90,01	 88,65	 -13,2	  -4,1	  -0,4	   0,4	   2,0	   2,8	   5,0	 -15,6
*	    52,5894	 1	 92,66	 85,90	 -13,2	  -4,0	  -0,4	   0,4	   2,0	   2,8	   5,0	 -15,6
*	    52,3626	 1	 92,67	 88,63	 -13,1	  -3,9	  -0,3	   0,5	   2,1	   2,9	   5,1	 -15,5
*	    52,4417	 1	 95,38	 85,87	 -13,2	  -4,0	  -0,3	   0,5	   2,1	   2,9	   5,1	 -15,5
*	    52,2147	 1	 95,38	 88,62	 -13,1	  -3,9	  -0,2	   0,6	   2,2	   2,9	   5,2	 -15,4
*	    52,5010	 1	 98,12	 85,84	 -13,2	  -4,1	  -0,4	   0,4	   2,0	   2,8	   5,0	 -15,6
*	    52,2746	 1	 98,12	 88,60	 -13,1	  -4,0	  -0,3	   0,5	   2,1	   2,9	   5,1	 -15,5
*	    52,7653	 1	100,89	 85,81	 -13,4	  -4,2	  -0,5	   0,3	   1,9	   2,7	   4,8	 -15,8
*	    52,5403	 1	100,89	 88,60	 -13,3	  -4,1	  -0,4	   0,4	   2,0	   2,8	   4,9	 -15,6
s	    52,1865	 7	294,29	135,00	  14,7	  25,4	  29,1	  28,9	  30,5	  33,6	  33,1	  10,1
s	    52,1891	 6	321,91	117,97	  15,9	  26,2	  30,0	  30,2	  31,7	  33,9	  33,2	  10,2
s	    52,3949	 5	238,61	103,12	  17,3	  27,1	  30,9	  31,4	  32,8	  34,2	  33,2	  10,2
s	    52,5335	 5	238,49	 75,60	  17,8	  27,8	  31,6	  32,2	  33,6	  34,9	  34,0	  11,7
s	    52,5376	 8	 29,19	145,60	  15,6	  26,2	  30,0	  29,8	  31,4	  34,5	  33,7	  11,5
s	    52,6027	 7	294,68	 43,81	  15,1	  26,0	  29,8	  29,7	  31,2	  34,4	  33,8	  11,5
s	    52,7142	 2	 95,95	 83,15	  19,0	  28,4	  32,1	  32,6	  34,2	  35,8	  33,6	  10,5
s	    53,3387	 8	265,17	133,97	  13,5	  24,7	  28,6	  28,5	  30,0	  33,0	  32,8	   9,7
s	    53,4996	 8	 30,37	 34,29	  14,0	  24,5	  28,2	  27,7	  29,3	  33,2	  32,8	   9,7
s	    53,7478	 8	265,09	 44,76	  14,0	  25,4	  29,3	  29,2	  30,7	  33,8	  33,5	  11,1
*	    53,9405	 1	110,74	 83,31	 -12,5	  -3,0	   0,8	   1,7	   3,2	   3,9	   2,4	 -20,0
s	    53,9604	 3	 95,97	103,66	  18,1	  27,6	  31,2	  31,6	  33,2	  34,8	  33,3	  10,1
s	    54,0958	 3	 95,95	 76,78	  17,9	  27,8	  31,6	  32,1	  33,7	  35,2	  34,0	  11,6
s	    54,1533	 5	 22,89	110,02	  17,4	  27,6	  31,5	  32,0	  33,5	  34,8	  33,8	  11,4
s	    54,5575	 5	 23,21	 69,42	  15,8	  25,9	  29,8	  30,0	  31,4	  33,6	  32,9	   9,7
s	    54,5635	 6	238,63	109,32	  17,3	  27,5	  31,3	  31,8	  33,2	  34,6	  33,6	  11,1
s	    54,9653	 6	238,46	 68,98	  15,7	  25,8	  29,6	  29,8	  31,2	  33,3	  32,7	   9,4
s	    55,8528	 4	 95,94	 71,74	  13,9	  24,4	  29,3	  29,7	  31,3	  33,6	  32,8	   9,5
s	    56,0803	 4	 95,97	109,73	  18,1	  27,9	  31,6	  32,0	  33,6	  35,3	  33,6	  11,0
s	    56,0935	 7	321,86	123,45	  15,7	  26,3	  30,2	  30,4	  31,9	  34,1	  33,3	  10,7
s	    56,7473	 7	322,36	 55,19	  14,1	  24,6	  28,5	  28,3	  29,8	  32,8	  32,4	   9,0
s	    57,5944	 6	 23,26	 63,72	  15,7	  26,2	  30,1	  30,3	  31,8	  33,9	  33,1	  10,4
s	    57,7286	 7	238,67	115,49	  15,2	  25,4	  29,2	  29,4	  30,8	  32,9	  32,1	   8,6
s	    57,7785	 8	294,26	139,26	  14,2	  25,3	  29,1	  28,9	  30,4	  33,6	  32,9	  10,1
s	    57,8748	 4	143,31	 96,12	  15,7	  26,1	  31,1	  32,1	  33,6	  34,2	  32,5	   9,0
s	    58,4015	 5	 95,98	114,46	  13,3	  24,1	  28,9	  29,3	  30,9	  33,2	  32,3	   8,8
s	    58,6253	 8	 22,67	116,24	  14,6	  25,0	  29,0	  29,2	  30,6	  32,5	  32,0	   8,4
s	    58,6708	 8	294,72	 39,29	  12,6	  23,6	  27,3	  26,9	  28,4	  32,3	  32,0	   8,4
s	    59,3470	 7	 94,49	 49,89	  13,0	  24,0	  28,8	  28,9	  30,5	  33,8	  32,8	   9,9
s	    59,4307	 5	 95,93	 64,71	  16,5	  26,5	  30,2	  30,4	  31,9	  34,4	  33,0	  10,1
*	    59,4952	 1	 71,14	 89,66	 -14,2	  -5,2	  -1,4	  -0,6	   1,0	   1,5	   0,8	 -20,5
*	    59,5316	 1	 71,13	 91,80	 -14,2	  -5,2	  -1,4	  -0,6	   0,9	   1,5	   0,7	 -20,5
*	    59,7151	 1	 71,12	 93,93	 -14,3	  -5,3	  -1,5	  -0,7	   0,9	   1,4	   0,7	 -20,6
*	    59,5587	 1	 72,39	 90,68	 -19,1	 -10,1	  -6,4	  -5,5	  -4,0	  -3,4	  -4,2	 -25,4
*	    59,6649	 1	 72,39	 92,81	 -19,2	 -10,2	  -6,4	  -5,6	  -4,0	  -3,5	  -4,2	 -25,5
*	    59,9176	 1	 72,38	 94,95	 -19,3	 -10,3	  -6,5	  -5,7	  -4,1	  -3,6	  -4,3	 -25,6
s	    60,2000	 2	 71,58	 90,21	  19,1	  28,3	  32,1	  32,9	  34,4	  35,0	  33,2	  10,2
s	    60,5575	 3	 71,56	 96,07	  18,8	  28,2	  32,0	  32,7	  34,3	  34,9	  33,0	  10,0
s	    60,9323	 8	321,81	128,67	  13,3	  24,1	  27,9	  27,7	  29,2	  32,2	  31,6	   7,8
s	    60,9723	 7	 22,79	121,45	  15,1	  25,7	  29,6	  29,8	  31,3	  33,4	  32,5	   9,5
s	    61,0382	 8	121,64	 50,93	  11,8	  23,4	  28,3	  28,4	  30,0	  33,1	  32,4	   9,3
*	    61,2253	 1	 71,76	 86,48	 -14,6	  -5,6	  -1,8	  -1,0	   0,6	   1,1	   0,3	 -21,1
*	    61,0409	 1	 71,76	 88,57	 -14,5	  -5,5	  -1,7	  -0,9	   0,6	   1,2	   0,4	 -21,0
s	    61,2999	 8	322,40	 50,41	  13,8	  24,7	  28,6	  28,5	  30,0	  32,9	  32,3	   9,3
s	    61,5778	 3	336,49	 89,59	  17,5	  27,5	  31,5	  32,4	  33,8	  34,2	  33,1	  10,0
s	    61,5837	 7	 23,31	 58,15	  13,5	  24,1	  27,9	  27,8	  29,2	  32,2	  31,6	   7,8
s	    61,6477	 8	238,70	121,08	  16,0	  26,4	  30,3	  30,8	  32,1	  33,4	  32,2	   9,1
s	    61,9169	 4	 71,61	 78,20	  17,4	  27,1	  30,8	  31,3	  32,8	  34,3	  32,7	   9,6
s	    61,9288	 4	336,44	 95,34	  17,2	  27,4	  31,5	  32,3	  33,7	  34,1	  32,9	   9,8
s	    62,0500	 4	336,53	 83,41	  16,2	  26,5	  30,5	  31,1	  32,5	  33,7	  32,9	   9,8
s	    62,1590	 3	 72,30	 84,04	  17,6	  27,1	  30,9	  31,4	  32,9	  34,3	  32,8	   9,6
s	    62,2626	 8	238,40	 57,37	  13,5	  24,3	  28,4	  28,5	  29,9	  31,8	  31,4	   7,5
s	    63,1448	 5	336,40	101,41	  15,8	  26,3	  30,4	  30,9	  32,3	  33,5	  32,6	   9,4
s	    63,2523	 4	 72,25	102,02	  16,8	  26,3	  30,0	  30,4	  31,9	  33,3	  31,7	   7,7
s	    63,2640	 5	336,58	 77,79	  15,8	  26,3	  30,3	  30,9	  32,3	  33,5	  32,6	   9,4
s	    63,3249	 6	 95,93	 59,24	  14,3	  24,5	  28,1	  27,9	  29,4	  32,6	  31,5	   7,5
s	    64,0292	 7	143,44	113,93	  12,2	  23,2	  28,1	  28,5	  30,0	  32,2	  31,3	   7,2
s	    64,0556	 5	 71,62	 72,31	  15,4	  25,2	  28,9	  29,0	  30,6	  32,8	  31,5	   7,4
s	    65,0176	 6	336,36	106,82	  15,1	  25,8	  29,9	  30,3	  31,8	  33,0	  32,0	   8,6
s	    65,1226	 5	 72,24	107,43	  16,8	  26,7	  30,4	  30,9	  32,4	  33,8	  32,1	   8,7
s	    65,3663	 6	336,62	 72,00	  13,6	  24,2	  28,2	  28,4	  29,8	  31,7	  31,2	   7,0
s	    65,5134	 8	 22,73	126,50	  12,8	  23,6	  27,4	  27,2	  28,7	  31,6	  30,9	   6,7
s	    65,8556	 3	138,44	 90,10	  16,2	  26,3	  30,3	  31,2	  32,6	  32,9	  31,4	   7,2
s	    65,8599	 8	 23,36	 53,52	  13,3	  24,2	  28,1	  28,0	  29,4	  32,4	  31,7	   8,2
s	    66,4332	 7	 95,92	 55,74	  11,5	  22,8	  27,7	  27,9	  29,4	  32,5	  31,7	   8,2
s	    66,5062	 6	 71,51	113,32	  14,9	  24,9	  28,6	  28,7	  30,2	  32,4	  31,0	   6,7
s	    67,1700	 7	 95,99	125,93	  12,9	  23,6	  27,3	  27,1	  28,6	  31,7	  30,8	   6,4
s	    67,4529	 5	138,37	 78,92	  15,1	  25,6	  29,6	  30,2	  31,6	  32,7	  31,8	   8,2
s	    68,0021	 7	336,67	 66,93	  13,6	  24,5	  28,6	  28,8	  30,2	  32,2	  31,5	   7,8
s	    68,0620	 4	140,16	 84,36	  15,3	  25,7	  29,7	  30,2	  31,6	  32,9	  31,8	   8,1
s	    68,3312	 6	 72,34	 67,22	  16,3	  26,2	  30,0	  30,4	  31,9	  33,2	  31,5	   7,8
s	    69,0773	 5	140,26	101,05	  14,4	  24,9	  28,8	  29,2	  30,7	  32,0	  30,7	   6,2
s	    69,1178	 6	138,54	106,45	  15,4	  25,8	  29,7	  30,1	  31,6	  32,9	  31,4	   7,7
s	    69,7429	 7	 71,50	118,12	  14,9	  25,2	  28,9	  29,0	  30,5	  32,8	  31,2	   7,4
s	    70,0717	 4	 54,60	 95,37	  15,1	  25,4	  30,4	  31,5	  33,0	  33,4	  31,7	   7,9
s	    70,6108	 8	 96,00	129,09	  11,5	  22,7	  27,5	  27,6	  29,2	  32,4	  31,0	   7,1
s	    70,6310	 6	140,10	 74,95	  11,0	  22,3	  27,2	  27,6	  29,1	  31,2	  30,4	   5,8
s	    70,7892	 3	115,93	 90,22	  15,7	  26,2	  30,3	  31,2	  32,6	  32,9	  31,8	   7,8
s	    70,9656	 8	336,27	117,06	  13,0	  24,2	  28,2	  28,4	  29,8	  31,8	  30,9	   7,0
s	    71,0826	 7	138,57	110,54	  10,7	  22,0	  27,1	  27,5	  29,0	  30,9	  30,2	   5,5
s	    71,1021	 4	115,95	 95,35	  15,5	  26,1	  30,2	  31,0	  32,4	  32,8	  31,6	   7,7
s	    71,2101	 4	115,92	 84,70	  14,4	  25,2	  29,3	  29,9	  31,3	  32,4	  31,6	   7,6
s	    71,3430	 8	 95,92	 51,22	   9,9	  21,1	  25,8	  25,5	  27,1	  31,1	  30,1	   5,4
s	    71,5052	 8	336,71	 61,87	  11,4	  22,5	  26,5	  26,4	  27,8	  30,5	  30,1	   5,3
s	    71,6022	 7	 72,35	 62,53	  13,2	  23,4	  27,1	  26,9	  28,4	  31,4	  30,2	   5,4
s	    71,9628	 8	 68,42	111,78	  11,2	  22,3	  27,2	  27,6	  29,1	  31,2	  30,0	   5,2
s	    72,1882	 5	115,97	100,78	  13,4	  24,2	  28,2	  28,6	  30,0	  31,2	  30,3	   5,5
s	    72,4054	 5	115,90	 79,29	  14,9	  25,6	  29,8	  30,6	  31,9	  32,2	  31,1	   7,0
s	    73,6050	 7	140,06	 68,96	  13,0	  24,1	  28,0	  28,2	  29,6	  31,8	  30,7	   6,5
s	    73,8678	 6	115,99	105,66	  13,5	  24,6	  28,7	  29,2	  30,6	  31,8	  30,8	   6,6
s	    74,1436	 8	 71,67	 57,70	  13,2	  23,8	  27,5	  27,3	  28,8	  31,8	  30,5	   6,3
s	    74,3434	 6	115,88	 74,08	  12,9	  23,8	  27,9	  28,3	  29,7	  30,7	  29,9	   4,9
s	    75,3986	 8	 72,19	122,66	  13,6	  23,8	  27,5	  27,6	  29,0	  31,1	  29,5	   4,5
s	    75,5697	 8	138,27	 63,32	  12,8	  23,3	  27,2	  27,3	  28,7	  30,7	  29,5	   4,4
s	    76,3566	 7	116,01	110,68	  11,5	  22,7	  26,8	  26,9	  28,3	  30,3	  29,5	   4,4
s	    76,5599	 7	115,86	 69,81	  12,0	  23,4	  27,5	  27,7	  29,1	  31,0	  30,3	   5,9
s	    76,9848	 3	 59,63	 90,22	  15,8	  25,9	  29,9	  30,8	  32,2	  32,4	  30,9	   6,4
s	    77,2484	 3	 20,21	 89,98	  15,8	  25,4	  29,4	  30,2	  31,6	  31,8	  29,9	   4,6
s	    77,5391	 4	 20,17	 94,74	  15,6	  25,3	  29,3	  30,1	  31,5	  31,8	  29,7	   4,4
s	    77,6395	 4	 20,25	 84,85	  14,5	  24,4	  28,4	  28,9	  30,3	  31,3	  29,7	   4,4
s	    77,8386	 4	289,18	 79,48	  13,0	  23,6	  28,5	  29,3	  30,8	  32,2	  30,5	   5,9
s	    78,2896	 5	 59,59	100,07	  15,0	  25,2	  29,0	  29,5	  31,0	  32,2	  30,5	   5,9
s	    78,3300	 4	251,79	 89,38	  15,3	  25,5	  29,5	  30,3	  31,7	  32,0	  30,4	   5,8
s	    78,5494	 5	 20,14	 99,80	  14,2	  24,3	  28,2	  28,7	  30,1	  31,2	  29,5	   4,1
s	    78,6173	 5	251,80	 94,09	  15,0	  25,4	  29,4	  30,2	  31,6	  31,9	  30,2	   5,6
s	    78,6488	 5	 20,29	 80,17	  14,2	  24,2	  28,2	  28,7	  30,1	  31,2	  29,4	   4,1
s	    79,4952	 8	116,03	115,39	  12,5	  23,9	  28,0	  28,4	  29,8	  30,9	  29,8	   5,1
s	    79,4964	 4	 58,30	 85,19	  15,1	  25,2	  29,0	  29,5	  31,0	  32,3	  30,5	   5,8
s	    79,7141	 6	251,76	 79,68	  13,7	  24,3	  28,4	  28,8	  30,2	  31,3	  30,0	   5,3
s	    79,7426	 8	115,84	 65,12	   9,9	  21,4	  25,5	  25,3	  26,7	  29,4	  29,0	   3,5
s	    80,1108	 8	155,48	109,61	   9,6	  21,2	  26,2	  26,5	  28,0	  30,1	  28,9	   3,4
s	    80,1151	 6	 20,10	104,37	  13,9	  24,1	  28,0	  28,5	  29,9	  31,0	  29,1	   3,6
s	    80,2002	 5	252,34	 84,39	  13,8	  24,3	  28,4	  28,9	  30,3	  31,3	  30,0	   5,3
s	    80,4078	 6	 20,33	 75,27	  12,8	  23,1	  27,1	  27,3	  28,7	  30,5	  29,1	   3,6
s	    80,4857	 5	 58,32	 80,60	  14,0	  24,7	  28,6	  29,1	  30,5	  31,8	  30,2	   5,5
s	    81,0856	 6	252,38	 98,94	  13,0	  23,5	  27,5	  27,9	  29,3	  30,4	  29,0	   3,4
s	    81,1640	 7	251,82	103,60	  13,3	  24,2	  28,2	  28,6	  30,0	  31,2	  29,7	   4,9
s	    81,4534	 7	251,75	 74,83	  11,7	  22,5	  26,5	  26,6	  28,0	  29,9	  28,9	   3,2
s	    81,9239	 6	 58,22	104,33	  14,2	  24,7	  28,5	  28,9	  30,3	  31,8	  29,7	   4,8
s	    82,0658	 7	 58,34	 76,13	  12,9	  23,6	  27,4	  27,6	  29,0	  31,1	  29,6	   4,7
s	    82,3839	 7	 59,71	 71,10	  12,9	  23,5	  27,4	  27,6	  29,0	  31,0	  29,5	   4,6
s	    82,4422	 7	 20,06	109,08	  12,4	  22,7	  26,6	  26,8	  28,2	  30,0	  28,7	   3,0
s	    82,6100	 8	252,39	103,39	  11,4	  22,2	  26,3	  26,4	  27,8	  29,5	  28,6	   2,9
s	    82,6327	 7	 20,36	 70,91	  12,9	  23,4	  27,4	  27,5	  28,9	  30,8	  29,5	   4,5
s	    83,4660	 8	251,84	108,28	  11,3	  22,3	  26,3	  26,4	  27,7	  29,7	  28,5	   2,7
s	    83,6861	 4	151,50	 90,05	  14,3	  24,8	  29,0	  29,8	  31,1	  31,3	  29,9	   4,9
s	    84,3206	 5	305,57	 80,21	  12,2	  22,9	  27,8	  28,6	  30,1	  31,2	  29,5	   4,4
s	    84,9022	 6	151,56	 99,23	  13,4	  24,1	  28,1	  28,6	  30,0	  31,1	  29,6	   4,4
s	    85,0640	 8	252,30	 70,80	  11,7	  22,8	  26,9	  27,0	  28,4	  30,3	  29,1	   3,9
s	    85,1584	 8	 20,02	113,24	  12,4	  23,1	  27,1	  27,2	  28,6	  30,5	  29,1	   3,9
s	    85,3796	 8	 59,73	 66,64	  10,9	  21,6	  25,4	  25,2	  26,7	  29,5	  28,3	   2,3
s	    85,6209	 8	 20,40	 66,46	  10,9	  21,5	  25,4	  25,2	  26,6	  29,2	  28,2	   2,2
s	    86,3118	 5	152,63	 85,37	  13,5	  24,1	  28,1	  28,6	  30,0	  31,2	  29,5	   4,2
s	    86,8670	 2	288,57	 89,39	  15,7	  25,3	  29,1	  29,9	  31,4	  31,9	  28,7	   2,6
s	    87,1299	 3	288,56	 93,70	  14,9	  25,1	  29,0	  29,8	  31,2	  31,6	  29,6	   4,3
s	    87,2208	 3	288,59	 84,76	  14,4	  24,3	  28,1	  28,6	  30,1	  31,4	  28,6	   2,5
s	    87,2343	 6	152,60	 81,08	  12,5	  23,6	  27,7	  28,2	  29,5	  30,6	  29,3	   3,9
s	    87,9008	 8	289,07	117,06	   8,7	  20,0	  24,9	  24,9	  26,4	  29,4	  28,0	   1,8
s	    88,0450	 4	288,55	 98,29	  12,8	  23,1	  27,0	  27,5	  28,9	  30,0	  28,4	   2,2
s	    88,5776	 7	152,76	103,22	  12,6	  23,6	  27,6	  27,9	  29,4	  30,6	  28,8	   3,3
s	    88,7324	 8	151,36	 72,16	  11,4	  22,5	  26,5	  26,7	  28,1	  30,0	  28,6	   3,1
s	    89,4666	 5	288,54	102,45	  13,0	  23,6	  27,6	  28,0	  29,5	  30,7	  28,9	   3,3
s	    89,7328	 5	288,61	 76,04	  12,2	  22,4	  26,2	  26,3	  27,8	  29,8	  28,1	   1,7
s	    90,1748	 8	152,79	106,61	   8,0	  19,9	  25,0	  25,4	  26,8	  28,7	  27,7	   1,3
s	    91,5872	 6	288,53	106,79	  11,1	  21,8	  25,7	  25,8	  27,2	  29,2	  27,7	   1,2
s	    91,7611	 6	288,62	 72,03	  12,3	  22,9	  26,7	  26,8	  28,3	  30,4	  28,5	   2,7
s	    92,8007	 3	303,42	 89,46	  14,4	  24,5	  28,5	  29,3	  30,7	  30,9	  28,9	   3,1
s	    93,0490	 4	303,40	 93,53	  14,2	  24,4	  28,4	  29,2	  30,6	  30,8	  28,8	   2,9
s	    93,1679	 5	218,72	 89,55	  13,4	  23,5	  27,6	  28,4	  29,6	  29,6	  27,6	   0,9
s	    93,4154	 6	218,75	 93,61	  13,2	  23,4	  27,5	  28,3	  29,5	  29,6	  27,4	   0,8
s	    93,5010	 6	218,70	 85,19	  12,1	  22,5	  26,6	  27,1	  28,3	  29,1	  27,4	   0,7
s	    93,8236	 7	288,63	 68,83	   7,6	  19,2	  24,1	  24,2	  25,7	  28,4	  27,4	   0,6
s	    94,0730	 7	288,52	110,64	  11,9	  22,7	  26,5	  26,5	  28,0	  30,1	  28,1	   2,1
s	    94,1971	 4	304,96	 85,13	  13,1	  23,5	  27,5	  28,0	  29,4	  30,5	  28,7	   2,7
s	    94,2772	 7	218,78	 97,93	  11,8	  22,4	  26,4	  27,0	  28,2	  29,0	  27,2	   0,5
s	    94,3621	 7	218,67	 81,18	  11,8	  22,4	  26,4	  26,9	  28,2	  29,0	  27,2	   0,5
s	    94,3761	 7	273,85	 80,70	   9,7	  21,6	  27,0	  28,0	  29,3	  29,4	  28,1	   2,1
s	    94,9684	 5	304,90	 97,79	  12,0	  22,5	  26,4	  26,8	  28,2	  29,4	  27,4	   0,6
s	    95,5109	 6	303,48	 76,82	  10,8	  21,4	  25,3	  25,5	  26,9	  28,6	  27,3	   0,4
s	    95,6178	 8	218,80	101,87	  11,5	  22,2	  26,3	  26,8	  28,0	  28,9	  27,0	   0,1
s	    95,8690	 8	218,64	 76,96	  10,5	  21,3	  25,3	  25,6	  26,8	  28,4	  26,9	   0,0
s	    96,3005	 6	304,88	101,70	  12,2	  23,0	  27,0	  27,4	  28,8	  30,0	  28,0	   1,8
s	    96,4920	 8	288,51	113,69	   7,2	  18,9	  23,9	  23,9	  25,4	  28,1	  26,9	  -0,0
s	    97,2686	 7	303,35	105,93	  10,4	  21,2	  25,1	  25,3	  26,6	  28,4	  27,0	  -0,1
s	    97,5146	 8	288,64	 64,28	  10,4	  21,4	  25,2	  25,0	  26,5	  29,4	  27,6	   1,3
s	    97,7470	 4	 49,44	 90,20	  13,1	  23,2	  27,3	  28,1	  29,4	  29,4	  27,2	   0,2
s	    98,0664	 5	 49,46	 86,02	  11,8	  22,2	  26,3	  26,8	  28,1	  28,9	  27,1	  -0,0
s	    98,6216	 7	305,02	 72,88	  11,8	  22,7	  26,7	  27,1	  28,5	  29,5	  27,6	   1,2
s	    98,8112	 6	 49,39	 98,24	  11,5	  22,1	  26,2	  26,7	  28,0	  28,8	  26,9	  -0,3
s	    98,8926	 6	 49,48	 82,17	  11,5	  22,1	  26,2	  26,7	  28,0	  28,8	  26,9	  -0,3
s	   100,0983	 7	 49,37	102,02	  11,2	  21,9	  26,0	  26,5	  27,8	  28,6	  26,6	  -0,6
s	   100,5984	 5	158,76	 90,02	  11,9	  22,5	  26,7	  27,6	  28,8	  28,7	  26,8	  -0,5
s	   100,9098	 6	158,73	 85,94	  10,6	  21,5	  25,7	  26,3	  27,5	  28,2	  26,7	  -0,7
s	   101,5359	 8	 49,36	105,09	   7,8	  19,2	  24,3	  24,7	  26,1	  27,7	  26,4	  -1,0
s	   101,6362	 7	158,82	 97,86	  10,3	  21,4	  25,6	  26,1	  27,4	  28,1	  26,5	  -0,9
s	   101,7157	 7	158,70	 82,19	  10,3	  21,4	  25,6	  26,1	  27,4	  28,1	  26,5	  -1,0
s	   102,0329	 5	160,30	 90,01	  11,8	  22,4	  26,6	  27,4	  28,7	  28,6	  26,6	  -0,8
s	   102,1824	 8	 49,52	 74,45	  10,3	  21,3	  25,4	  25,6	  26,9	  28,5	  27,1	   0,4
s	   102,3405	 6	160,26	 85,98	  10,5	  21,4	  25,6	  26,2	  27,4	  28,1	  26,5	  -1,0
s	   102,5892	 7	244,70	 81,66	   9,9	  21,1	  26,2	  26,9	  28,2	  29,2	  27,3	   0,6
s	   102,7561	 8	158,68	 79,12	   7,0	  18,8	  24,2	  24,7	  26,0	  27,4	  26,2	  -1,3
s	   102,8921	 8	158,85	101,55	  10,0	  21,3	  25,5	  26,0	  27,2	  27,9	  26,2	  -1,3
s	   102,9822	 6	141,97	 93,87	  10,2	  21,6	  26,9	  27,9	  29,2	  29,3	  27,5	   0,7
s	   103,0580	 7	160,35	 97,76	  10,2	  21,3	  25,5	  26,0	  27,3	  28,0	  26,3	  -1,2
s	   103,1365	 7	160,24	 82,27	  10,2	  21,3	  25,5	  26,0	  27,3	  28,0	  26,3	  -1,2
s	   103,4411	 5	274,71	 89,39	  11,4	  22,6	  26,8	  27,6	  28,9	  29,0	  26,5	  -1,1
s	   103,6669	 6	274,71	 93,10	  10,7	  22,4	  26,7	  27,5	  28,8	  28,7	  27,4	   0,5
s	   103,7450	 6	274,72	 85,41	  10,2	  21,6	  25,9	  26,3	  27,7	  28,5	  26,3	  -1,3
s	   103,9069	 4	 18,70	 90,01	  13,4	  23,4	  27,5	  28,4	  29,7	  29,6	  27,6	   0,7
s	   104,1318	 5	 18,68	 93,69	  13,1	  23,4	  27,5	  28,3	  29,6	  29,5	  27,4	   0,6
s	   104,2096	 5	 18,73	 86,04	  12,1	  22,4	  26,6	  27,1	  28,4	  29,1	  27,4	   0,5
s	   104,2729	 7	 99,04	 70,68	   7,6	  18,8	  23,6	  23,7	  25,1	  27,9	  26,2	  -1,5
s	   104,2988	 8	160,38	101,41	   9,9	  21,1	  25,4	  25,8	  27,1	  27,8	  26,1	  -1,6
s	   104,3646	 7	274,72	 82,36	   8,2	  20,4	  26,0	  27,0	  28,3	  28,1	  27,0	   0,1
s	   104,4539	 7	274,71	 97,05	   9,9	  21,5	  25,8	  26,2	  27,5	  28,4	  26,2	  -1,5
s	   104,6100	 4	315,73	 89,53	  12,6	  23,1	  27,3	  28,1	  29,4	  29,4	  27,5	   0,6
s	   104,8336	 5	315,71	 93,20	  12,3	  23,0	  27,2	  28,0	  29,3	  29,3	  27,4	   0,4
s	   104,9109	 5	315,75	 85,59	  11,3	  22,1	  26,3	  26,8	  28,1	  28,9	  27,4	   0,4
s	   104,9157	 6	 18,64	 97,63	  11,8	  22,3	  26,5	  27,0	  28,3	  29,0	  27,2	   0,3
s	   104,9930	 6	 18,76	 82,39	  11,8	  22,3	  26,4	  26,9	  28,2	  29,0	  27,2	   0,3
s	   105,4231	 4	 69,96	 90,30	  14,2	  23,9	  27,7	  28,5	  29,8	  30,0	  27,3	   0,3
s	   105,6129	 6	315,68	 97,11	  11,0	  22,0	  26,2	  26,7	  28,0	  28,8	  27,2	   0,2
s	   105,6451	 5	 69,95	 93,94	  13,9	  23,8	  27,6	  28,4	  29,7	  29,9	  27,2	   0,2
s	   105,6897	 6	315,77	 81,96	  11,0	  22,0	  26,2	  26,7	  28,0	  28,8	  27,2	   0,1
s	   106,0295	 8	274,72	 77,60	   9,0	  20,6	  24,8	  25,2	  26,5	  27,2	  25,9	  -1,9
s	   106,1373	 7	 18,62	101,22	  11,5	  22,2	  26,3	  26,8	  28,1	  28,9	  27,0	  -0,1
s	   106,3665	 7	 18,79	 78,53	  10,5	  21,3	  25,4	  25,6	  26,9	  28,4	  27,0	  -0,1
s	   106,4192	 6	 69,94	 97,82	  11,7	  22,4	  26,4	  26,8	  28,2	  29,1	  27,1	  -0,0
s	   106,8274	 7	315,66	100,69	  10,5	  21,6	  25,8	  26,3	  27,6	  28,4	  26,7	  -0,4
s	   107,0553	 7	315,79	 78,12	   8,9	  20,0	  24,1	  24,3	  25,6	  27,2	  25,9	  -2,0
s	   107,0685	 3	112,19	 90,29	  12,6	  23,1	  27,2	  28,0	  29,3	  29,4	  27,3	   0,2
s	   107,1309	 8	113,98	 83,42	   6,7	  19,3	  24,8	  25,6	  26,8	  27,4	  26,5	  -0,6
s	   107,2876	 4	112,20	 93,88	  12,4	  23,0	  27,1	  27,9	  29,2	  29,4	  27,2	   0,0
s	   107,3633	 4	112,18	 86,43	  11,3	  22,1	  26,2	  26,7	  28,1	  28,9	  27,2	   0,0
s	   107,3864	 6	261,48	 89,40	  11,9	  22,7	  26,9	  27,7	  29,0	  28,8	  27,0	  -0,2
s	   107,6049	 7	261,48	 92,98	  11,7	  22,6	  26,9	  27,6	  28,9	  28,8	  26,8	  -0,4
s	   107,7726	 2	 99,46	 90,32	  13,5	  23,5	  27,4	  28,3	  29,6	  29,8	  27,4	   0,2
s	   107,8520	 7	 69,99	 78,96	   9,6	  20,4	  24,3	  24,5	  25,8	  27,5	  25,8	  -2,2
s	   107,9675	 8	 18,59	105,00	  10,1	  21,1	  25,2	  25,4	  26,7	  28,3	  26,7	  -0,5
s	   108,0512	 5	112,21	 97,72	  11,1	  22,0	  26,1	  26,6	  27,9	  28,8	  27,0	  -0,2
s	   108,0657	 3	 99,45	 86,48	  13,0	  22,9	  26,7	  27,2	  28,6	  29,8	  27,2	  -0,0
s	   108,1181	 8	 18,82	 75,04	  10,1	  21,1	  25,2	  25,4	  26,7	  28,3	  26,7	  -0,6
s	   108,2045	 5	112,17	 82,60	  11,8	  22,6	  26,7	  27,5	  28,8	  28,8	  26,8	  -0,5
s	   108,2110	 8	261,47	 82,87	   8,1	  19,9	  25,2	  25,9	  27,2	  27,9	  26,4	  -0,8
s	   108,7970	 8	315,82	 74,65	   9,1	  20,5	  24,7	  24,9	  26,2	  27,8	  26,4	  -0,9
s	   108,8245	 4	 99,45	 82,94	  12,7	  22,8	  26,6	  27,1	  28,5	  29,7	  27,0	  -0,3
s	   109,2416	 6	112,22	101,22	  10,5	  21,7	  25,7	  26,2	  27,5	  28,5	  26,5	  -0,8
s	   109,3699	 8	 85,52	 71,54	   7,0	  18,2	  23,1	  23,2	  24,6	  27,2	  25,5	  -2,6
s	   109,5808	 6	112,15	 78,84	  10,0	  20,8	  24,9	  25,4	  26,6	  27,4	  25,7	  -2,4
s	   109,5825	 8	 70,00	 75,51	  10,7	  21,3	  25,1	  25,3	  26,6	  28,4	  26,2	  -1,2
s	   109,6851	 8	112,48	 78,85	   7,8	  19,4	  23,6	  23,8	  25,0	  26,5	  25,5	  -2,7
s	   109,9333	 5	 99,47	101,19	  11,4	  22,1	  26,0	  26,4	  27,8	  28,9	  26,6	  -0,8
s	   110,1555	 5	 99,44	 79,20	  10,6	  20,9	  24,6	  24,7	  26,1	  28,1	  25,8	  -2,4
s	   110,5184	 8	319,22	 82,28	   7,5	  19,7	  25,0	  25,8	  27,1	  27,8	  26,4	  -1,0
s	   111,0263	 7	112,24	104,91	   8,6	  19,9	  23,9	  24,0	  25,3	  27,1	  25,4	  -2,8
s	   111,1731	 7	112,14	 75,70	   9,1	  20,5	  24,6	  24,8	  26,1	  27,9	  26,2	  -1,3
s	   111,7081	 6	 99,48	104,85	  10,3	  20,7	  24,4	  24,5	  25,9	  27,9	  25,5	  -2,8
s	   111,8542	 6	 99,44	 75,80	  10,1	  21,0	  24,9	  25,0	  26,4	  28,3	  26,3	  -1,3
s	   111,9245	 5	352,40	 89,81	  11,8	  22,4	  26,6	  27,5	  28,7	  28,5	  26,6	  -1,0
s	   112,1351	 6	352,38	 93,26	  11,6	  22,3	  26,6	  27,4	  28,6	  28,4	  26,5	  -1,1
s	   112,1408	 8	162,31	 93,46	   7,6	  19,6	  25,1	  26,1	  27,3	  27,1	  25,2	  -3,1
s	   112,2079	 6	352,43	 86,09	  10,5	  21,4	  25,7	  26,2	  27,4	  28,0	  26,5	  -1,1
s	   112,5110	 8	313,81	 82,37	   7,3	  19,5	  24,9	  25,6	  26,9	  27,6	  26,2	  -1,4
s	   112,7286	 3	 86,98	 90,33	  12,9	  23,0	  27,0	  27,8	  29,1	  29,2	  26,7	  -0,9
s	   112,8694	 7	352,35	 96,95	  10,3	  21,3	  25,6	  26,1	  27,3	  27,9	  26,3	  -1,4
s	   112,9418	 7	352,46	 82,67	  10,3	  21,3	  25,6	  26,1	  27,3	  27,9	  26,3	  -1,4
s	   113,0102	 4	 86,98	 86,64	  12,4	  22,4	  26,3	  26,8	  28,1	  29,1	  26,6	  -1,1
s	   113,1930	 5	188,84	 89,80	  11,7	  22,3	  26,6	  27,4	  28,6	  28,4	  26,5	  -1,2
s	   113,2060	 6	140,05	 86,48	   9,7	  21,2	  25,4	  25,9	  27,2	  28,0	  26,4	  -1,3
s	   113,3107	 8	112,25	108,47	   9,8	  21,1	  25,3	  25,7	  27,0	  27,8	  25,9	  -1,8
s	   113,4015	 6	188,87	 93,21	  11,5	  22,3	  26,5	  27,3	  28,5	  28,3	  26,3	  -1,4
s	   113,4736	 6	188,81	 86,12	  10,5	  21,3	  25,6	  26,1	  27,3	  27,9	  26,3	  -1,4
s	   113,4923	 8	112,13	 72,14	   7,2	  18,7	  22,7	  22,6	  23,9	  26,4	  25,1	  -3,4
s	   113,5914	 7	 99,44	 73,06	   6,2	  17,7	  22,6	  22,8	  24,2	  26,8	  25,2	  -3,3
s	   113,7395	 5	 86,98	 83,24	  12,2	  22,3	  26,2	  26,6	  28,0	  29,0	  26,4	  -1,3
s	   113,8021	 7	 99,48	108,15	  10,4	  21,2	  25,0	  25,1	  26,5	  28,5	  25,9	  -1,8
s	   113,9342	 7	140,03	 83,08	   9,5	  21,1	  25,3	  25,8	  27,0	  27,9	  26,2	  -1,6
s	   114,0149	 8	352,32	100,32	  10,0	  21,2	  25,4	  25,9	  27,1	  27,8	  26,0	  -1,7
s	   114,1286	 7	188,90	 96,87	  10,2	  21,2	  25,5	  26,0	  27,2	  27,8	  26,1	  -1,6
s	   114,2003	 7	188,79	 82,73	  10,2	  21,2	  25,5	  26,0	  27,2	  27,8	  26,1	  -1,6
s	   114,2300	 8	352,49	 79,04	   8,9	  20,3	  24,5	  24,7	  26,0	  27,4	  26,0	  -1,8
s	   114,5941	 7	328,84	 82,58	   8,2	  19,4	  24,6	  25,3	  26,6	  27,3	  25,1	  -3,5
s	   114,8059	 6	 86,98	100,78	  10,9	  21,5	  25,6	  26,0	  27,3	  28,2	  26,0	  -1,9
s	   114,9990	 8	140,14	100,60	   8,9	  20,8	  25,0	  25,4	  26,6	  27,5	  25,7	  -2,1
s	   115,0197	 6	 86,98	 79,63	  10,1	  20,3	  24,2	  24,3	  25,6	  27,4	  25,1	  -3,5
s	   115,2629	 8	188,93	100,21	   9,9	  21,1	  25,4	  25,8	  27,0	  27,7	  25,9	  -2,0
s	   115,4759	 8	188,76	 79,14	   8,8	  20,2	  24,4	  24,6	  25,9	  27,3	  25,9	  -2,0
s	   115,7010	 4	124,15	 90,26	  11,8	  22,3	  26,5	  27,3	  28,6	  28,5	  26,3	  -1,6
s	   115,8145	 6	 38,63	 93,51	  10,1	  21,0	  26,2	  27,2	  28,5	  28,5	  26,1	  -1,8
s	   115,9761	 5	124,13	 86,65	  11,3	  21,7	  25,8	  26,2	  27,6	  28,4	  26,2	  -1,8
s	   116,5130	 8	 99,49	111,57	   8,5	  19,4	  23,1	  22,8	  24,2	  27,0	  24,8	  -4,0
s	   116,5143	 7	 86,97	104,32	   9,7	  20,2	  24,0	  24,1	  25,4	  27,2	  24,9	  -3,9
s	   116,6889	 6	124,12	 83,32	  11,0	  21,7	  25,7	  26,1	  27,4	  28,3	  26,0	  -2,0
s	   117,7313	 7	124,20	100,47	   9,7	  20,9	  25,0	  25,5	  26,8	  27,5	  25,5	  -2,5
s	   117,9404	 7	124,10	 79,80	   8,9	  19,7	  23,6	  23,7	  25,1	  26,7	  24,7	  -4,1
s	   118,3290	 8	 86,99	 73,71	   5,6	  17,2	  22,2	  22,3	  23,7	  26,1	  24,6	  -4,3
s	   118,3443	 7	346,10	 89,76	   9,4	  21,1	  25,6	  26,4	  27,5	  27,1	  25,7	  -2,4
s	   118,5322	 8	 86,97	107,51	   9,9	  20,7	  24,6	  24,6	  26,0	  27,8	  25,3	  -2,8
s	   118,5447	 8	346,07	 93,05	   9,2	  21,0	  25,5	  26,3	  27,4	  27,0	  25,6	  -2,6
s	   118,6140	 8	346,12	 86,23	   8,2	  20,1	  24,6	  25,1	  26,3	  26,6	  25,6	  -2,6
s	   118,8305	 7	275,75	 89,41	   8,4	  20,6	  25,1	  25,9	  27,1	  26,8	  24,6	  -4,3
s	   119,0301	 8	275,75	 92,68	   7,7	  20,4	  25,0	  25,8	  26,9	  26,6	  25,5	  -2,7
s	   119,0991	 8	275,75	 85,89	   7,2	  19,6	  24,1	  24,6	  25,8	  26,4	  24,5	  -4,5
s	   119,2506	 5	324,70	 89,61	  11,3	  21,6	  25,7	  26,4	  27,7	  27,6	  24,8	  -4,2
s	   119,4022	 8	124,21	103,93	   8,6	  19,5	  23,5	  23,6	  24,9	  26,6	  24,5	  -4,5
s	   119,4496	 6	324,67	 92,87	  10,3	  21,1	  25,3	  26,1	  27,3	  27,1	  24,7	  -4,3
s	   120,6574	 6	213,33	 89,62	  11,2	  21,8	  26,0	  26,8	  27,9	  27,6	  25,5	  -2,8
s	   120,8544	 7	213,35	 92,85	  10,9	  21,7	  25,9	  26,7	  27,8	  27,6	  25,4	  -3,0
s	   120,9225	 7	213,31	 86,15	   9,9	  20,8	  25,0	  25,5	  26,6	  27,2	  25,4	  -3,0
s	   121,0105	 6	 61,48	 90,28	  10,2	  21,0	  25,2	  26,0	  27,2	  27,0	  24,5	  -4,6
s	   121,2275	 8	324,63	 99,55	   8,7	  20,0	  24,2	  24,7	  25,9	  26,5	  24,3	  -4,9
s	   121,5414	 8	213,38	 96,30	   9,7	  20,7	  24,9	  25,4	  26,5	  27,1	  25,2	  -3,2
s	   121,6091	 8	213,29	 82,94	   9,7	  20,7	  24,9	  25,4	  26,5	  27,1	  25,2	  -3,2
s	   121,6375	 7	169,70	 93,17	   8,7	  20,2	  25,5	  26,5	  27,8	  27,6	  25,4	  -3,1
s	   123,3012	 7	 44,68	 93,37	   8,6	  20,1	  25,4	  26,4	  27,7	  27,4	  25,2	  -3,4
s	   123,5383	 6	250,31	 89,44	  11,0	  21,7	  25,8	  26,6	  27,8	  27,7	  25,2	  -3,4
s	   123,7311	 7	250,32	 92,60	  10,8	  21,7	  25,8	  26,5	  27,7	  27,6	  25,1	  -3,5
s	   124,4038	 8	250,33	 95,98	   8,5	  20,2	  24,5	  25,0	  26,2	  26,8	  25,0	  -3,7
s	   124,5050	 5	 75,02	 86,94	  10,0	  20,9	  25,0	  25,5	  26,8	  27,6	  25,3	  -3,4
s	   125,1740	 6	 75,03	 83,82	   9,7	  20,8	  24,9	  25,3	  26,6	  27,5	  25,1	  -3,6
s	   125,4020	 7	 59,64	 86,92	  10,0	  20,9	  24,9	  25,2	  26,6	  27,6	  24,8	  -4,0
s	   126,1532	 7	 75,00	 99,92	   9,2	  20,5	  24,5	  24,9	  26,2	  27,1	  24,7	  -4,1
s	   126,5259	 7	338,13	 89,71	   8,9	  20,5	  25,0	  25,9	  27,0	  26,5	  24,9	  -4,0
s	   126,7146	 8	338,10	 92,80	   8,7	  20,5	  25,0	  25,8	  26,9	  26,4	  24,8	  -4,1
s	   126,7799	 8	338,15	 86,38	   7,7	  19,5	  24,1	  24,6	  25,7	  26,0	  24,8	  -4,1
s	   127,5948	 6	238,74	 89,49	  10,7	  21,0	  25,0	  25,8	  27,0	  26,8	  23,8	  -5,9
s	   127,7821	 7	238,75	 92,55	   9,8	  20,5	  24,7	  25,5	  26,6	  26,3	  23,7	  -6,1
s	   127,8541	 8	 74,99	103,41	   8,3	  19,5	  23,6	  23,9	  25,2	  26,0	  23,6	  -6,1
s	   128,1159	 7	264,81	 86,12	   9,1	  20,2	  24,4	  24,8	  26,1	  26,8	  23,7	  -6,1
s	   128,7036	 8	264,81	 95,76	   9,5	  20,6	  24,6	  24,9	  26,2	  27,1	  23,5	  -6,3
s	   128,7067	 6	166,31	 89,99	   9,8	  21,0	  25,3	  26,0	  27,2	  27,0	  24,8	  -4,3
s	   128,9568	 7	166,28	 86,71	   9,2	  20,4	  24,6	  25,0	  26,3	  26,9	  24,7	  -4,4
s	   129,5409	 8	166,36	 96,30	   9,0	  20,3	  24,5	  24,9	  26,1	  26,9	  24,5	  -4,6
s	   129,6049	 8	166,26	 83,69	   8,2	  19,9	  24,2	  24,6	  25,8	  26,4	  24,5	  -4,7
s	   129,9955	 7	237,86	 86,24	   9,9	  20,5	  24,5	  24,9	  26,1	  26,9	  24,3	  -4,9
s	   130,5754	 8	237,90	 95,75	   8,9	  20,0	  24,1	  24,6	  25,7	  26,4	  24,1	  -5,1
s	   131,1976	 5	 17,74	 90,03	  10,6	  20,7	  24,9	  25,7	  26,9	  26,5	  23,6	  -6,4
s	   131,3802	 6	 17,71	 93,02	  10,3	  20,6	  24,8	  25,6	  26,8	  26,4	  23,5	  -6,6
s	   131,4433	 6	 17,76	 86,80	   9,3	  19,7	  23,9	  24,4	  25,6	  26,0	  23,5	  -6,6
s	   131,9215	 7	253,80	 92,42	   7,3	  19,2	  24,6	  25,6	  26,9	  26,6	  24,4	  -5,0
s	   132,0175	 7	 17,69	 96,22	   9,0	  19,6	  23,8	  24,3	  25,5	  25,9	  23,3	  -6,8
s	   132,0804	 7	 17,79	 83,83	   9,0	  19,6	  23,8	  24,3	  25,5	  25,9	  23,3	  -6,8
s	   132,3097	 4	287,02	 92,42	   9,5	  20,3	  25,3	  26,3	  27,7	  27,8	  24,7	  -4,7
s	   132,3982	 8	335,49	 83,51	   6,8	  18,5	  23,8	  24,6	  25,8	  26,3	  24,2	  -5,2
s	   133,0135	 8	 17,67	 99,17	   8,8	  19,5	  23,7	  24,1	  25,3	  25,8	  23,1	  -7,1
s	   133,2008	 8	 17,81	 80,67	   7,7	  18,6	  22,8	  23,0	  24,2	  25,4	  23,1	  -7,1
s	   136,4577	 5	297,52	 92,37	   9,0	  19,9	  25,0	  26,0	  27,3	  27,2	  24,2	  -5,6
s	   137,4125	 5	 66,88	 90,32	   9,5	  20,0	  24,3	  25,1	  26,3	  25,9	  23,0	  -7,6
s	   137,7771	 6	356,15	 89,86	  10,1	  20,3	  24,4	  25,2	  26,3	  25,9	  22,8	  -7,8
s	   137,9518	 7	356,13	 92,72	   9,9	  20,2	  24,3	  25,1	  26,2	  25,8	  22,7	  -7,9
s	   138,0122	 7	356,17	 86,78	   8,0	  18,9	  23,2	  23,7	  24,9	  25,1	  22,8	  -7,9
s	   138,3012	 7	 34,71	 93,01	   7,7	  18,7	  23,9	  24,9	  26,2	  25,8	  22,7	  -7,9
s	   138,5616	 8	356,10	 95,79	   7,7	  18,8	  23,1	  23,6	  24,7	  25,0	  22,6	  -8,1
s	   138,6218	 8	356,20	 83,93	   8,6	  19,2	  23,3	  23,8	  24,9	  25,3	  22,5	  -8,2
s	   138,9687	 6	266,25	 92,27	   7,9	  19,3	  24,5	  25,5	  26,8	  26,6	  23,8	  -6,2
s	   139,1546	 8	 66,85	 99,09	   7,7	  18,9	  23,1	  23,5	  24,7	  25,2	  22,6	  -8,2
s	   139,4752	 6	 65,98	 87,26	   8,1	  19,1	  23,2	  23,7	  24,9	  25,5	  22,7	  -8,0
s	   140,4952	 6	189,68	 89,81	   9,1	  19,7	  24,0	  24,8	  26,0	  25,4	  22,6	  -8,2
s	   140,6668	 7	189,71	 92,63	   8,8	  19,6	  24,0	  24,7	  25,9	  25,4	  22,5	  -8,4
s	   140,7262	 7	189,66	 86,79	   7,8	  18,7	  23,0	  23,5	  24,7	  24,9	  22,5	  -8,4
s	   141,1416	 8	 66,00	 81,44	   6,5	  18,0	  22,1	  22,3	  23,5	  24,9	  22,4	  -8,6
s	   141,3251	 8	189,64	 83,99	   7,5	  18,6	  22,9	  23,4	  24,6	  24,9	  22,4	  -8,6
s	   142,5941	 7	254,74	 86,45	   6,9	  18,9	  23,3	  23,7	  24,9	  25,4	  23,4	  -6,9
s	   142,5963	 3	286,79	 89,45	  10,4	  20,8	  24,9	  25,7	  27,0	  26,8	  23,8	  -6,5
s	   142,6899	 4	286,79	 91,54	   8,1	  19,3	  24,4	  25,5	  26,8	  26,7	  23,7	  -6,6
s	   142,8242	 4	286,80	 86,46	   9,8	  20,3	  24,2	  24,7	  26,0	  26,8	  23,7	  -6,6
s	   143,1859	 8	254,73	 83,69	   6,7	  18,8	  23,2	  23,6	  24,8	  25,3	  23,2	  -7,1
s	   143,3568	 5	286,78	 95,20	   9,6	  20,2	  24,1	  24,5	  25,9	  26,7	  23,5	  -6,8
s	   143,4151	 5	286,81	 83,70	   9,6	  20,2	  24,1	  24,5	  25,9	  26,7	  23,5	  -6,9
s	   143,4627	 7	143,04	 87,20	   6,9	  18,4	  22,7	  23,2	  24,3	  24,8	  22,3	  -8,9
s	   144,0512	 8	143,02	 84,45	   6,6	  18,3	  22,6	  23,0	  24,2	  24,7	  22,1	  -9,1
s	   144,2813	 6	286,77	 97,93	   9,1	  19,9	  23,8	  24,2	  25,5	  26,3	  23,1	  -7,4
s	   144,2879	 8	173,30	 92,70	   6,4	  17,9	  23,3	  24,3	  25,5	  25,0	  22,1	  -9,1
s	   145,0510	 6	306,96	 92,26	   7,6	  18,9	  24,2	  25,2	  26,4	  26,2	  23,3	  -7,3
s	   145,6740	 7	286,77	100,84	   7,2	  18,1	  22,0	  22,0	  23,4	  25,0	  22,1	  -9,3
s	   145,7889	 7	286,82	 78,07	   7,0	  18,4	  22,5	  22,6	  23,9	  25,4	  22,8	  -7,7
s	   146,4781	 4	296,62	 89,48	   9,9	  20,5	  24,6	  25,4	  26,6	  26,3	  23,3	  -7,3
s	   146,5694	 5	296,61	 91,52	   7,7	  18,9	  24,1	  25,2	  26,4	  26,1	  23,2	  -7,4
s	   146,6936	 7	210,02	 89,66	   9,6	  19,7	  23,8	  24,6	  25,6	  25,1	  21,8	  -9,6
s	   146,7005	 5	296,63	 86,57	   9,4	  19,9	  23,9	  24,3	  25,6	  26,2	  23,2	  -7,4
s	   146,8586	 8	210,04	 92,37	   9,4	  19,7	  23,7	  24,5	  25,5	  25,1	  21,7	  -9,7
s	   146,8883	 8	286,76	102,83	   4,7	  16,8	  21,9	  22,3	  23,6	  25,2	  22,6	  -8,0
s	   146,9157	 8	210,00	 86,75	   8,3	  18,7	  22,8	  23,3	  24,3	  24,6	  21,7	  -9,7
s	   147,2202	 6	296,60	 95,09	   9,2	  19,8	  23,8	  24,2	  25,5	  26,2	  23,1	  -7,7
s	   147,2772	 6	296,64	 83,87	   9,2	  19,8	  23,8	  24,2	  25,5	  26,2	  23,1	  -7,7
s	   147,6110	 8	286,83	 75,23	   5,9	  17,1	  20,9	  20,7	  22,0	  24,4	  21,8	  -9,7
s	   147,6325	 6	 37,45	 90,18	   8,7	  19,4	  23,6	  24,4	  25,6	  25,2	  22,0	  -9,5
s	   147,7074	 7	231,94	 89,53	   8,6	  19,8	  24,1	  24,8	  25,9	  25,5	  22,8	  -7,9
s	   147,8714	 8	231,96	 92,22	   8,4	  19,8	  24,0	  24,7	  25,8	  25,5	  22,7	  -8,1
s	   147,9281	 8	231,93	 86,64	   7,4	  18,9	  23,1	  23,6	  24,7	  25,1	  22,7	  -8,1
s	   148,1226	 7	296,59	 97,76	   8,6	  19,5	  23,5	  23,9	  25,1	  25,8	  22,6	  -8,2
s	   148,3693	 8	 37,41	 95,75	   7,9	  18,8	  22,9	  23,2	  24,5	  25,0	  21,7	  -9,9
s	   148,4259	 8	 37,48	 84,61	   7,2	  18,4	  22,6	  23,0	  24,2	  24,6	  21,7	  -9,9
s	   148,8343	 5	267,35	 89,43	   8,8	  19,9	  24,1	  24,9	  26,1	  25,7	  23,0	  -7,8
s	   148,9243	 6	267,35	 91,45	   6,6	  18,3	  23,7	  24,7	  25,9	  25,5	  22,9	  -8,0
s	   149,0534	 6	267,35	 86,56	   8,3	  19,3	  23,4	  23,9	  25,1	  25,6	  22,9	  -8,0
s	   149,4825	 8	296,58	100,60	   6,8	  17,8	  21,7	  21,7	  23,0	  24,5	  21,6	 -10,1
s	   149,5657	 7	267,35	 94,96	   8,1	  19,2	  23,4	  23,8	  25,0	  25,6	  22,7	  -8,2
s	   149,6218	 7	267,34	 83,91	   8,1	  19,2	  23,4	  23,8	  25,0	  25,6	  22,7	  -8,2
s	   150,4552	 8	267,35	 97,60	   7,6	  18,9	  23,0	  23,4	  24,6	  25,2	  22,3	  -8,7
s	   152,6790	 5	100,57	 95,78	   7,6	  18,4	  23,2	  23,9	  25,3	  26,2	  21,7	 -10,3
s	   153,1576	 7	 68,26	 87,53	   6,9	  18,5	  22,7	  23,1	  24,3	  24,9	  22,2	  -9,1
s	   153,3056	 6	100,57	 97,73	   4,6	  16,4	  22,5	  23,4	  24,8	  25,6	  22,3	  -9,0
s	   153,5128	 7	170,61	 89,98	   7,4	  18,7	  23,0	  23,8	  24,9	  24,3	  21,4	 -10,7
s	   153,5520	 6	100,57	 98,37	   6,6	  17,9	  22,9	  23,5	  24,9	  25,6	  22,3	  -9,0
s	   153,6573	 8	 68,23	 95,73	   6,6	  18,5	  22,6	  23,0	  24,2	  24,8	  22,0	  -9,3
s	   153,7258	 8	170,59	 87,18	   6,1	  17,7	  22,0	  22,5	  23,6	  23,9	  21,2	 -10,8
s	   154,8048	 6	 59,55	 90,30	   8,4	  18,9	  23,0	  22,5	  22,6	  22,3	  19,3	 -12,1
s	   154,9627	 7	 80,54	 87,59	   8,5	  19,4	  23,3	  23,7	  25,0	  25,6	  22,3	  -9,1
s	   154,9767	 7	100,55	 79,60	   6,0	  17,2	  22,1	  22,4	  23,8	  25,5	  22,0	  -9,4
s	   155,4630	 7	247,50	 89,47	   6,5	  18,1	  22,6	  23,4	  24,5	  23,8	  21,2	 -11,0
s	   155,5112	 8	 80,54	 85,02	   8,3	  19,3	  23,3	  23,6	  24,9	  25,6	  22,1	  -9,3
s	   156,2416	 7	314,56	 92,13	   6,0	  17,4	  22,7	  23,7	  24,9	  24,5	  21,1	 -11,1
s	   156,3307	 6	 91,27	 95,67	   7,2	  18,0	  22,9	  23,6	  24,9	  25,7	  21,2	 -11,1
s	   156,5204	 8	140,68	 90,20	   6,3	  18,0	  22,5	  23,3	  24,4	  23,7	  21,0	 -11,3
s	   156,9439	 7	 91,27	 97,58	   4,2	  16,0	  22,2	  23,1	  24,5	  25,1	  21,9	  -9,7
s	   157,1329	 7	 58,83	 87,56	   7,7	  18,3	  22,2	  21,3	  21,5	  22,3	  19,0	 -12,6
s	   157,1850	 7	 91,27	 98,20	   6,2	  17,5	  22,6	  23,2	  24,5	  25,2	  21,8	  -9,8
s	   157,4731	 8	246,67	 86,74	   5,9	  17,6	  21,9	  22,3	  23,5	  23,9	  20,9	 -11,5
s	   157,6745	 8	 58,84	 85,03	   7,5	  18,3	  22,2	  21,2	  21,4	  22,2	  18,8	 -12,8
s	   157,9350	 6	 17,09	 90,04	   8,9	  19,5	  23,8	  24,6	  25,7	  25,0	  22,1	  -9,6
s	   158,0892	 7	 17,07	 92,57	   8,6	  19,4	  23,8	  24,5	  25,6	  25,0	  22,0	  -9,7
s	   158,1425	 7	 17,11	 87,32	   7,6	  18,5	  22,8	  23,3	  24,4	  24,6	  22,0	  -9,7
s	   158,6278	 8	 17,05	 95,28	   7,4	  18,4	  22,8	  23,2	  24,3	  24,5	  21,8	  -9,9
s	   158,6809	 8	 17,13	 84,80	   7,4	  18,4	  22,8	  23,2	  24,3	  24,5	  21,8	  -9,9
s	   158,8534	 8	236,46	 89,52	   7,1	  18,2	  22,4	  21,8	  21,8	  21,4	  18,6	 -13,1
s	   159,4239	 8	304,91	 92,03	   4,9	  17,3	  22,8	  23,7	  24,9	  24,4	  21,8	 -10,0
s	   162,4333	 3	100,74	 90,36	   9,8	  20,0	  23,9	  24,6	  25,9	  25,8	  21,0	 -11,8
s	   162,5835	 4	100,75	 92,82	   9,1	  19,7	  23,8	  24,5	  25,8	  25,5	  21,9	 -10,1
s	   162,6355	 4	100,74	 87,71	   9,3	  19,4	  23,2	  23,6	  24,9	  25,7	  20,9	 -11,9
s	   162,8673	 4	108,51	 90,35	   8,8	  19,5	  23,5	  24,3	  25,5	  25,3	  20,9	 -12,0
s	   162,9554	 5	100,75	 94,86	   6,3	  17,4	  22,4	  23,1	  24,5	  25,1	  20,8	 -12,1
s	   163,0172	 5	108,51	 92,80	   8,1	  19,3	  23,5	  24,2	  25,4	  25,0	  21,8	 -10,3
s	   163,0691	 5	108,50	 87,70	   7,6	  18,5	  22,6	  23,0	  24,3	  24,8	  20,8	 -12,1
s	   163,5408	 6	108,52	 95,44	   7,3	  18,5	  22,5	  22,9	  24,1	  24,7	  20,6	 -12,3
s	   163,9651	 7	 82,75	 95,45	   5,3	  17,0	  22,2	  22,9	  24,1	  24,6	  21,5	 -10,7
s	   164,0848	 6	100,73	 82,64	   7,3	  18,1	  22,0	  22,2	  23,5	  24,9	  21,6	 -10,6
s	   164,1292	 7	108,53	 97,27	   4,3	  16,5	  21,7	  22,4	  23,7	  24,1	  21,2	 -11,0
s	   164,5149	 7	108,49	 82,64	   5,5	  17,3	  21,4	  21,6	  22,8	  24,0	  21,4	 -10,8
s	   164,5520	 8	 82,75	 97,28	   2,8	  15,2	  21,5	  22,4	  23,7	  24,1	  21,1	 -11,2
s	   165,1698	 7	100,76	100,49	   6,2	  17,1	  21,0	  21,0	  22,3	  23,8	  20,4	 -12,7
s	   165,5972	 8	108,53	100,45	   5,2	  16,7	  20,6	  20,7	  21,9	  23,3	  20,2	 -12,9
s	   165,7105	 6	 71,09	 90,35	   9,0	  19,4	  23,5	  24,2	  25,4	  25,0	  21,2	 -11,1
s	   165,8580	 7	 71,09	 92,76	   8,8	  19,4	  23,4	  24,1	  25,3	  24,9	  21,1	 -11,3
s	   165,8867	 4	 91,98	 90,37	   9,4	  19,6	  23,6	  24,4	  25,6	  25,3	  20,6	 -12,5
s	   166,0340	 5	 91,98	 92,79	   8,7	  19,4	  23,5	  24,3	  25,5	  25,1	  21,5	 -10,9
s	   166,0850	 5	 91,98	 87,77	   8,9	  19,1	  22,9	  23,3	  24,6	  25,2	  20,5	 -12,6
s	   166,3379	 6	 72,35	 90,35	   9,1	  19,4	  23,4	  24,2	  25,3	  24,8	  21,1	 -11,3
s	   166,3988	 6	 91,98	 94,79	   5,9	  17,1	  22,2	  22,9	  24,1	  24,6	  20,4	 -12,8
s	   166,4722	 8	226,69	 89,57	   6,7	  17,8	  22,2	  23,0	  24,0	  23,2	  20,1	 -13,1
s	   166,4849	 7	 72,35	 92,76	   8,9	  19,3	  23,4	  24,1	  25,2	  24,8	  21,0	 -11,5
s	   166,5981	 6	313,65	 89,57	   7,0	  18,0	  22,4	  23,2	  24,3	  23,6	  20,3	 -12,8
s	   166,6440	 8	100,76	102,86	   6,5	  17,7	  21,6	  21,6	  22,9	  24,5	  20,9	 -11,5
s	   166,6792	 7	313,64	 91,39	   4,7	  16,5	  21,9	  22,9	  24,1	  23,4	  20,2	 -13,0
s	   166,7956	 7	313,66	 86,98	   6,4	  17,5	  21,7	  22,1	  23,3	  23,5	  20,2	 -13,0
s	   166,8979	 8	100,72	 77,69	   4,9	  16,1	  19,9	  19,7	  21,0	  23,2	  20,1	 -13,1
s	   167,2391	 7	190,26	 89,83	   7,4	  18,6	  23,0	  23,8	  24,9	  24,0	  21,2	 -11,3
s	   167,2577	 8	313,62	 94,56	   6,2	  17,4	  21,6	  22,0	  23,2	  23,5	  20,1	 -13,2
s	   167,3083	 8	313,68	 84,59	   6,2	  17,4	  21,6	  22,0	  23,2	  23,5	  20,1	 -13,2
s	   167,3853	 8	190,28	 92,22	   7,2	  18,5	  23,0	  23,7	  24,8	  24,0	  21,1	 -11,4
s	   167,4359	 8	190,24	 87,24	   6,2	  17,6	  22,0	  22,5	  23,6	  23,6	  21,1	 -11,4
s	   167,5068	 7	 91,98	 82,79	   6,9	  17,8	  21,8	  21,9	  23,2	  24,5	  21,2	 -11,3
s	   167,8949	 8	 71,40	 85,38	   7,4	  18,3	  22,4	  22,7	  23,9	  24,4	  20,8	 -11,7
s	   168,5714	 8	 91,98	100,31	   5,8	  16,8	  20,7	  20,8	  22,0	  23,3	  20,0	 -13,4
s	   169,0778	 7	303,73	 89,52	   5,9	  17,9	  22,5	  23,3	  24,3	  23,6	  21,1	 -11,6
s	   170,3365	 8	304,62	 86,99	   4,6	  17,0	  21,5	  21,9	  23,0	  23,2	  20,8	 -11,9
s	   172,5494	 8	207,69	 89,69	   6,2	  17,9	  22,4	  23,2	  24,2	  23,3	  20,7	 -12,3
s	   172,8913	 8	173,11	 89,97	   6,2	  17,8	  22,4	  23,2	  24,2	  23,3	  20,6	 -12,4
s	   173,1309	 5	 83,90	 90,37	   7,6	  18,6	  22,9	  23,7	  24,8	  24,2	  20,9	 -12,1
s	   173,2726	 6	 83,90	 92,69	   7,4	  18,6	  22,9	  23,6	  24,7	  24,2	  20,8	 -12,2
s	   173,3216	 6	 83,90	 87,87	   7,1	  18,1	  22,2	  22,7	  23,8	  24,2	  20,8	 -12,2
s	   173,6232	 7	 83,90	 94,62	   4,1	  16,1	  21,5	  22,2	  23,4	  23,6	  20,7	 -12,4
s	   173,8164	 7	 83,91	 85,56	   6,9	  18,0	  22,1	  22,5	  23,7	  24,1	  20,7	 -12,4
s	   174,6821	 7	117,57	 92,63	   5,1	  17,0	  22,3	  23,3	  24,5	  23,9	  20,6	 -12,6
s	   174,6887	 8	 83,91	 83,09	   5,6	  17,0	  21,1	  21,3	  22,4	  23,6	  20,5	 -12,7
s	   174,8659	 7	 53,56	 90,28	   6,3	  17,5	  21,9	  22,7	  23,7	  22,9	  19,5	 -14,4
s	   175,0063	 8	 53,55	 92,59	   6,1	  17,4	  21,9	  22,6	  23,6	  22,8	  19,4	 -14,5
s	   175,0548	 8	 53,57	 87,81	   5,1	  16,5	  20,9	  21,4	  22,5	  22,4	  19,4	 -14,5
s	   176,1123	 8	 74,01	 95,11	   5,0	  16,4	  21,6	  22,2	  23,4	  23,8	  20,1	 -13,2
s	   176,4163	 8	278,13	 89,45	   4,7	  17,3	  21,8	  22,6	  23,5	  22,8	  20,3	 -13,0
s	   176,4730	 6	125,92	 90,29	   6,5	  18,0	  22,4	  23,2	  24,3	  23,6	  20,6	 -12,8
s	   176,6122	 7	125,93	 92,57	   6,3	  18,0	  22,4	  23,1	  24,2	  23,5	  20,4	 -12,9
s	   176,6603	 7	125,90	 87,83	   6,0	  17,5	  21,7	  22,2	  23,3	  23,5	  20,4	 -12,9
s	   176,9567	 8	125,94	 94,46	   3,0	  15,5	  21,0	  21,7	  22,8	  23,0	  20,3	 -13,1
s	   177,1465	 8	125,89	 85,56	   5,7	  17,4	  21,7	  22,1	  23,2	  23,5	  20,3	 -13,1
s	   183,8370	 8	251,24	 89,48	   6,2	  17,7	  22,0	  22,7	  23,8	  23,1	  19,5	 -14,5
s	   184,4704	 8	252,38	 89,47	   6,4	  17,6	  21,9	  22,7	  23,6	  22,9	  19,4	 -14,6
s	   184,7331	 6	116,83	 90,33	   6,1	  17,7	  22,1	  22,8	  23,9	  23,1	  19,9	 -14,2
s	   184,9126	 7	116,82	 87,98	   5,6	  17,1	  21,4	  21,8	  22,9	  23,1	  19,8	 -14,3
s	   185,2317	 8	 74,51	 85,83	   5,4	  16,7	  20,8	  21,2	  22,3	  22,7	  18,6	 -16,3
s	   185,2701	 7	 16,61	 90,05	   6,6	  17,3	  21,7	  22,4	  23,5	  22,5	  18,7	 -16,1
s	   185,3326	 8	116,84	 94,86	   5,4	  17,0	  21,3	  21,7	  22,8	  23,0	  19,6	 -14,5
s	   185,3786	 8	116,81	 85,80	   4,6	  16,6	  21,0	  21,5	  22,5	  22,6	  19,6	 -14,5
s	   185,4032	 8	 16,59	 92,23	   6,4	  17,2	  21,6	  22,3	  23,4	  22,4	  18,6	 -16,3
s	   185,7838	 8	244,25	 89,50	   5,9	  16,9	  21,1	  20,5	  20,5	  19,9	  16,4	 -17,8
s	   186,2931	 7	 74,75	 88,03	   5,5	  16,7	  20,8	  21,2	  22,4	  22,7	  18,6	 -16,3
s	   187,2726	 8	  0,53	 89,92	   5,6	  16,7	  21,3	  22,0	  23,0	  21,9	  18,4	 -16,6
s	   189,0302	 8	286,10	 81,08	   0,7	  13,2	  19,5	  20,1	  21,4	  22,6	  19,1	 -15,3
s	   194,1682	 6	108,57	 90,36	   5,5	  17,1	  21,5	  22,2	  23,3	  22,6	  18,1	 -17,5
s	   194,2956	 7	108,58	 92,45	   4,7	  16,9	  21,4	  22,1	  23,1	  22,4	  19,0	 -15,9
s	   194,3396	 7	108,57	 88,11	   4,2	  16,2	  20,5	  20,9	  22,0	  22,2	  18,0	 -17,7
s	   194,5784	 8	190,70	 89,83	   5,2	  16,4	  20,9	  21,7	  22,7	  21,5	  17,9	 -17,8
s	   194,7406	 8	108,58	 94,69	   4,0	  16,1	  20,4	  20,8	  21,9	  22,1	  17,8	 -17,8
s	   194,8302	 8	108,56	 85,87	   4,5	  16,7	  21,3	  22,0	  23,0	  22,1	  18,9	 -16,1
s	   196,1187	 8	 77,17	 90,37	   5,9	  17,2	  21,7	  22,4	  23,4	  22,4	  18,8	 -16,3
s	   197,1635	 7	 68,85	 90,35	   7,8	  18,2	  22,2	  22,9	  23,9	  23,3	  18,7	 -16,4
s	   197,2044	 8	 78,20	 90,38	   5,1	  16,9	  21,4	  22,1	  23,1	  22,2	  18,7	 -16,5
s	   197,2890	 8	 68,84	 92,41	   6,8	  17,7	  21,9	  22,6	  23,6	  22,9	  18,6	 -16,6
s	   197,2914	 4	285,96	 89,47	   7,3	  17,9	  22,0	  22,7	  23,9	  23,4	  18,1	 -17,8
s	   197,4603	 5	285,97	 87,26	   6,8	  17,4	  21,3	  21,6	  22,9	  23,3	  18,0	 -18,0
s	   197,8553	 6	285,95	 93,74	   5,8	  16,9	  20,9	  21,3	  22,5	  22,9	  17,8	 -18,1
s	   197,8986	 6	285,97	 85,21	   6,0	  17,1	  21,2	  21,5	  22,7	  23,1	  18,9	 -16,4
s	   198,2399	 8	 68,05	 90,35	   4,3	  16,7	  21,2	  21,8	  22,9	  22,2	  18,6	 -16,6
s	   198,3139	 8	 31,51	 90,16	   5,1	  16,4	  20,8	  21,5	  22,5	  21,6	  17,6	 -18,4
s	   198,3485	 7	285,95	 95,28	   3,8	  15,6	  20,7	  21,3	  22,5	  22,9	  18,7	 -16,6
s	   198,6720	 7	285,98	 83,02	   5,3	  16,3	  20,2	  20,3	  21,5	  22,8	  17,7	 -18,4
s	   199,5811	 8	285,94	 97,96	   4,5	  16,0	  20,1	  20,1	  21,3	  22,5	  18,5	 -16,9
s	   200,1826	 5	293,31	 89,50	   6,9	  17,6	  21,7	  22,5	  23,6	  23,0	  17,8	 -18,4
s	   200,3492	 6	293,32	 87,31	   6,4	  17,1	  21,0	  21,4	  22,6	  22,9	  17,6	 -18,6
s	   200,7389	 7	293,30	 93,70	   5,4	  16,6	  20,7	  21,1	  22,2	  22,4	  17,5	 -18,7
s	   200,7817	 7	293,32	 85,29	   5,7	  16,8	  20,9	  21,3	  22,5	  22,7	  18,5	 -17,0
s	   201,2254	 8	293,29	 95,22	   3,4	  15,3	  20,5	  21,1	  22,3	  22,5	  18,4	 -17,1
s	   201,5446	 8	293,33	 83,12	   4,9	  16,0	  20,0	  20,0	  21,2	  22,4	  17,3	 -19,0
s	   202,1381	 8	256,09	 89,47	   3,4	  15,5	  20,2	  20,9	  21,9	  20,8	  17,3	 -19,1
s	   206,0769	 7	 86,95	 90,39	   5,5	  16,9	  21,1	  21,8	  22,9	  22,2	  17,1	 -19,6
s	   206,1974	 8	 86,95	 92,36	   4,0	  16,3	  20,8	  21,5	  22,5	  21,5	  18,0	 -18,0
s	   206,2390	 8	 86,95	 88,26	   5,0	  16,3	  20,4	  20,8	  21,9	  22,1	  17,0	 -19,8
s	   208,9608	 7	101,33	 96,39	   4,1	  15,5	  20,5	  21,1	  22,3	  22,8	  17,9	 -18,3
s	   209,1246	 8	 16,28	 90,06	   5,4	  16,6	  21,1	  21,8	  22,8	  21,5	  17,8	 -18,4
s	   209,6987	 8	101,34	 97,99	   0,1	  12,6	  18,8	  19,4	  20,7	  21,8	  17,7	 -18,5
s	   210,9327	 8	 70,33	 90,36	   6,3	  17,2	  21,3	  22,0	  23,0	  22,2	  17,6	 -18,8
s	   211,3517	 8	 93,52	 96,33	   3,8	  15,3	  20,3	  20,9	  22,1	  22,4	  17,6	 -18,8
s	   213,9466	 8	 64,18	 90,34	   4,5	  15,8	  20,2	  20,9	  21,9	  20,8	  16,4	 -21,0
s	   217,1804	 8	272,23	 89,46	   3,4	  15,6	  20,1	  20,8	  21,8	  20,8	  16,2	 -21,5
s	   218,2464	 4	101,43	 90,38	   5,9	  16,9	  21,1	  21,8	  22,9	  22,2	  17,5	 -19,5
s	   218,3606	 5	101,43	 92,25	   5,7	  16,9	  21,0	  21,7	  22,8	  22,1	  17,4	 -19,6
s	   218,4000	 5	101,42	 88,37	   6,2	  16,8	  20,6	  21,0	  22,2	  22,5	  17,4	 -19,6
s	   218,7989	 6	101,42	 86,50	   5,2	  16,3	  20,3	  20,7	  21,8	  22,1	  17,3	 -19,8
s	   219,5030	 7	101,42	 84,50	   3,9	  15,3	  19,3	  19,4	  20,6	  21,6	  17,1	 -20,0
s	   220,4095	 8	101,41	 82,66	   3,4	  15,0	  19,0	  19,1	  20,2	  21,2	  16,7	 -20,5
s	   220,6556	 6	 93,96	 88,40	   5,9	  16,5	  20,5	  20,8	  22,0	  22,2	  17,1	 -20,1
s	   225,7237	 6	 89,07	 90,39	   4,5	  16,0	  20,4	  21,1	  22,1	  21,1	  16,8	 -20,9
s	   225,8342	 7	 89,07	 92,21	   4,3	  16,0	  20,3	  21,0	  22,0	  21,0	  16,7	 -21,1
s	   225,8725	 7	 89,07	 88,44	   4,7	  15,9	  20,0	  20,3	  21,4	  21,5	  16,7	 -21,1
s	   226,2590	 8	 89,07	 86,64	   3,7	  15,4	  19,6	  20,0	  21,0	  21,0	  16,5	 -21,2
s	   228,1514	 8	114,43	 92,15	   1,9	  14,3	  19,8	  20,7	  21,8	  20,8	  16,4	 -21,5
s	   229,8206	 7	279,33	 89,47	   3,1	  15,3	  19,7	  20,4	  21,4	  20,4	  15,3	 -23,5
s	   229,9293	 8	279,33	 91,26	   2,4	  15,1	  19,7	  20,3	  21,3	  20,2	  16,2	 -21,8
s	   229,9669	 8	279,34	 87,56	   1,9	  14,3	  18,8	  19,2	  20,2	  20,0	  15,2	 -23,6
s	   238,3484	 7	113,97	 90,36	   3,6	  15,3	  19,7	  20,3	  21,3	  20,2	  14,7	 -24,8
s	   238,4897	 8	113,97	 88,50	   3,1	  14,7	  19,0	  19,3	  20,3	  20,2	  14,6	 -25,0
s	   238,5850	 8	126,85	 90,31	   2,8	  14,9	  19,5	  20,3	  21,1	  19,8	  15,6	 -23,2
s	   243,1034	 7	285,53	 93,00	   2,1	  13,9	  19,0	  19,6	  20,7	  20,8	  15,4	 -23,8
s	   247,0194	 8	279,61	 89,48	   1,0	  14,1	  18,8	  19,5	  20,4	  19,0	  15,0	 -24,5
s	   253,1190	 5	285,46	 89,49	   3,8	  15,2	  19,5	  20,2	  21,2	  20,1	  15,0	 -25,2
s	   253,2182	 6	285,46	 91,12	   3,5	  15,2	  19,5	  20,1	  21,1	  20,1	  14,8	 -25,3
s	   253,2525	 6	285,47	 87,74	   4,0	  15,1	  19,1	  19,4	  20,5	  20,5	  14,8	 -25,3
s	   254,1093	 8	285,45	 94,48	   2,0	  14,1	  18,4	  18,8	  19,8	  19,5	  14,6	 -25,7
s	   254,2120	 8	285,47	 84,37	   2,5	  14,0	  18,0	  18,1	  19,1	  20,0	  14,5	 -25,7
s	   254,9295	 8	 95,20	 88,66	   2,7	  14,4	  18,6	  19,0	  20,0	  19,7	  14,5	 -25,8
s	   255,4109	 6	291,30	 89,51	   3,5	  15,0	  19,4	  20,1	  21,0	  19,8	  14,7	 -25,7
s	   255,5093	 7	291,30	 91,12	   3,2	  14,9	  19,3	  20,0	  20,9	  19,7	  14,6	 -25,8
s	   255,5433	 7	291,31	 87,77	   2,9	  14,4	  18,6	  19,0	  20,0	  19,7	  14,6	 -25,8
s	   255,8872	 8	291,31	 86,16	   2,0	  14,0	  18,3	  18,7	  19,7	  19,2	  14,4	 -25,9
s	   260,2979	 7	296,86	 89,53	   2,3	  14,4	  18,9	  19,6	  20,5	  19,1	  14,2	 -26,5
s	   260,3946	 8	296,86	 91,11	   2,1	  14,3	  18,8	  19,5	  20,4	  19,1	  14,1	 -26,7
s	   260,4280	 8	296,87	 87,82	   2,6	  14,2	  18,4	  18,8	  19,8	  19,5	  14,1	 -26,7
#END
